1.000000004871394488e+01
8.999999861056146244e+00
8.499999939217442346e+00
8.499999939217442346e+00
7.999999673398345834e+00
6.999999829720938038e+00
6.999999829720938038e+00
7.500000095540033662e+00
8.999999861056146244e+00
8.999999861056146244e+00
7.999999673398345834e+00
7.999999673398345834e+00
1.049999997055264878e+01
1.200000008004915308e+01
1.200000008004915308e+01
1.200000008004915308e+01
1.200000008004915308e+01
1.200000008004915308e+01
1.200000008004915308e+01
1.149999998622025288e+01
1.200000008004915308e+01
1.200000008004915308e+01
1.200000008004915308e+01
1.200000008004915308e+01
1.200000008004915308e+01
1.149999998622025288e+01
1.100000006438154898e+01
1.100000006438154898e+01
1.000000004871394488e+01
8.999999861056146244e+00
8.499999939217442346e+00
7.999999673398345834e+00
6.999999829720938038e+00
6.999999829720938038e+00
6.999999829720938038e+00
6.999999829720938038e+00
6.999999829720938038e+00
6.999999829720938038e+00
7.500000095540033662e+00
7.999999673398345834e+00
7.999999673398345834e+00
8.999999861056146244e+00
8.999999861056146244e+00
1.000000004871394488e+01
1.100000006438154898e+01
1.049999997055264878e+01
1.000000004871394488e+01
9.500000126875240980e+00
1.149999998622025288e+01
1.149999998622025288e+01
1.100000006438154898e+01
1.049999997055264878e+01
1.000000004871394488e+01
1.000000004871394488e+01
1.100000006438154898e+01
1.100000006438154898e+01
1.100000006438154898e+01
1.100000006438154898e+01
1.000000004871394488e+01
1.000000004871394488e+01
1.049999997055264878e+01
1.049999997055264878e+01
1.100000006438154898e+01
1.200000008004915308e+01
1.200000008004915308e+01
1.100000006438154898e+01
1.200000008004915308e+01
1.200000008004915308e+01
1.200000008004915308e+01
1.200000008004915308e+01
1.300000000972165815e+01
1.300000000972165815e+01
1.300000000972165815e+01
1.250000000188785698e+01
1.300000000972165815e+01
1.149999998622025288e+01
1.149999998622025288e+01
1.149999998622025288e+01
1.149999998622025288e+01
1.200000008004915308e+01
1.200000008004915308e+01
1.200000008004915308e+01
1.149999998622025288e+01
1.200000008004915308e+01
1.200000008004915308e+01
1.200000008004915308e+01
1.200000008004915308e+01
1.100000006438154898e+01
1.100000006438154898e+01
1.100000006438154898e+01
1.100000006438154898e+01
1.200000008004915308e+01
1.200000008004915308e+01
1.200000008004915308e+01
1.200000008004915308e+01
1.200000008004915308e+01
1.200000008004915308e+01
1.200000008004915308e+01
1.200000008004915308e+01
1.200000008004915308e+01
1.200000008004915308e+01
1.149999998622025288e+01
1.100000006438154898e+01
1.049999997055264878e+01
8.499999939217442346e+00
7.999999673398345834e+00
6.999999829720938038e+00
6.999999829720938038e+00
6.999999829720938038e+00
6.500000251862625866e+00
6.999999829720938038e+00
5.999999986043530242e+00
5.999999986043530242e+00
5.999999986043530242e+00
6.500000251862625866e+00
6.999999829720938038e+00
7.500000095540033662e+00
7.999999673398345834e+00
8.999999861056146244e+00
8.999999861056146244e+00
8.999999861056146244e+00
8.999999861056146244e+00
8.999999861056146244e+00
8.999999861056146244e+00
7.999999673398345834e+00
7.999999673398345834e+00
7.999999673398345834e+00
7.999999673398345834e+00
7.999999673398345834e+00
8.999999861056146244e+00
8.999999861056146244e+00
1.000000004871394488e+01
1.049999997055264878e+01
1.100000006438154898e+01
1.100000006438154898e+01
1.100000006438154898e+01
1.200000008004915308e+01
1.200000008004915308e+01
1.300000000972165815e+01
1.300000000972165815e+01
1.250000000188785698e+01
1.200000008004915308e+01
1.200000008004915308e+01
1.200000008004915308e+01
1.250000000188785698e+01
1.300000000972165815e+01
1.300000000972165815e+01
1.250000000188785698e+01
1.200000008004915308e+01
1.200000008004915308e+01
1.250000000188785698e+01
1.300000000972165815e+01
1.300000000972165815e+01
1.300000000972165815e+01
1.300000000972165815e+01
1.349999999605668677e+01
1.400000000389048793e+01
1.400000000389048793e+01
1.400000000389048793e+01
1.400000000389048793e+01
1.400000000389048793e+01
1.400000000389048793e+01
1.400000000389048793e+01
1.400000000389048793e+01
1.400000000389048793e+01
1.400000000389048793e+01
1.500000004105686635e+01
1.500000004105686635e+01
1.500000004105686635e+01
1.500000004105686635e+01
1.500000004105686635e+01
1.400000000389048793e+01
1.400000000389048793e+01
1.300000000972165815e+01
1.300000000972165815e+01
1.300000000972165815e+01
1.300000000972165815e+01
1.300000000972165815e+01
1.250000000188785698e+01
1.200000008004915308e+01
1.149999998622025288e+01
1.149999998622025288e+01
1.100000006438154898e+01
1.100000006438154898e+01
1.100000006438154898e+01
1.149999998622025288e+01
1.149999998622025288e+01
1.100000006438154898e+01
1.100000006438154898e+01
1.200000008004915308e+01
1.200000008004915308e+01
1.200000008004915308e+01
1.200000008004915308e+01
1.200000008004915308e+01
1.149999998622025288e+01
1.100000006438154898e+01
1.100000006438154898e+01
1.100000006438154898e+01
1.100000006438154898e+01
1.049999997055264878e+01
1.000000004871394488e+01
1.000000004871394488e+01
1.000000004871394488e+01
9.500000126875240980e+00
1.000000004871394488e+01
1.000000004871394488e+01
1.000000004871394488e+01
1.049999997055264878e+01
1.100000006438154898e+01
1.100000006438154898e+01
1.100000006438154898e+01
1.100000006438154898e+01
1.200000008004915308e+01
1.200000008004915308e+01
1.200000008004915308e+01
1.200000008004915308e+01
1.200000008004915308e+01
1.200000008004915308e+01
1.200000008004915308e+01
1.200000008004915308e+01
1.200000008004915308e+01
1.100000006438154898e+01
1.100000006438154898e+01
1.100000006438154898e+01
1.049999997055264878e+01
1.000000004871394488e+01
9.500000126875240980e+00
1.100000006438154898e+01
1.049999997055264878e+01
1.049999997055264878e+01
1.100000006438154898e+01
1.100000006438154898e+01
1.149999998622025288e+01
1.149999998622025288e+01
1.200000008004915308e+01
1.250000000188785698e+01
1.300000000972165815e+01
1.300000000972165815e+01
1.349999999605668677e+01
1.400000000389048793e+01
1.349999999605668677e+01
1.400000000389048793e+01
1.300000000972165815e+01
1.200000008004915308e+01
1.250000000188785698e+01
1.250000000188785698e+01
1.200000008004915308e+01
1.200000008004915308e+01
1.200000008004915308e+01
1.200000008004915308e+01
1.200000008004915308e+01
1.149999998622025288e+01
1.100000006438154898e+01
1.100000006438154898e+01
1.100000006438154898e+01
1.049999997055264878e+01
1.100000006438154898e+01
1.100000006438154898e+01
1.100000006438154898e+01
1.100000006438154898e+01
1.100000006438154898e+01
1.100000006438154898e+01
1.100000006438154898e+01
1.100000006438154898e+01
1.049999997055264878e+01
1.000000004871394488e+01
1.000000004871394488e+01
8.999999861056146244e+00
7.500000095540033662e+00
5.999999986043530242e+00
5.999999986043530242e+00
5.999999986043530242e+00
5.999999986043530242e+00
5.999999986043530242e+00
5.999999986043530242e+00
5.999999986043530242e+00
5.999999986043530242e+00
5.999999986043530242e+00
6.500000251862625866e+00
6.999999829720938038e+00
6.999999829720938038e+00
6.999999829720938038e+00
7.500000095540033662e+00
7.999999673398345834e+00
8.999999861056146244e+00
9.500000126875240980e+00
1.000000004871394488e+01
1.000000004871394488e+01
1.000000004871394488e+01
1.000000004871394488e+01
1.000000004871394488e+01
1.250000000188785698e+01
1.300000000972165815e+01
1.200000008004915308e+01
1.300000000972165815e+01
1.300000000972165815e+01
1.300000000972165815e+01
1.250000000188785698e+01
1.250000000188785698e+01
1.300000000972165815e+01
1.300000000972165815e+01
1.300000000972165815e+01
1.300000000972165815e+01
1.300000000972165815e+01
1.300000000972165815e+01
1.250000000188785698e+01
1.200000008004915308e+01
1.200000008004915308e+01
1.200000008004915308e+01
1.200000008004915308e+01
1.200000008004915308e+01
1.200000008004915308e+01
1.200000008004915308e+01
1.200000008004915308e+01
1.100000006438154898e+01
1.100000006438154898e+01
1.100000006438154898e+01
1.000000004871394488e+01
1.000000004871394488e+01
1.000000004871394488e+01
1.000000004871394488e+01
1.000000004871394488e+01
1.000000004871394488e+01
1.000000004871394488e+01
1.049999997055264878e+01
1.000000004871394488e+01
1.100000006438154898e+01
1.100000006438154898e+01
1.100000006438154898e+01
1.100000006438154898e+01
1.100000006438154898e+01
1.049999997055264878e+01
1.049999997055264878e+01
1.000000004871394488e+01
1.000000004871394488e+01
1.100000006438154898e+01
1.100000006438154898e+01
1.100000006438154898e+01
1.049999997055264878e+01
1.000000004871394488e+01
9.500000126875240980e+00
8.999999861056146244e+00
8.999999861056146244e+00
9.500000126875240980e+00
1.000000004871394488e+01
1.000000004871394488e+01
1.000000004871394488e+01
1.000000004871394488e+01
1.049999997055264878e+01
1.049999997055264878e+01
1.049999997055264878e+01
1.049999997055264878e+01
1.100000006438154898e+01
1.100000006438154898e+01
1.100000006438154898e+01
1.100000006438154898e+01
1.100000006438154898e+01
1.100000006438154898e+01
1.100000006438154898e+01
1.100000006438154898e+01
1.100000006438154898e+01
1.100000006438154898e+01
1.100000006438154898e+01
1.100000006438154898e+01
1.100000006438154898e+01
1.000000004871394488e+01
1.000000004871394488e+01
1.000000004871394488e+01
9.500000126875240980e+00
8.999999861056146244e+00
8.999999861056146244e+00
8.499999939217442346e+00
7.500000095540033662e+00
7.999999673398345834e+00
7.999999673398345834e+00
7.999999673398345834e+00
7.999999673398345834e+00
8.999999861056146244e+00
8.999999861056146244e+00
8.999999861056146244e+00
8.999999861056146244e+00
8.999999861056146244e+00
8.999999861056146244e+00
8.999999861056146244e+00
8.999999861056146244e+00
8.499999939217442346e+00
7.999999673398345834e+00
7.999999673398345834e+00
7.500000095540033662e+00
6.500000251862625866e+00
6.999999829720938038e+00
6.999999829720938038e+00
6.999999829720938038e+00
6.999999829720938038e+00
6.999999829720938038e+00
7.500000095540033662e+00
7.999999673398345834e+00
7.500000095540033662e+00
6.999999829720938038e+00
6.999999829720938038e+00
6.999999829720938038e+00
7.500000095540033662e+00
7.999999673398345834e+00
7.999999673398345834e+00
8.499999939217442346e+00
7.999999673398345834e+00
7.500000095540033662e+00
6.999999829720938038e+00
6.999999829720938038e+00
6.999999829720938038e+00
5.999999986043530242e+00
5.000000142366122446e+00
4.499999876547025934e+00
4.499999876547025934e+00
5.000000142366122446e+00
4.499999876547025934e+00
4.000000298688714651e+00
5.000000142366122446e+00
5.999999986043530242e+00
5.999999986043530242e+00
5.999999986043530242e+00
5.999999986043530242e+00
5.999999986043530242e+00
6.500000251862625866e+00
6.999999829720938038e+00
5.999999986043530242e+00
6.999999829720938038e+00
6.999999829720938038e+00
6.999999829720938038e+00
6.999999829720938038e+00
6.999999829720938038e+00
6.999999829720938038e+00
6.999999829720938038e+00
7.999999673398345834e+00
7.999999673398345834e+00
7.999999673398345834e+00
7.999999673398345834e+00
7.999999673398345834e+00
7.999999673398345834e+00
7.999999673398345834e+00
7.999999673398345834e+00
8.999999861056146244e+00
8.999999861056146244e+00
8.499999939217442346e+00
7.999999673398345834e+00
8.499999939217442346e+00
8.999999861056146244e+00
8.999999861056146244e+00
8.999999861056146244e+00
8.999999861056146244e+00
8.999999861056146244e+00
8.999999861056146244e+00
8.999999861056146244e+00
8.999999861056146244e+00
8.999999861056146244e+00
9.500000126875240980e+00
1.000000004871394488e+01
1.100000006438154898e+01
1.200000008004915308e+01
1.200000008004915308e+01
1.149999998622025288e+01
9.500000126875240980e+00
8.999999861056146244e+00
1.000000004871394488e+01
1.100000006438154898e+01
1.049999997055264878e+01
1.000000004871394488e+01
8.999999861056146244e+00
8.499999939217442346e+00
8.499999939217442346e+00
7.999999673398345834e+00
7.500000095540033662e+00
7.999999673398345834e+00
7.999999673398345834e+00
8.499999939217442346e+00
8.999999861056146244e+00
8.999999861056146244e+00
1.000000004871394488e+01
1.100000006438154898e+01
1.100000006438154898e+01
1.100000006438154898e+01
1.100000006438154898e+01
1.100000006438154898e+01
1.049999997055264878e+01
1.000000004871394488e+01
1.049999997055264878e+01
1.049999997055264878e+01
1.100000006438154898e+01
1.100000006438154898e+01
1.100000006438154898e+01
1.100000006438154898e+01
1.100000006438154898e+01
1.149999998622025288e+01
1.100000006438154898e+01
1.100000006438154898e+01
1.100000006438154898e+01
1.100000006438154898e+01
1.100000006438154898e+01
1.100000006438154898e+01
1.100000006438154898e+01
1.149999998622025288e+01
1.200000008004915308e+01
1.200000008004915308e+01
1.100000006438154898e+01
1.049999997055264878e+01
1.100000006438154898e+01
1.100000006438154898e+01
1.049999997055264878e+01
9.500000126875240980e+00
8.999999861056146244e+00
8.999999861056146244e+00
8.499999939217442346e+00
8.999999861056146244e+00
8.999999861056146244e+00
9.500000126875240980e+00
9.500000126875240980e+00
1.000000004871394488e+01
1.000000004871394488e+01
1.000000004871394488e+01
1.000000004871394488e+01
1.100000006438154898e+01
1.100000006438154898e+01
1.100000006438154898e+01
1.100000006438154898e+01
1.100000006438154898e+01
1.100000006438154898e+01
1.200000008004915308e+01
1.250000000188785698e+01
1.400000000389048793e+01
1.250000000188785698e+01
1.149999998622025288e+01
1.000000004871394488e+01
1.000000004871394488e+01
9.500000126875240980e+00
1.000000004871394488e+01
1.000000004871394488e+01
1.000000004871394488e+01
1.000000004871394488e+01
8.999999861056146244e+00
8.999999861056146244e+00
9.500000126875240980e+00
9.500000126875240980e+00
8.999999861056146244e+00
8.999999861056146244e+00
9.500000126875240980e+00
1.000000004871394488e+01
1.000000004871394488e+01
1.000000004871394488e+01
1.000000004871394488e+01
1.100000006438154898e+01
1.100000006438154898e+01
1.200000008004915308e+01
1.200000008004915308e+01
1.200000008004915308e+01
1.049999997055264878e+01
9.500000126875240980e+00
7.999999673398345834e+00
7.500000095540033662e+00
6.999999829720938038e+00
6.999999829720938038e+00
7.999999673398345834e+00
7.999999673398345834e+00
8.999999861056146244e+00
8.999999861056146244e+00
7.999999673398345834e+00
7.999999673398345834e+00
7.999999673398345834e+00
7.999999673398345834e+00
6.999999829720938038e+00
6.999999829720938038e+00
6.999999829720938038e+00
6.999999829720938038e+00
6.999999829720938038e+00
6.999999829720938038e+00
7.999999673398345834e+00
7.999999673398345834e+00
7.999999673398345834e+00
7.999999673398345834e+00
7.999999673398345834e+00
7.999999673398345834e+00
6.999999829720938038e+00
6.999999829720938038e+00
6.999999829720938038e+00
6.999999829720938038e+00
6.999999829720938038e+00
6.999999829720938038e+00
5.999999986043530242e+00
5.999999986043530242e+00
5.000000142366122446e+00
4.499999876547025934e+00
4.000000298688714651e+00
4.000000298688714651e+00
3.500000032869618138e+00
2.999999767050523403e+00
2.500000189192210343e+00
2.999999767050523403e+00
3.500000032869618138e+00
4.000000298688714651e+00
5.000000142366122446e+00
5.999999986043530242e+00
5.499999720224433730e+00
5.499999720224433730e+00
5.499999720224433730e+00
3.500000032869618138e+00
2.500000189192210343e+00
2.000000611333899059e+00
2.000000611333899059e+00
2.500000189192210343e+00
2.000000611333899059e+00
2.999999767050523403e+00
4.000000298688714651e+00
4.499999876547025934e+00
5.000000142366122446e+00
5.000000142366122446e+00
5.000000142366122446e+00
5.000000142366122446e+00
5.999999986043530242e+00
5.499999720224433730e+00
5.999999986043530242e+00
5.999999986043530242e+00
5.999999986043530242e+00
6.999999829720938038e+00
6.999999829720938038e+00
6.999999829720938038e+00
6.999999829720938038e+00
6.999999829720938038e+00
5.999999986043530242e+00
5.999999986043530242e+00
5.999999986043530242e+00
5.999999986043530242e+00
5.999999986043530242e+00
5.999999986043530242e+00
5.999999986043530242e+00
5.999999986043530242e+00
5.999999986043530242e+00
5.999999986043530242e+00
5.999999986043530242e+00
5.999999986043530242e+00
5.999999986043530242e+00
5.999999986043530242e+00
5.999999986043530242e+00
5.999999986043530242e+00
5.999999986043530242e+00
5.999999986043530242e+00
5.999999986043530242e+00
5.999999986043530242e+00
6.999999829720938038e+00
6.999999829720938038e+00
7.500000095540033662e+00
7.999999673398345834e+00
6.999999829720938038e+00
6.999999829720938038e+00
6.999999829720938038e+00
5.999999986043530242e+00
5.999999986043530242e+00
5.999999986043530242e+00
5.999999986043530242e+00
5.999999986043530242e+00
5.999999986043530242e+00
5.999999986043530242e+00
6.500000251862625866e+00
7.500000095540033662e+00
7.999999673398345834e+00
7.999999673398345834e+00
8.499999939217442346e+00
7.999999673398345834e+00
6.999999829720938038e+00
6.999999829720938038e+00
7.500000095540033662e+00
7.999999673398345834e+00
7.999999673398345834e+00
7.999999673398345834e+00
7.999999673398345834e+00
7.999999673398345834e+00
6.500000251862625866e+00
5.999999986043530242e+00
5.000000142366122446e+00
5.000000142366122446e+00
4.000000298688714651e+00
4.000000298688714651e+00
4.000000298688714651e+00
2.500000189192210343e+00
1.000000079695707811e+00
4.999998138766112987e-01
-4.999993418400130452e-01
-9.999996076591095573e-01
-2.000000139297300805e+00
-2.000000139297300805e+00
-2.000000139297300805e+00
-2.000000139297300805e+00
-9.999996076591095573e-01
-9.999996076591095573e-01
-9.999996076591095573e-01
-4.519424834370511235e-07
-4.519424834370511235e-07
4.999998138766112987e-01
-4.519424834370511235e-07
4.999998138766112987e-01
-4.519424834370511235e-07
-4.519424834370511235e-07
-4.519424834370511235e-07
-4.519424834370511235e-07
-4.519424834370511235e-07
-4.519424834370511235e-07
-4.519424834370511235e-07
-4.519424834370511235e-07
-4.519424834370511235e-07
-4.519424834370511235e-07
-4.519424834370511235e-07
-4.519424834370511235e-07
-4.519424834370511235e-07
-4.519424834370511235e-07
4.999998138766112987e-01
1.000000079695707811e+00
2.000000611333899059e+00
2.000000611333899059e+00
2.500000189192210343e+00
3.500000032869618138e+00
4.000000298688714651e+00
4.000000298688714651e+00
2.500000189192210343e+00
2.000000611333899059e+00
2.000000611333899059e+00
1.500000345514802547e+00
-4.519424834370511235e-07
-4.519424834370511235e-07
-4.519424834370511235e-07
-4.999993418400130452e-01
-9.999996076591095573e-01
-9.999996076591095573e-01
-9.999996076591095573e-01
-4.519424834370511235e-07
-4.519424834370511235e-07
-4.519424834370511235e-07
-4.519424834370511235e-07
1.000000079695707811e+00
1.500000345514802547e+00
2.000000611333899059e+00
2.500000189192210343e+00
2.999999767050523403e+00
3.500000032869618138e+00
4.000000298688714651e+00
5.000000142366122446e+00
5.000000142366122446e+00
4.499999876547025934e+00
4.499999876547025934e+00
3.500000032869618138e+00
1.000000079695707811e+00
-4.519424834370511235e-07
-9.999996076591095573e-01
-9.999996076591095573e-01
-1.499999873478204293e+00
-9.999996076591095573e-01
-9.999996076591095573e-01
-9.999996076591095573e-01
-4.999993418400130452e-01
-4.519424834370511235e-07
4.999998138766112987e-01
1.000000079695707811e+00
2.000000611333899059e+00
2.000000611333899059e+00
2.000000611333899059e+00
2.999999767050523403e+00
2.999999767050523403e+00
4.000000298688714651e+00
4.000000298688714651e+00
5.000000142366122446e+00
5.000000142366122446e+00
5.000000142366122446e+00
4.499999876547025934e+00
4.499999876547025934e+00
4.000000298688714651e+00
2.999999767050523403e+00
2.999999767050523403e+00
3.500000032869618138e+00
4.000000298688714651e+00
5.000000142366122446e+00
4.000000298688714651e+00
4.000000298688714651e+00
4.000000298688714651e+00
4.000000298688714651e+00
4.000000298688714651e+00
4.000000298688714651e+00
4.000000298688714651e+00
5.000000142366122446e+00
4.499999876547025934e+00
5.000000142366122446e+00
5.999999986043530242e+00
5.999999986043530242e+00
5.999999986043530242e+00
6.500000251862625866e+00
6.999999829720938038e+00
6.500000251862625866e+00
6.999999829720938038e+00
6.500000251862625866e+00
5.499999720224433730e+00
4.499999876547025934e+00
4.000000298688714651e+00
4.000000298688714651e+00
5.000000142366122446e+00
5.000000142366122446e+00
5.000000142366122446e+00
5.000000142366122446e+00
5.999999986043530242e+00
5.999999986043530242e+00
6.500000251862625866e+00
6.999999829720938038e+00
5.999999986043530242e+00
5.999999986043530242e+00
5.999999986043530242e+00
5.999999986043530242e+00
5.999999986043530242e+00
5.999999986043530242e+00
5.999999986043530242e+00
5.999999986043530242e+00
6.999999829720938038e+00
7.500000095540033662e+00
1.000000004871394488e+01
1.000000004871394488e+01
1.000000004871394488e+01
1.000000004871394488e+01
1.000000004871394488e+01
1.000000004871394488e+01
1.000000004871394488e+01
1.000000004871394488e+01
1.000000004871394488e+01
1.000000004871394488e+01
1.000000004871394488e+01
1.000000004871394488e+01
8.999999861056146244e+00
8.499999939217442346e+00
8.999999861056146244e+00
8.999999861056146244e+00
8.499999939217442346e+00
7.999999673398345834e+00
7.500000095540033662e+00
6.999999829720938038e+00
6.500000251862625866e+00
5.999999986043530242e+00
5.999999986043530242e+00
5.499999720224433730e+00
4.499999876547025934e+00
4.000000298688714651e+00
2.999999767050523403e+00
2.000000611333899059e+00
1.000000079695707811e+00
1.000000079695707811e+00
1.000000079695707811e+00
1.000000079695707811e+00
1.000000079695707811e+00
1.500000345514802547e+00
1.500000345514802547e+00
2.000000611333899059e+00
2.000000611333899059e+00
2.999999767050523403e+00
2.999999767050523403e+00
3.500000032869618138e+00
4.000000298688714651e+00
4.499999876547025934e+00
5.000000142366122446e+00
5.000000142366122446e+00
5.499999720224433730e+00
5.999999986043530242e+00
5.999999986043530242e+00
5.999999986043530242e+00
5.999999986043530242e+00
5.000000142366122446e+00
4.000000298688714651e+00
2.500000189192210343e+00
2.000000611333899059e+00
2.000000611333899059e+00
2.000000611333899059e+00
2.999999767050523403e+00
2.999999767050523403e+00
2.999999767050523403e+00
2.999999767050523403e+00
4.000000298688714651e+00
4.000000298688714651e+00
4.000000298688714651e+00
5.000000142366122446e+00
5.000000142366122446e+00
5.000000142366122446e+00
5.499999720224433730e+00
5.999999986043530242e+00
5.999999986043530242e+00
6.500000251862625866e+00
6.999999829720938038e+00
7.500000095540033662e+00
7.500000095540033662e+00
7.999999673398345834e+00
8.499999939217442346e+00
8.999999861056146244e+00
8.999999861056146244e+00
8.999999861056146244e+00
9.500000126875240980e+00
1.000000004871394488e+01
1.000000004871394488e+01
1.049999997055264878e+01
1.100000006438154898e+01
1.100000006438154898e+01
1.100000006438154898e+01
1.149999998622025288e+01
1.200000008004915308e+01
1.200000008004915308e+01
1.200000008004915308e+01
1.200000008004915308e+01
1.200000008004915308e+01
1.200000008004915308e+01
1.200000008004915308e+01
1.300000000972165815e+01
1.349999999605668677e+01
1.400000000389048793e+01
1.349999999605668677e+01
1.300000000972165815e+01
1.200000008004915308e+01
1.200000008004915308e+01
1.149999998622025288e+01
1.000000004871394488e+01
1.000000004871394488e+01
1.000000004871394488e+01
1.049999997055264878e+01
1.049999997055264878e+01
1.049999997055264878e+01
8.999999861056146244e+00
8.999999861056146244e+00
8.999999861056146244e+00
8.999999861056146244e+00
9.500000126875240980e+00
1.000000004871394488e+01
1.100000006438154898e+01
1.100000006438154898e+01
1.100000006438154898e+01
1.000000004871394488e+01
1.000000004871394488e+01
1.000000004871394488e+01
1.000000004871394488e+01
1.000000004871394488e+01
9.500000126875240980e+00
8.999999861056146244e+00
7.999999673398345834e+00
6.999999829720938038e+00
6.500000251862625866e+00
5.999999986043530242e+00
6.999999829720938038e+00
6.500000251862625866e+00
6.999999829720938038e+00
6.999999829720938038e+00
6.999999829720938038e+00
6.999999829720938038e+00
7.500000095540033662e+00
7.999999673398345834e+00
7.999999673398345834e+00
8.999999861056146244e+00
8.999999861056146244e+00
9.500000126875240980e+00
1.000000004871394488e+01
1.000000004871394488e+01
1.000000004871394488e+01
1.100000006438154898e+01
1.100000006438154898e+01
1.100000006438154898e+01
1.100000006438154898e+01
1.049999997055264878e+01
1.000000004871394488e+01
8.999999861056146244e+00
8.999999861056146244e+00
9.500000126875240980e+00
1.000000004871394488e+01
1.000000004871394488e+01
1.100000006438154898e+01
1.100000006438154898e+01
1.100000006438154898e+01
1.100000006438154898e+01
1.100000006438154898e+01
1.100000006438154898e+01
1.100000006438154898e+01
1.100000006438154898e+01
1.100000006438154898e+01
1.100000006438154898e+01
1.100000006438154898e+01
1.149999998622025288e+01
1.149999998622025288e+01
1.200000008004915308e+01
1.200000008004915308e+01
1.149999998622025288e+01
1.100000006438154898e+01
1.049999997055264878e+01
1.000000004871394488e+01
1.000000004871394488e+01
1.000000004871394488e+01
8.999999861056146244e+00
8.999999861056146244e+00
8.999999861056146244e+00
9.500000126875240980e+00
1.000000004871394488e+01
1.000000004871394488e+01
1.100000006438154898e+01
1.100000006438154898e+01
1.149999998622025288e+01
1.200000008004915308e+01
1.200000008004915308e+01
1.200000008004915308e+01
1.300000000972165815e+01
1.300000000972165815e+01
1.200000008004915308e+01
1.300000000972165815e+01
1.400000000389048793e+01
1.400000000389048793e+01
1.449999999022551478e+01
1.400000000389048793e+01
1.400000000389048793e+01
1.300000000972165815e+01
1.300000000972165815e+01
1.250000000188785698e+01
1.200000008004915308e+01
1.250000000188785698e+01
1.200000008004915308e+01
1.200000008004915308e+01
1.200000008004915308e+01
1.200000008004915308e+01
1.250000000188785698e+01
1.300000000972165815e+01
1.300000000972165815e+01
1.400000000389048793e+01
1.449999999022551478e+01
1.500000004105686635e+01
1.500000004105686635e+01
1.500000004105686635e+01
1.500000004105686635e+01
1.500000004105686635e+01
1.500000004105686635e+01
1.500000004105686635e+01
1.500000004105686635e+01
1.500000004105686635e+01
1.449999999022551478e+01
1.400000000389048793e+01
1.349999999605668677e+01
1.200000008004915308e+01
1.200000008004915308e+01
1.149999998622025288e+01
1.000000004871394488e+01
8.999999861056146244e+00
8.999999861056146244e+00
8.499999939217442346e+00
8.999999861056146244e+00
8.999999861056146244e+00
8.999999861056146244e+00
8.999999861056146244e+00
8.999999861056146244e+00
8.499999939217442346e+00
8.999999861056146244e+00
8.999999861056146244e+00
8.999999861056146244e+00
1.000000004871394488e+01
1.000000004871394488e+01
1.100000006438154898e+01
1.100000006438154898e+01
1.000000004871394488e+01
8.999999861056146244e+00
7.999999673398345834e+00
5.999999986043530242e+00
5.000000142366122446e+00
5.499999720224433730e+00
5.999999986043530242e+00
5.999999986043530242e+00
5.999999986043530242e+00
6.500000251862625866e+00
6.500000251862625866e+00
5.999999986043530242e+00
5.999999986043530242e+00
6.999999829720938038e+00
7.999999673398345834e+00
7.999999673398345834e+00
7.999999673398345834e+00
7.999999673398345834e+00
7.999999673398345834e+00
7.999999673398345834e+00
7.999999673398345834e+00
7.999999673398345834e+00
7.999999673398345834e+00
7.999999673398345834e+00
7.999999673398345834e+00
7.500000095540033662e+00
6.999999829720938038e+00
6.999999829720938038e+00
6.999999829720938038e+00
5.999999986043530242e+00
5.999999986043530242e+00
6.999999829720938038e+00
6.500000251862625866e+00
6.999999829720938038e+00
6.999999829720938038e+00
6.999999829720938038e+00
6.999999829720938038e+00
6.999999829720938038e+00
7.500000095540033662e+00
7.999999673398345834e+00
7.999999673398345834e+00
8.999999861056146244e+00
9.500000126875240980e+00
1.049999997055264878e+01
1.100000006438154898e+01
1.100000006438154898e+01
1.200000008004915308e+01
1.200000008004915308e+01
1.200000008004915308e+01
1.149999998622025288e+01
1.100000006438154898e+01
1.000000004871394488e+01
8.999999861056146244e+00
8.999999861056146244e+00
8.999999861056146244e+00
8.999999861056146244e+00
8.999999861056146244e+00
8.999999861056146244e+00
8.999999861056146244e+00
9.500000126875240980e+00
1.000000004871394488e+01
1.000000004871394488e+01
1.000000004871394488e+01
1.049999997055264878e+01
1.100000006438154898e+01
1.100000006438154898e+01
1.100000006438154898e+01
1.100000006438154898e+01
1.049999997055264878e+01
1.000000004871394488e+01
1.000000004871394488e+01
1.100000006438154898e+01
1.300000000972165815e+01
1.300000000972165815e+01
1.300000000972165815e+01
1.250000000188785698e+01
1.200000008004915308e+01
1.200000008004915308e+01
1.200000008004915308e+01
1.200000008004915308e+01
1.200000008004915308e+01
1.200000008004915308e+01
1.200000008004915308e+01
1.200000008004915308e+01
1.200000008004915308e+01
1.300000000972165815e+01
1.300000000972165815e+01
1.300000000972165815e+01
1.300000000972165815e+01
1.300000000972165815e+01
1.349999999605668677e+01
1.400000000389048793e+01
1.400000000389048793e+01
1.500000004105686635e+01
1.500000004105686635e+01
1.500000004105686635e+01
1.500000004105686635e+01
1.599999997072937141e+01
1.550000004889066751e+01
1.500000004105686635e+01
1.449999999022551478e+01
1.100000006438154898e+01
1.000000004871394488e+01
1.000000004871394488e+01
1.049999997055264878e+01
1.100000006438154898e+01
1.049999997055264878e+01
1.000000004871394488e+01
1.000000004871394488e+01
8.999999861056146244e+00
8.999999861056146244e+00
8.999999861056146244e+00
8.999999861056146244e+00
8.999999861056146244e+00
8.999999861056146244e+00
8.999999861056146244e+00
1.000000004871394488e+01
1.000000004871394488e+01
1.000000004871394488e+01
8.999999861056146244e+00
7.999999673398345834e+00
6.999999829720938038e+00
6.500000251862625866e+00
5.999999986043530242e+00
6.500000251862625866e+00
5.999999986043530242e+00
5.999999986043530242e+00
5.000000142366122446e+00
5.000000142366122446e+00
4.499999876547025934e+00
4.000000298688714651e+00
4.499999876547025934e+00
5.000000142366122446e+00
5.499999720224433730e+00
5.499999720224433730e+00
5.000000142366122446e+00
6.500000251862625866e+00
6.999999829720938038e+00
8.499999939217442346e+00
9.500000126875240980e+00
1.049999997055264878e+01
1.100000006438154898e+01
1.049999997055264878e+01
1.000000004871394488e+01
8.999999861056146244e+00
7.500000095540033662e+00
5.499999720224433730e+00
4.499999876547025934e+00
4.000000298688714651e+00
4.000000298688714651e+00
4.000000298688714651e+00
4.000000298688714651e+00
4.499999876547025934e+00
5.000000142366122446e+00
5.000000142366122446e+00
5.999999986043530242e+00
5.999999986043530242e+00
5.999999986043530242e+00
6.500000251862625866e+00
7.999999673398345834e+00
7.999999673398345834e+00
8.999999861056146244e+00
8.999999861056146244e+00
8.999999861056146244e+00
8.999999861056146244e+00
8.999999861056146244e+00
8.999999861056146244e+00
8.999999861056146244e+00
8.999999861056146244e+00
1.000000004871394488e+01
8.999999861056146244e+00
8.499999939217442346e+00
7.999999673398345834e+00
7.999999673398345834e+00
7.999999673398345834e+00
7.999999673398345834e+00
7.999999673398345834e+00
7.999999673398345834e+00
7.999999673398345834e+00
7.500000095540033662e+00
7.999999673398345834e+00
7.999999673398345834e+00
7.999999673398345834e+00
7.999999673398345834e+00
8.499999939217442346e+00
8.999999861056146244e+00
8.999999861056146244e+00
8.999999861056146244e+00
1.000000004871394488e+01
1.100000006438154898e+01
1.100000006438154898e+01
1.049999997055264878e+01
1.049999997055264878e+01
1.049999997055264878e+01
9.500000126875240980e+00
8.999999861056146244e+00
8.999999861056146244e+00
8.999999861056146244e+00
8.499999939217442346e+00
7.999999673398345834e+00
7.500000095540033662e+00
6.999999829720938038e+00
6.999999829720938038e+00
7.500000095540033662e+00
7.999999673398345834e+00
8.499999939217442346e+00
9.500000126875240980e+00
1.000000004871394488e+01
1.000000004871394488e+01
1.100000006438154898e+01
1.200000008004915308e+01
1.200000008004915308e+01
1.200000008004915308e+01
1.300000000972165815e+01
1.400000000389048793e+01
1.300000000972165815e+01
1.300000000972165815e+01
1.200000008004915308e+01
1.200000008004915308e+01
1.100000006438154898e+01
1.100000006438154898e+01
1.000000004871394488e+01
9.500000126875240980e+00
8.499999939217442346e+00
7.999999673398345834e+00
7.999999673398345834e+00
8.499999939217442346e+00
8.999999861056146244e+00
8.999999861056146244e+00
8.999999861056146244e+00
8.999999861056146244e+00
1.000000004871394488e+01
1.000000004871394488e+01
1.100000006438154898e+01
1.100000006438154898e+01
1.200000008004915308e+01
1.250000000188785698e+01
1.300000000972165815e+01
1.300000000972165815e+01
1.200000008004915308e+01
1.149999998622025288e+01
1.049999997055264878e+01
8.999999861056146244e+00
7.500000095540033662e+00
6.999999829720938038e+00
6.999999829720938038e+00
7.500000095540033662e+00
6.999999829720938038e+00
7.500000095540033662e+00
7.999999673398345834e+00
7.999999673398345834e+00
8.999999861056146244e+00
8.999999861056146244e+00
8.999999861056146244e+00
1.000000004871394488e+01
1.250000000188785698e+01
1.300000000972165815e+01
1.300000000972165815e+01
1.300000000972165815e+01
1.300000000972165815e+01
1.200000008004915308e+01
1.149999998622025288e+01
1.000000004871394488e+01
8.999999861056146244e+00
8.999999861056146244e+00
8.999999861056146244e+00
8.999999861056146244e+00
8.999999861056146244e+00
8.999999861056146244e+00
1.000000004871394488e+01
1.000000004871394488e+01
9.500000126875240980e+00
9.500000126875240980e+00
1.000000004871394488e+01
1.000000004871394488e+01
1.000000004871394488e+01
1.100000006438154898e+01
1.100000006438154898e+01
1.149999998622025288e+01
1.200000008004915308e+01
1.349999999605668677e+01
1.400000000389048793e+01
1.300000000972165815e+01
1.250000000188785698e+01
1.250000000188785698e+01
1.100000006438154898e+01
1.000000004871394488e+01
1.000000004871394488e+01
1.000000004871394488e+01
1.000000004871394488e+01
8.999999861056146244e+00
8.999999861056146244e+00
1.000000004871394488e+01
1.000000004871394488e+01
1.000000004871394488e+01
1.000000004871394488e+01
1.000000004871394488e+01
1.000000004871394488e+01
1.000000004871394488e+01
1.000000004871394488e+01
1.049999997055264878e+01
1.100000006438154898e+01
1.100000006438154898e+01
1.200000008004915308e+01
1.200000008004915308e+01
1.250000000188785698e+01
1.300000000972165815e+01
1.300000000972165815e+01
1.049999997055264878e+01
8.999999861056146244e+00
8.999999861056146244e+00
8.499999939217442346e+00
8.499999939217442346e+00
7.500000095540033662e+00
6.999999829720938038e+00
6.500000251862625866e+00
6.999999829720938038e+00
6.999999829720938038e+00
6.999999829720938038e+00
7.999999673398345834e+00
7.999999673398345834e+00
8.499999939217442346e+00
8.999999861056146244e+00
9.500000126875240980e+00
1.000000004871394488e+01
1.100000006438154898e+01
1.100000006438154898e+01
1.200000008004915308e+01
1.349999999605668677e+01
1.349999999605668677e+01
1.349999999605668677e+01
1.300000000972165815e+01
1.149999998622025288e+01
1.100000006438154898e+01
1.049999997055264878e+01
9.500000126875240980e+00
8.999999861056146244e+00
8.999999861056146244e+00
8.999999861056146244e+00
8.999999861056146244e+00
1.000000004871394488e+01
9.500000126875240980e+00
1.000000004871394488e+01
9.500000126875240980e+00
1.000000004871394488e+01
9.500000126875240980e+00
1.049999997055264878e+01
1.049999997055264878e+01
1.000000004871394488e+01
1.000000004871394488e+01
1.000000004871394488e+01
1.000000004871394488e+01
1.000000004871394488e+01
1.100000006438154898e+01
1.100000006438154898e+01
1.100000006438154898e+01
1.100000006438154898e+01
1.200000008004915308e+01
1.100000006438154898e+01
1.100000006438154898e+01
1.100000006438154898e+01
1.100000006438154898e+01
1.049999997055264878e+01
1.049999997055264878e+01
1.100000006438154898e+01
1.200000008004915308e+01
1.200000008004915308e+01
1.049999997055264878e+01
1.049999997055264878e+01
1.049999997055264878e+01
1.000000004871394488e+01
1.000000004871394488e+01
1.000000004871394488e+01
1.149999998622025288e+01
1.200000008004915308e+01
1.349999999605668677e+01
1.400000000389048793e+01
1.400000000389048793e+01
1.400000000389048793e+01
1.400000000389048793e+01
1.400000000389048793e+01
1.300000000972165815e+01
1.349999999605668677e+01
1.400000000389048793e+01
1.400000000389048793e+01
1.400000000389048793e+01
1.400000000389048793e+01
1.400000000389048793e+01
1.400000000389048793e+01
1.300000000972165815e+01
1.200000008004915308e+01
1.200000008004915308e+01
1.200000008004915308e+01
1.200000008004915308e+01
1.250000000188785698e+01
1.300000000972165815e+01
1.300000000972165815e+01
1.200000008004915308e+01
1.250000000188785698e+01
1.300000000972165815e+01
1.449999999022551478e+01
1.449999999022551478e+01
1.500000004105686635e+01
1.400000000389048793e+01
1.400000000389048793e+01
1.300000000972165815e+01
1.100000006438154898e+01
9.500000126875240980e+00
8.499999939217442346e+00
7.999999673398345834e+00
7.999999673398345834e+00
7.999999673398345834e+00
7.500000095540033662e+00
7.999999673398345834e+00
8.499999939217442346e+00
8.999999861056146244e+00
8.999999861056146244e+00
1.000000004871394488e+01
1.000000004871394488e+01
1.049999997055264878e+01
1.100000006438154898e+01
1.200000008004915308e+01
1.200000008004915308e+01
1.349999999605668677e+01
1.400000000389048793e+01
1.449999999022551478e+01
1.449999999022551478e+01
1.300000000972165815e+01
1.200000008004915308e+01
1.200000008004915308e+01
1.300000000972165815e+01
1.200000008004915308e+01
1.149999998622025288e+01
1.100000006438154898e+01
1.100000006438154898e+01
1.149999998622025288e+01
1.149999998622025288e+01
1.200000008004915308e+01
1.200000008004915308e+01
1.149999998622025288e+01
1.100000006438154898e+01
1.100000006438154898e+01
1.100000006438154898e+01
1.100000006438154898e+01
1.100000006438154898e+01
1.200000008004915308e+01
1.100000006438154898e+01
1.149999998622025288e+01
1.200000008004915308e+01
1.100000006438154898e+01
1.149999998622025288e+01
1.100000006438154898e+01
1.200000008004915308e+01
1.250000000188785698e+01
1.149999998622025288e+01
1.100000006438154898e+01
1.000000004871394488e+01
1.000000004871394488e+01
1.000000004871394488e+01
1.049999997055264878e+01
1.100000006438154898e+01
1.100000006438154898e+01
1.149999998622025288e+01
1.200000008004915308e+01
1.250000000188785698e+01
1.300000000972165815e+01
1.300000000972165815e+01
1.250000000188785698e+01
1.250000000188785698e+01
1.300000000972165815e+01
1.300000000972165815e+01
1.400000000389048793e+01
1.449999999022551478e+01
1.500000004105686635e+01
1.449999999022551478e+01
1.449999999022551478e+01
1.449999999022551478e+01
1.250000000188785698e+01
1.200000008004915308e+01
1.100000006438154898e+01
1.100000006438154898e+01
1.100000006438154898e+01
1.049999997055264878e+01
1.000000004871394488e+01
1.000000004871394488e+01
1.000000004871394488e+01
1.000000004871394488e+01
1.100000006438154898e+01
1.100000006438154898e+01
1.049999997055264878e+01
1.100000006438154898e+01
1.100000006438154898e+01
1.100000006438154898e+01
1.100000006438154898e+01
1.200000008004915308e+01
1.300000000972165815e+01
1.400000000389048793e+01
1.349999999605668677e+01
1.449999999022551478e+01
1.449999999022551478e+01
1.250000000188785698e+01
1.200000008004915308e+01
1.100000006438154898e+01
1.100000006438154898e+01
1.100000006438154898e+01
1.000000004871394488e+01
1.000000004871394488e+01
1.000000004871394488e+01
1.000000004871394488e+01
1.000000004871394488e+01
1.000000004871394488e+01
1.000000004871394488e+01
1.000000004871394488e+01
1.100000006438154898e+01
1.149999998622025288e+01
1.200000008004915308e+01
1.250000000188785698e+01
1.349999999605668677e+01
1.400000000389048793e+01
1.550000004889066751e+01
1.599999997072937141e+01
1.599999997072937141e+01
1.500000004105686635e+01
1.449999999022551478e+01
1.349999999605668677e+01
1.250000000188785698e+01
1.200000008004915308e+01
1.200000008004915308e+01
1.100000006438154898e+01
1.100000006438154898e+01
1.149999998622025288e+01
1.100000006438154898e+01
1.100000006438154898e+01
1.049999997055264878e+01
1.000000004871394488e+01
1.000000004871394488e+01
9.500000126875240980e+00
8.999999861056146244e+00
8.999999861056146244e+00
9.500000126875240980e+00
1.049999997055264878e+01
1.100000006438154898e+01
1.200000008004915308e+01
1.300000000972165815e+01
1.349999999605668677e+01
1.300000000972165815e+01
1.300000000972165815e+01
1.300000000972165815e+01
1.200000008004915308e+01
1.149999998622025288e+01
1.100000006438154898e+01
1.000000004871394488e+01
1.000000004871394488e+01
1.100000006438154898e+01
1.000000004871394488e+01
1.049999997055264878e+01
1.100000006438154898e+01
1.100000006438154898e+01
1.100000006438154898e+01
1.049999997055264878e+01
1.000000004871394488e+01
1.000000004871394488e+01
1.049999997055264878e+01
1.149999998622025288e+01
1.200000008004915308e+01
1.200000008004915308e+01
1.300000000972165815e+01
1.400000000389048793e+01
1.500000004105686635e+01
1.500000004105686635e+01
1.500000004105686635e+01
1.400000000389048793e+01
1.349999999605668677e+01
1.250000000188785698e+01
1.100000006438154898e+01
1.049999997055264878e+01
1.000000004871394488e+01
1.000000004871394488e+01
1.000000004871394488e+01
1.000000004871394488e+01
1.000000004871394488e+01
1.000000004871394488e+01
1.049999997055264878e+01
1.100000006438154898e+01
1.100000006438154898e+01
1.100000006438154898e+01
1.200000008004915308e+01
1.200000008004915308e+01
1.300000000972165815e+01
1.300000000972165815e+01
1.349999999605668677e+01
1.400000000389048793e+01
1.400000000389048793e+01
1.500000004105686635e+01
1.500000004105686635e+01
1.500000004105686635e+01
1.400000000389048793e+01
1.349999999605668677e+01
1.149999998622025288e+01
1.049999997055264878e+01
1.000000004871394488e+01
8.999999861056146244e+00
8.999999861056146244e+00
8.999999861056146244e+00
8.999999861056146244e+00
8.499999939217442346e+00
9.500000126875240980e+00
1.000000004871394488e+01
1.000000004871394488e+01
1.149999998622025288e+01
1.100000006438154898e+01
1.200000008004915308e+01
1.300000000972165815e+01
1.300000000972165815e+01
1.400000000389048793e+01
1.500000004105686635e+01
1.550000004889066751e+01
1.500000004105686635e+01
1.599999997072937141e+01
1.500000004105686635e+01
1.449999999022551478e+01
1.250000000188785698e+01
1.049999997055264878e+01
8.999999861056146244e+00
7.999999673398345834e+00
7.999999673398345834e+00
8.999999861056146244e+00
8.999999861056146244e+00
8.999999861056146244e+00
8.999999861056146244e+00
8.999999861056146244e+00
1.000000004871394488e+01
1.049999997055264878e+01
1.100000006438154898e+01
1.100000006438154898e+01
1.100000006438154898e+01
1.200000008004915308e+01
1.200000008004915308e+01
1.300000000972165815e+01
1.449999999022551478e+01
1.500000004105686635e+01
1.500000004105686635e+01
1.599999997072937141e+01
1.550000004889066751e+01
1.550000004889066751e+01
1.500000004105686635e+01
1.400000000389048793e+01
1.349999999605668677e+01
1.400000000389048793e+01
1.400000000389048793e+01
1.300000000972165815e+01
1.400000000389048793e+01
1.400000000389048793e+01
1.400000000389048793e+01
1.400000000389048793e+01
1.400000000389048793e+01
1.400000000389048793e+01
1.400000000389048793e+01
1.400000000389048793e+01
1.400000000389048793e+01
1.449999999022551478e+01
1.500000004105686635e+01
1.599999997072937141e+01
1.749999990823567941e+01
1.749999990823567941e+01
1.599999997072937141e+01
1.550000004889066751e+01
1.500000004105686635e+01
1.500000004105686635e+01
1.400000000389048793e+01
1.449999999022551478e+01
1.500000004105686635e+01
1.500000004105686635e+01
1.400000000389048793e+01
1.400000000389048793e+01
1.449999999022551478e+01
1.599999997072937141e+01
1.599999997072937141e+01
1.550000004889066751e+01
1.550000004889066751e+01
1.599999997072937141e+01
1.500000004105686635e+01
1.500000004105686635e+01
1.599999997072937141e+01
1.599999997072937141e+01
1.699999998639697552e+01
1.749999990823567941e+01
1.799999983007438331e+01
1.799999983007438331e+01
1.900000001773218372e+01
1.850000009589347982e+01
1.850000009589347982e+01
1.799999983007438331e+01
1.749999990823567941e+01
1.699999998639697552e+01
1.699999998639697552e+01
1.699999998639697552e+01
1.650000006455827162e+01
1.599999997072937141e+01
1.599999997072937141e+01
1.599999997072937141e+01
1.500000004105686635e+01
1.500000004105686635e+01
1.500000004105686635e+01
1.599999997072937141e+01
1.699999998639697552e+01
1.699999998639697552e+01
1.699999998639697552e+01
1.500000004105686635e+01
1.400000000389048793e+01
1.400000000389048793e+01
1.300000000972165815e+01
1.300000000972165815e+01
1.349999999605668677e+01
1.400000000389048793e+01
1.400000000389048793e+01
1.349999999605668677e+01
1.300000000972165815e+01
1.300000000972165815e+01
1.300000000972165815e+01
1.200000008004915308e+01
1.200000008004915308e+01
1.250000000188785698e+01
1.200000008004915308e+01
1.200000008004915308e+01
1.200000008004915308e+01
1.200000008004915308e+01
1.200000008004915308e+01
1.200000008004915308e+01
1.200000008004915308e+01
1.200000008004915308e+01
1.300000000972165815e+01
1.300000000972165815e+01
1.300000000972165815e+01
1.300000000972165815e+01
1.400000000389048793e+01
1.400000000389048793e+01
1.400000000389048793e+01
1.449999999022551478e+01
1.400000000389048793e+01
1.400000000389048793e+01
1.400000000389048793e+01
1.300000000972165815e+01
1.200000008004915308e+01
1.200000008004915308e+01
1.100000006438154898e+01
1.200000008004915308e+01
1.200000008004915308e+01
1.200000008004915308e+01
1.200000008004915308e+01
1.200000008004915308e+01
1.149999998622025288e+01
1.100000006438154898e+01
1.100000006438154898e+01
1.100000006438154898e+01
1.100000006438154898e+01
1.100000006438154898e+01
1.149999998622025288e+01
1.200000008004915308e+01
1.200000008004915308e+01
1.200000008004915308e+01
1.200000008004915308e+01
1.200000008004915308e+01
1.149999998622025288e+01
1.049999997055264878e+01
8.499999939217442346e+00
6.500000251862625866e+00
4.499999876547025934e+00
4.000000298688714651e+00
4.000000298688714651e+00
3.500000032869618138e+00
4.000000298688714651e+00
4.000000298688714651e+00
4.000000298688714651e+00
5.000000142366122446e+00
5.999999986043530242e+00
6.999999829720938038e+00
6.500000251862625866e+00
7.999999673398345834e+00
8.499999939217442346e+00
8.499999939217442346e+00
8.999999861056146244e+00
1.000000004871394488e+01
1.000000004871394488e+01
1.049999997055264878e+01
1.049999997055264878e+01
1.000000004871394488e+01
1.000000004871394488e+01
8.999999861056146244e+00
8.499999939217442346e+00
7.999999673398345834e+00
6.999999829720938038e+00
5.499999720224433730e+00
5.499999720224433730e+00
6.999999829720938038e+00
6.999999829720938038e+00
6.999999829720938038e+00
7.999999673398345834e+00
7.999999673398345834e+00
8.999999861056146244e+00
8.999999861056146244e+00
9.500000126875240980e+00
1.000000004871394488e+01
1.000000004871394488e+01
1.100000006438154898e+01
1.100000006438154898e+01
1.149999998622025288e+01
1.300000000972165815e+01
1.300000000972165815e+01
1.250000000188785698e+01
1.300000000972165815e+01
1.250000000188785698e+01
1.250000000188785698e+01
1.200000008004915308e+01
1.100000006438154898e+01
1.049999997055264878e+01
8.999999861056146244e+00
8.999999861056146244e+00
8.999999861056146244e+00
8.999999861056146244e+00
8.999999861056146244e+00
1.049999997055264878e+01
1.100000006438154898e+01
1.100000006438154898e+01
1.100000006438154898e+01
1.100000006438154898e+01
1.149999998622025288e+01
1.200000008004915308e+01
1.250000000188785698e+01
1.550000004889066751e+01
1.900000001773218372e+01
1.999999986140959152e+01
2.050000012722868803e+01
2.050000012722868803e+01
2.050000012722868803e+01
1.999999986140959152e+01
1.949999993957088762e+01
1.850000009589347982e+01
1.850000009589347982e+01
1.949999993957088762e+01
1.949999993957088762e+01
1.900000001773218372e+01
1.900000001773218372e+01
1.749999990823567941e+01
1.650000006455827162e+01
1.699999998639697552e+01
1.599999997072937141e+01
1.599999997072937141e+01
1.599999997072937141e+01
1.699999998639697552e+01
1.699999998639697552e+01
1.599999997072937141e+01
1.599999997072937141e+01
1.599999997072937141e+01
1.599999997072937141e+01
1.550000004889066751e+01
1.500000004105686635e+01
1.500000004105686635e+01
1.449999999022551478e+01
1.400000000389048793e+01
1.400000000389048793e+01
1.400000000389048793e+01
1.400000000389048793e+01
1.400000000389048793e+01
1.400000000389048793e+01
1.400000000389048793e+01
1.599999997072937141e+01
1.599999997072937141e+01
1.599999997072937141e+01
1.599999997072937141e+01
1.599999997072937141e+01
1.599999997072937141e+01
1.599999997072937141e+01
1.650000006455827162e+01
1.699999998639697552e+01
1.799999983007438331e+01
1.799999983007438331e+01
1.900000001773218372e+01
1.900000001773218372e+01
1.949999993957088762e+01
1.999999986140959152e+01
1.999999986140959152e+01
1.999999986140959152e+01
1.949999993957088762e+01
1.900000001773218372e+01
1.900000001773218372e+01
1.900000001773218372e+01
1.799999983007438331e+01
1.799999983007438331e+01
1.699999998639697552e+01
1.650000006455827162e+01
1.599999997072937141e+01
1.599999997072937141e+01
1.599999997072937141e+01
1.599999997072937141e+01
1.599999997072937141e+01
1.699999998639697552e+01
1.699999998639697552e+01
1.799999983007438331e+01
1.850000009589347982e+01
1.999999986140959152e+01
2.099999970508699931e+01
2.200000023672519234e+01
2.349999965826091142e+01
2.499999976775741573e+01
2.399999992408000793e+01
2.249999981458350362e+01
2.050000012722868803e+01
1.949999993957088762e+01
1.749999990823567941e+01
1.599999997072937141e+01
1.550000004889066751e+01
1.550000004889066751e+01
1.599999997072937141e+01
1.599999997072937141e+01
1.650000006455827162e+01
1.699999998639697552e+01
1.699999998639697552e+01
1.799999983007438331e+01
1.799999983007438331e+01
1.900000001773218372e+01
1.949999993957088762e+01
2.050000012722868803e+01
2.200000023672519234e+01
2.300000008040260013e+01
2.399999992408000793e+01
2.499999976775741573e+01
2.399999992408000793e+01
2.300000008040260013e+01
2.149999997090609583e+01
2.050000012722868803e+01
1.850000009589347982e+01
1.749999990823567941e+01
1.650000006455827162e+01
1.550000004889066751e+01
1.500000004105686635e+01
1.599999997072937141e+01
1.599999997072937141e+01
1.599999997072937141e+01
1.650000006455827162e+01
1.699999998639697552e+01
1.749999990823567941e+01
1.799999983007438331e+01
1.900000001773218372e+01
1.900000001773218372e+01
1.999999986140959152e+01
2.050000012722868803e+01
2.200000023672519234e+01
2.300000008040260013e+01
2.399999992408000793e+01
2.499999976775741573e+01
2.499999976775741573e+01
2.399999992408000793e+01
2.300000008040260013e+01
2.099999970508699931e+01
1.949999993957088762e+01
1.799999983007438331e+01
1.650000006455827162e+01
1.550000004889066751e+01
1.550000004889066751e+01
1.599999997072937141e+01
1.599999997072937141e+01
1.650000006455827162e+01
1.650000006455827162e+01
1.699999998639697552e+01
1.749999990823567941e+01
1.799999983007438331e+01
1.799999983007438331e+01
1.900000001773218372e+01
1.999999986140959152e+01
1.999999986140959152e+01
2.149999997090609583e+01
2.249999981458350362e+01
2.399999992408000793e+01
2.399999992408000793e+01
2.399999992408000793e+01
2.399999992408000793e+01
2.300000008040260013e+01
2.099999970508699931e+01
1.949999993957088762e+01
1.850000009589347982e+01
1.749999990823567941e+01
1.599999997072937141e+01
1.599999997072937141e+01
1.599999997072937141e+01
1.650000006455827162e+01
1.699999998639697552e+01
1.699999998639697552e+01
1.699999998639697552e+01
1.699999998639697552e+01
1.699999998639697552e+01
1.699999998639697552e+01
1.699999998639697552e+01
1.749999990823567941e+01
1.799999983007438331e+01
1.900000001773218372e+01
1.999999986140959152e+01
2.050000012722868803e+01
2.099999970508699931e+01
2.099999970508699931e+01
2.099999970508699931e+01
1.999999986140959152e+01
1.900000001773218372e+01
1.749999990823567941e+01
1.699999998639697552e+01
1.599999997072937141e+01
1.500000004105686635e+01
1.500000004105686635e+01
1.500000004105686635e+01
1.500000004105686635e+01
1.500000004105686635e+01
1.500000004105686635e+01
1.500000004105686635e+01
1.500000004105686635e+01
1.500000004105686635e+01
1.500000004105686635e+01
1.500000004105686635e+01
1.599999997072937141e+01
1.699999998639697552e+01
1.799999983007438331e+01
1.799999983007438331e+01
1.900000001773218372e+01
1.900000001773218372e+01
1.850000009589347982e+01
1.799999983007438331e+01
1.699999998639697552e+01
1.650000006455827162e+01
1.550000004889066751e+01
1.500000004105686635e+01
1.400000000389048793e+01
1.400000000389048793e+01
1.400000000389048793e+01
1.400000000389048793e+01
1.400000000389048793e+01
1.400000000389048793e+01
1.449999999022551478e+01
1.500000004105686635e+01
1.500000004105686635e+01
1.500000004105686635e+01
1.500000004105686635e+01
1.599999997072937141e+01
1.599999997072937141e+01
1.699999998639697552e+01
1.699999998639697552e+01
1.799999983007438331e+01
1.799999983007438331e+01
1.799999983007438331e+01
1.799999983007438331e+01
1.799999983007438331e+01
1.650000006455827162e+01
1.550000004889066751e+01
1.400000000389048793e+01
1.300000000972165815e+01
1.200000008004915308e+01
1.200000008004915308e+01
1.200000008004915308e+01
1.200000008004915308e+01
1.200000008004915308e+01
1.300000000972165815e+01
1.300000000972165815e+01
1.349999999605668677e+01
1.400000000389048793e+01
1.400000000389048793e+01
1.449999999022551478e+01
1.500000004105686635e+01
1.550000004889066751e+01
1.699999998639697552e+01
1.799999983007438331e+01
1.799999983007438331e+01
1.799999983007438331e+01
1.699999998639697552e+01
1.699999998639697552e+01
1.799999983007438331e+01
1.749999990823567941e+01
1.650000006455827162e+01
1.500000004105686635e+01
1.400000000389048793e+01
1.349999999605668677e+01
1.349999999605668677e+01
1.300000000972165815e+01
1.349999999605668677e+01
1.400000000389048793e+01
1.400000000389048793e+01
1.599999997072937141e+01
1.799999983007438331e+01
1.900000001773218372e+01
1.799999983007438331e+01
1.799999983007438331e+01
1.799999983007438331e+01
1.799999983007438331e+01
1.900000001773218372e+01
1.949999993957088762e+01
1.999999986140959152e+01
1.999999986140959152e+01
1.999999986140959152e+01
1.949999993957088762e+01
1.850000009589347982e+01
1.799999983007438331e+01
1.749999990823567941e+01
1.650000006455827162e+01
1.599999997072937141e+01
1.599999997072937141e+01
1.599999997072937141e+01
1.599999997072937141e+01
1.599999997072937141e+01
1.699999998639697552e+01
1.699999998639697552e+01
1.699999998639697552e+01
1.699999998639697552e+01
1.749999990823567941e+01
1.799999983007438331e+01
1.799999983007438331e+01
1.900000001773218372e+01
1.949999993957088762e+01
2.050000012722868803e+01
2.149999997090609583e+01
2.200000023672519234e+01
2.300000008040260013e+01
2.300000008040260013e+01
2.200000023672519234e+01
2.200000023672519234e+01
2.200000023672519234e+01
2.050000012722868803e+01
1.999999986140959152e+01
1.850000009589347982e+01
1.749999990823567941e+01
1.699999998639697552e+01
1.699999998639697552e+01
1.650000006455827162e+01
1.599999997072937141e+01
1.650000006455827162e+01
1.699999998639697552e+01
1.599999997072937141e+01
1.650000006455827162e+01
1.699999998639697552e+01
1.599999997072937141e+01
1.699999998639697552e+01
1.699999998639697552e+01
1.699999998639697552e+01
1.799999983007438331e+01
1.900000001773218372e+01
1.949999993957088762e+01
1.949999993957088762e+01
1.900000001773218372e+01
1.900000001773218372e+01
1.799999983007438331e+01
1.749999990823567941e+01
1.550000004889066751e+01
1.400000000389048793e+01
1.300000000972165815e+01
1.300000000972165815e+01
1.300000000972165815e+01
1.300000000972165815e+01
1.349999999605668677e+01
1.349999999605668677e+01
1.400000000389048793e+01
1.400000000389048793e+01
1.449999999022551478e+01
1.500000004105686635e+01
1.599999997072937141e+01
1.650000006455827162e+01
1.749999990823567941e+01
1.799999983007438331e+01
1.850000009589347982e+01
1.900000001773218372e+01
1.999999986140959152e+01
1.999999986140959152e+01
1.949999993957088762e+01
1.900000001773218372e+01
1.850000009589347982e+01
1.749999990823567941e+01
1.699999998639697552e+01
1.650000006455827162e+01
1.699999998639697552e+01
1.699999998639697552e+01
1.699999998639697552e+01
1.699999998639697552e+01
1.900000001773218372e+01
1.900000001773218372e+01
1.949999993957088762e+01
1.999999986140959152e+01
1.999999986140959152e+01
1.850000009589347982e+01
1.749999990823567941e+01
1.699999998639697552e+01
1.699999998639697552e+01
1.799999983007438331e+01
1.799999983007438331e+01
1.900000001773218372e+01
1.900000001773218372e+01
1.900000001773218372e+01
1.799999983007438331e+01
1.699999998639697552e+01
1.699999998639697552e+01
1.599999997072937141e+01
1.599999997072937141e+01
1.599999997072937141e+01
1.650000006455827162e+01
1.599999997072937141e+01
1.699999998639697552e+01
1.699999998639697552e+01
1.699999998639697552e+01
1.749999990823567941e+01
1.799999983007438331e+01
1.799999983007438331e+01
1.799999983007438331e+01
1.949999993957088762e+01
2.099999970508699931e+01
2.099999970508699931e+01
2.099999970508699931e+01
2.050000012722868803e+01
2.099999970508699931e+01
2.149999997090609583e+01
2.099999970508699931e+01
2.099999970508699931e+01
2.050000012722868803e+01
1.949999993957088762e+01
1.850000009589347982e+01
1.650000006455827162e+01
1.599999997072937141e+01
1.500000004105686635e+01
1.550000004889066751e+01
1.500000004105686635e+01
1.550000004889066751e+01
1.599999997072937141e+01
1.599999997072937141e+01
1.599999997072937141e+01
1.650000006455827162e+01
1.699999998639697552e+01
1.749999990823567941e+01
1.799999983007438331e+01
1.900000001773218372e+01
1.999999986140959152e+01
2.099999970508699931e+01
2.200000023672519234e+01
2.300000008040260013e+01
2.300000008040260013e+01
2.300000008040260013e+01
2.300000008040260013e+01
2.249999981458350362e+01
2.099999970508699931e+01
1.999999986140959152e+01
1.850000009589347982e+01
1.749999990823567941e+01
1.599999997072937141e+01
1.500000004105686635e+01
1.500000004105686635e+01
1.400000000389048793e+01
1.400000000389048793e+01
1.449999999022551478e+01
1.550000004889066751e+01
1.599999997072937141e+01
1.650000006455827162e+01
1.699999998639697552e+01
1.699999998639697552e+01
1.850000009589347982e+01
1.949999993957088762e+01
2.050000012722868803e+01
2.099999970508699931e+01
2.200000023672519234e+01
2.200000023672519234e+01
2.200000023672519234e+01
2.149999997090609583e+01
2.050000012722868803e+01
1.999999986140959152e+01
1.850000009589347982e+01
1.799999983007438331e+01
1.699999998639697552e+01
1.699999998639697552e+01
1.699999998639697552e+01
1.699999998639697552e+01
1.699999998639697552e+01
1.749999990823567941e+01
1.799999983007438331e+01
1.799999983007438331e+01
1.799999983007438331e+01
1.699999998639697552e+01
1.699999998639697552e+01
1.699999998639697552e+01
1.749999990823567941e+01
1.799999983007438331e+01
1.799999983007438331e+01
1.900000001773218372e+01
1.999999986140959152e+01
1.999999986140959152e+01
1.999999986140959152e+01
1.999999986140959152e+01
1.900000001773218372e+01
1.850000009589347982e+01
1.799999983007438331e+01
1.749999990823567941e+01
1.650000006455827162e+01
1.500000004105686635e+01
1.550000004889066751e+01
1.500000004105686635e+01
1.500000004105686635e+01
1.400000000389048793e+01
1.400000000389048793e+01
1.349999999605668677e+01
1.300000000972165815e+01
1.400000000389048793e+01
1.400000000389048793e+01
1.400000000389048793e+01
1.550000004889066751e+01
1.650000006455827162e+01
1.699999998639697552e+01
1.699999998639697552e+01
1.799999983007438331e+01
1.749999990823567941e+01
1.749999990823567941e+01
1.749999990823567941e+01
1.650000006455827162e+01
1.500000004105686635e+01
1.400000000389048793e+01
1.149999998622025288e+01
1.049999997055264878e+01
1.000000004871394488e+01
1.000000004871394488e+01
1.049999997055264878e+01
1.100000006438154898e+01
1.100000006438154898e+01
1.149999998622025288e+01
1.200000008004915308e+01
1.300000000972165815e+01
1.300000000972165815e+01
1.400000000389048793e+01
1.400000000389048793e+01
1.449999999022551478e+01
1.500000004105686635e+01
1.500000004105686635e+01
1.449999999022551478e+01
1.749999990823567941e+01
1.799999983007438331e+01
1.799999983007438331e+01
1.749999990823567941e+01
1.650000006455827162e+01
1.550000004889066751e+01
1.400000000389048793e+01
1.300000000972165815e+01
1.250000000188785698e+01
1.200000008004915308e+01
1.200000008004915308e+01
1.200000008004915308e+01
1.200000008004915308e+01
1.200000008004915308e+01
1.200000008004915308e+01
1.300000000972165815e+01
1.300000000972165815e+01
1.300000000972165815e+01
1.300000000972165815e+01
1.400000000389048793e+01
1.300000000972165815e+01
1.349999999605668677e+01
1.550000004889066751e+01
1.550000004889066751e+01
1.500000004105686635e+01
1.449999999022551478e+01
1.699999998639697552e+01
1.650000006455827162e+01
1.699999998639697552e+01
1.699999998639697552e+01
1.550000004889066751e+01
1.400000000389048793e+01
1.300000000972165815e+01
1.300000000972165815e+01
1.300000000972165815e+01
1.300000000972165815e+01
1.300000000972165815e+01
1.400000000389048793e+01
1.400000000389048793e+01
1.449999999022551478e+01
1.500000004105686635e+01
1.500000004105686635e+01
1.749999990823567941e+01
1.799999983007438331e+01
1.799999983007438331e+01
1.799999983007438331e+01
1.799999983007438331e+01
1.799999983007438331e+01
1.799999983007438331e+01
1.900000001773218372e+01
1.999999986140959152e+01
1.999999986140959152e+01
2.050000012722868803e+01
2.050000012722868803e+01
1.999999986140959152e+01
1.949999993957088762e+01
1.799999983007438331e+01
1.799999983007438331e+01
1.799999983007438331e+01
1.799999983007438331e+01
1.799999983007438331e+01
1.799999983007438331e+01
1.799999983007438331e+01
1.799999983007438331e+01
1.900000001773218372e+01
1.949999993957088762e+01
1.850000009589347982e+01
1.799999983007438331e+01
1.699999998639697552e+01
1.599999997072937141e+01
1.550000004889066751e+01
1.449999999022551478e+01
1.449999999022551478e+01
1.400000000389048793e+01
1.400000000389048793e+01
1.400000000389048793e+01
1.400000000389048793e+01
1.400000000389048793e+01
1.449999999022551478e+01
1.500000004105686635e+01
1.550000004889066751e+01
1.599999997072937141e+01
1.699999998639697552e+01
1.850000009589347982e+01
1.949999993957088762e+01
1.949999993957088762e+01
1.850000009589347982e+01
1.949999993957088762e+01
1.949999993957088762e+01
1.850000009589347982e+01
1.999999986140959152e+01
1.850000009589347982e+01
1.799999983007438331e+01
1.749999990823567941e+01
1.699999998639697552e+01
1.699999998639697552e+01
1.699999998639697552e+01
1.699999998639697552e+01
1.749999990823567941e+01
1.799999983007438331e+01
1.850000009589347982e+01
1.900000001773218372e+01
1.900000001773218372e+01
1.900000001773218372e+01
1.900000001773218372e+01
1.900000001773218372e+01
1.900000001773218372e+01
1.999999986140959152e+01
1.999999986140959152e+01
1.949999993957088762e+01
1.900000001773218372e+01
1.900000001773218372e+01
1.949999993957088762e+01
1.949999993957088762e+01
1.949999993957088762e+01
1.999999986140959152e+01
1.850000009589347982e+01
1.749999990823567941e+01
1.699999998639697552e+01
1.749999990823567941e+01
1.799999983007438331e+01
1.799999983007438331e+01
1.749999990823567941e+01
1.699999998639697552e+01
1.699999998639697552e+01
1.699999998639697552e+01
1.799999983007438331e+01
1.949999993957088762e+01
2.050000012722868803e+01
2.200000023672519234e+01
2.200000023672519234e+01
2.300000008040260013e+01
2.450000018989910444e+01
2.549999934561572701e+01
2.599999961143482352e+01
2.700000014307301299e+01
2.499999976775741573e+01
2.499999976775741573e+01
2.249999981458350362e+01
2.050000012722868803e+01
1.699999998639697552e+01
1.550000004889066751e+01
1.500000004105686635e+01
1.500000004105686635e+01
1.500000004105686635e+01
1.550000004889066751e+01
1.599999997072937141e+01
1.599999997072937141e+01
1.650000006455827162e+01
1.650000006455827162e+01
1.799999983007438331e+01
1.900000001773218372e+01
1.949999993957088762e+01
2.050000012722868803e+01
2.200000023672519234e+01
2.399999992408000793e+01
2.399999992408000793e+01
2.399999992408000793e+01
2.499999976775741573e+01
2.499999976775741573e+01
2.399999992408000793e+01
2.200000023672519234e+01
1.999999986140959152e+01
1.749999990823567941e+01
1.550000004889066751e+01
1.500000004105686635e+01
1.400000000389048793e+01
1.449999999022551478e+01
1.500000004105686635e+01
1.500000004105686635e+01
1.550000004889066751e+01
1.599999997072937141e+01
1.599999997072937141e+01
1.699999998639697552e+01
1.699999998639697552e+01
1.799999983007438331e+01
1.900000001773218372e+01
2.050000012722868803e+01
2.149999997090609583e+01
2.300000008040260013e+01
2.349999965826091142e+01
2.349999965826091142e+01
2.300000008040260013e+01
2.300000008040260013e+01
2.099999970508699931e+01
2.099999970508699931e+01
1.999999986140959152e+01
1.850000009589347982e+01
1.650000006455827162e+01
1.550000004889066751e+01
1.449999999022551478e+01
1.449999999022551478e+01
1.500000004105686635e+01
1.500000004105686635e+01
1.500000004105686635e+01
1.599999997072937141e+01
1.599999997072937141e+01
1.599999997072937141e+01
1.650000006455827162e+01
1.699999998639697552e+01
1.699999998639697552e+01
1.799999983007438331e+01
1.850000009589347982e+01
1.900000001773218372e+01
1.999999986140959152e+01
1.999999986140959152e+01
1.949999993957088762e+01
1.900000001773218372e+01
1.900000001773218372e+01
1.799999983007438331e+01
1.749999990823567941e+01
1.650000006455827162e+01
1.550000004889066751e+01
1.449999999022551478e+01
1.500000004105686635e+01
1.500000004105686635e+01
1.500000004105686635e+01
1.500000004105686635e+01
1.500000004105686635e+01
1.500000004105686635e+01
1.500000004105686635e+01
1.550000004889066751e+01
1.599999997072937141e+01
1.699999998639697552e+01
1.749999990823567941e+01
1.900000001773218372e+01
1.949999993957088762e+01
1.999999986140959152e+01
2.249999981458350362e+01
2.249999981458350362e+01
2.300000008040260013e+01
2.300000008040260013e+01
2.300000008040260013e+01
2.200000023672519234e+01
2.099999970508699931e+01
1.949999993957088762e+01
1.999999986140959152e+01
1.900000001773218372e+01
1.900000001773218372e+01
1.900000001773218372e+01
1.900000001773218372e+01
1.949999993957088762e+01
1.999999986140959152e+01
1.999999986140959152e+01
1.999999986140959152e+01
1.999999986140959152e+01
2.099999970508699931e+01
2.149999997090609583e+01
2.200000023672519234e+01
2.249999981458350362e+01
2.349999965826091142e+01
2.450000018989910444e+01
2.499999976775741573e+01
2.549999934561572701e+01
2.549999934561572701e+01
2.549999934561572701e+01
2.549999934561572701e+01
2.399999992408000793e+01
2.249999981458350362e+01
2.149999997090609583e+01
2.099999970508699931e+01
2.050000012722868803e+01
1.999999986140959152e+01
1.999999986140959152e+01
1.999999986140959152e+01
1.900000001773218372e+01
1.900000001773218372e+01
1.999999986140959152e+01
2.099999970508699931e+01
2.149999997090609583e+01
2.249999981458350362e+01
2.300000008040260013e+01
2.399999992408000793e+01
2.450000018989910444e+01
2.649999987725392003e+01
2.700000014307301299e+01
2.800000067471120246e+01
2.849999956460873562e+01
3.000000036206602161e+01
3.200000004942083365e+01
2.950000009624692510e+01
2.750000040889210950e+01
2.499999976775741573e+01
2.349999965826091142e+01
2.149999997090609583e+01
1.999999986140959152e+01
1.900000001773218372e+01
1.949999993957088762e+01
1.999999986140959152e+01
2.050000012722868803e+01
1.999999986140959152e+01
2.099999970508699931e+01
2.099999970508699931e+01
2.149999997090609583e+01
2.300000008040260013e+01
2.349999965826091142e+01
2.399999992408000793e+01
2.549999934561572701e+01
2.750000040889210950e+01
2.950000009624692510e+01
3.099999951778264418e+01
3.149999978360174069e+01
3.099999951778264418e+01
3.099999951778264418e+01
3.050000062788511457e+01
2.950000009624692510e+01
2.700000014307301299e+01
2.599999961143482352e+01
2.450000018989910444e+01
2.249999981458350362e+01
2.099999970508699931e+01
2.050000012722868803e+01
2.149999997090609583e+01
2.200000023672519234e+01
2.249999981458350362e+01
2.300000008040260013e+01
2.399999992408000793e+01
2.450000018989910444e+01
2.499999976775741573e+01
2.549999934561572701e+01
2.649999987725392003e+01
2.750000040889210950e+01
2.849999956460873562e+01
2.899999983042782858e+01
3.000000036206602161e+01
3.000000036206602161e+01
3.000000036206602161e+01
2.950000009624692510e+01
2.899999983042782858e+01
2.750000040889210950e+01
2.649999987725392003e+01
2.450000018989910444e+01
2.200000023672519234e+01
2.050000012722868803e+01
1.949999993957088762e+01
1.900000001773218372e+01
1.900000001773218372e+01
1.900000001773218372e+01
1.900000001773218372e+01
1.900000001773218372e+01
1.900000001773218372e+01
1.999999986140959152e+01
1.999999986140959152e+01
2.050000012722868803e+01
2.149999997090609583e+01
2.249999981458350362e+01
2.499999976775741573e+01
2.800000067471120246e+01
3.050000062788511457e+01
3.000000036206602161e+01
3.000000036206602161e+01
3.000000036206602161e+01
2.899999983042782858e+01
2.649999987725392003e+01
2.499999976775741573e+01
2.249999981458350362e+01
2.099999970508699931e+01
1.900000001773218372e+01
1.799999983007438331e+01
1.799999983007438331e+01
1.900000001773218372e+01
1.900000001773218372e+01
1.949999993957088762e+01
1.999999986140959152e+01
1.999999986140959152e+01
1.999999986140959152e+01
2.050000012722868803e+01
2.149999997090609583e+01
2.300000008040260013e+01
2.399999992408000793e+01
2.649999987725392003e+01
2.849999956460873562e+01
2.950000009624692510e+01
3.000000036206602161e+01
3.000000036206602161e+01
2.950000009624692510e+01
2.800000067471120246e+01
2.649999987725392003e+01
2.450000018989910444e+01
2.249999981458350362e+01
2.050000012722868803e+01
1.850000009589347982e+01
1.799999983007438331e+01
1.799999983007438331e+01
1.799999983007438331e+01
1.799999983007438331e+01
1.850000009589347982e+01
1.900000001773218372e+01
1.900000001773218372e+01
1.999999986140959152e+01
1.949999993957088762e+01
2.050000012722868803e+01
2.099999970508699931e+01
2.149999997090609583e+01
2.300000008040260013e+01
2.499999976775741573e+01
2.700000014307301299e+01
2.849999956460873562e+01
2.750000040889210950e+01
2.750000040889210950e+01
2.700000014307301299e+01
2.349999965826091142e+01
2.149999997090609583e+01
1.949999993957088762e+01
1.799999983007438331e+01
1.650000006455827162e+01
1.599999997072937141e+01
1.599999997072937141e+01
1.599999997072937141e+01
1.599999997072937141e+01
1.650000006455827162e+01
1.749999990823567941e+01
1.799999983007438331e+01
1.799999983007438331e+01
1.900000001773218372e+01
2.050000012722868803e+01
2.149999997090609583e+01
2.249999981458350362e+01
2.399999992408000793e+01
2.549999934561572701e+01
2.700000014307301299e+01
2.750000040889210950e+01
2.700000014307301299e+01
2.599999961143482352e+01
2.450000018989910444e+01
2.450000018989910444e+01
2.149999997090609583e+01
1.749999990823567941e+01
1.650000006455827162e+01
1.599999997072937141e+01
1.599999997072937141e+01
1.699999998639697552e+01
1.650000006455827162e+01
1.650000006455827162e+01
1.749999990823567941e+01
1.799999983007438331e+01
1.799999983007438331e+01
1.850000009589347982e+01
1.900000001773218372e+01
1.949999993957088762e+01
1.999999986140959152e+01
2.149999997090609583e+01
2.349999965826091142e+01
2.499999976775741573e+01
2.549999934561572701e+01
2.499999976775741573e+01
2.399999992408000793e+01
2.300000008040260013e+01
2.249999981458350362e+01
2.050000012722868803e+01
1.949999993957088762e+01
1.799999983007438331e+01
1.550000004889066751e+01
1.449999999022551478e+01
1.449999999022551478e+01
1.500000004105686635e+01
1.500000004105686635e+01
1.599999997072937141e+01
1.650000006455827162e+01
1.699999998639697552e+01
1.699999998639697552e+01
1.799999983007438331e+01
1.799999983007438331e+01
1.799999983007438331e+01
1.900000001773218372e+01
2.050000012722868803e+01
2.149999997090609583e+01
2.200000023672519234e+01
2.300000008040260013e+01
2.200000023672519234e+01
2.249999981458350362e+01
2.149999997090609583e+01
2.099999970508699931e+01
2.050000012722868803e+01
1.949999993957088762e+01
1.850000009589347982e+01
1.799999983007438331e+01
1.799999983007438331e+01
1.799999983007438331e+01
1.799999983007438331e+01
1.799999983007438331e+01
1.799999983007438331e+01
1.749999990823567941e+01
1.749999990823567941e+01
1.799999983007438331e+01
1.799999983007438331e+01
1.850000009589347982e+01
1.949999993957088762e+01
1.999999986140959152e+01
2.099999970508699931e+01
2.200000023672519234e+01
2.200000023672519234e+01
2.200000023672519234e+01
2.200000023672519234e+01
2.200000023672519234e+01
2.050000012722868803e+01
1.949999993957088762e+01
1.799999983007438331e+01
1.749999990823567941e+01
1.699999998639697552e+01
1.650000006455827162e+01
1.599999997072937141e+01
1.599999997072937141e+01
1.599999997072937141e+01
1.550000004889066751e+01
1.500000004105686635e+01
1.500000004105686635e+01
1.500000004105686635e+01
1.500000004105686635e+01
1.500000004105686635e+01
1.500000004105686635e+01
1.500000004105686635e+01
1.500000004105686635e+01
1.550000004889066751e+01
1.650000006455827162e+01
1.699999998639697552e+01
1.650000006455827162e+01
1.749999990823567941e+01
1.799999983007438331e+01
1.699999998639697552e+01
1.650000006455827162e+01
1.699999998639697552e+01
1.650000006455827162e+01
1.550000004889066751e+01
1.400000000389048793e+01
1.300000000972165815e+01
1.300000000972165815e+01
1.300000000972165815e+01
1.349999999605668677e+01
1.400000000389048793e+01
1.449999999022551478e+01
1.500000004105686635e+01
1.599999997072937141e+01
1.699999998639697552e+01
1.749999990823567941e+01
1.799999983007438331e+01
1.900000001773218372e+01
1.900000001773218372e+01
1.999999986140959152e+01
1.999999986140959152e+01
2.050000012722868803e+01
2.050000012722868803e+01
1.949999993957088762e+01
1.850000009589347982e+01
1.799999983007438331e+01
1.650000006455827162e+01
1.550000004889066751e+01
1.500000004105686635e+01
1.400000000389048793e+01
1.300000000972165815e+01
1.349999999605668677e+01
1.400000000389048793e+01
1.400000000389048793e+01
1.400000000389048793e+01
1.400000000389048793e+01
1.449999999022551478e+01
1.599999997072937141e+01
1.500000004105686635e+01
1.500000004105686635e+01
1.500000004105686635e+01
1.650000006455827162e+01
1.900000001773218372e+01
1.999999986140959152e+01
1.999999986140959152e+01
1.999999986140959152e+01
2.050000012722868803e+01
1.999999986140959152e+01
1.999999986140959152e+01
1.900000001773218372e+01
1.850000009589347982e+01
1.749999990823567941e+01
1.650000006455827162e+01
1.599999997072937141e+01
1.550000004889066751e+01
1.550000004889066751e+01
1.599999997072937141e+01
1.500000004105686635e+01
1.599999997072937141e+01
1.599999997072937141e+01
1.599999997072937141e+01
1.599999997072937141e+01
1.599999997072937141e+01
1.699999998639697552e+01
1.699999998639697552e+01
1.799999983007438331e+01
1.900000001773218372e+01
1.999999986140959152e+01
1.999999986140959152e+01
2.050000012722868803e+01
1.999999986140959152e+01
1.949999993957088762e+01
1.850000009589347982e+01
1.799999983007438331e+01
1.749999990823567941e+01
1.650000006455827162e+01
1.550000004889066751e+01
1.400000000389048793e+01
1.349999999605668677e+01
1.300000000972165815e+01
1.400000000389048793e+01
1.400000000389048793e+01
1.400000000389048793e+01
1.449999999022551478e+01
1.449999999022551478e+01
1.599999997072937141e+01
1.650000006455827162e+01
1.799999983007438331e+01
1.799999983007438331e+01
1.900000001773218372e+01
1.900000001773218372e+01
1.949999993957088762e+01
1.900000001773218372e+01
1.949999993957088762e+01
1.749999990823567941e+01
1.949999993957088762e+01
1.900000001773218372e+01
1.749999990823567941e+01
1.650000006455827162e+01
1.500000004105686635e+01
1.400000000389048793e+01
1.300000000972165815e+01
1.250000000188785698e+01
1.300000000972165815e+01
1.300000000972165815e+01
1.400000000389048793e+01
1.400000000389048793e+01
1.400000000389048793e+01
1.400000000389048793e+01
1.500000004105686635e+01
1.500000004105686635e+01
1.500000004105686635e+01
1.550000004889066751e+01
1.650000006455827162e+01
1.699999998639697552e+01
1.650000006455827162e+01
1.850000009589347982e+01
1.799999983007438331e+01
1.749999990823567941e+01
1.949999993957088762e+01
1.799999983007438331e+01
1.799999983007438331e+01
1.650000006455827162e+01
1.500000004105686635e+01
1.449999999022551478e+01
1.300000000972165815e+01
1.300000000972165815e+01
1.400000000389048793e+01
1.400000000389048793e+01
1.400000000389048793e+01
1.500000004105686635e+01
1.500000004105686635e+01
1.599999997072937141e+01
1.599999997072937141e+01
1.699999998639697552e+01
1.699999998639697552e+01
1.799999983007438331e+01
1.949999993957088762e+01
2.050000012722868803e+01
2.149999997090609583e+01
2.099999970508699931e+01
2.149999997090609583e+01
2.099999970508699931e+01
2.050000012722868803e+01
1.999999986140959152e+01
1.850000009589347982e+01
1.749999990823567941e+01
1.599999997072937141e+01
1.550000004889066751e+01
1.500000004105686635e+01
1.599999997072937141e+01
1.599999997072937141e+01
1.699999998639697552e+01
1.699999998639697552e+01
1.799999983007438331e+01
1.850000009589347982e+01
1.949999993957088762e+01
1.949999993957088762e+01
1.999999986140959152e+01
1.999999986140959152e+01
2.050000012722868803e+01
2.099999970508699931e+01
2.099999970508699931e+01
2.200000023672519234e+01
2.300000008040260013e+01
2.349999965826091142e+01
2.450000018989910444e+01
2.450000018989910444e+01
2.399999992408000793e+01
2.050000012722868803e+01
1.900000001773218372e+01
1.900000001773218372e+01
1.900000001773218372e+01
1.799999983007438331e+01
1.850000009589347982e+01
1.850000009589347982e+01
1.799999983007438331e+01
1.850000009589347982e+01
1.949999993957088762e+01
2.050000012722868803e+01
2.149999997090609583e+01
2.200000023672519234e+01
2.249999981458350362e+01
2.349999965826091142e+01
2.399999992408000793e+01
2.450000018989910444e+01
2.700000014307301299e+01
2.700000014307301299e+01
2.700000014307301299e+01
2.649999987725392003e+01
2.499999976775741573e+01
2.450000018989910444e+01
2.349999965826091142e+01
2.200000023672519234e+01
2.050000012722868803e+01
1.999999986140959152e+01
1.850000009589347982e+01
1.749999990823567941e+01
1.699999998639697552e+01
1.749999990823567941e+01
1.799999983007438331e+01
1.850000009589347982e+01
1.900000001773218372e+01
1.900000001773218372e+01
1.999999986140959152e+01
2.050000012722868803e+01
2.099999970508699931e+01
2.200000023672519234e+01
2.300000008040260013e+01
2.399999992408000793e+01
2.499999976775741573e+01
2.599999961143482352e+01
2.549999934561572701e+01
2.599999961143482352e+01
2.450000018989910444e+01
2.349999965826091142e+01
2.249999981458350362e+01
2.149999997090609583e+01
1.949999993957088762e+01
1.850000009589347982e+01
1.749999990823567941e+01
1.699999998639697552e+01
1.599999997072937141e+01
1.599999997072937141e+01
1.599999997072937141e+01
1.599999997072937141e+01
1.699999998639697552e+01
1.749999990823567941e+01
1.799999983007438331e+01
1.900000001773218372e+01
1.999999986140959152e+01
2.099999970508699931e+01
2.200000023672519234e+01
2.300000008040260013e+01
2.399999992408000793e+01
2.450000018989910444e+01
2.450000018989910444e+01
2.450000018989910444e+01
2.399999992408000793e+01
2.300000008040260013e+01
2.149999997090609583e+01
1.949999993957088762e+01
1.799999983007438331e+01
1.699999998639697552e+01
1.599999997072937141e+01
1.599999997072937141e+01
1.550000004889066751e+01
1.599999997072937141e+01
1.599999997072937141e+01
1.650000006455827162e+01
1.699999998639697552e+01
1.799999983007438331e+01
1.850000009589347982e+01
1.949999993957088762e+01
2.050000012722868803e+01
2.149999997090609583e+01
2.249999981458350362e+01
2.349999965826091142e+01
2.450000018989910444e+01
2.499999976775741573e+01
2.499999976775741573e+01
2.549999934561572701e+01
2.499999976775741573e+01
2.450000018989910444e+01
2.300000008040260013e+01
2.149999997090609583e+01
2.099999970508699931e+01
1.999999986140959152e+01
1.850000009589347982e+01
1.650000006455827162e+01
1.599999997072937141e+01
1.599999997072937141e+01
1.599999997072937141e+01
1.699999998639697552e+01
1.699999998639697552e+01
1.699999998639697552e+01
1.749999990823567941e+01
1.799999983007438331e+01
1.900000001773218372e+01
1.999999986140959152e+01
2.099999970508699931e+01
2.200000023672519234e+01
2.300000008040260013e+01
2.349999965826091142e+01
2.450000018989910444e+01
2.450000018989910444e+01
2.399999992408000793e+01
2.399999992408000793e+01
2.349999965826091142e+01
2.200000023672519234e+01
2.099999970508699931e+01
1.999999986140959152e+01
1.900000001773218372e+01
1.850000009589347982e+01
1.850000009589347982e+01
1.900000001773218372e+01
1.999999986140959152e+01
2.050000012722868803e+01
2.050000012722868803e+01
1.949999993957088762e+01
1.900000001773218372e+01
1.900000001773218372e+01
1.949999993957088762e+01
1.999999986140959152e+01
1.999999986140959152e+01
2.050000012722868803e+01
2.149999997090609583e+01
2.099999970508699931e+01
2.249999981458350362e+01
2.200000023672519234e+01
2.200000023672519234e+01
2.200000023672519234e+01
1.999999986140959152e+01
1.949999993957088762e+01
1.999999986140959152e+01
1.999999986140959152e+01
1.900000001773218372e+01
1.900000001773218372e+01
1.900000001773218372e+01
1.900000001773218372e+01
1.900000001773218372e+01
1.900000001773218372e+01
1.900000001773218372e+01
1.799999983007438331e+01
1.799999983007438331e+01
1.799999983007438331e+01
1.799999983007438331e+01
1.799999983007438331e+01
1.900000001773218372e+01
1.999999986140959152e+01
2.099999970508699931e+01
2.200000023672519234e+01
2.300000008040260013e+01
2.200000023672519234e+01
2.099999970508699931e+01
2.200000023672519234e+01
2.149999997090609583e+01
1.999999986140959152e+01
1.900000001773218372e+01
1.799999983007438331e+01
1.799999983007438331e+01
1.699999998639697552e+01
1.699999998639697552e+01
1.699999998639697552e+01
1.699999998639697552e+01
1.699999998639697552e+01
1.699999998639697552e+01
1.749999990823567941e+01
1.699999998639697552e+01
1.749999990823567941e+01
1.850000009589347982e+01
2.050000012722868803e+01
2.149999997090609583e+01
2.349999965826091142e+01
2.399999992408000793e+01
2.450000018989910444e+01
2.549999934561572701e+01
2.499999976775741573e+01
2.399999992408000793e+01
2.399999992408000793e+01
2.249999981458350362e+01
2.050000012722868803e+01
1.850000009589347982e+01
1.749999990823567941e+01
1.599999997072937141e+01
1.599999997072937141e+01
1.650000006455827162e+01
1.699999998639697552e+01
1.699999998639697552e+01
1.699999998639697552e+01
1.799999983007438331e+01
1.900000001773218372e+01
1.900000001773218372e+01
1.999999986140959152e+01
2.050000012722868803e+01
2.099999970508699931e+01
2.200000023672519234e+01
2.349999965826091142e+01
2.399999992408000793e+01
2.399999992408000793e+01
2.399999992408000793e+01
2.399999992408000793e+01
2.249999981458350362e+01
2.149999997090609583e+01
2.050000012722868803e+01
1.949999993957088762e+01
1.749999990823567941e+01
1.650000006455827162e+01
1.449999999022551478e+01
1.400000000389048793e+01
1.449999999022551478e+01
1.500000004105686635e+01
1.599999997072937141e+01
1.599999997072937141e+01
1.699999998639697552e+01
1.749999990823567941e+01
1.799999983007438331e+01
1.850000009589347982e+01
1.900000001773218372e+01
1.900000001773218372e+01
1.999999986140959152e+01
1.999999986140959152e+01
1.999999986140959152e+01
1.999999986140959152e+01
2.099999970508699931e+01
2.249999981458350362e+01
2.149999997090609583e+01
2.149999997090609583e+01
2.149999997090609583e+01
1.999999986140959152e+01
1.900000001773218372e+01
1.749999990823567941e+01
1.650000006455827162e+01
1.599999997072937141e+01
1.599999997072937141e+01
1.699999998639697552e+01
1.699999998639697552e+01
1.699999998639697552e+01
1.699999998639697552e+01
1.699999998639697552e+01
1.749999990823567941e+01
1.799999983007438331e+01
1.900000001773218372e+01
1.949999993957088762e+01
2.099999970508699931e+01
2.200000023672519234e+01
2.200000023672519234e+01
2.249999981458350362e+01
2.300000008040260013e+01
2.249999981458350362e+01
2.249999981458350362e+01
2.099999970508699931e+01
2.050000012722868803e+01
1.949999993957088762e+01
1.799999983007438331e+01
1.749999990823567941e+01
1.699999998639697552e+01
1.650000006455827162e+01
1.599999997072937141e+01
1.599999997072937141e+01
1.699999998639697552e+01
1.699999998639697552e+01
1.699999998639697552e+01
1.699999998639697552e+01
1.799999983007438331e+01
1.850000009589347982e+01
1.900000001773218372e+01
1.999999986140959152e+01
2.050000012722868803e+01
2.099999970508699931e+01
2.099999970508699931e+01
2.099999970508699931e+01
2.149999997090609583e+01
2.200000023672519234e+01
2.099999970508699931e+01
2.149999997090609583e+01
2.099999970508699931e+01
2.050000012722868803e+01
1.900000001773218372e+01
1.799999983007438331e+01
1.699999998639697552e+01
1.599999997072937141e+01
1.599999997072937141e+01
1.650000006455827162e+01
1.749999990823567941e+01
1.799999983007438331e+01
1.850000009589347982e+01
1.850000009589347982e+01
1.949999993957088762e+01
1.999999986140959152e+01
2.050000012722868803e+01
2.149999997090609583e+01
2.300000008040260013e+01
2.349999965826091142e+01
2.349999965826091142e+01
2.349999965826091142e+01
2.349999965826091142e+01
2.399999992408000793e+01
2.450000018989910444e+01
2.399999992408000793e+01
2.249999981458350362e+01
2.099999970508699931e+01
2.149999997090609583e+01
1.999999986140959152e+01
1.999999986140959152e+01
1.900000001773218372e+01
1.900000001773218372e+01
1.900000001773218372e+01
1.900000001773218372e+01
1.900000001773218372e+01
1.999999986140959152e+01
2.099999970508699931e+01
2.149999997090609583e+01
2.300000008040260013e+01
2.399999992408000793e+01
2.499999976775741573e+01
2.549999934561572701e+01
2.599999961143482352e+01
2.549999934561572701e+01
2.599999961143482352e+01
2.399999992408000793e+01
2.399999992408000793e+01
2.349999965826091142e+01
2.249999981458350362e+01
2.149999997090609583e+01
1.949999993957088762e+01
1.699999998639697552e+01
1.599999997072937141e+01
1.599999997072937141e+01
1.699999998639697552e+01
1.699999998639697552e+01
1.749999990823567941e+01
1.799999983007438331e+01
1.799999983007438331e+01
1.900000001773218372e+01
1.949999993957088762e+01
2.050000012722868803e+01
2.349999965826091142e+01
2.399999992408000793e+01
2.399999992408000793e+01
2.399999992408000793e+01
2.399999992408000793e+01
2.300000008040260013e+01
2.200000023672519234e+01
2.149999997090609583e+01
2.099999970508699931e+01
1.949999993957088762e+01
1.850000009589347982e+01
1.650000006455827162e+01
1.550000004889066751e+01
1.449999999022551478e+01
1.400000000389048793e+01
1.349999999605668677e+01
1.400000000389048793e+01
1.449999999022551478e+01
1.449999999022551478e+01
1.550000004889066751e+01
1.599999997072937141e+01
1.650000006455827162e+01
1.699999998639697552e+01
1.749999990823567941e+01
1.749999990823567941e+01
1.799999983007438331e+01
1.799999983007438331e+01
1.799999983007438331e+01
1.699999998639697552e+01
1.699999998639697552e+01
1.699999998639697552e+01
1.599999997072937141e+01
1.550000004889066751e+01
1.500000004105686635e+01
1.500000004105686635e+01
1.550000004889066751e+01
1.449999999022551478e+01
1.400000000389048793e+01
1.349999999605668677e+01
1.400000000389048793e+01
1.300000000972165815e+01
1.400000000389048793e+01
1.500000004105686635e+01
1.500000004105686635e+01
1.599999997072937141e+01
1.650000006455827162e+01
1.749999990823567941e+01
1.850000009589347982e+01
1.949999993957088762e+01
2.099999970508699931e+01
2.099999970508699931e+01
2.200000023672519234e+01
2.099999970508699931e+01
2.050000012722868803e+01
1.999999986140959152e+01
1.949999993957088762e+01
1.850000009589347982e+01
1.749999990823567941e+01
1.650000006455827162e+01
1.500000004105686635e+01
1.349999999605668677e+01
1.300000000972165815e+01
1.300000000972165815e+01
1.400000000389048793e+01
1.400000000389048793e+01
1.500000004105686635e+01
1.550000004889066751e+01
1.599999997072937141e+01
1.650000006455827162e+01
1.699999998639697552e+01
1.699999998639697552e+01
1.900000001773218372e+01
1.900000001773218372e+01
1.900000001773218372e+01
1.900000001773218372e+01
