5.579999992907021351e+02
5.619999956914662107e+02
5.500000064891742113e+02
5.399999979187628014e+02
5.290000078166618778e+02
5.130000046451045819e+02
4.489999919588751709e+02
4.349999957719505232e+02
4.219999986852168377e+02
4.090000015984832089e+02
4.029999982130865419e+02
4.039999973132775040e+02
4.019999991128955230e+02
4.019999991128955230e+02
4.000000009125135421e+02
3.980000027121315611e+02
3.929999984269258562e+02
3.870000038257799133e+02
3.819999995405742084e+02
3.759999961551775414e+02
3.700000015540315417e+02
3.639999981686348747e+02
3.090000004427825502e+02
2.710000005965532068e+02
2.079999979908282057e+02
1.420000046727182053e+02
1.030000046282665380e+02
1.010000064278845571e+02
9.199999695766416608e+01
9.499999425823716592e+01
9.599999335842815640e+01
9.699999245861914687e+01
9.900000822750254770e+01
1.070000010290305283e+02
1.220000051003968906e+02
1.349999934028798236e+02
1.489999983740551954e+02
1.620000042450395483e+02
1.809999959329191768e+02
2.050000006902552059e+02
2.330000018483551969e+02
2.559999987212495398e+02
2.769999995898245402e+02
2.930000000163035452e+02
3.239999990239921885e+02
3.250000003202458743e+02
3.259999994204368932e+02
3.539999983824741889e+02
3.539999983824741889e+02
3.539999983824741889e+02
3.550000018747905415e+02
3.560000009749815604e+02
3.560000009749815604e+02
3.570000000751725224e+02
3.579999991753635413e+02
3.389999987032331887e+02
3.159999996342762074e+02
3.159999996342762074e+02
3.180000000307208552e+02
3.189999991309118741e+02
3.220000008236102076e+02
3.239999990239921885e+02
3.250000003202458743e+02
3.239999990239921885e+02
3.209999995273565219e+02
3.200000004271655598e+02
3.200000004271655598e+02
3.200000004271655598e+02
3.200000004271655598e+02
3.220000008236102076e+02
3.220000008236102076e+02
3.239999990239921885e+02
3.239999990239921885e+02
3.259999994204368932e+02
3.279999998168815409e+02
3.300000002133261887e+02
3.309999993135172076e+02
3.320000006097708933e+02
3.320000006097708933e+02
3.320000006097708933e+02
3.320000006097708933e+02
3.300000002133261887e+02
3.279999998168815409e+02
3.259999994204368932e+02
3.239999990239921885e+02
3.220000008236102076e+02
3.200000004271655598e+02
3.200000004271655598e+02
3.200000004271655598e+02
3.200000004271655598e+02
3.200000004271655598e+02
3.200000004271655598e+02
3.189999991309118741e+02
3.200000004271655598e+02
3.200000004271655598e+02
3.200000004271655598e+02
3.200000004271655598e+02
3.200000004271655598e+02
3.189999991309118741e+02
3.189999991309118741e+02
3.189999991309118741e+02
3.139999992378315028e+02
3.139999992378315028e+02
3.130000001376405407e+02
3.119999999394182169e+02
3.150000005340851885e+02
3.159999996342762074e+02
3.180000000307208552e+02
3.189999991309118741e+02
3.200000004271655598e+02
3.229999999238012265e+02
3.259999994204368932e+02
3.259999994204368932e+02
3.279999998168815409e+02
3.300000002133261887e+02
3.329999997099618554e+02
3.360000014026601889e+02
3.379999996030421698e+02
3.389999987032331887e+02
3.410000012957405602e+02
3.429999994961225411e+02
3.460000011888208746e+02
3.500000019817102270e+02
3.550000018747905415e+02
3.600000017678708559e+02
3.639999981686348747e+02
3.660000007611421893e+02
3.679999989615241702e+02
3.710000006542225037e+02
3.719999997544135226e+02
3.739999979547955036e+02
3.739999979547955036e+02
3.739999979547955036e+02
3.749999970549865225e+02
3.739999979547955036e+02
3.739999979547955036e+02
3.739999979547955036e+02
3.759999961551775414e+02
3.759999961551775414e+02
3.780000031398102465e+02
3.780000031398102465e+02
3.780000031398102465e+02
3.780000031398102465e+02
3.780000031398102465e+02
3.780000031398102465e+02
3.859999959413381703e+02
3.939999975271168751e+02
3.919999993267348373e+02
3.919999993267348373e+02
3.900000011263528563e+02
3.900000011263528563e+02
3.900000011263528563e+02
3.900000011263528563e+02
3.900000011263528563e+02
3.719999997544135226e+02
3.759999961551775414e+02
3.780000031398102465e+02
3.870000038257799133e+02
3.859999959413381703e+02
3.829999986407651704e+02
3.829999986407651704e+02
3.810000004403831895e+02
3.810000004403831895e+02
3.810000004403831895e+02
3.770000040396192276e+02
3.770000040396192276e+02
3.759999961551775414e+02
3.739999979547955036e+02
3.749999970549865225e+02
3.770000040396192276e+02
3.759999961551775414e+02
3.780000031398102465e+02
3.780000031398102465e+02
3.810000004403831895e+02
3.810000004403831895e+02
3.479999993892028556e+02
3.669999998613332082e+02
3.679999989615241702e+02
3.700000015540315417e+02
3.690000024538405796e+02
3.700000015540315417e+02
3.739999979547955036e+02
3.749999970549865225e+02
3.759999961551775414e+02
3.650000016609512272e+02
3.639999981686348747e+02
3.639999981686348747e+02
3.660000007611421893e+02
3.710000006542225037e+02
3.739999979547955036e+02
3.780000031398102465e+02
3.790000022400012085e+02
3.800000013401922274e+02
3.800000013401922274e+02
3.810000004403831895e+02
3.810000004403831895e+02
3.810000004403831895e+02
3.810000004403831895e+02
3.819999995405742084e+02
3.790000022400012085e+02
3.780000031398102465e+02
3.770000040396192276e+02
3.749999970549865225e+02
3.759999961551775414e+02
3.759999961551775414e+02
3.780000031398102465e+02
3.780000031398102465e+02
3.800000013401922274e+02
3.819999995405742084e+02
3.819999995405742084e+02
3.839999977409561893e+02
3.880000029259708754e+02
3.859999959413381703e+02
3.839999977409561893e+02
3.800000013401922274e+02
3.810000004403831895e+02
3.800000013401922274e+02
3.810000004403831895e+02
3.800000013401922274e+02
3.800000013401922274e+02
3.800000013401922274e+02
3.800000013401922274e+02
3.780000031398102465e+02
3.780000031398102465e+02
3.780000031398102465e+02
3.780000031398102465e+02
3.770000040396192276e+02
3.749999970549865225e+02
3.719999997544135226e+02
3.679999989615241702e+02
3.660000007611421893e+02
3.619999999682528369e+02
3.910000002265438752e+02
3.900000011263528563e+02
3.859999959413381703e+02
3.829999986407651704e+02
3.800000013401922274e+02
3.780000031398102465e+02
3.780000031398102465e+02
3.780000031398102465e+02
3.759999961551775414e+02
3.759999961551775414e+02
3.780000031398102465e+02
3.700000015540315417e+02
3.679999989615241702e+02
3.679999989615241702e+02
3.690000024538405796e+02
3.700000015540315417e+02
3.710000006542225037e+02
3.719999997544135226e+02
3.719999997544135226e+02
3.719999997544135226e+02
3.719999997544135226e+02
3.700000015540315417e+02
3.700000015540315417e+02
3.700000015540315417e+02
3.669999998613332082e+02
3.639999981686348747e+02
3.619999999682528369e+02
3.619999999682528369e+02
3.619999999682528369e+02
3.629999990684438558e+02
3.639999981686348747e+02
3.679999989615241702e+02
3.739999979547955036e+02
3.729999988546045415e+02
3.719999997544135226e+02
3.710000006542225037e+02
3.700000015540315417e+02
3.690000024538405796e+02
3.669999998613332082e+02
3.660000007611421893e+02
3.600000017678708559e+02
3.600000017678708559e+02
3.600000017678708559e+02
3.610000008680618748e+02
3.619999999682528369e+02
3.639999981686348747e+02
3.629999990684438558e+02
3.619999999682528369e+02
3.610000008680618748e+02
3.600000017678708559e+02
3.579999991753635413e+02
3.539999983824741889e+02
3.500000019817102270e+02
3.460000011888208746e+02
3.610000008680618748e+02
3.619999999682528369e+02
3.610000008680618748e+02
3.600000017678708559e+02
3.600000017678708559e+02
3.589999982755545034e+02
3.579999991753635413e+02
3.579999991753635413e+02
3.379999996030421698e+02
3.379999996030421698e+02
3.389999987032331887e+02
3.389999987032331887e+02
3.400000021955495413e+02
3.539999983824741889e+02
3.520000001820922080e+02
3.520000001820922080e+02
3.510000010819011891e+02
3.500000019817102270e+02
3.479999993892028556e+02
3.460000011888208746e+02
3.320000006097708933e+02
3.320000006097708933e+02
3.349999979103438363e+02
3.379999996030421698e+02
3.400000021955495413e+02
3.410000012957405602e+02
3.429999994961225411e+02
3.439999985963135032e+02
3.450000020886298557e+02
3.460000011888208746e+02
3.439999985963135032e+02
3.400000021955495413e+02
3.379999996030421698e+02
3.349999979103438363e+02
3.339999988101528743e+02
3.339999988101528743e+02
3.349999979103438363e+02
3.360000014026601889e+02
3.370000005028512078e+02
3.389999987032331887e+02
3.420000003959315222e+02
3.439999985963135032e+02
3.439999985963135032e+02
3.439999985963135032e+02
3.470000002890118935e+02
3.479999993892028556e+02
3.479999993892028556e+02
3.439999985963135032e+02
3.420000003959315222e+02
3.719999997544135226e+02
3.710000006542225037e+02
3.700000015540315417e+02
3.710000006542225037e+02
3.700000015540315417e+02
3.690000024538405796e+02
3.690000024538405796e+02
3.679999989615241702e+02
3.489999984893938745e+02
3.420000003959315222e+02
3.410000012957405602e+02
3.410000012957405602e+02
3.890000020261618943e+02
3.900000011263528563e+02
3.910000002265438752e+02
3.919999993267348373e+02
3.919999993267348373e+02
3.939999975271168751e+02
3.939999975271168751e+02
3.939999975271168751e+02
3.479999993892028556e+02
3.470000002890118935e+02
3.470000002890118935e+02
3.479999993892028556e+02
3.500000019817102270e+02
3.500000019817102270e+02
3.479999993892028556e+02
3.470000002890118935e+02
3.470000002890118935e+02
3.479999993892028556e+02
3.479999993892028556e+02
3.479999993892028556e+02
3.460000011888208746e+02
3.460000011888208746e+02
3.489999984893938745e+02
3.520000001820922080e+02
3.560000009749815604e+02
3.579999991753635413e+02
3.619999999682528369e+02
3.619999999682528369e+02
3.629999990684438558e+02
3.619999999682528369e+02
3.619999999682528369e+02
3.610000008680618748e+02
3.619999999682528369e+02
3.639999981686348747e+02
3.639999981686348747e+02
3.660000007611421893e+02
3.669999998613332082e+02
3.669999998613332082e+02
3.669999998613332082e+02
3.669999998613332082e+02
3.660000007611421893e+02
3.679999989615241702e+02
3.679999989615241702e+02
3.690000024538405796e+02
3.690000024538405796e+02
3.690000024538405796e+02
3.660000007611421893e+02
4.060000042979102091e+02
4.060000042979102091e+02
4.019999991128955230e+02
4.010000000127045041e+02
4.000000009125135421e+02
3.959999957274988560e+02
3.959999957274988560e+02
3.949999966273078371e+02
3.550000018747905415e+02
3.539999983824741889e+02
3.529999992822831700e+02
3.520000001820922080e+02
3.500000019817102270e+02
3.500000019817102270e+02
3.510000010819011891e+02
3.520000001820922080e+02
3.529999992822831700e+02
3.539999983824741889e+02
3.520000001820922080e+02
3.539999983824741889e+02
3.560000009749815604e+02
3.560000009749815604e+02
3.560000009749815604e+02
3.550000018747905415e+02
3.520000001820922080e+02
3.489999984893938745e+02
3.489999984893938745e+02
3.460000011888208746e+02
3.450000020886298557e+02
3.439999985963135032e+02
3.420000003959315222e+02
3.400000021955495413e+02
3.400000021955495413e+02
3.389999987032331887e+02
3.379999996030421698e+02
3.389999987032331887e+02
3.400000021955495413e+02
3.400000021955495413e+02
3.400000021955495413e+02
3.400000021955495413e+02
3.389999987032331887e+02
3.400000021955495413e+02
3.400000021955495413e+02
3.400000021955495413e+02
3.379999996030421698e+02
3.379999996030421698e+02
3.379999996030421698e+02
3.379999996030421698e+02
3.370000005028512078e+02
3.360000014026601889e+02
3.360000014026601889e+02
3.339999988101528743e+02
3.339999988101528743e+02
3.349999979103438363e+02
3.360000014026601889e+02
3.379999996030421698e+02
3.379999996030421698e+02
3.370000005028512078e+02
3.379999996030421698e+02
3.360000014026601889e+02
3.360000014026601889e+02
3.339999988101528743e+02
3.320000006097708933e+02
3.300000002133261887e+02
3.309999993135172076e+02
3.279999998168815409e+02
3.279999998168815409e+02
3.560000009749815604e+02
3.560000009749815604e+02
3.560000009749815604e+02
3.560000009749815604e+02
3.579999991753635413e+02
3.579999991753635413e+02
3.579999991753635413e+02
3.579999991753635413e+02
3.300000002133261887e+02
3.320000006097708933e+02
3.320000006097708933e+02
3.320000006097708933e+02
3.309999993135172076e+02
3.320000006097708933e+02
3.320000006097708933e+02
3.320000006097708933e+02
3.329999997099618554e+02
3.329999997099618554e+02
3.320000006097708933e+02
3.309999993135172076e+02
3.300000002133261887e+02
3.289999989170725030e+02
3.279999998168815409e+02
3.259999994204368932e+02
3.259999994204368932e+02
3.239999990239921885e+02
3.220000008236102076e+02
3.200000004271655598e+02
3.150000005340851885e+02
3.059999998481155217e+02
2.979999999093838596e+02
2.909999998943666810e+02
2.819999994829048546e+02
2.730000009929978546e+02
2.640000003070281878e+02
2.559999987212495398e+02
2.499999997279782065e+02
2.430000016345158542e+02
2.380000017414355398e+02
2.390000008416265302e+02
2.390000008416265302e+02
2.390000008416265302e+02
2.390000008416265302e+02
2.390000008416265302e+02
2.390000008416265302e+02
2.390000008416265302e+02
2.390000008416265302e+02
2.380000017414355398e+02
2.369999982491191872e+02
2.399999999418175207e+02
2.509999988281691969e+02
2.559999987212495398e+02
2.640000003070281878e+02
2.719999996967442257e+02
2.800000001844915118e+02
2.880000001232231739e+02
2.979999999093838596e+02
3.039999994516708739e+02
3.139999992378315028e+02
3.180000000307208552e+02
3.200000004271655598e+02
3.209999995273565219e+02
3.220000008236102076e+02
3.400000021955495413e+02
3.410000012957405602e+02
3.420000003959315222e+02
3.439999985963135032e+02
3.450000020886298557e+02
3.450000020886298557e+02
3.439999985963135032e+02
3.439999985963135032e+02
3.429999994961225411e+02
3.439999985963135032e+02
3.439999985963135032e+02
3.439999985963135032e+02
3.429999994961225411e+02
3.429999994961225411e+02
3.420000003959315222e+02
3.439999985963135032e+02
3.439999985963135032e+02
3.439999985963135032e+02
3.439999985963135032e+02
3.400000021955495413e+02
3.360000014026601889e+02
3.320000006097708933e+02
3.279999998168815409e+02
3.239999990239921885e+02
3.209999995273565219e+02
3.209999995273565219e+02
3.209999995273565219e+02
3.209999995273565219e+02
3.200000004271655598e+02
3.200000004271655598e+02
3.209999995273565219e+02
3.220000008236102076e+02
3.220000008236102076e+02
3.209999995273565219e+02
3.200000004271655598e+02
3.180000000307208552e+02
3.180000000307208552e+02
3.139999992378315028e+02
3.109999997411958930e+02
3.059999998481155217e+02
3.039999994516708739e+02
3.020000001532575311e+02
2.979999999093838596e+02
2.940000000086449745e+02
2.899999999706521976e+02
2.880000001232231739e+02
2.859999997267785261e+02
2.819999994829048546e+02
2.810000003827138926e+02
2.789999999862691880e+02
2.769999995898245402e+02
2.730000009929978546e+02
2.719999996967442257e+02
2.699999993002995211e+02
2.679999989038548733e+02
2.679999989038548733e+02
2.660000007034728924e+02
2.699999993002995211e+02
2.730000009929978546e+02
2.800000001844915118e+02
2.859999997267785261e+02
2.899999999706521976e+02
2.940000000086449745e+02
2.979999999093838596e+02
3.059999998481155217e+02
3.159999996342762074e+02
3.209999995273565219e+02
3.229999999238012265e+02
3.239999990239921885e+02
3.259999994204368932e+02
3.259999994204368932e+02
3.279999998168815409e+02
3.439999985963135032e+02
3.439999985963135032e+02
3.439999985963135032e+02
3.439999985963135032e+02
3.439999985963135032e+02
3.439999985963135032e+02
3.439999985963135032e+02
3.429999994961225411e+02
3.259999994204368932e+02
3.239999990239921885e+02
3.239999990239921885e+02
3.220000008236102076e+02
3.220000008236102076e+02
3.209999995273565219e+02
3.189999991309118741e+02
3.159999996342762074e+02
3.080000002445602263e+02
2.990000001076061835e+02
2.940000000086449745e+02
2.859999997267785261e+02
2.829999996811271785e+02
2.789999999862691880e+02
2.769999995898245402e+02
2.760000004896335213e+02
2.779999997880468641e+02
2.740000000931888735e+02
2.740000000931888735e+02
2.749999991933798356e+02
2.760000004896335213e+02
2.800000001844915118e+02
2.859999997267785261e+02
2.899999999706521976e+02
2.859999997267785261e+02
2.940000000086449745e+02
3.020000001532575311e+02
3.080000002445602263e+02
3.159999996342762074e+02
3.200000004271655598e+02
3.220000008236102076e+02
3.239999990239921885e+02
3.259999994204368932e+02
3.279999998168815409e+02
3.300000002133261887e+02
3.320000006097708933e+02
3.320000006097708933e+02
3.339999988101528743e+02
3.339999988101528743e+02
3.339999988101528743e+02
3.339999988101528743e+02
3.339999988101528743e+02
3.339999988101528743e+02
3.339999988101528743e+02
3.339999988101528743e+02
3.339999988101528743e+02
3.360000014026601889e+02
3.360000014026601889e+02
3.410000012957405602e+02
3.429999994961225411e+02
3.439999985963135032e+02
3.450000020886298557e+02
3.450000020886298557e+02
3.439999985963135032e+02
3.439999985963135032e+02
3.439999985963135032e+02
3.439999985963135032e+02
3.429999994961225411e+02
3.420000003959315222e+02
3.420000003959315222e+02
3.420000003959315222e+02
3.439999985963135032e+02
3.439999985963135032e+02
3.439999985963135032e+02
3.450000020886298557e+02
3.460000011888208746e+02
3.479999993892028556e+02
3.489999984893938745e+02
3.500000019817102270e+02
3.489999984893938745e+02
3.479999993892028556e+02
3.460000011888208746e+02
3.439999985963135032e+02
3.420000003959315222e+02
3.410000012957405602e+02
3.400000021955495413e+02
3.389999987032331887e+02
3.379999996030421698e+02
3.379999996030421698e+02
3.379999996030421698e+02
3.370000005028512078e+02
3.370000005028512078e+02
3.370000005028512078e+02
3.360000014026601889e+02
3.349999979103438363e+02
3.339999988101528743e+02
3.320000006097708933e+02
3.320000006097708933e+02
3.309999993135172076e+02
3.300000002133261887e+02
3.279999998168815409e+02
3.279999998168815409e+02
3.270000007166905220e+02
3.279999998168815409e+02
3.279999998168815409e+02
3.279999998168815409e+02
3.300000002133261887e+02
3.320000006097708933e+02
3.339999988101528743e+02
3.379999996030421698e+02
3.379999996030421698e+02
3.400000021955495413e+02
3.420000003959315222e+02
3.470000002890118935e+02
3.500000019817102270e+02
3.529999992822831700e+02
3.579999991753635413e+02
3.600000017678708559e+02
3.629999990684438558e+02
3.650000016609512272e+02
3.679999989615241702e+02
3.679999989615241702e+02
3.690000024538405796e+02
3.690000024538405796e+02
3.700000015540315417e+02
3.719999997544135226e+02
3.719999997544135226e+02
3.700000015540315417e+02
3.719999997544135226e+02
3.719999997544135226e+02
3.700000015540315417e+02
3.679999989615241702e+02
3.660000007611421893e+02
3.639999981686348747e+02
3.639999981686348747e+02
3.629999990684438558e+02
3.619999999682528369e+02
3.579999991753635413e+02
3.539999983824741889e+02
3.500000019817102270e+02
3.460000011888208746e+02
3.439999985963135032e+02
3.420000003959315222e+02
3.400000021955495413e+02
3.389999987032331887e+02
3.389999987032331887e+02
3.389999987032331887e+02
3.400000021955495413e+02
3.400000021955495413e+02
3.389999987032331887e+02
3.379999996030421698e+02
3.379999996030421698e+02
3.360000014026601889e+02
3.339999988101528743e+02
3.700000015540315417e+02
3.679999989615241702e+02
3.679999989615241702e+02
3.660000007611421893e+02
3.650000016609512272e+02
3.629999990684438558e+02
3.589999982755545034e+02
3.560000009749815604e+02
3.239999990239921885e+02
3.220000008236102076e+02
3.180000000307208552e+02
3.159999996342762074e+02
3.150000005340851885e+02
3.139999992378315028e+02
3.139999992378315028e+02
3.170000009305298931e+02
3.180000000307208552e+02
3.200000004271655598e+02
3.209999995273565219e+02
3.229999999238012265e+02
3.239999990239921885e+02
3.279999998168815409e+02
3.309999993135172076e+02
3.320000006097708933e+02
3.320000006097708933e+02
3.320000006097708933e+02
3.339999988101528743e+02
3.339999988101528743e+02
3.339999988101528743e+02
3.339999988101528743e+02
3.300000002133261887e+02
3.259999994204368932e+02
3.259999994204368932e+02
3.259999994204368932e+02
3.250000003202458743e+02
3.229999999238012265e+02
3.220000008236102076e+02
3.200000004271655598e+02
3.159999996342762074e+02
3.130000001376405407e+02
3.090000004427825502e+02
3.020000001532575311e+02
2.979999999093838596e+02
2.940000000086449745e+02
2.920000000925890049e+02
2.889999997724298737e+02
2.839999998793495024e+02
2.789999999862691880e+02
2.740000000931888735e+02
2.690000002001085022e+02
2.660000007034728924e+02
2.629999990107745020e+02
2.599999995141388354e+02
2.599999995141388354e+02
2.599999995141388354e+02
2.599999995141388354e+02
2.579999991176941876e+02
2.579999991176941876e+02
2.579999991176941876e+02
2.559999987212495398e+02
2.559999987212495398e+02
2.569999978214405019e+02
2.559999987212495398e+02
2.519999979283601874e+02
2.699999993002995211e+02
2.699999993002995211e+02
2.679999989038548733e+02
2.679999989038548733e+02
2.660000007034728924e+02
2.679999989038548733e+02
2.710000005965532068e+02
2.730000009929978546e+02
2.480000015275961971e+02
2.499999997279782065e+02
2.579999991176941876e+02
2.599999995141388354e+02
2.629999990107745020e+02
2.690000002001085022e+02
2.779999997880468641e+02
2.880000001232231739e+02
2.950000000009864607e+02
3.039999994516708739e+02
3.119999999394182169e+02
3.180000000307208552e+02
3.200000004271655598e+02
3.200000004271655598e+02
3.209999995273565219e+02
3.239999990239921885e+02
3.239999990239921885e+02
3.220000008236102076e+02
3.180000000307208552e+02
3.200000004271655598e+02
3.220000008236102076e+02
3.220000008236102076e+02
3.180000000307208552e+02
3.220000008236102076e+02
3.239999990239921885e+02
3.259999994204368932e+02
3.259999994204368932e+02
3.270000007166905220e+02
3.279999998168815409e+02
3.289999989170725030e+02
3.289999989170725030e+02
3.279999998168815409e+02
3.279999998168815409e+02
3.270000007166905220e+02
3.270000007166905220e+02
3.270000007166905220e+02
3.279999998168815409e+02
3.279999998168815409e+02
3.300000002133261887e+02
3.300000002133261887e+02
3.300000002133261887e+02
3.300000002133261887e+02
3.320000006097708933e+02
3.309999993135172076e+02
3.300000002133261887e+02
3.300000002133261887e+02
3.320000006097708933e+02
3.320000006097708933e+02
3.320000006097708933e+02
3.300000002133261887e+02
3.300000002133261887e+02
3.279999998168815409e+02
3.279999998168815409e+02
3.270000007166905220e+02
3.259999994204368932e+02
3.250000003202458743e+02
3.250000003202458743e+02
3.250000003202458743e+02
3.239999990239921885e+02
3.239999990239921885e+02
3.239999990239921885e+02
3.239999990239921885e+02
3.239999990239921885e+02
3.229999999238012265e+02
3.220000008236102076e+02
3.220000008236102076e+02
3.220000008236102076e+02
3.200000004271655598e+02
3.200000004271655598e+02
3.180000000307208552e+02
3.159999996342762074e+02
3.099999995429735122e+02
3.080000002445602263e+02
3.059999998481155217e+02
3.020000001532575311e+02
2.979999999093838596e+02
2.950000000009864607e+02
2.909999998943666810e+02
2.859999997267785261e+02
2.800000001844915118e+02
2.740000000931888735e+02
2.699999993002995211e+02
2.619999999105835400e+02
2.590000004139478733e+02
2.559999987212495398e+02
2.519999979283601874e+02
2.480000015275961971e+02
2.469999980352798730e+02
2.469999980352798730e+02
2.449999998348978636e+02
2.440000007347068731e+02
2.459999989350888541e+02
2.459999989350888541e+02
2.519999979283601874e+02
2.579999991176941876e+02
2.590000004139478733e+02
2.649999994072192067e+02
2.740000000931888735e+02
2.839999998793495024e+02
2.930000000163035452e+02
2.920000000925890049e+02
2.920000000925890049e+02
2.960000000619548928e+02
3.039999994516708739e+02
3.119999999394182169e+02
3.209999995273565219e+02
3.220000008236102076e+02
3.209999995273565219e+02
3.229999999238012265e+02
3.300000002133261887e+02
3.349999979103438363e+02
3.379999996030421698e+02
3.379999996030421698e+02
3.379999996030421698e+02
3.379999996030421698e+02
3.360000014026601889e+02
3.360000014026601889e+02
3.360000014026601889e+02
3.320000006097708933e+02
3.339999988101528743e+02
3.289999989170725030e+02
3.239999990239921885e+02
3.180000000307208552e+02
3.139999992378315028e+02
3.279999998168815409e+02
3.800000013401922274e+02
3.800000013401922274e+02
3.790000022400012085e+02
3.770000040396192276e+02
3.759999961551775414e+02
3.819999995405742084e+02
3.870000038257799133e+02
3.859999959413381703e+02
3.009999999550352072e+02
2.880000001232231739e+02
2.880000001232231739e+02
2.979999999093838596e+02
3.119999999394182169e+02
3.139999992378315028e+02
3.159999996342762074e+02
3.170000009305298931e+02
3.150000005340851885e+02
3.119999999394182169e+02
3.130000001376405407e+02
3.180000000307208552e+02
2.969999999856693762e+02
2.899999999706521976e+02
2.940000000086449745e+02
3.020000001532575311e+02
3.049999996498931978e+02
3.059999998481155217e+02
3.099999995429735122e+02
3.180000000307208552e+02
3.229999999238012265e+02
3.279999998168815409e+02
3.289999989170725030e+02
3.479999993892028556e+02
3.489999984893938745e+02
3.579999991753635413e+02
3.660000007611421893e+02
3.700000015540315417e+02
3.859999959413381703e+02
3.900000011263528563e+02
3.919999993267348373e+02
3.939999975271168751e+02
3.939999975271168751e+02
3.880000029259708754e+02
3.880000029259708754e+02
3.910000002265438752e+02
4.090000015984832089e+02
4.090000015984832089e+02
4.080000024982922469e+02
4.080000024982922469e+02
4.019999991128955230e+02
3.980000027121315611e+02
3.900000011263528563e+02
3.780000031398102465e+02
3.700000015540315417e+02
3.560000009749815604e+02
3.510000010819011891e+02
3.479999993892028556e+02
3.439999985963135032e+02
2.740000000931888735e+02
2.679999989038548733e+02
2.679999989038548733e+02
2.660000007034728924e+02
2.640000003070281878e+02
2.690000002001085022e+02
2.760000004896335213e+02
2.730000009929978546e+02
2.779999997880468641e+02
2.690000002001085022e+02
2.699999993002995211e+02
2.859999997267785261e+02
2.960000000619548928e+02
3.520000001820922080e+02
3.780000031398102465e+02
3.880000029259708754e+02
3.970000036119405422e+02
4.060000042979102091e+02
4.100000006986742278e+02
4.170000031842619137e+02
4.180000022844528758e+02
4.160000040840708948e+02
4.080000024982922469e+02
3.959999957274988560e+02
3.959999957274988560e+02
3.959999957274988560e+02
3.959999957274988560e+02
3.939999975271168751e+02
3.939999975271168751e+02
3.919999993267348373e+02
3.959999957274988560e+02
3.949999966273078371e+02
3.880000029259708754e+02
3.919999993267348373e+02
3.919999993267348373e+02
3.859999959413381703e+02
3.880000029259708754e+02
3.890000020261618943e+02
3.859999959413381703e+02
3.859999959413381703e+02
3.819999995405742084e+02
3.819999995405742084e+02
3.849999968411472082e+02
3.819999995405742084e+02
3.800000013401922274e+02
3.849999968411472082e+02
3.849999968411472082e+02
3.859999959413381703e+02
3.929999984269258562e+02
3.959999957274988560e+02
3.959999957274988560e+02
3.959999957274988560e+02
3.990000018123225800e+02
4.010000000127045041e+02
3.980000027121315611e+02
4.060000042979102091e+02
4.129999979992471708e+02
4.160000040840708948e+02
4.139999970994381897e+02
4.070000033981012280e+02
4.000000009125135421e+02
4.019999991128955230e+02
3.929999984269258562e+02
3.819999995405742084e+02
3.729999988546045415e+02
3.619999999682528369e+02
3.539999983824741889e+02
3.500000019817102270e+02
3.479999993892028556e+02
3.420000003959315222e+02
3.420000003959315222e+02
3.329999997099618554e+02
3.320000006097708933e+02
3.309999993135172076e+02
3.320000006097708933e+02
3.339999988101528743e+02
3.309999993135172076e+02
3.300000002133261887e+02
3.279999998168815409e+02
3.270000007166905220e+02
3.250000003202458743e+02
3.239999990239921885e+02
3.270000007166905220e+02
3.270000007166905220e+02
3.259999994204368932e+02
3.259999994204368932e+02
3.259999994204368932e+02
3.259999994204368932e+02
3.259999994204368932e+02
3.259999994204368932e+02
3.259999994204368932e+02
3.259999994204368932e+02
3.259999994204368932e+02
3.259999994204368932e+02
3.259999994204368932e+02
3.259999994204368932e+02
3.259999994204368932e+02
3.259999994204368932e+02
3.259999994204368932e+02
3.259999994204368932e+02
3.279999998168815409e+02
3.279999998168815409e+02
3.289999989170725030e+02
3.300000002133261887e+02
3.320000006097708933e+02
3.300000002133261887e+02
3.309999993135172076e+02
3.320000006097708933e+02
3.520000001820922080e+02
3.560000009749815604e+02
3.639999981686348747e+02
3.829999986407651704e+02
3.839999977409561893e+02
3.849999968411472082e+02
3.859999959413381703e+02
3.870000038257799133e+02
3.880000029259708754e+02
3.880000029259708754e+02
3.880000029259708754e+02
3.870000038257799133e+02
3.679999989615241702e+02
3.560000009749815604e+02
3.560000009749815604e+02
3.560000009749815604e+02
3.560000009749815604e+02
3.560000009749815604e+02
3.550000018747905415e+02
3.539999983824741889e+02
3.520000001820922080e+02
3.520000001820922080e+02
3.520000001820922080e+02
3.500000019817102270e+02
3.489999984893938745e+02
3.619999999682528369e+02
3.819999995405742084e+02
3.800000013401922274e+02
3.800000013401922274e+02
3.790000022400012085e+02
3.780000031398102465e+02
3.770000040396192276e+02
3.759999961551775414e+02
3.770000040396192276e+02
3.360000014026601889e+02
3.360000014026601889e+02
3.349999979103438363e+02
3.339999988101528743e+02
3.329999997099618554e+02
3.329999997099618554e+02
3.320000006097708933e+02
3.320000006097708933e+02
3.320000006097708933e+02
3.320000006097708933e+02
3.309999993135172076e+02
3.309999993135172076e+02
3.300000002133261887e+02
3.289999989170725030e+02
3.279999998168815409e+02
3.270000007166905220e+02
3.250000003202458743e+02
3.239999990239921885e+02
3.220000008236102076e+02
3.200000004271655598e+02
3.180000000307208552e+02
3.159999996342762074e+02
3.159999996342762074e+02
3.139999992378315028e+02
3.139999992378315028e+02
3.130000001376405407e+02
3.139999992378315028e+02
3.139999992378315028e+02
3.119999999394182169e+02
3.099999995429735122e+02
3.090000004427825502e+02
3.059999998481155217e+02
3.059999998481155217e+02
3.039999994516708739e+02
3.039999994516708739e+02
3.039999994516708739e+02
3.029999998024641741e+02
3.020000001532575311e+02
3.029999998024641741e+02
3.039999994516708739e+02
3.070000000463378456e+02
3.130000001376405407e+02
3.170000009305298931e+02
3.220000008236102076e+02
3.239999990239921885e+02
3.250000003202458743e+02
3.250000003202458743e+02
3.270000007166905220e+02
3.279999998168815409e+02
3.300000002133261887e+02
3.300000002133261887e+02
3.300000002133261887e+02
3.289999989170725030e+02
3.289999989170725030e+02
3.279999998168815409e+02
3.279999998168815409e+02
3.279999998168815409e+02
3.279999998168815409e+02
3.270000007166905220e+02
3.259999994204368932e+02
3.259999994204368932e+02
3.259999994204368932e+02
3.239999990239921885e+02
3.229999999238012265e+02
3.159999996342762074e+02
3.080000002445602263e+02
3.029999998024641741e+02
2.950000000009864607e+02
2.889999997724298737e+02
2.850000000775718831e+02
2.789999999862691880e+02
2.679999989038548733e+02
2.599999995141388354e+02
2.519999979283601874e+02
2.480000015275961971e+02
2.480000015275961971e+02
2.480000015275961971e+02
2.480000015275961971e+02
2.469999980352798730e+02
2.459999989350888541e+02
2.459999989350888541e+02
2.459999989350888541e+02
2.469999980352798730e+02
2.480000015275961971e+02
2.480000015275961971e+02
2.480000015275961971e+02
2.490000006277871876e+02
2.499999997279782065e+02
2.519999979283601874e+02
2.540000005208675304e+02
2.559999987212495398e+02
2.579999991176941876e+02
2.610000008103925211e+02
2.640000003070281878e+02
2.660000007034728924e+02
2.699999993002995211e+02
2.699999993002995211e+02
2.730000009929978546e+02
3.099999995429735122e+02
3.139999992378315028e+02
3.200000004271655598e+02
3.220000008236102076e+02
3.239999990239921885e+02
3.239999990239921885e+02
3.259999994204368932e+02
3.259999994204368932e+02
3.200000004271655598e+02
3.180000000307208552e+02
3.259999994204368932e+02
3.360000014026601889e+02
3.320000006097708933e+02
3.339999988101528743e+02
3.360000014026601889e+02
3.370000005028512078e+02
3.379999996030421698e+02
3.389999987032331887e+02
3.400000021955495413e+02
3.420000003959315222e+02
3.339999988101528743e+02
3.360000014026601889e+02
3.360000014026601889e+02
3.439999985963135032e+02
3.919999993267348373e+02
3.910000002265438752e+02
3.900000011263528563e+02
3.900000011263528563e+02
3.910000002265438752e+02
3.919999993267348373e+02
3.919999993267348373e+02
3.919999993267348373e+02
3.460000011888208746e+02
3.439999985963135032e+02
3.439999985963135032e+02
3.420000003959315222e+02
3.489999984893938745e+02
3.470000002890118935e+02
3.460000011888208746e+02
3.439999985963135032e+02
3.439999985963135032e+02
3.429999994961225411e+02
3.420000003959315222e+02
3.400000021955495413e+02
3.360000014026601889e+02
3.220000008236102076e+02
3.200000004271655598e+02
3.200000004271655598e+02
3.189999991309118741e+02
3.200000004271655598e+02
3.479999993892028556e+02
3.479999993892028556e+02
3.470000002890118935e+02
3.460000011888208746e+02
3.479999993892028556e+02
3.470000002890118935e+02
3.450000020886298557e+02
3.450000020886298557e+02
3.159999996342762074e+02
3.159999996342762074e+02
3.180000000307208552e+02
3.139999992378315028e+02
3.250000003202458743e+02
3.250000003202458743e+02
3.250000003202458743e+02
3.279999998168815409e+02
3.300000002133261887e+02
3.309999993135172076e+02
3.320000006097708933e+02
3.320000006097708933e+02
3.159999996342762074e+02
3.159999996342762074e+02
3.150000005340851885e+02
3.170000009305298931e+02
3.180000000307208552e+02
3.170000009305298931e+02
3.159999996342762074e+02
3.300000002133261887e+02
3.259999994204368932e+02
3.259999994204368932e+02
3.239999990239921885e+02
3.220000008236102076e+02
3.229999999238012265e+02
3.229999999238012265e+02
3.220000008236102076e+02
3.080000002445602263e+02
3.059999998481155217e+02
3.080000002445602263e+02
3.099999995429735122e+02
3.090000004427825502e+02
3.250000003202458743e+02
3.259999994204368932e+02
3.279999998168815409e+02
3.279999998168815409e+02
3.270000007166905220e+02
3.250000003202458743e+02
3.229999999238012265e+02
3.200000004271655598e+02
3.039999994516708739e+02
3.039999994516708739e+02
3.039999994516708739e+02
3.039999994516708739e+02
3.039999994516708739e+02
3.020000001532575311e+02
2.950000000009864607e+02
2.940000000086449745e+02
2.920000000925890049e+02
3.450000020886298557e+02
3.439999985963135032e+02
3.439999985963135032e+02
3.439999985963135032e+02
3.429999994961225411e+02
3.500000019817102270e+02
3.479999993892028556e+02
3.500000019817102270e+02
3.529999992822831700e+02
3.510000010819011891e+02
3.500000019817102270e+02
3.500000019817102270e+02
3.500000019817102270e+02
2.740000000931888735e+02
2.640000003070281878e+02
2.499999997279782065e+02
2.399999999418175207e+02
2.390000008416265302e+02
2.380000017414355398e+02
2.499999997279782065e+02
2.859999997267785261e+02
2.920000000925890049e+02
2.999999997568128833e+02
3.279999998168815409e+02
3.320000006097708933e+02
3.320000006097708933e+02
3.320000006097708933e+02
3.420000003959315222e+02
3.420000003959315222e+02
3.400000021955495413e+02
3.410000012957405602e+02
3.360000014026601889e+02
3.259999994204368932e+02
3.200000004271655598e+02
3.150000005340851885e+02
2.909999998943666810e+02
2.869999999250008500e+02
3.379999996030421698e+02
3.360000014026601889e+02
3.339999988101528743e+02
3.320000006097708933e+02
3.289999989170725030e+02
3.239999990239921885e+02
3.139999992378315028e+02
3.080000002445602263e+02
2.979999999093838596e+02
2.859999997267785261e+02
2.779999997880468641e+02
2.740000000931888735e+02
2.699999993002995211e+02
2.679999989038548733e+02
2.660000007034728924e+02
1.940000018039035297e+02
2.040000015900641870e+02
2.059999997904461964e+02
2.059999997904461964e+02
2.059999997904461964e+02
2.059999997904461964e+02
2.059999997904461964e+02
2.059999997904461964e+02
2.099999961912101867e+02
2.059999997904461964e+02
2.059999997904461964e+02
2.059999997904461964e+02
2.059999997904461964e+02
2.059999997904461964e+02
2.040000015900641870e+02
2.359999991489281967e+02
2.369999982491191872e+02
2.380000017414355398e+02
2.390000008416265302e+02
2.399999999418175207e+02
2.399999999418175207e+02
2.409999990420085396e+02
2.419999981421995301e+02
2.319999983560388728e+02
2.140000013762248727e+02
2.130000022760338538e+02
2.159999995766068537e+02
2.179999977769888346e+02
2.219999985698781870e+02
2.519999979283601874e+02
2.540000005208675304e+02
2.769999995898245402e+02
3.039999994516708739e+02
3.059999998481155217e+02
3.080000002445602263e+02
3.099999995429735122e+02
3.119999999394182169e+02
3.139999992378315028e+02
3.150000005340851885e+02
3.180000000307208552e+02
3.209999995273565219e+02
2.699999993002995211e+02
1.689999979463765385e+02
1.799999968327281863e+02
1.850000011179338628e+02
1.899999966188888436e+02
1.930000027037125392e+02
1.950000009040945201e+02
1.969999991044765295e+02
1.979999982046675200e+02
2.040000015900641870e+02
2.079999979908282057e+02
2.079999979908282057e+02
2.079999979908282057e+02
2.099999961912101867e+02
2.089999970910191678e+02
2.089999970910191678e+02
2.079999979908282057e+02
2.050000006902552059e+02
2.030000024898732249e+02
2.020000033896822060e+02
1.999999964050495009e+02
1.999999964050495009e+02
2.010000042894912156e+02
2.020000033896822060e+02
2.169999986767978726e+02
2.219999985698781870e+02
2.290000010554658729e+02
2.419999981421995301e+02
2.490000006277871876e+02
2.819999994829048546e+02
2.829999996811271785e+02
2.850000000775718831e+02
2.899999999706521976e+02
2.930000000163035452e+02
2.960000000619548928e+02
2.839999998793495024e+02
2.769999995898245402e+02
2.699999993002995211e+02
2.499999997279782065e+02
2.719999996967442257e+02
2.859999997267785261e+02
2.859999997267785261e+02
2.859999997267785261e+02
2.859999997267785261e+02
2.869999999250008500e+02
2.880000001232231739e+02
2.880000001232231739e+02
2.889999997724298737e+02
2.760000004896335213e+02
2.779999997880468641e+02
2.819999994829048546e+02
3.080000002445602263e+02
3.209999995273565219e+02
3.500000019817102270e+02
3.639999981686348747e+02
3.629999990684438558e+02
3.619999999682528369e+02
3.619999999682528369e+02
3.600000017678708559e+02
3.600000017678708559e+02
3.600000017678708559e+02
3.600000017678708559e+02
2.740000000931888735e+02
3.080000002445602263e+02
3.099999995429735122e+02
3.099999995429735122e+02
3.099999995429735122e+02
3.099999995429735122e+02
3.099999995429735122e+02
3.080000002445602263e+02
3.080000002445602263e+02
2.990000001076061835e+02
2.480000015275961971e+02
2.259999993627675394e+02
2.089999970910191678e+02
1.960000000042855390e+02
1.809999959329191768e+02
1.779999986323462053e+02
1.779999986323462053e+02
1.779999986323462053e+02
1.760000004319641960e+02
1.689999979463765385e+02
1.679999988461855196e+02
1.669999997459945291e+02
1.920000036035215487e+02
1.950000009040945201e+02
1.979999982046675200e+02
2.359999991489281967e+02
2.660000007034728924e+02
2.669999998036638544e+02
2.669999998036638544e+02
2.660000007034728924e+02
2.640000003070281878e+02
2.629999990107745020e+02
2.629999990107745020e+02
2.629999990107745020e+02
2.219999985698781870e+02
1.169999920309404899e+02
1.159999929307494995e+02
1.149999938305585090e+02
1.139999947303674901e+02
1.149999938305585090e+02
1.149999938305585090e+02
1.149999938305585090e+02
1.159999929307494995e+02
1.149999938305585090e+02
1.139999947303674901e+02
1.159999929307494995e+02
1.149999938305585090e+02
1.109999974297945187e+02
1.030000046282665380e+02
9.900000822750254770e+01
1.000000073276935666e+02
1.000000073276935666e+02
9.900000822750254770e+01
9.900000822750254770e+01
1.020000055280755475e+02
1.020000055280755475e+02
1.020000055280755475e+02
1.010000064278845571e+02
1.000000073276935666e+02
1.030000046282665380e+02
1.080000001292215188e+02
1.119999965299855091e+02
1.149999938305585090e+02
1.799999968327281863e+02
1.799999968327281863e+02
2.059999997904461964e+02
2.059999997904461964e+02
2.079999979908282057e+02
2.099999961912101867e+02
2.099999961912101867e+02
2.120000031758428918e+02
2.140000013762248727e+02
2.189999968771798535e+02
1.830000029175518534e+02
2.259999993627675394e+02
2.269999984629585299e+02
2.280000019552748540e+02
2.290000010554658729e+02
2.300000001556568634e+02
2.300000001556568634e+02
2.309999992558478539e+02
2.330000018483551969e+02
2.199999959773708440e+02
2.050000006902552059e+02
2.059999997904461964e+02
2.059999997904461964e+02
2.099999961912101867e+02
2.020000033896822060e+02
2.189999968771798535e+02
2.209999994696871966e+02
2.219999985698781870e+02
2.240000011623855301e+02
2.269999984629585299e+02
2.280000019552748540e+02
2.350000000487372063e+02
2.340000009485461874e+02
2.340000009485461874e+02
2.340000009485461874e+02
2.640000003070281878e+02
2.640000003070281878e+02
2.660000007034728924e+02
2.679999989038548733e+02
2.699999993002995211e+02
2.730000009929978546e+02
2.740000000931888735e+02
2.760000004896335213e+02
2.519999979283601874e+02
2.430000016345158542e+02
2.569999978214405019e+02
2.599999995141388354e+02
2.610000008103925211e+02
2.619999999105835400e+02
2.640000003070281878e+02
2.640000003070281878e+02
2.660000007034728924e+02
2.660000007034728924e+02
2.480000015275961971e+02
2.459999989350888541e+02
2.459999989350888541e+02
2.469999980352798730e+02
2.490000006277871876e+02
2.640000003070281878e+02
3.059999998481155217e+02
3.070000000463378456e+02
3.059999998481155217e+02
3.059999998481155217e+02
3.059999998481155217e+02
3.080000002445602263e+02
3.099999995429735122e+02
3.130000001376405407e+02
2.779999997880468641e+02
2.719999996967442257e+02
2.760000004896335213e+02
2.859999997267785261e+02
3.039999994516708739e+02
3.039999994516708739e+02
3.049999996498931978e+02
3.059999998481155217e+02
3.059999998481155217e+02
3.059999998481155217e+02
3.070000000463378456e+02
3.080000002445602263e+02
3.090000004427825502e+02
3.099999995429735122e+02
3.099999995429735122e+02
3.099999995429735122e+02
3.099999995429735122e+02
3.429999994961225411e+02
3.429999994961225411e+02
3.420000003959315222e+02
3.429999994961225411e+02
3.420000003959315222e+02
3.420000003959315222e+02
3.420000003959315222e+02
3.410000012957405602e+02
2.800000001844915118e+02
2.779999997880468641e+02
2.779999997880468641e+02
2.800000001844915118e+02
2.829999996811271785e+02
2.859999997267785261e+02
3.070000000463378456e+02
3.080000002445602263e+02
3.099999995429735122e+02
3.099999995429735122e+02
3.080000002445602263e+02
3.039999994516708739e+02
3.119999999394182169e+02
3.209999995273565219e+02
3.220000008236102076e+02
3.220000008236102076e+02
3.239999990239921885e+02
3.259999994204368932e+02
3.279999998168815409e+02
3.279999998168815409e+02
3.300000002133261887e+02
3.220000008236102076e+02
2.960000000619548928e+02
2.940000000086449745e+02
2.769999995898245402e+02
2.730000009929978546e+02
2.690000002001085022e+02
2.619999999105835400e+02
2.540000005208675304e+02
2.459999989350888541e+02
2.399999999418175207e+02
2.290000010554658729e+02
2.189999968771798535e+02
2.130000022760338538e+02
2.089999970910191678e+02
2.089999970910191678e+02
2.050000006902552059e+02
1.999999964050495009e+02
1.969999991044765295e+02
1.930000027037125392e+02
1.850000011179338628e+02
1.779999986323462053e+02
1.699999970465675005e+02
1.609999963605978337e+02
1.550000017594518624e+02
1.519999956746281669e+02
1.530000035590698815e+02
1.509999965744371764e+02
1.509999965744371764e+02
1.440000028731002146e+02
1.369999916032618330e+02
1.309999970021158333e+02
2.120000031758428918e+02
2.099999961912101867e+02
2.079999979908282057e+02
2.059999997904461964e+02
2.020000033896822060e+02
1.989999973048585105e+02
1.969999991044765295e+02
1.720000040312002056e+02
1.699999970465675005e+02
1.689999979463765385e+02
1.460000010734821956e+02
1.440000028731002146e+02
1.440000028731002146e+02
1.420000046727182053e+02
1.420000046727182053e+02
1.400000064723362243e+02
1.380000082719542149e+02
1.519999956746281669e+02
1.519999956746281669e+02
1.550000017594518624e+02
1.540000026592608720e+02
1.550000017594518624e+02
1.689999979463765385e+02
1.699999970465675005e+02
1.679999988461855196e+02
2.179999977769888346e+02
2.179999977769888346e+02
2.179999977769888346e+02
2.179999977769888346e+02
2.179999977769888346e+02
2.179999977769888346e+02
2.179999977769888346e+02
2.179999977769888346e+02
2.099999961912101867e+02
1.640000024454215293e+02
1.730000031313912245e+02
1.740000022315821866e+02
1.740000022315821866e+02
1.760000004319641960e+02
1.769999995321551864e+02
1.779999986323462053e+02
1.799999968327281863e+02
1.799999968327281863e+02
1.679999988461855196e+02
1.699999970465675005e+02
1.740000022315821866e+02
1.779999986323462053e+02
1.799999968327281863e+02
1.820000038173608914e+02
1.940000018039035297e+02
2.059999997904461964e+02
2.099999961912101867e+02
2.130000022760338538e+02
2.169999986767978726e+02
2.209999994696871966e+02
2.290000010554658729e+02
2.319999983560388728e+02
2.330000018483551969e+02
2.340000009485461874e+02
2.399999999418175207e+02
2.409999990420085396e+02
2.419999981421995301e+02
2.430000016345158542e+02
2.440000007347068731e+02
2.419999981421995301e+02
2.380000017414355398e+02
2.359999991489281967e+02
2.159999995766068537e+02
1.920000036035215487e+02
1.899999966188888436e+02
1.879999984185068342e+02
1.860000002181248533e+02
1.699999970465675005e+02
1.940000018039035297e+02
1.920000036035215487e+02
1.899999966188888436e+02
1.879999984185068342e+02
1.860000002181248533e+02
1.860000002181248533e+02
1.879999984185068342e+02
1.860000002181248533e+02
1.679999988461855196e+02
1.640000024454215293e+02
1.999999964050495009e+02
1.999999964050495009e+02
1.989999973048585105e+02
1.999999964050495009e+02
1.999999964050495009e+02
2.010000042894912156e+02
2.030000024898732249e+02
2.079999979908282057e+02
2.110000040756518729e+02
2.140000013762248727e+02
2.159999995766068537e+02
2.179999977769888346e+02
2.230000020621945396e+02
2.269999984629585299e+02
2.319999983560388728e+02
2.199999959773708440e+02
2.219999985698781870e+02
2.219999985698781870e+02
2.209999994696871966e+02
2.259999993627675394e+02
2.559999987212495398e+02
2.569999978214405019e+02
2.619999999105835400e+02
2.640000003070281878e+02
2.640000003070281878e+02
2.640000003070281878e+02
2.619999999105835400e+02
2.599999995141388354e+02
2.619999999105835400e+02
2.619999999105835400e+02
2.540000005208675304e+02
2.579999991176941876e+02
1.840000020177428723e+02
1.869999993183158722e+02
1.979999982046675200e+02
2.040000015900641870e+02
2.140000013762248727e+02
2.199999959773708440e+02
2.219999985698781870e+02
2.259999993627675394e+02
2.319999983560388728e+02
2.340000009485461874e+02
2.350000000487372063e+02
2.319999983560388728e+02
2.350000000487372063e+02
2.369999982491191872e+02
2.380000017414355398e+02
2.390000008416265302e+02
2.399999999418175207e+02
2.419999981421995301e+02
2.419999981421995301e+02
2.419999981421995301e+02
2.380000017414355398e+02
2.380000017414355398e+02
2.380000017414355398e+02
2.369999982491191872e+02
2.359999991489281967e+02
2.359999991489281967e+02
2.340000009485461874e+02
2.340000009485461874e+02
2.340000009485461874e+02
2.519999979283601874e+02
2.509999988281691969e+02
2.499999997279782065e+02
2.540000005208675304e+02
2.559999987212495398e+02
2.599999995141388354e+02
2.599999995141388354e+02
2.629999990107745020e+02
2.629999990107745020e+02
2.610000008103925211e+02
2.610000008103925211e+02
2.449999998348978636e+02
2.459999989350888541e+02
2.480000015275961971e+02
2.490000006277871876e+02
2.440000007347068731e+02
2.419999981421995301e+02
2.399999999418175207e+02
2.380000017414355398e+02
2.359999991489281967e+02
2.159999995766068537e+02
2.120000031758428918e+02
2.079999979908282057e+02
2.179999977769888346e+02
2.150000004764158632e+02
2.099999961912101867e+02
2.059999997904461964e+02
1.999999964050495009e+02
1.960000000042855390e+02
1.940000018039035297e+02
1.950000009040945201e+02
1.899999966188888436e+02
1.879999984185068342e+02
1.879999984185068342e+02
1.850000011179338628e+02
1.840000020177428723e+02
1.830000029175518534e+02
1.840000020177428723e+02
1.830000029175518534e+02
1.820000038173608914e+02
1.820000038173608914e+02
1.720000040312002056e+02
3.049999996498931978e+02
3.059999998481155217e+02
3.070000000463378456e+02
3.080000002445602263e+02
3.080000002445602263e+02
3.080000002445602263e+02
3.059999998481155217e+02
3.039999994516708739e+02
3.150000005340851885e+02
3.159999996342762074e+02
3.170000009305298931e+02
3.159999996342762074e+02
3.159999996342762074e+02
3.159999996342762074e+02
3.159999996342762074e+02
3.159999996342762074e+02
2.419999981421995301e+02
2.079999979908282057e+02
2.079999979908282057e+02
2.040000015900641870e+02
2.040000015900641870e+02
2.059999997904461964e+02
2.079999979908282057e+02
2.159999995766068537e+02
2.179999977769888346e+02
2.199999959773708440e+02
2.199999959773708440e+02
2.250000002625765205e+02
2.380000017414355398e+02
2.459999989350888541e+02
2.559999987212495398e+02
2.619999999105835400e+02
2.660000007034728924e+02
2.660000007034728924e+02
2.660000007034728924e+02
3.119999999394182169e+02
3.189999991309118741e+02
3.189999991309118741e+02
3.289999989170725030e+02
3.279999998168815409e+02
3.279999998168815409e+02
3.289999989170725030e+02
3.279999998168815409e+02
3.270000007166905220e+02
3.119999999394182169e+02
3.139999992378315028e+02
3.059999998481155217e+02
2.960000000619548928e+02
2.819999994829048546e+02
2.779999997880468641e+02
2.960000000619548928e+02
3.180000000307208552e+02
3.180000000307208552e+02
3.259999994204368932e+02
3.289999989170725030e+02
3.320000006097708933e+02
3.379999996030421698e+02
3.379999996030421698e+02
3.379999996030421698e+02
3.379999996030421698e+02
3.420000003959315222e+02
3.309999993135172076e+02
3.349999979103438363e+02
3.639999981686348747e+02
3.719999997544135226e+02
3.710000006542225037e+02
3.710000006542225037e+02
3.719999997544135226e+02
3.719999997544135226e+02
3.719999997544135226e+02
3.639999981686348747e+02
3.180000000307208552e+02
3.029999998024641741e+02
3.119999999394182169e+02
3.070000000463378456e+02
2.979999999093838596e+02
2.930000000163035452e+02
3.460000011888208746e+02
3.479999993892028556e+02
3.739999979547955036e+02
3.980000027121315611e+02
4.060000042979102091e+02
4.060000042979102091e+02
4.060000042979102091e+02
4.060000042979102091e+02
4.070000033981012280e+02
4.070000033981012280e+02
3.919999993267348373e+02
3.919999993267348373e+02
3.560000009749815604e+02
3.470000002890118935e+02
3.460000011888208746e+02
3.460000011888208746e+02
3.460000011888208746e+02
3.279999998168815409e+02
3.279999998168815409e+02
3.189999991309118741e+02
2.880000001232231739e+02
2.899999999706521976e+02
2.889999997724298737e+02
3.119999999394182169e+02
3.099999995429735122e+02
3.109999997411958930e+02
3.099999995429735122e+02
3.020000001532575311e+02
2.950000000009864607e+02
2.899999999706521976e+02
2.880000001232231739e+02
2.810000003827138926e+02
2.719999996967442257e+02
2.579999991176941876e+02
2.839999998793495024e+02
2.819999994829048546e+02
2.810000003827138926e+02
2.829999996811271785e+02
2.819999994829048546e+02
2.839999998793495024e+02
2.859999997267785261e+02
2.859999997267785261e+02
2.699999993002995211e+02
2.719999996967442257e+02
2.730000009929978546e+02
2.719999996967442257e+02
2.409999990420085396e+02
3.109999997411958930e+02
3.289999989170725030e+02
3.320000006097708933e+02
3.529999992822831700e+02
3.589999982755545034e+02
3.650000016609512272e+02
3.690000024538405796e+02
3.690000024538405796e+02
3.690000024538405796e+02
3.710000006542225037e+02
3.719999997544135226e+02
3.410000012957405602e+02
3.400000021955495413e+02
2.979999999093838596e+02
2.990000001076061835e+02
2.990000001076061835e+02
2.990000001076061835e+02
2.920000000925890049e+02
2.930000000163035452e+02
2.930000000163035452e+02
2.940000000086449745e+02
2.969999999856693762e+02
2.979999999093838596e+02
2.999999997568128833e+02
3.170000009305298931e+02
3.650000016609512272e+02
3.700000015540315417e+02
3.880000029259708754e+02
4.010000000127045041e+02
4.010000000127045041e+02
3.990000018123225800e+02
4.219999986852168377e+02
4.219999986852168377e+02
4.119999988990562088e+02
4.119999988990562088e+02
4.119999988990562088e+02
3.780000031398102465e+02
3.700000015540315417e+02
3.570000000751725224e+02
3.320000006097708933e+02
3.200000004271655598e+02
3.200000004271655598e+02
3.139999992378315028e+02
3.180000000307208552e+02
3.159999996342762074e+02
2.999999997568128833e+02
3.020000001532575311e+02
3.009999999550352072e+02
2.999999997568128833e+02
2.950000000009864607e+02
2.899999999706521976e+02
2.909999998943666810e+02
2.839999998793495024e+02
2.819999994829048546e+02
2.769999995898245402e+02
2.769999995898245402e+02
2.800000001844915118e+02
2.719999996967442257e+02
2.449999998348978636e+02
2.430000016345158542e+02
2.430000016345158542e+02
2.419999981421995301e+02
2.209999994696871966e+02
2.480000015275961971e+02
2.800000001844915118e+02
2.940000000086449745e+02
2.950000000009864607e+02
2.950000000009864607e+02
3.059999998481155217e+02
3.070000000463378456e+02
3.070000000463378456e+02
3.080000002445602263e+02
3.090000004427825502e+02
3.059999998481155217e+02
3.109999997411958930e+02
3.119999999394182169e+02
2.859999997267785261e+02
2.730000009929978546e+02
2.719999996967442257e+02
2.710000005965532068e+02
2.719999996967442257e+02
2.719999996967442257e+02
2.730000009929978546e+02
2.740000000931888735e+02
2.579999991176941876e+02
2.380000017414355398e+02
2.340000009485461874e+02
2.240000011623855301e+02
2.660000007034728924e+02
2.829999996811271785e+02
2.920000000925890049e+02
2.969999999856693762e+02
3.039999994516708739e+02
3.070000000463378456e+02
3.099999995429735122e+02
3.259999994204368932e+02
3.119999999394182169e+02
3.090000004427825502e+02
2.880000001232231739e+02
3.270000007166905220e+02
3.339999988101528743e+02
3.420000003959315222e+02
3.429999994961225411e+02
3.439999985963135032e+02
3.450000020886298557e+02
3.450000020886298557e+02
3.450000020886298557e+02
3.400000021955495413e+02
3.070000000463378456e+02
2.889999997724298737e+02
2.800000001844915118e+02
2.559999987212495398e+02
2.669999998036638544e+02
2.749999991933798356e+02
2.699999993002995211e+02
2.649999994072192067e+02
2.540000005208675304e+02
2.519999979283601874e+02
2.499999997279782065e+02
2.480000015275961971e+02
2.569999978214405019e+02
2.480000015275961971e+02
2.449999998348978636e+02
2.490000006277871876e+02
2.459999989350888541e+02
2.430000016345158542e+02
2.440000007347068731e+02
2.440000007347068731e+02
2.449999998348978636e+02
2.459999989350888541e+02
2.499999997279782065e+02
2.480000015275961971e+02
2.020000033896822060e+02
1.969999991044765295e+02
1.969999991044765295e+02
2.240000011623855301e+02
2.419999981421995301e+02
2.490000006277871876e+02
2.499999997279782065e+02
2.480000015275961971e+02
2.459999989350888541e+02
2.440000007347068731e+02
2.579999991176941876e+02
2.569999978214405019e+02
2.519999979283601874e+02
2.509999988281691969e+02
2.399999999418175207e+02
2.300000001556568634e+02
1.999999964050495009e+02
2.050000006902552059e+02
2.319999983560388728e+02
2.350000000487372063e+02
2.579999991176941876e+02
2.740000000931888735e+02
2.730000009929978546e+02
2.730000009929978546e+02
2.719999996967442257e+02
2.719999996967442257e+02
2.740000000931888735e+02
2.740000000931888735e+02
2.509999988281691969e+02
2.540000005208675304e+02
2.540000005208675304e+02
2.540000005208675304e+02
2.540000005208675304e+02
2.559999987212495398e+02
2.209999994696871966e+02
2.209999994696871966e+02
2.209999994696871966e+02
2.089999970910191678e+02
2.069999988906371868e+02
2.050000006902552059e+02
2.030000024898732249e+02
2.340000009485461874e+02
2.219999985698781870e+02
2.219999985698781870e+02
2.199999959773708440e+02
2.199999959773708440e+02
2.199999959773708440e+02
2.199999959773708440e+02
2.199999959773708440e+02
1.589999981602158527e+02
1.630000033452305388e+02
1.650000015456125197e+02
2.130000022760338538e+02
2.280000019552748540e+02
2.300000001556568634e+02
2.319999983560388728e+02
2.330000018483551969e+02
2.330000018483551969e+02
2.099999961912101867e+02
2.480000015275961971e+02
2.490000006277871876e+02
2.469999980352798730e+02
2.459999989350888541e+02
2.480000015275961971e+02
2.530000014206765400e+02
2.540000005208675304e+02
2.579999991176941876e+02
2.409999990420085396e+02
2.430000016345158542e+02
2.449999998348978636e+02
2.519999979283601874e+02
2.449999998348978636e+02
2.390000008416265302e+02
2.369999982491191872e+02
2.579999991176941876e+02
2.850000000775718831e+02
3.070000000463378456e+02
3.400000021955495413e+02
3.520000001820922080e+02
3.539999983824741889e+02
3.579999991753635413e+02
3.639999981686348747e+02
3.600000017678708559e+02
3.919999993267348373e+02
3.919999993267348373e+02
3.919999993267348373e+02
3.929999984269258562e+02
3.929999984269258562e+02
3.700000015540315417e+02
3.660000007611421893e+02
3.500000019817102270e+02
3.229999999238012265e+02
3.220000008236102076e+02
3.209999995273565219e+02
3.209999995273565219e+02
3.200000004271655598e+02
3.119999999394182169e+02
2.880000001232231739e+02
2.880000001232231739e+02
2.880000001232231739e+02
2.889999997724298737e+02
2.930000000163035452e+02
3.039999994516708739e+02
3.020000001532575311e+02
3.090000004427825502e+02
3.039999994516708739e+02
2.999999997568128833e+02
2.920000000925890049e+02
2.880000001232231739e+02
2.679999989038548733e+02
2.619999999105835400e+02
2.599999995141388354e+02
2.240000011623855301e+02
2.130000022760338538e+02
2.089999970910191678e+02
2.059999997904461964e+02
2.140000013762248727e+02
2.140000013762248727e+02
2.440000007347068731e+02
2.430000016345158542e+02
2.330000018483551969e+02
2.350000000487372063e+02
2.350000000487372063e+02
2.440000007347068731e+02
2.699999993002995211e+02
2.710000005965532068e+02
2.649999994072192067e+02
2.660000007034728924e+02
2.660000007034728924e+02
2.669999998036638544e+02
2.779999997880468641e+02
2.800000001844915118e+02
2.979999999093838596e+02
2.990000001076061835e+02
3.239999990239921885e+02
3.309999993135172076e+02
3.339999988101528743e+02
3.489999984893938745e+02
3.489999984893938745e+02
3.500000019817102270e+02
3.360000014026601889e+02
3.650000016609512272e+02
3.560000009749815604e+02
3.570000000751725224e+02
3.570000000751725224e+02
3.389999987032331887e+02
3.200000004271655598e+02
3.239999990239921885e+02
3.220000008236102076e+02
3.220000008236102076e+02
3.400000021955495413e+02
3.349999979103438363e+02
3.400000021955495413e+02
2.859999997267785261e+02
2.979999999093838596e+02
2.969999999856693762e+02
2.950000000009864607e+02
2.889999997724298737e+02
2.880000001232231739e+02
3.020000001532575311e+02
2.719999996967442257e+02
2.730000009929978546e+02
2.579999991176941876e+02
2.569999978214405019e+02
2.710000005965532068e+02
2.719999996967442257e+02
2.730000009929978546e+02
2.690000002001085022e+02
2.640000003070281878e+02
2.610000008103925211e+02
2.590000004139478733e+02
2.660000007034728924e+02
2.740000000931888735e+02
2.779999997880468641e+02
2.699999993002995211e+02
2.920000000925890049e+02
2.979999999093838596e+02
2.730000009929978546e+02
2.690000002001085022e+02
2.769999995898245402e+02
2.859999997267785261e+02
3.039999994516708739e+02
3.020000001532575311e+02
2.960000000619548928e+02
2.979999999093838596e+02
2.990000001076061835e+02
2.990000001076061835e+02
2.990000001076061835e+02
2.990000001076061835e+02
2.950000000009864607e+02
3.029999998024641741e+02
3.130000001376405407e+02
3.080000002445602263e+02
3.090000004427825502e+02
3.099999995429735122e+02
3.119999999394182169e+02
3.379999996030421698e+02
3.460000011888208746e+02
3.679999989615241702e+02
3.719999997544135226e+02
3.770000040396192276e+02
3.819999995405742084e+02
3.859999959413381703e+02
4.000000009125135421e+02
3.790000022400012085e+02
4.080000024982922469e+02
4.070000033981012280e+02
3.980000027121315611e+02
4.060000042979102091e+02
4.080000024982922469e+02
4.070000033981012280e+02
3.910000002265438752e+02
3.919999993267348373e+02
3.639999981686348747e+02
3.660000007611421893e+02
3.629999990684438558e+02
3.619999999682528369e+02
3.639999981686348747e+02
3.819999995405742084e+02
3.700000015540315417e+02
3.679999989615241702e+02
3.619999999682528369e+02
3.639999981686348747e+02
3.389999987032331887e+02
3.339999988101528743e+02
3.320000006097708933e+02
3.039999994516708739e+02
2.490000006277871876e+02
2.440000007347068731e+02
2.430000016345158542e+02
2.209999994696871966e+02
2.300000001556568634e+02
2.509999988281691969e+02
2.509999988281691969e+02
2.569999978214405019e+02
2.649999994072192067e+02
2.859999997267785261e+02
2.899999999706521976e+02
2.839999998793495024e+02
2.839999998793495024e+02
2.660000007034728924e+02
2.619999999105835400e+02
2.590000004139478733e+02
2.660000007034728924e+02
2.660000007034728924e+02
2.619999999105835400e+02
2.519999979283601874e+02
2.390000008416265302e+02
2.449999998348978636e+02
2.490000006277871876e+02
2.540000005208675304e+02
2.579999991176941876e+02
2.519999979283601874e+02
2.530000014206765400e+02
2.590000004139478733e+02
2.590000004139478733e+02
2.559999987212495398e+02
2.540000005208675304e+02
2.540000005208675304e+02
2.530000014206765400e+02
2.449999998348978636e+02
2.399999999418175207e+02
2.219999985698781870e+02
2.179999977769888346e+02
2.069999988906371868e+02
2.030000024898732249e+02
2.099999961912101867e+02
2.069999988906371868e+02
2.380000017414355398e+02
2.130000022760338538e+02
2.120000031758428918e+02
2.150000004764158632e+02
2.330000018483551969e+02
2.350000000487372063e+02
2.350000000487372063e+02
2.340000009485461874e+02
2.169999986767978726e+02
2.150000004764158632e+02
2.399999999418175207e+02
2.409999990420085396e+02
2.419999981421995301e+02
2.359999991489281967e+02
2.380000017414355398e+02
2.430000016345158542e+02
2.419999981421995301e+02
2.419999981421995301e+02
2.440000007347068731e+02
2.449999998348978636e+02
2.480000015275961971e+02
2.499999997279782065e+02
2.749999991933798356e+02
2.640000003070281878e+02
2.409999990420085396e+02
2.419999981421995301e+02
3.489999984893938745e+02
3.579999991753635413e+02
3.639999981686348747e+02
3.700000015540315417e+02
3.579999991753635413e+02
3.229999999238012265e+02
3.460000011888208746e+02
3.460000011888208746e+02
3.470000002890118935e+02
3.470000002890118935e+02
3.460000011888208746e+02
3.429999994961225411e+02
3.420000003959315222e+02
2.760000004896335213e+02
2.730000009929978546e+02
2.330000018483551969e+02
2.330000018483551969e+02
2.330000018483551969e+02
3.389999987032331887e+02
3.479999993892028556e+02
3.479999993892028556e+02
3.360000014026601889e+02
3.300000002133261887e+02
2.749999991933798356e+02
2.960000000619548928e+02
3.099999995429735122e+02
3.130000001376405407e+02
3.099999995429735122e+02
3.039999994516708739e+02
3.029999998024641741e+02
2.979999999093838596e+02
2.979999999093838596e+02
2.859999997267785261e+02
2.859999997267785261e+02
2.819999994829048546e+02
2.290000010554658729e+02
2.350000000487372063e+02
2.340000009485461874e+02
2.319999983560388728e+02
2.340000009485461874e+02
2.319999983560388728e+02
2.280000019552748540e+02
2.219999985698781870e+02
2.189999968771798535e+02
2.040000015900641870e+02
2.380000017414355398e+02
2.330000018483551969e+02
2.440000007347068731e+02
2.459999989350888541e+02
2.490000006277871876e+02
2.499999997279782065e+02
2.499999997279782065e+02
2.469999980352798730e+02
2.490000006277871876e+02
2.449999998348978636e+02
2.459999989350888541e+02
2.660000007034728924e+02
2.819999994829048546e+02
3.099999995429735122e+02
3.099999995429735122e+02
3.379999996030421698e+02
3.520000001820922080e+02
3.550000018747905415e+02
3.790000022400012085e+02
3.870000038257799133e+02
3.900000011263528563e+02
3.939999975271168751e+02
4.010000000127045041e+02
3.880000029259708754e+02
3.579999991753635413e+02
3.669999998613332082e+02
3.389999987032331887e+02
3.529999992822831700e+02
3.539999983824741889e+02
3.520000001820922080e+02
3.770000040396192276e+02
3.810000004403831895e+02
3.870000038257799133e+02
4.029999982130865419e+02
4.039999973132775040e+02
4.029999982130865419e+02
4.019999991128955230e+02
4.000000009125135421e+02
4.019999991128955230e+02
4.039999973132775040e+02
3.890000020261618943e+02
4.149999961996292086e+02
3.939999975271168751e+02
3.959999957274988560e+02
4.010000000127045041e+02
4.019999991128955230e+02
4.019999991128955230e+02
3.990000018123225800e+02
4.019999991128955230e+02
4.080000024982922469e+02
4.149999961996292086e+02
3.980000027121315611e+02
3.970000036119405422e+02
3.970000036119405422e+02
4.329999975715685423e+02
4.329999975715685423e+02
4.129999979992471708e+02
4.100000006986742278e+02
4.029999982130865419e+02
4.000000009125135421e+02
4.039999973132775040e+02
4.019999991128955230e+02
4.160000040840708948e+02
4.119999988990562088e+02
4.170000031842619137e+02
4.119999988990562088e+02
4.190000013846438947e+02
4.239999968855988755e+02
4.000000009125135421e+02
3.980000027121315611e+02
4.070000033981012280e+02
3.819999995405742084e+02
3.770000040396192276e+02
3.749999970549865225e+02
3.710000006542225037e+02
3.739999979547955036e+02
3.669999998613332082e+02
3.759999961551775414e+02
3.910000002265438752e+02
3.929999984269258562e+02
3.949999966273078371e+02
3.959999957274988560e+02
3.939999975271168751e+02
3.919999993267348373e+02
3.880000029259708754e+02
3.819999995405742084e+02
3.660000007611421893e+02
3.589999982755545034e+02
3.629999990684438558e+02
3.959999957274988560e+02
3.959999957274988560e+02
3.980000027121315611e+02
4.000000009125135421e+02
4.019999991128955230e+02
4.049999964134685229e+02
4.080000024982922469e+02
4.109999997988651899e+02
3.980000027121315611e+02
3.939999975271168751e+02
3.929999984269258562e+02
3.919999993267348373e+02
3.900000011263528563e+02
4.000000009125135421e+02
4.000000009125135421e+02
3.929999984269258562e+02
3.910000002265438752e+02
3.870000038257799133e+02
3.819999995405742084e+02
3.800000013401922274e+02
3.810000004403831895e+02
3.679999989615241702e+02
3.679999989615241702e+02
3.729999988546045415e+02
3.839999977409561893e+02
3.939999975271168751e+02
3.900000011263528563e+02
3.939999975271168751e+02
3.910000002265438752e+02
3.880000029259708754e+02
3.890000020261618943e+02
3.890000020261618943e+02
3.880000029259708754e+02
3.739999979547955036e+02
3.639999981686348747e+02
3.589999982755545034e+02
3.579999991753635413e+02
3.550000018747905415e+02
3.560000009749815604e+02
3.529999992822831700e+02
3.510000010819011891e+02
3.439999985963135032e+02
3.400000021955495413e+02
3.400000021955495413e+02
3.489999984893938745e+02
3.510000010819011891e+02
3.539999983824741889e+02
3.579999991753635413e+02
3.589999982755545034e+02
3.690000024538405796e+02
3.770000040396192276e+02
3.729999988546045415e+02
3.669999998613332082e+02
3.690000024538405796e+02
3.700000015540315417e+02
3.660000007611421893e+02
3.650000016609512272e+02
3.650000016609512272e+02
3.710000006542225037e+02
3.690000024538405796e+02
3.690000024538405796e+02
3.679999989615241702e+02
3.749999970549865225e+02
3.759999961551775414e+02
3.739999979547955036e+02
3.729999988546045415e+02
3.600000017678708559e+02
3.450000020886298557e+02
3.439999985963135032e+02
3.410000012957405602e+02
3.560000009749815604e+02
3.529999992822831700e+02
3.780000031398102465e+02
3.949999966273078371e+02
3.929999984269258562e+02
3.910000002265438752e+02
3.910000002265438752e+02
4.100000006986742278e+02
4.129999979992471708e+02
4.170000031842619137e+02
4.129999979992471708e+02
4.019999991128955230e+02
3.949999966273078371e+02
3.970000036119405422e+02
3.970000036119405422e+02
3.819999995405742084e+02
3.729999988546045415e+02
3.700000015540315417e+02
3.690000024538405796e+02
3.660000007611421893e+02
3.560000009749815604e+02
3.579999991753635413e+02
3.610000008680618748e+02
3.610000008680618748e+02
3.610000008680618748e+02
3.810000004403831895e+02
3.800000013401922274e+02
3.770000040396192276e+02
3.790000022400012085e+02
3.859999959413381703e+02
3.870000038257799133e+02
3.859999959413381703e+02
3.819999995405742084e+02
3.780000031398102465e+02
3.759999961551775414e+02
3.700000015540315417e+02
3.600000017678708559e+02
3.479999993892028556e+02
3.479999993892028556e+02
3.489999984893938745e+02
3.520000001820922080e+02
3.570000000751725224e+02
3.610000008680618748e+02
3.629999990684438558e+02
3.610000008680618748e+02
3.600000017678708559e+02
3.550000018747905415e+02
3.470000002890118935e+02
3.479999993892028556e+02
3.460000011888208746e+02
3.439999985963135032e+02
3.429999994961225411e+02
3.410000012957405602e+02
3.479999993892028556e+02
3.619999999682528369e+02
3.829999986407651704e+02
3.810000004403831895e+02
3.790000022400012085e+02
3.770000040396192276e+02
3.470000002890118935e+02
3.450000020886298557e+02
3.439999985963135032e+02
3.279999998168815409e+02
3.159999996342762074e+02
3.150000005340851885e+02
3.150000005340851885e+02
3.259999994204368932e+02
3.250000003202458743e+02
2.800000001844915118e+02
2.719999996967442257e+02
2.699999993002995211e+02
2.690000002001085022e+02
2.710000005965532068e+02
2.690000002001085022e+02
2.660000007034728924e+02
2.569999978214405019e+02
2.569999978214405019e+02
2.579999991176941876e+02
2.579999991176941876e+02
2.459999989350888541e+02
2.399999999418175207e+02
2.409999990420085396e+02
2.419999981421995301e+02
2.350000000487372063e+02
2.369999982491191872e+02
2.390000008416265302e+02
2.459999989350888541e+02
2.509999988281691969e+02
2.640000003070281878e+02
2.699999993002995211e+02
2.699999993002995211e+02
2.730000009929978546e+02
2.730000009929978546e+02
2.740000000931888735e+02
2.740000000931888735e+02
2.710000005965532068e+02
2.699999993002995211e+02
2.540000005208675304e+02
2.540000005208675304e+02
2.219999985698781870e+02
2.219999985698781870e+02
2.199999959773708440e+02
2.189999968771798535e+02
2.340000009485461874e+02
2.300000001556568634e+02
2.290000010554658729e+02
2.280000019552748540e+02
2.110000040756518729e+02
2.280000019552748540e+02
2.300000001556568634e+02
2.309999992558478539e+02
2.290000010554658729e+02
2.309999992558478539e+02
2.319999983560388728e+02
2.390000008416265302e+02
2.390000008416265302e+02
2.419999981421995301e+02
2.409999990420085396e+02
2.359999991489281967e+02
2.419999981421995301e+02
2.549999996210585209e+02
2.549999996210585209e+02
2.549999996210585209e+02
2.549999996210585209e+02
2.519999979283601874e+02
2.519999979283601874e+02
2.519999979283601874e+02
2.519999979283601874e+02
2.419999981421995301e+02
2.559999987212495398e+02
2.540000005208675304e+02
2.459999989350888541e+02
2.440000007347068731e+02
2.540000005208675304e+02
2.579999991176941876e+02
2.679999989038548733e+02
2.619999999105835400e+02
2.610000008103925211e+02
2.679999989038548733e+02
2.649999994072192067e+02
2.610000008103925211e+02
2.719999996967442257e+02
2.730000009929978546e+02
2.629999990107745020e+02
2.629999990107745020e+02
2.640000003070281878e+02
2.469999980352798730e+02
2.599999995141388354e+02
2.660000007034728924e+02
2.660000007034728924e+02
2.640000003070281878e+02
2.649999994072192067e+02
2.719999996967442257e+02
2.719999996967442257e+02
2.730000009929978546e+02
2.509999988281691969e+02
2.509999988281691969e+02
2.569999978214405019e+02
2.469999980352798730e+02
2.519999979283601874e+02
2.530000014206765400e+02
2.540000005208675304e+02
2.540000005208675304e+02
2.549999996210585209e+02
2.710000005965532068e+02
2.499999997279782065e+02
2.559999987212495398e+02
2.440000007347068731e+02
2.430000016345158542e+02
2.590000004139478733e+02
2.549999996210585209e+02
2.579999991176941876e+02
2.610000008103925211e+02
2.699999993002995211e+02
2.710000005965532068e+02
2.899999999706521976e+02
2.540000005208675304e+02
2.579999991176941876e+02
2.629999990107745020e+02
2.309999992558478539e+02
2.340000009485461874e+02
1.579999990600248623e+02
1.579999990600248623e+02
1.579999990600248623e+02
1.550000017594518624e+02
1.740000022315821866e+02
1.750000013317732055e+02
1.789999977325371674e+02
1.809999959329191768e+02
1.820000038173608914e+02
2.010000042894912156e+02
2.040000015900641870e+02
2.079999979908282057e+02
2.099999961912101867e+02
2.130000022760338538e+02
2.159999995766068537e+02
2.179999977769888346e+02
2.189999968771798535e+02
2.219999985698781870e+02
2.240000011623855301e+02
2.969999999856693762e+02
2.960000000619548928e+02
2.940000000086449745e+02
2.940000000086449745e+02
2.940000000086449745e+02
2.950000000009864607e+02
2.969999999856693762e+02
2.979999999093838596e+02
2.979999999093838596e+02
2.999999997568128833e+02
3.009999999550352072e+02
3.039999994516708739e+02
3.059999998481155217e+02
3.080000002445602263e+02
3.090000004427825502e+02
3.109999997411958930e+02
3.119999999394182169e+02
3.139999992378315028e+02
3.189999991309118741e+02
3.200000004271655598e+02
3.209999995273565219e+02
3.220000008236102076e+02
3.229999999238012265e+02
3.229999999238012265e+02
3.220000008236102076e+02
3.220000008236102076e+02
3.209999995273565219e+02
3.200000004271655598e+02
3.189999991309118741e+02
3.180000000307208552e+02
3.139999992378315028e+02
3.139999992378315028e+02
3.130000001376405407e+02
3.139999992378315028e+02
3.139999992378315028e+02
3.099999995429735122e+02
3.059999998481155217e+02
3.039999994516708739e+02
3.020000001532575311e+02
2.999999997568128833e+02
2.979999999093838596e+02
2.960000000619548928e+02
3.339999988101528743e+02
3.300000002133261887e+02
3.279999998168815409e+02
3.259999994204368932e+02
3.250000003202458743e+02
3.259999994204368932e+02
3.279999998168815409e+02
3.339999988101528743e+02
3.780000031398102465e+02
3.839999977409561893e+02
3.880000029259708754e+02
3.949999966273078371e+02
3.990000018123225800e+02
4.000000009125135421e+02
4.000000009125135421e+02
3.919999993267348373e+02
3.890000020261618943e+02
3.859999959413381703e+02
3.870000038257799133e+02
3.849999968411472082e+02
3.819999995405742084e+02
3.810000004403831895e+02
3.759999961551775414e+02
3.660000007611421893e+02
3.560000009749815604e+02
3.650000016609512272e+02
3.099999995429735122e+02
3.090000004427825502e+02
3.090000004427825502e+02
3.090000004427825502e+02
3.039999994516708739e+02
2.999999997568128833e+02
2.699999993002995211e+02
2.679999989038548733e+02
2.679999989038548733e+02
2.660000007034728924e+02
2.619999999105835400e+02
2.599999995141388354e+02
2.590000004139478733e+02
2.629999990107745020e+02
2.619999999105835400e+02
1.579999990600248623e+02
1.630000033452305388e+02
1.669999997459945291e+02
1.760000004319641960e+02
1.769999995321551864e+02
1.760000004319641960e+02
1.799999968327281863e+02
1.860000002181248533e+02
1.840000020177428723e+02
1.850000011179338628e+02
1.840000020177428723e+02
1.840000020177428723e+02
1.830000029175518534e+02
1.789999977325371674e+02
1.760000004319641960e+02
2.099999961912101867e+02
1.950000009040945201e+02
1.889999975186978531e+02
1.860000002181248533e+02
1.850000011179338628e+02
1.850000011179338628e+02
1.830000029175518534e+02
1.820000038173608914e+02
1.909999957190798341e+02
2.059999997904461964e+02
2.089999970910191678e+02
2.130000022760338538e+02
2.130000022760338538e+02
2.130000022760338538e+02
2.120000031758428918e+02
2.099999961912101867e+02
2.120000031758428918e+02
2.040000015900641870e+02
2.050000006902552059e+02
2.020000033896822060e+02
2.010000042894912156e+02
1.989999973048585105e+02
1.999999964050495009e+02
2.040000015900641870e+02
2.079999979908282057e+02
1.920000036035215487e+02
1.889999975186978531e+02
1.869999993183158722e+02
1.860000002181248533e+02
1.860000002181248533e+02
1.860000002181248533e+02
1.889999975186978531e+02
1.999999964050495009e+02
2.120000031758428918e+02
2.159999995766068537e+02
2.219999985698781870e+02
2.240000011623855301e+02
2.269999984629585299e+02
2.300000001556568634e+02
2.390000008416265302e+02
2.419999981421995301e+02
2.419999981421995301e+02
2.390000008416265302e+02
2.430000016345158542e+02
2.449999998348978636e+02
2.480000015275961971e+02
2.490000006277871876e+02
2.430000016345158542e+02
2.369999982491191872e+02
2.300000001556568634e+02
2.230000020621945396e+02
2.219999985698781870e+02
2.219999985698781870e+02
2.219999985698781870e+02
2.089999970910191678e+02
2.050000006902552059e+02
2.259999993627675394e+02
2.319999983560388728e+02
2.390000008416265302e+02
2.399999999418175207e+02
2.469999980352798730e+02
2.559999987212495398e+02
2.569999978214405019e+02
2.569999978214405019e+02
2.579999991176941876e+02
2.549999996210585209e+02
2.530000014206765400e+02
2.509999988281691969e+02
2.519999979283601874e+02
2.469999980352798730e+02
2.380000017414355398e+02
2.269999984629585299e+02
2.259999993627675394e+02
2.079999979908282057e+02
2.059999997904461964e+02
2.079999979908282057e+02
2.099999961912101867e+02
2.099999961912101867e+02
2.120000031758428918e+02
2.140000013762248727e+02
2.199999959773708440e+02
2.369999982491191872e+02
2.469999980352798730e+02
2.549999996210585209e+02
2.599999995141388354e+02
2.579999991176941876e+02
2.559999987212495398e+02
2.530000014206765400e+02
2.499999997279782065e+02
2.480000015275961971e+02
2.300000001556568634e+02
2.300000001556568634e+02
2.230000020621945396e+02
2.219999985698781870e+02
2.209999994696871966e+02
2.199999959773708440e+02
2.179999977769888346e+02
2.050000006902552059e+02
2.020000033896822060e+02
1.960000000042855390e+02
1.920000036035215487e+02
1.860000002181248533e+02
1.889999975186978531e+02
1.869999993183158722e+02
2.089999970910191678e+02
2.189999968771798535e+02
2.449999998348978636e+02
2.449999998348978636e+02
2.440000007347068731e+02
2.459999989350888541e+02
2.459999989350888541e+02
2.469999980352798730e+02
2.480000015275961971e+02
2.399999999418175207e+02
2.099999961912101867e+02
2.110000040756518729e+02
2.120000031758428918e+02
2.120000031758428918e+02
2.120000031758428918e+02
1.989999973048585105e+02
2.269999984629585299e+02
2.350000000487372063e+02
2.390000008416265302e+02
2.399999999418175207e+02
2.380000017414355398e+02
2.359999991489281967e+02
2.319999983560388728e+02
2.300000001556568634e+02
2.240000011623855301e+02
2.230000020621945396e+02
2.240000011623855301e+02
2.230000020621945396e+02
2.230000020621945396e+02
2.230000020621945396e+02
2.230000020621945396e+02
2.230000020621945396e+02
2.219999985698781870e+02
2.219999985698781870e+02
2.179999977769888346e+02
2.219999985698781870e+02
2.230000020621945396e+02
2.240000011623855301e+02
2.259999993627675394e+02
2.269999984629585299e+02
2.269999984629585299e+02
2.280000019552748540e+02
2.309999992558478539e+02
2.330000018483551969e+02
2.369999982491191872e+02
2.209999994696871966e+02
2.199999959773708440e+02
2.159999995766068537e+02
2.020000033896822060e+02
1.879999984185068342e+02
1.830000029175518534e+02
1.809999959329191768e+02
1.769999995321551864e+02
1.740000022315821866e+02
1.720000040312002056e+02
1.709999961467585194e+02
1.840000020177428723e+02
1.860000002181248533e+02
1.869999993183158722e+02
1.899999966188888436e+02
1.999999964050495009e+02
2.030000024898732249e+02
2.050000006902552059e+02
2.069999988906371868e+02
2.280000019552748540e+02
2.409999990420085396e+02
2.459999989350888541e+02
2.490000006277871876e+02
2.369999982491191872e+02
2.380000017414355398e+02
2.440000007347068731e+02
2.499999997279782065e+02
2.590000004139478733e+02
2.880000001232231739e+02
2.960000000619548928e+02
3.020000001532575311e+02
3.049999996498931978e+02
3.080000002445602263e+02
3.099999995429735122e+02
3.119999999394182169e+02
3.109999997411958930e+02
2.789999999862691880e+02
2.779999997880468641e+02
2.960000000619548928e+02
2.960000000619548928e+02
2.950000000009864607e+02
2.940000000086449745e+02
2.969999999856693762e+02
2.979999999093838596e+02
2.979999999093838596e+02
2.979999999093838596e+02
2.979999999093838596e+02
2.889999997724298737e+02
2.859999997267785261e+02
2.789999999862691880e+02
2.699999993002995211e+02
3.029999998024641741e+02
2.999999997568128833e+02
2.950000000009864607e+02
2.909999998943666810e+02
2.889999997724298737e+02
2.850000000775718831e+02
2.829999996811271785e+02
2.829999996811271785e+02
2.810000003827138926e+02
2.800000001844915118e+02
2.819999994829048546e+02
2.850000000775718831e+02
2.899999999706521976e+02
2.920000000925890049e+02
2.889999997724298737e+02
2.829999996811271785e+02
2.800000001844915118e+02
2.559999987212495398e+02
2.440000007347068731e+02
2.390000008416265302e+02
2.350000000487372063e+02
2.319999983560388728e+02
2.280000019552748540e+02
2.209999994696871966e+02
2.199999959773708440e+02
2.189999968771798535e+02
2.189999968771798535e+02
2.219999985698781870e+02
2.240000011623855301e+02
2.240000011623855301e+02
2.250000002625765205e+02
2.309999992558478539e+02
2.309999992558478539e+02
2.309999992558478539e+02
2.300000001556568634e+02
2.300000001556568634e+02
2.340000009485461874e+02
2.390000008416265302e+02
2.399999999418175207e+02
2.369999982491191872e+02
2.359999991489281967e+02
2.380000017414355398e+02
2.480000015275961971e+02
2.540000005208675304e+02
2.599999995141388354e+02
2.679999989038548733e+02
2.699999993002995211e+02
2.749999991933798356e+02
2.859999997267785261e+02
2.969999999856693762e+02
2.990000001076061835e+02
2.930000000163035452e+02
2.999999997568128833e+02
3.109999997411958930e+02
3.119999999394182169e+02
3.119999999394182169e+02
3.139999992378315028e+02
3.099999995429735122e+02
3.070000000463378456e+02
3.059999998481155217e+02
3.059999998481155217e+02
3.020000001532575311e+02
3.020000001532575311e+02
3.020000001532575311e+02
2.960000000619548928e+02
2.880000001232231739e+02
2.810000003827138926e+02
2.740000000931888735e+02
2.619999999105835400e+02
2.469999980352798730e+02
2.359999991489281967e+02
2.240000011623855301e+02
2.130000022760338538e+02
2.030000024898732249e+02
1.820000038173608914e+02
1.779999986323462053e+02
1.720000040312002056e+02
1.669999997459945291e+02
1.630000033452305388e+02
1.599999972604068432e+02
1.760000004319641960e+02
1.740000022315821866e+02
1.699999970465675005e+02
1.679999988461855196e+02
1.650000015456125197e+02
1.599999972604068432e+02
1.560000008596428529e+02
1.519999956746281669e+02
1.380000082719542149e+02
1.220000051003968906e+02
1.210000060002058717e+02
1.210000060002058717e+02
1.200000069000148812e+02
1.210000060002058717e+02
1.220000051003968906e+02
1.220000051003968906e+02
1.230000042005878811e+02
1.240000033007788716e+02
1.220000051003968906e+02
1.260000015011608525e+02
1.260000015011608525e+02
1.279999997015428619e+02
1.279999997015428619e+02
1.299999979019248428e+02
1.400000064723362243e+02
1.420000046727182053e+02
1.460000010734821956e+02
1.470000001736731861e+02
1.489999983740551954e+02
1.499999974742461859e+02
1.530000035590698815e+02
1.550000017594518624e+02
1.660000006458035386e+02
1.869999993183158722e+02
1.909999957190798341e+02
1.909999957190798341e+02
1.909999957190798341e+02
1.940000018039035297e+02
1.979999982046675200e+02
2.020000033896822060e+02
1.999999964050495009e+02
1.760000004319641960e+02
1.740000022315821866e+02
1.730000031313912245e+02
1.750000013317732055e+02
1.750000013317732055e+02
1.760000004319641960e+02
1.779999986323462053e+02
1.689999979463765385e+02
1.750000013317732055e+02
1.740000022315821866e+02
1.740000022315821866e+02
1.699999970465675005e+02
1.669999997459945291e+02
1.620000042450395483e+02
1.579999990600248623e+02
1.519999956746281669e+02
1.289999988017338524e+02
1.240000033007788716e+02
1.200000069000148812e+02
1.159999929307494995e+02
1.119999965299855091e+02
1.119999965299855091e+02
1.169999920309404899e+02
1.460000010734821956e+02
1.460000010734821956e+02
1.460000010734821956e+02
1.450000019732912051e+02
1.450000019732912051e+02
1.479999992738641765e+02
1.479999992738641765e+02
1.470000001736731861e+02
1.440000028731002146e+02
1.339999943026888332e+02
1.349999934028798236e+02
1.359999925030708141e+02
1.359999925030708141e+02
1.359999925030708141e+02
1.349999934028798236e+02
1.359999925030708141e+02
1.349999934028798236e+02
1.210000060002058717e+02
1.099999983296035282e+02
1.099999983296035282e+02
1.089999992294125093e+02
1.080000001292215188e+02
1.060000019288395379e+02
1.040000037284575285e+02
1.030000046282665380e+02
1.040000037284575285e+02
1.060000019288395379e+02
1.070000010290305283e+02
1.060000019288395379e+02
1.030000046282665380e+02
1.020000055280755475e+02
9.900000822750254770e+01
9.699999245861914687e+01
9.399999515804617545e+01
8.999999875728218512e+01
8.999999875728218512e+01
8.800000055690020417e+01
8.800000055690020417e+01
8.800000055690020417e+01
8.700000145670918528e+01
8.600000235651819480e+01
8.600000235651819480e+01
8.600000235651819480e+01
8.600000235651819480e+01
8.100000685556321400e+01
8.000000775537222353e+01
8.100000685556321400e+01
8.200000595575420448e+01
8.200000595575420448e+01
8.200000595575420448e+01
8.200000595575420448e+01
8.400000415613621385e+01
8.600000235651819480e+01
8.800000055690020417e+01
1.010000064278845571e+02
1.020000055280755475e+02
1.040000037284575285e+02
1.080000001292215188e+02
1.149999938305585090e+02
1.180000086996329003e+02
1.200000069000148812e+02
1.230000042005878811e+02
1.260000015011608525e+02
1.220000051003968906e+02
1.260000015011608525e+02
1.279999997015428619e+02
1.289999988017338524e+02
1.309999970021158333e+02
1.359999925030708141e+02
1.380000082719542149e+02
1.400000064723362243e+02
1.430000037729091957e+02
1.450000019732912051e+02
1.640000024454215293e+02
1.779999986323462053e+02
1.830000029175518534e+02
1.840000020177428723e+02
1.879999984185068342e+02
1.989999973048585105e+02
2.020000033896822060e+02
2.040000015900641870e+02
2.059999997904461964e+02
2.130000022760338538e+02
2.169999986767978726e+02
2.269999984629585299e+02
2.309999992558478539e+02
2.690000002001085022e+02
2.789999999862691880e+02
2.869999999250008500e+02
2.950000000009864607e+02
3.029999998024641741e+02
3.080000002445602263e+02
3.109999997411958930e+02
3.150000005340851885e+02
3.170000009305298931e+02
3.189999991309118741e+02
3.159999996342762074e+02
3.159999996342762074e+02
3.150000005340851885e+02
2.950000000009864607e+02
2.950000000009864607e+02
2.920000000925890049e+02
2.869999999250008500e+02
2.509999988281691969e+02
2.519999979283601874e+02
2.669999998036638544e+02
2.679999989038548733e+02
2.669999998036638544e+02
2.679999989038548733e+02
2.730000009929978546e+02
2.760000004896335213e+02
2.760000004896335213e+02
2.779999997880468641e+02
2.819999994829048546e+02
2.800000001844915118e+02
2.819999994829048546e+02
2.819999994829048546e+02
2.850000000775718831e+02
2.859999997267785261e+02
2.859999997267785261e+02
2.880000001232231739e+02
2.819999994829048546e+02
2.819999994829048546e+02
2.819999994829048546e+02
2.810000003827138926e+02
2.810000003827138926e+02
2.839999998793495024e+02
2.779999997880468641e+02
2.760000004896335213e+02
2.760000004896335213e+02
2.749999991933798356e+02
2.779999997880468641e+02
2.880000001232231739e+02
2.920000000925890049e+02
2.920000000925890049e+02
2.950000000009864607e+02
2.940000000086449745e+02
2.940000000086449745e+02
2.940000000086449745e+02
2.960000000619548928e+02
2.999999997568128833e+02
2.990000001076061835e+02
3.020000001532575311e+02
3.029999998024641741e+02
3.039999994516708739e+02
3.059999998481155217e+02
3.070000000463378456e+02
3.059999998481155217e+02
3.059999998481155217e+02
3.059999998481155217e+02
3.049999996498931978e+02
3.029999998024641741e+02
3.020000001532575311e+02
2.999999997568128833e+02
2.979999999093838596e+02
2.940000000086449745e+02
2.800000001844915118e+02
2.789999999862691880e+02
2.800000001844915118e+02
2.769999995898245402e+02
2.719999996967442257e+02
2.730000009929978546e+02
2.699999993002995211e+02
2.629999990107745020e+02
2.559999987212495398e+02
2.519999979283601874e+02
2.469999980352798730e+02
2.440000007347068731e+02
2.430000016345158542e+02
2.409999990420085396e+02
2.390000008416265302e+02
2.409999990420085396e+02
2.409999990420085396e+02
2.399999999418175207e+02
2.390000008416265302e+02
2.350000000487372063e+02
2.319999983560388728e+02
2.280000019552748540e+02
2.120000031758428918e+02
2.089999970910191678e+02
2.079999979908282057e+02
2.040000015900641870e+02
1.989999973048585105e+02
1.950000009040945201e+02
1.909999957190798341e+02
1.840000020177428723e+02
1.809999959329191768e+02
1.789999977325371674e+02
1.779999986323462053e+02
1.779999986323462053e+02
1.760000004319641960e+02
1.799999968327281863e+02
1.920000036035215487e+02
2.010000042894912156e+02
1.999999964050495009e+02
1.999999964050495009e+02
1.979999982046675200e+02
1.979999982046675200e+02
1.989999973048585105e+02
1.979999982046675200e+02
1.979999982046675200e+02
1.969999991044765295e+02
1.779999986323462053e+02
1.750000013317732055e+02
1.769999995321551864e+02
1.760000004319641960e+02
1.760000004319641960e+02
1.760000004319641960e+02
1.950000009040945201e+02
1.960000000042855390e+02
1.969999991044765295e+02
1.950000009040945201e+02
1.930000027037125392e+02
1.920000036035215487e+02
1.920000036035215487e+02
1.789999977325371674e+02
1.789999977325371674e+02
1.840000020177428723e+02
1.809999959329191768e+02
1.799999968327281863e+02
1.809999959329191768e+02
1.799999968327281863e+02
1.799999968327281863e+02
1.799999968327281863e+02
1.799999968327281863e+02
1.769999995321551864e+02
1.779999986323462053e+02
1.909999957190798341e+02
1.979999982046675200e+02
1.989999973048585105e+02
1.999999964050495009e+02
2.020000033896822060e+02
2.020000033896822060e+02
2.030000024898732249e+02
2.040000015900641870e+02
2.059999997904461964e+02
2.020000033896822060e+02
1.960000000042855390e+02
1.969999991044765295e+02
2.030000024898732249e+02
2.290000010554658729e+02
2.369999982491191872e+02
2.409999990420085396e+02
2.449999998348978636e+02
2.469999980352798730e+02
2.490000006277871876e+02
2.499999997279782065e+02
2.509999988281691969e+02
2.509999988281691969e+02
2.499999997279782065e+02
2.449999998348978636e+02
2.359999991489281967e+02
2.509999988281691969e+02
2.559999987212495398e+02
2.610000008103925211e+02
2.660000007034728924e+02
2.719999996967442257e+02
2.769999995898245402e+02
2.800000001844915118e+02
2.859999997267785261e+02
2.920000000925890049e+02
2.969999999856693762e+02
2.979999999093838596e+02
2.950000000009864607e+02
2.930000000163035452e+02
2.950000000009864607e+02
2.940000000086449745e+02
2.909999998943666810e+02
2.889999997724298737e+02
2.880000001232231739e+02
2.869999999250008500e+02
2.869999999250008500e+02
2.859999997267785261e+02
2.740000000931888735e+02
2.730000009929978546e+02
2.859999997267785261e+02
2.850000000775718831e+02
2.839999998793495024e+02
2.800000001844915118e+02
2.789999999862691880e+02
2.769999995898245402e+02
2.760000004896335213e+02
2.740000000931888735e+02
2.579999991176941876e+02
2.569999978214405019e+02
2.540000005208675304e+02
2.499999997279782065e+02
2.480000015275961971e+02
2.449999998348978636e+02
2.390000008416265302e+02
2.369999982491191872e+02
2.350000000487372063e+02
2.649999994072192067e+02
2.699999993002995211e+02
2.710000005965532068e+02
2.719999996967442257e+02
2.740000000931888735e+02
2.730000009929978546e+02
2.740000000931888735e+02
2.749999991933798356e+02
2.839999998793495024e+02
2.909999998943666810e+02
3.020000001532575311e+02
3.139999992378315028e+02
3.239999990239921885e+02
3.339999988101528743e+02
3.479999993892028556e+02
3.579999991753635413e+02
3.679999989615241702e+02
3.739999979547955036e+02
3.790000022400012085e+02
3.810000004403831895e+02
3.829999986407651704e+02
3.829999986407651704e+02
3.839999977409561893e+02
3.829999986407651704e+02
3.810000004403831895e+02
3.759999961551775414e+02
3.780000031398102465e+02
3.759999961551775414e+02
3.749999970549865225e+02
3.739999979547955036e+02
3.739999979547955036e+02
3.780000031398102465e+02
3.790000022400012085e+02
3.780000031398102465e+02
3.770000040396192276e+02
3.759999961551775414e+02
3.759999961551775414e+02
3.739999979547955036e+02
3.700000015540315417e+02
3.639999981686348747e+02
3.579999991753635413e+02
3.539999983824741889e+02
3.529999992822831700e+02
3.550000018747905415e+02
3.600000017678708559e+02
3.660000007611421893e+02
3.669999998613332082e+02
3.700000015540315417e+02
3.980000027121315611e+02
4.060000042979102091e+02
4.090000015984832089e+02
4.139999970994381897e+02
4.190000013846438947e+02
4.270000029704225426e+02
4.319999984713775234e+02
3.379999996030421698e+02
3.349999979103438363e+02
3.349999979103438363e+02
3.360000014026601889e+02
3.379999996030421698e+02
3.370000005028512078e+02
3.339999988101528743e+02
3.339999988101528743e+02
3.339999988101528743e+02
4.300000002709955425e+02
4.290000011708045804e+02
4.290000011708045804e+02
4.300000002709955425e+02
4.300000002709955425e+02
4.319999984713775234e+02
4.400000000571561714e+02
4.439999964579201901e+02
4.429999973577291712e+02
4.360000036563922095e+02
4.319999984713775234e+02
4.309999993711865045e+02
4.300000002709955425e+02
4.270000029704225426e+02
4.280000020706135047e+02
4.260000038702315805e+02
4.229999977854078566e+02
4.209999995850258756e+02
4.170000031842619137e+02
4.129999979992471708e+02
4.090000015984832089e+02
4.039999973132775040e+02
3.990000018123225800e+02
3.939999975271168751e+02
3.880000029259708754e+02
3.849999968411472082e+02
3.819999995405742084e+02
3.790000022400012085e+02
3.800000013401922274e+02
3.819999995405742084e+02
3.780000031398102465e+02
3.759999961551775414e+02
3.739999979547955036e+02
3.739999979547955036e+02
3.759999961551775414e+02
3.749999970549865225e+02
3.759999961551775414e+02
3.780000031398102465e+02
3.770000040396192276e+02
3.759999961551775414e+02
3.759999961551775414e+02
3.739999979547955036e+02
3.729999988546045415e+02
3.719999997544135226e+02
3.739999979547955036e+02
3.780000031398102465e+02
4.029999982130865419e+02
4.039999973132775040e+02
4.070000033981012280e+02
3.859999959413381703e+02
3.910000002265438752e+02
3.959999957274988560e+02
3.949999966273078371e+02
3.919999993267348373e+02
3.919999993267348373e+02
3.970000036119405422e+02
3.959999957274988560e+02
3.939999975271168751e+02
3.919999993267348373e+02
3.900000011263528563e+02
3.880000029259708754e+02
3.839999977409561893e+02
3.800000013401922274e+02
3.759999961551775414e+02
3.770000040396192276e+02
3.780000031398102465e+02
3.780000031398102465e+02
3.780000031398102465e+02
3.739999979547955036e+02
3.679999989615241702e+02
3.510000010819011891e+02
3.510000010819011891e+02
3.520000001820922080e+02
3.520000001820922080e+02
3.479999993892028556e+02
3.329999997099618554e+02
3.439999985963135032e+02
3.479999993892028556e+02
3.489999984893938745e+02
3.420000003959315222e+02
3.410000012957405602e+02
3.420000003959315222e+02
3.450000020886298557e+02
3.489999984893938745e+02
3.489999984893938745e+02
3.460000011888208746e+02
3.460000011888208746e+02
3.489999984893938745e+02
3.550000018747905415e+02
3.560000009749815604e+02
3.570000000751725224e+02
3.619999999682528369e+02
3.669999998613332082e+02
3.710000006542225037e+02
3.770000040396192276e+02
3.090000004427825502e+02
3.080000002445602263e+02
3.080000002445602263e+02
3.090000004427825502e+02
3.819999995405742084e+02
3.800000013401922274e+02
3.739999979547955036e+02
2.909999998943666810e+02
2.969999999856693762e+02
2.969999999856693762e+02
2.940000000086449745e+02
2.909999998943666810e+02
2.889999997724298737e+02
2.899999999706521976e+02
2.889999997724298737e+02
2.909999998943666810e+02
2.999999997568128833e+02
3.029999998024641741e+02
3.039999994516708739e+02
3.039999994516708739e+02
3.049999996498931978e+02
3.029999998024641741e+02
3.009999999550352072e+02
3.029999998024641741e+02
3.039999994516708739e+02
3.049999996498931978e+02
3.049999996498931978e+02
3.029999998024641741e+02
2.999999997568128833e+02
2.969999999856693762e+02
2.969999999856693762e+02
2.960000000619548928e+02
2.909999998943666810e+02
2.839999998793495024e+02
2.839999998793495024e+02
2.829999996811271785e+02
2.829999996811271785e+02
2.829999996811271785e+02
2.829999996811271785e+02
2.839999998793495024e+02
2.789999999862691880e+02
2.730000009929978546e+02
3.360000014026601889e+02
3.320000006097708933e+02
3.270000007166905220e+02
3.279999998168815409e+02
3.300000002133261887e+02
3.300000002133261887e+02
3.220000008236102076e+02
3.119999999394182169e+02
3.090000004427825502e+02
3.099999995429735122e+02
3.119999999394182169e+02
3.139999992378315028e+02
3.139999992378315028e+02
3.139999992378315028e+02
3.130000001376405407e+02
3.150000005340851885e+02
3.130000001376405407e+02
3.090000004427825502e+02
3.059999998481155217e+02
3.039999994516708739e+02
3.029999998024641741e+02
2.990000001076061835e+02
2.999999997568128833e+02
3.009999999550352072e+02
3.020000001532575311e+02
3.049999996498931978e+02
3.150000005340851885e+02
3.139999992378315028e+02
3.109999997411958930e+02
3.029999998024641741e+02
2.960000000619548928e+02
2.930000000163035452e+02
2.839999998793495024e+02
2.760000004896335213e+02
2.559999987212495398e+02
2.399999999418175207e+02
2.340000009485461874e+02
2.330000018483551969e+02
2.369999982491191872e+02
2.369999982491191872e+02
2.380000017414355398e+02
2.399999999418175207e+02
2.409999990420085396e+02
2.419999981421995301e+02
2.440000007347068731e+02
2.459999989350888541e+02
2.469999980352798730e+02
2.469999980352798730e+02
2.399999999418175207e+02
2.319999983560388728e+02
2.269999984629585299e+02
2.209999994696871966e+02
2.150000004764158632e+02
2.120000031758428918e+02
2.079999979908282057e+02
2.030000024898732249e+02
2.020000033896822060e+02
1.950000009040945201e+02
1.809999959329191768e+02
2.020000033896822060e+02
2.030000024898732249e+02
2.040000015900641870e+02
2.030000024898732249e+02
2.010000042894912156e+02
1.989999973048585105e+02
1.979999982046675200e+02
1.979999982046675200e+02
1.979999982046675200e+02
1.979999982046675200e+02
2.030000024898732249e+02
2.069999988906371868e+02
2.050000006902552059e+02
2.020000033896822060e+02
2.010000042894912156e+02
2.030000024898732249e+02
2.079999979908282057e+02
2.099999961912101867e+02
2.099999961912101867e+02
1.999999964050495009e+02
2.010000042894912156e+02
2.040000015900641870e+02
2.079999979908282057e+02
2.120000031758428918e+02
2.130000022760338538e+02
2.120000031758428918e+02
2.110000040756518729e+02
2.110000040756518729e+02
2.120000031758428918e+02
2.159999995766068537e+02
2.199999959773708440e+02
2.280000019552748540e+02
2.300000001556568634e+02
2.309999992558478539e+02
2.309999992558478539e+02
2.319999983560388728e+02
2.359999991489281967e+02
3.080000002445602263e+02
3.059999998481155217e+02
3.039999994516708739e+02
3.020000001532575311e+02
2.979999999093838596e+02
2.909999998943666810e+02
2.869999999250008500e+02
2.839999998793495024e+02
2.859999997267785261e+02
2.950000000009864607e+02
2.979999999093838596e+02
3.009999999550352072e+02
3.029999998024641741e+02
3.029999998024641741e+02
3.039999994516708739e+02
3.049999996498931978e+02
3.890000020261618943e+02
3.939999975271168751e+02
3.990000018123225800e+02
4.000000009125135421e+02
4.049999964134685229e+02
4.090000015984832089e+02
4.080000024982922469e+02
4.060000042979102091e+02
4.029999982130865419e+02
4.039999973132775040e+02
4.039999973132775040e+02
4.039999973132775040e+02
4.049999964134685229e+02
4.039999973132775040e+02
4.019999991128955230e+02
4.000000009125135421e+02
3.980000027121315611e+02
3.959999957274988560e+02
3.949999966273078371e+02
3.929999984269258562e+02
3.929999984269258562e+02
3.970000036119405422e+02
4.049999964134685229e+02
4.100000006986742278e+02
4.119999988990562088e+02
4.139999970994381897e+02
4.149999961996292086e+02
4.149999961996292086e+02
4.109999997988651899e+02
4.090000015984832089e+02
4.139999970994381897e+02
4.219999986852168377e+02
4.270000029704225426e+02
4.319999984713775234e+02
4.349999957719505232e+02
4.380000018567742472e+02
4.409999991573471902e+02
4.429999973577291712e+02
4.429999973577291712e+02
4.429999973577291712e+02
4.400000000571561714e+02
4.390000009569652093e+02
4.390000009569652093e+02
4.400000000571561714e+02
4.390000009569652093e+02
4.370000027565832283e+02
4.319999984713775234e+02
4.239999968855988755e+02
4.139999970994381897e+02
4.029999982130865419e+02
3.929999984269258562e+02
