1.454049968719482422e+01
1.510456466674804688e+01
1.414540863037109375e+01
1.342530632019042969e+01
1.326925659179687500e+01
1.352663421630859375e+01
1.293147468566894531e+01
1.230770778656005859e+01
1.271399784088134766e+01
1.357661247253417969e+01
1.441251087188720703e+01
1.356069374084472656e+01
1.279150485992431641e+01
1.326212978363037109e+01
1.527225589752197266e+01
1.558958816528320312e+01
1.551247692108154297e+01
1.547638797760009766e+01
1.522502708435058594e+01
1.513731765747070312e+01
1.531438732147216797e+01
1.448994445800781250e+01
1.543720912933349609e+01
1.456963253021240234e+01
1.491188144683837891e+01
1.516549301147460938e+01
1.478929615020751953e+01
1.407007026672363281e+01
1.393956947326660156e+01
1.414917564392089844e+01
1.261239528656005859e+01
1.226628780364990234e+01
1.221404552459716797e+01
1.194666481018066406e+01
1.119038486480712891e+01
1.146067810058593750e+01
1.128844547271728516e+01
1.160146999359130859e+01
1.149315071105957031e+01
1.174541664123535156e+01
1.227654838562011719e+01
1.245584583282470703e+01
1.243779754638671875e+01
1.359904956817626953e+01
1.298882389068603516e+01
1.391988372802734375e+01
1.452629375457763672e+01
1.346445751190185547e+01
1.368073654174804688e+01
1.279064083099365234e+01
1.533537483215332031e+01
1.232027435302734375e+01
1.298188591003417969e+01
1.304341602325439453e+01
1.279032993316650391e+01
1.362901115417480469e+01
1.470078754425048828e+01
1.435274314880371094e+01
1.436838150024414062e+01
1.435124301910400391e+01
1.317284488677978516e+01
1.392693233489990234e+01
1.427674674987792969e+01
1.395934867858886719e+01
1.481248283386230469e+01
1.548355770111083984e+01
1.492702960968017578e+01
1.377257728576660156e+01
1.555884647369384766e+01
1.464112949371337891e+01
1.509231662750244141e+01
1.500817012786865234e+01
1.615678405761718750e+01
1.571048831939697266e+01
1.598674774169921875e+01
1.509202861785888672e+01
1.597055625915527344e+01
1.389097976684570312e+01
1.451234436035156250e+01
1.452991676330566406e+01
1.486823272705078125e+01
1.528773689270019531e+01
1.531110286712646484e+01
1.529526329040527344e+01
1.487896537780761719e+01
1.542549228668212891e+01
1.531010246276855469e+01
1.530559635162353516e+01
1.511937904357910156e+01
1.369171047210693359e+01
1.431978511810302734e+01
1.446293163299560547e+01
1.463332939147949219e+01
1.575728607177734375e+01
1.524421501159667969e+01
1.560646915435791016e+01
1.537655067443847656e+01
1.553292655944824219e+01
1.534313869476318359e+01
1.486357021331787109e+01
1.511784267425537109e+01
1.475745868682861328e+01
1.497771167755126953e+01
1.392994976043701172e+01
1.367538642883300781e+01
1.330930137634277344e+01
1.136585807800292969e+01
1.163268566131591797e+01
1.063577556610107422e+01
1.152352714538574219e+01
1.083685588836669922e+01
1.098173332214355469e+01
1.149852275848388672e+01
1.009164619445800781e+01
1.108546352386474609e+01
1.034232139587402344e+01
1.139489650726318359e+01
1.101859378814697266e+01
1.184752941131591797e+01
1.171189689636230469e+01
1.263220691680908203e+01
1.198849678039550781e+01
1.259280395507812500e+01
1.220822429656982422e+01
1.268470478057861328e+01
1.250464248657226562e+01
1.165170097351074219e+01
1.245208549499511719e+01
1.191476535797119141e+01
1.242220020294189453e+01
1.220100402832031250e+01
1.346282291412353516e+01
1.237905597686767578e+01
1.403738975524902344e+01
1.336663818359375000e+01
1.449131584167480469e+01
1.396719264984130859e+01
1.432262325286865234e+01
1.564341068267822266e+01
1.484070587158203125e+01
1.625847053527832031e+01
1.537566566467285156e+01
1.463220214843750000e+01
1.418315219879150391e+01
1.466931724548339844e+01
1.461990547180175781e+01
1.553784751892089844e+01
1.547565269470214844e+01
1.554335975646972656e+01
1.483621215820312500e+01
1.472962093353271484e+01
1.492428398132324219e+01
1.542903518676757812e+01
1.580625057220458984e+01
1.550292682647705078e+01
1.579411792755126953e+01
1.553127002716064453e+01
1.637764167785644531e+01
1.637200736999511719e+01
1.629824447631835938e+01
1.658219146728515625e+01
1.610859680175781250e+01
1.656663322448730469e+01
1.635025024414062500e+01
1.654348373413085938e+01
1.657630729675292969e+01
1.653845024108886719e+01
1.659607315063476562e+01
1.746737670898437500e+01
1.704747581481933594e+01
1.727548408508300781e+01
1.710816383361816406e+01
1.697473716735839844e+01
1.572621536254882812e+01
1.652472686767578125e+01
1.456610012054443359e+01
1.572283267974853516e+01
1.573040676116943359e+01
1.584585571289062500e+01
1.566032505035400391e+01
1.516559314727783203e+01
1.459585666656494141e+01
1.446239566802978516e+01
1.474504566192626953e+01
1.383820056915283203e+01
1.434822082519531250e+01
1.430402278900146484e+01
1.500873851776123047e+01
1.441266822814941406e+01
1.404232025146484375e+01
1.408538055419921875e+01
1.524966907501220703e+01
1.456067276000976562e+01
1.465880870819091797e+01
1.448523902893066406e+01
1.491999244689941406e+01
1.441819095611572266e+01
1.366538143157958984e+01
1.434785747528076172e+01
1.378577709197998047e+01
1.416534042358398438e+01
1.348073577880859375e+01
1.331990242004394531e+01
1.354288768768310547e+01
1.356787395477294922e+01
1.301253700256347656e+01
1.370334339141845703e+01
1.310186290740966797e+01
1.344896030426025391e+01
1.390713596343994141e+01
1.416181564331054688e+01
1.407741737365722656e+01
1.435863685607910156e+01
1.436030578613281250e+01
1.528462982177734375e+01
1.481001567840576172e+01
1.514116573333740234e+01
1.498388385772705078e+01
1.512241172790527344e+01
1.513192749023437500e+01
1.522703742980957031e+01
1.530353736877441406e+01
1.527676677703857422e+01
1.398394966125488281e+01
1.414624500274658203e+01
1.432447147369384766e+01
1.368123722076416016e+01
1.338830280303955078e+01
1.295713996887207031e+01
1.484869956970214844e+01
1.244307422637939453e+01
1.382517814636230469e+01
1.420589637756347656e+01
1.406137275695800781e+01
1.478296756744384766e+01
1.461011123657226562e+01
1.500922393798828125e+01
1.556144523620605469e+01
1.585144805908203125e+01
1.574771690368652344e+01
1.635228157043457031e+01
1.649404907226562500e+01
1.573119068145751953e+01
1.666252136230468750e+01
1.509107112884521484e+01
1.515058231353759766e+01
1.552334690093994141e+01
1.564531326293945312e+01
1.520460128784179688e+01
1.515042400360107422e+01
1.530620765686035156e+01
1.509789848327636719e+01
1.509503841400146484e+01
1.405522251129150391e+01
1.407781791687011719e+01
1.412651920318603516e+01
1.438334655761718750e+01
1.300871753692626953e+01
1.452415466308593750e+01
1.338116550445556641e+01
1.426683998107910156e+01
1.376921081542968750e+01
1.418040084838867188e+01
1.391496753692626953e+01
1.409991073608398438e+01
1.382844924926757812e+01
1.336153125762939453e+01
1.305816173553466797e+01
1.343907833099365234e+01
1.176340484619140625e+01
1.090842151641845703e+01
1.004187107086181641e+01
1.106233310699462891e+01
9.962135314941406250e+00
1.090667819976806641e+01
1.004081630706787109e+01
1.099948692321777344e+01
1.023430156707763672e+01
1.099024295806884766e+01
1.106740379333496094e+01
1.149625396728515625e+01
1.175107383728027344e+01
1.145453834533691406e+01
1.152855110168457031e+01
1.198449039459228516e+01
1.234632205963134766e+01
1.318974113464355469e+01
1.333654689788818359e+01
1.317571640014648438e+01
1.319807147979736328e+01
1.321317958831787109e+01
1.316605663299560547e+01
1.302455329895019531e+01
1.579170703887939453e+01
1.374437332153320312e+01
1.340220355987548828e+01
1.539985084533691406e+01
1.430805301666259766e+01
1.507273960113525391e+01
1.379071044921875000e+01
1.459665966033935547e+01
1.487044143676757812e+01
1.475311470031738281e+01
1.498412609100341797e+01
1.506869125366210938e+01
1.467543125152587891e+01
1.489349842071533203e+01
1.386339855194091797e+01
1.387820625305175781e+01
1.415239334106445312e+01
1.399034595489501953e+01
1.420374107360839844e+01
1.385737037658691406e+01
1.397470760345458984e+01
1.380195808410644531e+01
1.383610725402832031e+01
1.236486911773681641e+01
1.359774684906005859e+01
1.241166687011718750e+01
1.217239570617675781e+01
1.274345874786376953e+01
1.229815292358398438e+01
1.284194564819335938e+01
1.244439888000488281e+01
1.256520271301269531e+01
1.264202880859375000e+01
1.358388042449951172e+01
1.120883846282958984e+01
1.359837627410888672e+01
1.195305919647216797e+01
1.276485252380371094e+01
1.254619693756103516e+01
1.312312412261962891e+01
1.188844680786132812e+01
1.306548690795898438e+01
1.121982955932617188e+01
1.294093132019042969e+01
1.356845092773437500e+01
1.312270927429199219e+01
1.337357139587402344e+01
1.249939727783203125e+01
1.231828308105468750e+01
1.213020706176757812e+01
1.181513977050781250e+01
1.231902694702148438e+01
1.255312442779541016e+01
1.324900531768798828e+01
1.278872871398925781e+01
1.238912391662597656e+01
1.279264259338378906e+01
1.322225093841552734e+01
1.296599864959716797e+01
1.275107288360595703e+01
1.309766674041748047e+01
1.355874156951904297e+01
1.317958641052246094e+01
1.315331840515136719e+01
1.329631519317626953e+01
1.323250102996826172e+01
1.325683212280273438e+01
1.336440658569335938e+01
1.328792381286621094e+01
1.318768024444580078e+01
1.330710792541503906e+01
1.318028640747070312e+01
1.326824665069580078e+01
1.327939414978027344e+01
1.207205009460449219e+01
1.258088874816894531e+01
1.217160892486572266e+01
1.189684009552001953e+01
1.146189212799072266e+01
1.215818786621093750e+01
9.942208290100097656e+00
1.037142467498779297e+01
1.079691982269287109e+01
1.091592502593994141e+01
1.119880008697509766e+01
1.098674774169921875e+01
1.246284675598144531e+01
1.173141956329345703e+01
1.122558403015136719e+01
1.205191516876220703e+01
1.180326938629150391e+01
1.213790225982666016e+01
1.189986705780029297e+01
1.198345565795898438e+01
1.139886951446533203e+01
1.110578632354736328e+01
1.159218120574951172e+01
1.084385108947753906e+01
1.034258174896240234e+01
1.127026176452636719e+01
1.088043498992919922e+01
1.127796554565429688e+01
1.109767246246337891e+01
1.112780761718750000e+01
1.122272014617919922e+01
1.179175090789794922e+01
1.088787555694580078e+01
1.109174346923828125e+01
1.113615894317626953e+01
1.075670528411865234e+01
1.167959117889404297e+01
1.152773666381835938e+01
1.185272502899169922e+01
1.190167903900146484e+01
1.158953094482421875e+01
1.110318851470947266e+01
1.115205192565917969e+01
1.101824665069580078e+01
1.109524917602539062e+01
1.011843681335449219e+01
1.016516494750976562e+01
9.332294464111328125e+00
9.786998748779296875e+00
1.012945652008056641e+01
1.006173419952392578e+01
9.477119445800781250e+00
1.083714485168457031e+01
1.039725494384765625e+01
1.114558982849121094e+01
1.048422527313232422e+01
1.114500999450683594e+01
1.087134265899658203e+01
1.145224094390869141e+01
1.193729400634765625e+01
1.070221138000488281e+01
1.205486106872558594e+01
1.082659339904785156e+01
1.162473487854003906e+01
1.136586284637451172e+01
1.218377494812011719e+01
1.170067501068115234e+01
1.223121547698974609e+01
1.322851467132568359e+01
1.234387683868408203e+01
1.266602134704589844e+01
1.262200260162353516e+01
1.292803096771240234e+01
1.273766994476318359e+01
1.299078369140625000e+01
1.288459110260009766e+01
1.387563610076904297e+01
1.323910427093505859e+01
1.298699188232421875e+01
1.279337692260742188e+01
1.345947742462158203e+01
1.364784526824951172e+01
1.354839229583740234e+01
1.362086391448974609e+01
1.352909278869628906e+01
1.358171176910400391e+01
1.343451309204101562e+01
1.348881530761718750e+01
1.332995986938476562e+01
1.338784980773925781e+01
1.408904170989990234e+01
1.385380935668945312e+01
1.499704837799072266e+01
1.518988704681396484e+01
1.498510837554931641e+01
1.450323772430419922e+01
1.246305274963378906e+01
1.271998786926269531e+01
1.379468631744384766e+01
1.447987461090087891e+01
1.351174449920654297e+01
1.341130828857421875e+01
1.248705959320068359e+01
1.250170230865478516e+01
1.242752265930175781e+01
1.198294258117675781e+01
1.191787242889404297e+01
1.242647075653076172e+01
1.209210681915283203e+01
1.269571495056152344e+01
1.285066032409667969e+01
1.273708820343017578e+01
1.407334899902343750e+01
1.414273834228515625e+01
1.424677658081054688e+01
1.427858543395996094e+01
1.441256523132324219e+01
1.432912635803222656e+01
1.379488277435302734e+01
1.377948951721191406e+01
1.443313312530517578e+01
1.412576198577880859e+01
1.484609222412109375e+01
1.453338718414306641e+01
1.501088047027587891e+01
1.503400993347167969e+01
1.512053871154785156e+01
1.553415679931640625e+01
1.491459941864013672e+01
1.494102668762207031e+01
1.488214302062988281e+01
1.487035846710205078e+01
1.486299896240234375e+01
1.470077610015869141e+01
1.465761756896972656e+01
1.539461231231689453e+01
1.559443092346191406e+01
1.519775295257568359e+01
1.440439891815185547e+01
1.374276924133300781e+01
1.445534038543701172e+01
1.422580242156982422e+01
1.342978477478027344e+01
1.268197727203369141e+01
1.262786769866943359e+01
1.286748218536376953e+01
1.230938243865966797e+01
1.332038688659667969e+01
1.266463088989257812e+01
1.383924865722656250e+01
1.315815258026123047e+01
1.432591247558593750e+01
1.385814571380615234e+01
1.447611999511718750e+01
1.480650138854980469e+01
1.523820400238037109e+01
1.519715690612792969e+01
1.513868141174316406e+01
1.534267044067382812e+01
1.539713573455810547e+01
1.530953311920166016e+01
1.584769535064697266e+01
1.624441337585449219e+01
1.730188941955566406e+01
1.462165260314941406e+01
1.401722526550292969e+01
1.285459804534912109e+01
1.360355472564697266e+01
1.307978153228759766e+01
1.400955104827880859e+01
1.341996574401855469e+01
1.367444801330566406e+01
1.357140922546386719e+01
1.251169776916503906e+01
1.304910373687744141e+01
1.344524002075195312e+01
1.318483066558837891e+01
1.278371810913085938e+01
1.306539535522460938e+01
1.347643470764160156e+01
1.371160411834716797e+01
1.352893257141113281e+01
1.358023738861083984e+01
1.356510257720947266e+01
1.473637390136718750e+01
1.357388496398925781e+01
1.535328102111816406e+01
1.409553909301757812e+01
1.470457935333251953e+01
1.250509643554687500e+01
1.232378005981445312e+01
1.139479446411132812e+01
1.165602588653564453e+01
1.146384429931640625e+01
1.203104686737060547e+01
1.273509597778320312e+01
1.235283279418945312e+01
1.353359031677246094e+01
1.267123031616210938e+01
1.226084995269775391e+01
1.282654762268066406e+01
1.233388137817382812e+01
1.240917205810546875e+01
1.137709808349609375e+01
1.201863193511962891e+01
1.174560451507568359e+01
1.213935470581054688e+01
1.202535724639892578e+01
1.207438373565673828e+01
1.295174312591552734e+01
1.204074668884277344e+01
1.249471187591552734e+01
1.237078285217285156e+01
1.239373874664306641e+01
1.237424659729003906e+01
1.115807723999023438e+01
1.190059757232666016e+01
1.122065448760986328e+01
1.172950649261474609e+01
1.138595676422119141e+01
1.166458129882812500e+01
1.078686332702636719e+01
1.095472908020019531e+01
1.006637001037597656e+01
9.948275566101074219e+00
9.281520843505859375e+00
9.738382339477539062e+00
9.001857757568359375e+00
8.888799667358398438e+00
9.057069778442382812e+00
9.366665840148925781e+00
9.482467651367187500e+00
9.843068122863769531e+00
1.078790187835693359e+01
1.079694175720214844e+01
1.070147514343261719e+01
1.033609580993652344e+01
1.074969100952148438e+01
9.209063529968261719e+00
8.917227745056152344e+00
8.350835800170898438e+00
8.908843040466308594e+00
8.997236251831054688e+00
8.634283065795898438e+00
9.392392158508300781e+00
9.511602401733398438e+00
9.874092102050781250e+00
1.018119621276855469e+01
9.999820709228515625e+00
1.021516704559326172e+01
1.025253772735595703e+01
1.136688995361328125e+01
9.871681213378906250e+00
1.129259204864501953e+01
1.022410011291503906e+01
1.113930988311767578e+01
1.148514938354492188e+01
1.160271549224853516e+01
1.180629920959472656e+01
1.176157474517822266e+01
1.180939102172851562e+01
1.086457157135009766e+01
1.144196510314941406e+01
1.118069648742675781e+01
1.132195472717285156e+01
1.140848350524902344e+01
1.148384189605712891e+01
1.129034137725830078e+01
1.144895648956298828e+01
1.139674568176269531e+01
1.145928287506103516e+01
1.144836425781250000e+01
1.153224849700927734e+01
1.160595321655273438e+01
1.154602432250976562e+01
1.178395271301269531e+01
1.158975982666015625e+01
1.156981945037841797e+01
1.165524482727050781e+01
1.173520088195800781e+01
1.186353588104248047e+01
1.289952754974365234e+01
1.196010112762451172e+01
1.290031528472900391e+01
1.269750976562500000e+01
1.182628536224365234e+01
1.230853080749511719e+01
1.208373737335205078e+01
1.130266189575195312e+01
1.178305053710937500e+01
1.154824256896972656e+01
1.174299335479736328e+01
1.159684658050537109e+01
1.167681884765625000e+01
1.156521892547607422e+01
1.208981895446777344e+01
1.267356300354003906e+01
1.278997611999511719e+01
1.263187217712402344e+01
1.310361480712890625e+01
1.209449005126953125e+01
1.139073467254638672e+01
1.183576488494873047e+01
1.188036537170410156e+01
1.248616886138916016e+01
1.210437870025634766e+01
1.240376377105712891e+01
1.217844295501708984e+01
1.227063179016113281e+01
1.086416530609130859e+01
1.086165904998779297e+01
9.785318374633789062e+00
1.029640674591064453e+01
9.141004562377929688e+00
9.918087959289550781e+00
9.205595970153808594e+00
8.860762596130371094e+00
7.341054439544677734e+00
8.055168151855468750e+00
6.658526897430419922e+00
6.676725864410400391e+00
6.348820209503173828e+00
6.819031238555908203e+00
7.064459800720214844e+00
7.721019268035888672e+00
7.668047428131103516e+00
7.446809768676757812e+00
6.625719547271728516e+00
7.821984291076660156e+00
7.151010036468505859e+00
7.844568252563476562e+00
6.749795436859130859e+00
8.117714881896972656e+00
7.245671272277832031e+00
7.855326175689697266e+00
7.187817096710205078e+00
7.955810546875000000e+00
6.887167930603027344e+00
7.689492225646972656e+00
7.604692459106445312e+00
7.699217319488525391e+00
7.807156562805175781e+00
7.175844192504882812e+00
8.036787033081054688e+00
7.479127883911132812e+00
7.534386634826660156e+00
7.876478195190429688e+00
7.947144508361816406e+00
8.925093650817871094e+00
8.916688919067382812e+00
8.784045219421386719e+00
9.028404235839843750e+00
9.855195999145507812e+00
9.779073715209960938e+00
1.011495685577392578e+01
8.899795532226562500e+00
9.240811347961425781e+00
8.422861099243164062e+00
9.198543548583984375e+00
7.404472827911376953e+00
7.802917480468750000e+00
7.459962844848632812e+00
7.686295032501220703e+00
7.856885910034179688e+00
8.154467582702636719e+00
7.764501094818115234e+00
8.373873710632324219e+00
8.156346321105957031e+00
8.488766670227050781e+00
7.921230316162109375e+00
8.975181579589843750e+00
8.561282157897949219e+00
9.346574783325195312e+00
9.187745094299316406e+00
9.954975128173828125e+00
9.604989051818847656e+00
1.031108379364013672e+01
1.081009483337402344e+01
1.055141925811767578e+01
1.060559654235839844e+01
1.042877674102783203e+01
9.802976608276367188e+00
9.087753295898437500e+00
8.829283714294433594e+00
8.107623100280761719e+00
8.143765449523925781e+00
7.895572662353515625e+00
8.613080978393554688e+00
8.127221107482910156e+00
8.242517471313476562e+00
8.380018234252929688e+00
8.373783111572265625e+00
9.040579795837402344e+00
8.842872619628906250e+00
9.341353416442871094e+00
8.929886817932128906e+00
9.463100433349609375e+00
9.743020057678222656e+00
9.676214218139648438e+00
1.036193656921386719e+01
1.015767955780029297e+01
1.096325302124023438e+01
1.052317237854003906e+01
1.064943695068359375e+01
1.042706584930419922e+01
1.073493099212646484e+01
9.922680854797363281e+00
9.723001480102539062e+00
9.830527305603027344e+00
9.923578262329101562e+00
1.034675598144531250e+01
1.060618305206298828e+01
9.787917137145996094e+00
1.028478622436523438e+01
9.666469573974609375e+00
1.004542160034179688e+01
9.633231163024902344e+00
1.009401226043701172e+01
9.810133934020996094e+00
1.106403446197509766e+01
9.557385444641113281e+00
1.078516006469726562e+01
1.071481895446777344e+01
1.112259197235107422e+01
1.108634471893310547e+01
1.156150341033935547e+01
1.198826503753662109e+01
1.122742652893066406e+01
1.184944725036621094e+01
1.076649665832519531e+01
1.052283573150634766e+01
1.019675922393798828e+01
9.983935356140136719e+00
1.021719074249267578e+01
1.053673553466796875e+01
1.045207595825195312e+01
1.051162719726562500e+01
1.081228256225585938e+01
1.154529190063476562e+01
1.096366500854492188e+01
1.203070354461669922e+01
1.175005054473876953e+01
1.107654190063476562e+01
1.164756774902343750e+01
1.142383670806884766e+01
1.163027954101562500e+01
1.161831092834472656e+01
1.171371459960937500e+01
1.165829658508300781e+01
1.173649120330810547e+01
1.280196571350097656e+01
1.250189590454101562e+01
1.495983982086181641e+01
1.226003646850585938e+01
1.301857852935791016e+01
1.364830780029296875e+01
1.355194473266601562e+01
1.409281349182128906e+01
1.388246631622314453e+01
1.411359786987304688e+01
1.379366683959960938e+01
1.385230827331542969e+01
1.374544334411621094e+01
1.383723926544189453e+01
1.249979019165039062e+01
1.264721298217773438e+01
1.279315757751464844e+01
1.264065837860107422e+01
1.219760036468505859e+01
1.197206020355224609e+01
1.170799064636230469e+01
1.142704200744628906e+01
1.092334079742431641e+01
1.106745338439941406e+01
1.018419361114501953e+01
1.033540153503417969e+01
9.651454925537109375e+00
9.933732032775878906e+00
8.832200050354003906e+00
8.965543746948242188e+00
7.493626117706298828e+00
8.303321838378906250e+00
7.691848278045654297e+00
7.907346725463867188e+00
8.065603256225585938e+00
7.927459239959716797e+00
8.408162117004394531e+00
8.278144836425781250e+00
8.294798851013183594e+00
9.660222053527832031e+00
8.779329299926757812e+00
9.264072418212890625e+00
9.009726524353027344e+00
9.942659378051757812e+00
9.530968666076660156e+00
1.031865596771240234e+01
1.012736797332763672e+01
1.063673305511474609e+01
1.057686233520507812e+01
1.057497882843017578e+01
1.088037776947021484e+01
9.701392173767089844e+00
9.307244300842285156e+00
7.934613704681396484e+00
8.580447196960449219e+00
8.059405326843261719e+00
8.697909355163574219e+00
8.558152198791503906e+00
8.633217811584472656e+00
8.739337921142578125e+00
9.169955253601074219e+00
9.223163604736328125e+00
9.216032981872558594e+00
9.348373413085937500e+00
1.014542198181152344e+01
9.584477424621582031e+00
1.012924194335937500e+01
9.857262611389160156e+00
1.106258106231689453e+01
1.057781696319580078e+01
1.100521087646484375e+01
1.094973564147949219e+01
1.169982242584228516e+01
1.161548519134521484e+01
1.204113864898681641e+01
1.230957126617431641e+01
1.267952060699462891e+01
1.265277194976806641e+01
1.246487617492675781e+01
1.325421524047851562e+01
1.317595863342285156e+01
1.313099861145019531e+01
1.371121788024902344e+01
1.392488384246826172e+01
1.368292427062988281e+01
1.383577632904052734e+01
1.428746604919433594e+01
1.465018558502197266e+01
1.429904365539550781e+01
1.476807403564453125e+01
1.457951450347900391e+01
1.443619346618652344e+01
1.440263843536376953e+01
1.439981079101562500e+01
1.576607799530029297e+01
1.475588130950927734e+01
1.592878437042236328e+01
1.453822898864746094e+01
1.475354766845703125e+01
1.273191833496093750e+01
1.424777889251708984e+01
1.282288932800292969e+01
1.167772197723388672e+01
1.291537094116210938e+01
1.204417419433593750e+01
1.367993736267089844e+01
1.177782726287841797e+01
1.329643440246582031e+01
1.025628471374511719e+01
1.200968265533447266e+01
1.116558074951171875e+01
1.230799484252929688e+01
1.190194320678710938e+01
1.317537021636962891e+01
1.307785797119140625e+01
1.337630367279052734e+01
1.318419456481933594e+01
1.215967273712158203e+01
1.256104087829589844e+01
1.228916549682617188e+01
1.272763442993164062e+01
1.232377338409423828e+01
1.219548225402832031e+01
1.156971073150634766e+01
1.123812294006347656e+01
1.057500362396240234e+01
1.042973423004150391e+01
1.039368724822998047e+01
1.143427944183349609e+01
1.053248977661132812e+01
1.119744586944580078e+01
1.070325660705566406e+01
1.074869537353515625e+01
1.093297290802001953e+01
1.109080410003662109e+01
1.149352645874023438e+01
1.138924503326416016e+01
1.265121364593505859e+01
1.118509960174560547e+01
1.292479133605957031e+01
1.171787166595458984e+01
1.286076068878173828e+01
1.233023452758789062e+01
1.416919803619384766e+01
1.340263271331787109e+01
1.333654117584228516e+01
1.348100948333740234e+01
1.285382461547851562e+01
1.287270832061767578e+01
1.186956977844238281e+01
1.267595195770263672e+01
1.287711811065673828e+01
1.353168296813964844e+01
1.295385646820068359e+01
1.447792053222656250e+01
1.269342517852783203e+01
1.377899169921875000e+01
1.360053920745849609e+01
1.390662384033203125e+01
1.396075248718261719e+01
1.395019149780273438e+01
1.408882617950439453e+01
1.408259201049804688e+01
1.418680381774902344e+01
1.389301013946533203e+01
1.466276550292968750e+01
1.394012165069580078e+01
1.497219562530517578e+01
1.432211971282958984e+01
1.418194961547851562e+01
1.376927185058593750e+01
1.345097923278808594e+01
1.321553993225097656e+01
1.341118144989013672e+01
1.329089069366455078e+01
1.226955032348632812e+01
1.287552833557128906e+01
1.257837677001953125e+01
1.356697654724121094e+01
1.329132175445556641e+01
1.359258365631103516e+01
1.461412620544433594e+01
1.407183742523193359e+01
1.486532497406005859e+01
1.505092906951904297e+01
1.498873043060302734e+01
1.508027076721191406e+01
1.618955802917480469e+01
1.529288101196289062e+01
1.424702167510986328e+01
1.608071708679199219e+01
1.632735633850097656e+01
1.631558418273925781e+01
1.678604507446289062e+01
1.579628849029541016e+01
1.626266098022460938e+01
1.488347244262695312e+01
1.533272743225097656e+01
1.427672481536865234e+01
1.444676208496093750e+01
1.542341518402099609e+01
1.436844348907470703e+01
1.495510005950927734e+01
1.473927211761474609e+01
1.495761489868164062e+01
1.550359344482421875e+01
1.584221458435058594e+01
1.555033779144287109e+01
1.659369850158691406e+01
1.667313194274902344e+01
1.702054405212402344e+01
1.652842140197753906e+01
1.679846954345703125e+01
1.643936538696289062e+01
1.671526908874511719e+01
1.671623611450195312e+01
1.655789184570312500e+01
1.669758605957031250e+01
1.659358215332031250e+01
1.588877391815185547e+01
1.579921340942382812e+01
1.500327301025390625e+01
1.358987236022949219e+01
1.441135215759277344e+01
1.343924999237060547e+01
1.211908340454101562e+01
1.181030559539794922e+01
1.234558773040771484e+01
1.156913852691650391e+01
1.281831836700439453e+01
1.160774803161621094e+01
1.252803897857666016e+01
1.200775051116943359e+01
1.234507369995117188e+01
1.169961261749267578e+01
1.249729824066162109e+01
1.198380184173583984e+01
1.230870056152343750e+01
1.329082107543945312e+01
1.235398769378662109e+01
1.417529582977294922e+01
1.213613796234130859e+01
1.215217018127441406e+01
1.160899448394775391e+01
1.139888572692871094e+01
9.668772697448730469e+00
9.710803985595703125e+00
1.062484645843505859e+01
1.079366970062255859e+01
1.056017684936523438e+01
1.098350906372070312e+01
1.130041408538818359e+01
1.126882457733154297e+01
1.062896156311035156e+01
1.079234313964843750e+01
1.184025669097900391e+01
1.214233875274658203e+01
1.203481197357177734e+01
1.241903972625732422e+01
1.209117317199707031e+01
1.233505535125732422e+01
1.221938705444335938e+01
1.218114852905273438e+01
1.234939289093017578e+01
1.236505603790283203e+01
1.237327289581298828e+01
1.236195850372314453e+01
1.165794754028320312e+01
1.140682220458984375e+01
1.150008487701416016e+01
1.149903583526611328e+01
1.057191276550292969e+01
1.112118816375732422e+01
1.181558418273925781e+01
1.110237121582031250e+01
1.172987651824951172e+01
1.096664047241210938e+01
1.125523281097412109e+01
1.111664390563964844e+01
1.113393783569335938e+01
1.189847946166992188e+01
1.172298526763916016e+01
1.198466396331787109e+01
1.284260940551757812e+01
1.262124633789062500e+01
1.409131240844726562e+01
1.354329299926757812e+01
1.378443050384521484e+01
1.513078022003173828e+01
1.446768379211425781e+01
1.446994018554687500e+01
1.380420970916748047e+01
1.373838901519775391e+01
1.265384578704833984e+01
1.219149398803710938e+01
1.288842868804931641e+01
1.265953922271728516e+01
1.292749691009521484e+01
1.268617820739746094e+01
1.292404079437255859e+01
1.262225914001464844e+01
1.354981040954589844e+01
1.355455589294433594e+01
1.369916248321533203e+01
1.381396770477294922e+01
1.437874984741210938e+01
1.455606842041015625e+01
1.450387954711914062e+01
1.450808811187744141e+01
1.456634712219238281e+01
1.398751926422119141e+01
1.382494831085205078e+01
1.405275440216064453e+01
1.493061256408691406e+01
1.596686077117919922e+01
1.529096603393554688e+01
1.586151981353759766e+01
1.475747108459472656e+01
1.469902133941650391e+01
1.473878383636474609e+01
1.508219051361083984e+01
1.504875946044921875e+01
1.482349491119384766e+01
1.518348598480224609e+01
1.525633716583251953e+01
1.514601325988769531e+01
1.523448657989501953e+01
1.623738670349121094e+01
1.572490024566650391e+01
1.596399593353271484e+01
1.585941314697265625e+01
1.600984382629394531e+01
1.635609626770019531e+01
1.673852157592773438e+01
1.663959884643554688e+01
1.736794471740722656e+01
1.715963172912597656e+01
1.717107200622558594e+01
1.734789466857910156e+01
1.827938079833984375e+01
1.712717819213867188e+01
1.661846923828125000e+01
1.613077735900878906e+01
1.154759788513183594e+01
1.219835948944091797e+01
1.255558013916015625e+01
1.333323383331298828e+01
1.397268295288085938e+01
1.343465709686279297e+01
1.330699539184570312e+01
1.349593830108642578e+01
1.244804763793945312e+01
1.300286388397216797e+01
1.277566814422607422e+01
1.293537712097167969e+01
1.284569835662841797e+01
1.295316696166992188e+01
1.298547363281250000e+01
1.407611179351806641e+01
1.306622219085693359e+01
1.380281066894531250e+01
1.220254898071289062e+01
1.203736877441406250e+01
1.148208713531494141e+01
1.140690612792968750e+01
1.110299205780029297e+01
1.181838703155517578e+01
1.084272575378417969e+01
1.123972129821777344e+01
1.012802124023437500e+01
1.101795101165771484e+01
9.981432914733886719e+00
9.903584480285644531e+00
1.084339141845703125e+01
1.037204170227050781e+01
1.128795242309570312e+01
1.083859443664550781e+01
1.036722373962402344e+01
1.205122852325439453e+01
1.148140811920166016e+01
1.292880725860595703e+01
1.286710262298583984e+01
1.396726322174072266e+01
1.380668926239013672e+01
1.349685001373291016e+01
1.324993038177490234e+01
1.232973861694335938e+01
1.137470531463623047e+01
9.993808746337890625e+00
9.909509658813476562e+00
9.807120323181152344e+00
1.021942234039306641e+01
1.043136978149414062e+01
9.891604423522949219e+00
1.077428531646728516e+01
1.052333831787109375e+01
1.079749488830566406e+01
1.162170886993408203e+01
1.115440177917480469e+01
1.166367053985595703e+01
1.170202732086181641e+01
1.308360195159912109e+01
1.201578998565673828e+01
1.345069885253906250e+01
1.238237380981445312e+01
1.322718143463134766e+01
1.313099002838134766e+01
1.340191173553466797e+01
1.346810817718505859e+01
1.347499656677246094e+01
1.352188110351562500e+01
1.439988708496093750e+01
1.277566337585449219e+01
1.291122245788574219e+01
1.272666263580322266e+01
1.297055053710937500e+01
1.295810604095458984e+01
1.299744224548339844e+01
1.290791034698486328e+01
1.288956546783447266e+01
1.286439800262451172e+01
1.243931293487548828e+01
1.323773002624511719e+01
1.278274917602539062e+01
1.303675365447998047e+01
1.291834354400634766e+01
1.345655632019042969e+01
1.366101741790771484e+01
1.338627243041992188e+01
1.344874858856201172e+01
1.453807640075683594e+01
1.487610721588134766e+01
1.455710220336914062e+01
1.417993354797363281e+01
1.446988201141357422e+01
1.410194492340087891e+01
1.310848331451416016e+01
1.298018741607666016e+01
1.325657653808593750e+01
1.323888969421386719e+01
1.260476207733154297e+01
1.243186569213867188e+01
1.206591796875000000e+01
1.183369445800781250e+01
1.210266399383544922e+01
1.223696899414062500e+01
1.264050483703613281e+01
1.289261150360107422e+01
1.375422573089599609e+01
1.362233352661132812e+01
1.369009304046630859e+01
1.463115978240966797e+01
1.527775955200195312e+01
1.481256294250488281e+01
1.521387100219726562e+01
1.644683837890625000e+01
1.683029937744140625e+01
1.547813510894775391e+01
1.579310703277587891e+01
1.424086093902587891e+01
1.474937152862548828e+01
1.316055297851562500e+01
1.392287158966064453e+01
1.250084877014160156e+01
1.264507675170898438e+01
1.203017902374267578e+01
1.186821937561035156e+01
1.203943824768066406e+01
1.250584220886230469e+01
1.278116416931152344e+01
1.266589832305908203e+01
1.284553718566894531e+01
1.274386119842529297e+01
1.398296833038330078e+01
1.266011619567871094e+01
1.455229187011718750e+01
1.297636890411376953e+01
1.511719131469726562e+01
1.407479095458984375e+01
1.559085559844970703e+01
1.496918392181396484e+01
1.425235939025878906e+01
1.396600914001464844e+01
1.316277599334716797e+01
1.194320774078369141e+01
1.110470962524414062e+01
1.151381397247314453e+01
1.172533035278320312e+01
1.228695678710937500e+01
1.138301563262939453e+01
1.259811687469482422e+01
1.199147129058837891e+01
1.259146213531494141e+01
1.339922237396240234e+01
1.267989635467529297e+01
1.312188243865966797e+01
1.407507705688476562e+01
1.610816001892089844e+01
1.517187309265136719e+01
1.568503284454345703e+01
1.565547466278076172e+01
1.572752666473388672e+01
1.447627258300781250e+01
1.439674854278564453e+01
1.305031013488769531e+01
1.249680709838867188e+01
1.326149559020996094e+01
1.335763931274414062e+01
1.339024066925048828e+01
1.347186756134033203e+01
1.344462108612060547e+01
1.458284187316894531e+01
1.373317146301269531e+01
1.364312744140625000e+01
1.396733856201171875e+01
1.435761451721191406e+01
1.416500949859619141e+01
1.436306571960449219e+01
1.528082656860351562e+01
1.468018341064453125e+01
1.539239406585693359e+01
1.578674602508544922e+01
1.687142944335937500e+01
1.692163467407226562e+01
1.599155712127685547e+01
1.596686553955078125e+01
1.603863334655761719e+01
1.481776046752929688e+01
1.466606140136718750e+01
1.486966609954833984e+01
1.498495197296142578e+01
1.495647335052490234e+01
1.420409679412841797e+01
1.444534206390380859e+01
1.532763481140136719e+01
1.487886333465576172e+01
1.491256427764892578e+01
1.492729473114013672e+01
1.504843997955322266e+01
1.497732162475585938e+01
1.513272953033447266e+01
1.501398277282714844e+01
1.555102920532226562e+01
1.574355602264404297e+01
1.565692043304443359e+01
1.652775573730468750e+01
1.608825111389160156e+01
1.661621475219726562e+01
1.691646385192871094e+01
1.678477478027343750e+01
1.429308128356933594e+01
1.437992095947265625e+01
1.424856090545654297e+01
1.355180072784423828e+01
1.384130191802978516e+01
1.293656730651855469e+01
1.264690113067626953e+01
1.244358348846435547e+01
1.302426052093505859e+01
1.262831497192382812e+01
1.278635311126708984e+01
1.361382389068603516e+01
1.313569450378417969e+01
1.380390834808349609e+01
1.404967498779296875e+01
1.447268295288085938e+01
1.475879192352294922e+01
1.538440513610839844e+01
1.493987369537353516e+01
1.600110244750976562e+01
1.696457481384277344e+01
1.647854232788085938e+01
1.653391838073730469e+01
1.626457214355468750e+01
1.444697761535644531e+01
1.482105350494384766e+01
1.443847846984863281e+01
1.359262561798095703e+01
1.355740165710449219e+01
1.402529335021972656e+01
1.416753387451171875e+01
1.429385852813720703e+01
1.511114120483398438e+01
1.444057083129882812e+01
1.510054016113281250e+01
1.448700714111328125e+01
1.511699867248535156e+01
1.496061420440673828e+01
1.555987453460693359e+01
1.557297611236572266e+01
1.541270160675048828e+01
1.544429588317871094e+01
1.555489158630371094e+01
1.545422744750976562e+01
1.555990600585937500e+01
1.604143142700195312e+01
1.598572349548339844e+01
1.608513832092285156e+01
1.610149765014648438e+01
1.663611984252929688e+01
1.541913414001464844e+01
1.583538341522216797e+01
1.592251491546630859e+01
1.578447723388671875e+01
1.543619155883789062e+01
1.533595466613769531e+01
1.587495517730712891e+01
1.646107482910156250e+01
1.637434959411621094e+01
1.498456954956054688e+01
1.487417221069335938e+01
1.443267726898193359e+01
1.408739376068115234e+01
1.403192520141601562e+01
1.407634162902832031e+01
1.551960563659667969e+01
1.530639076232910156e+01
1.678977394104003906e+01
1.676559829711914062e+01
1.697503662109375000e+01
1.666707229614257812e+01
1.675763130187988281e+01
1.629450988769531250e+01
1.535557842254638672e+01
1.650748634338378906e+01
1.651296043395996094e+01
1.676153564453125000e+01
1.643778610229492188e+01
1.652562141418457031e+01
1.644014930725097656e+01
1.619789505004882812e+01
1.476435947418212891e+01
1.418811225891113281e+01
1.450420475006103516e+01
1.467892837524414062e+01
1.460833930969238281e+01
1.523730754852294922e+01
1.580621910095214844e+01
1.521306324005126953e+01
1.429275035858154297e+01
1.528482437133789062e+01
1.570190620422363281e+01
1.714232826232910156e+01
1.640735244750976562e+01
1.711205673217773438e+01
1.517245483398437500e+01
1.581272697448730469e+01
1.468772315979003906e+01
1.301017475128173828e+01
1.222514152526855469e+01
1.199165916442871094e+01
1.223225593566894531e+01
1.249594306945800781e+01
1.232763576507568359e+01
1.213659000396728516e+01
1.285337638854980469e+01
1.287186431884765625e+01
1.325802707672119141e+01
1.309438800811767578e+01
1.417851161956787109e+01
1.356183242797851562e+01
1.430311393737792969e+01
1.446319866180419922e+01
1.541888332366943359e+01
1.477287673950195312e+01
1.646047019958496094e+01
1.596798896789550781e+01
1.667778968811035156e+01
1.642649841308593750e+01
1.474601840972900391e+01
1.447008132934570312e+01
1.494334506988525391e+01
1.584463882446289062e+01
1.419515800476074219e+01
1.438831901550292969e+01
1.407035923004150391e+01
1.446500968933105469e+01
1.499572372436523438e+01
1.473434066772460938e+01
1.534039306640625000e+01
1.519110679626464844e+01
1.452247619628906250e+01
1.439900302886962891e+01
1.456092357635498047e+01
1.473695087432861328e+01
1.461764621734619141e+01
1.506267833709716797e+01
1.567573547363281250e+01
1.419964790344238281e+01
1.510987186431884766e+01
1.554508781433105469e+01
1.418005180358886719e+01
1.517501354217529297e+01
1.424538803100585938e+01
1.585017776489257812e+01
1.541172122955322266e+01
1.457125186920166016e+01
1.444443416595458984e+01
1.378815650939941406e+01
1.419922828674316406e+01
1.416853141784667969e+01
1.491451835632324219e+01
1.516106700897216797e+01
1.519307136535644531e+01
1.569833660125732422e+01
1.582111644744873047e+01
1.629189300537109375e+01
1.614311027526855469e+01
1.605609130859375000e+01
1.567762374877929688e+01
1.595232582092285156e+01
1.657720565795898438e+01
1.594886493682861328e+01
1.711686897277832031e+01
1.705920600891113281e+01
1.736182022094726562e+01
1.658469963073730469e+01
1.704043006896972656e+01
1.673634910583496094e+01
1.431836986541748047e+01
1.473525524139404297e+01
1.375761127471923828e+01
1.428951740264892578e+01
1.451941680908203125e+01
1.406411075592041016e+01
1.387552833557128906e+01
1.405564880371093750e+01
1.409860706329345703e+01
1.410308456420898438e+01
1.508107662200927734e+01
1.445919609069824219e+01
1.411273479461669922e+01
1.488978862762451172e+01
1.463859462738037109e+01
1.463801574707031250e+01
1.469887542724609375e+01
1.564184093475341797e+01
1.606617736816406250e+01
1.675435638427734375e+01
1.613732337951660156e+01
1.717991256713867188e+01
1.660489845275878906e+01
1.443890762329101562e+01
1.469347476959228516e+01
1.381437397003173828e+01
1.425043392181396484e+01
1.440148925781250000e+01
1.358563709259033203e+01
1.392850303649902344e+01
1.395013809204101562e+01
1.401669979095458984e+01
1.402050304412841797e+01
1.410009193420410156e+01
1.401657676696777344e+01
1.406855106353759766e+01
1.489870548248291016e+01
1.499693965911865234e+01
1.532244968414306641e+01
1.569430160522460938e+01
1.645974922180175781e+01
1.652562522888183594e+01
1.795803260803222656e+01
1.777058601379394531e+01
1.799847412109375000e+01
1.656855773925781250e+01
1.646972465515136719e+01
1.538224792480468750e+01
1.467660140991210938e+01
1.467820453643798828e+01
1.505385971069335938e+01
1.402600097656250000e+01
1.444059848785400391e+01
1.484653472900390625e+01
1.433944988250732422e+01
1.468999099731445312e+01
1.398678112030029297e+01
1.372025394439697266e+01
1.393045520782470703e+01
1.336145973205566406e+01
1.314974594116210938e+01
1.335018920898437500e+01
1.376353263854980469e+01
1.430946063995361328e+01
1.446513748168945312e+01
1.526182651519775391e+01
1.578122234344482422e+01
1.602610397338867188e+01
1.544090843200683594e+01
1.569064903259277344e+01
1.550770854949951172e+01
1.449432086944580078e+01
1.451998138427734375e+01
1.416083621978759766e+01
1.341927623748779297e+01
1.385269355773925781e+01
1.468812465667724609e+01
1.331323051452636719e+01
1.444551753997802734e+01
1.432991981506347656e+01
1.431482124328613281e+01
1.434659194946289062e+01
1.375258350372314453e+01
1.350892448425292969e+01
1.365106010437011719e+01
1.406178855895996094e+01
1.480784511566162109e+01
1.482618331909179688e+01
1.486385059356689453e+01
1.594892215728759766e+01
1.639885711669921875e+01
1.723617553710937500e+01
1.667436027526855469e+01
1.708596229553222656e+01
1.551986885070800781e+01
1.532935047149658203e+01
1.440981388092041016e+01
1.311832332611083984e+01
1.338516807556152344e+01
1.315087985992431641e+01
1.361378383636474609e+01
1.351731109619140625e+01
1.364443397521972656e+01
1.356485843658447266e+01
1.362060546875000000e+01
1.394226646423339844e+01
1.423074245452880859e+01
1.405363941192626953e+01
1.408939552307128906e+01
1.516165161132812500e+01
1.466459751129150391e+01
1.616488456726074219e+01
1.497740650177001953e+01
1.620670127868652344e+01
1.599160766601562500e+01
1.612783241271972656e+01
1.718697166442871094e+01
1.652977561950683594e+01
1.663105201721191406e+01
1.513368701934814453e+01
1.514937114715576172e+01
1.252649116516113281e+01
1.258551311492919922e+01
1.261184024810791016e+01
1.204307651519775391e+01
1.272716140747070312e+01
1.261002826690673828e+01
1.279547786712646484e+01
1.230944061279296875e+01
1.344519710540771484e+01
1.306069946289062500e+01
1.340714073181152344e+01
1.446618556976318359e+01
1.330027389526367188e+01
1.485610294342041016e+01
1.512821674346923828e+01
1.499358081817626953e+01
1.618855667114257812e+01
1.668862533569335938e+01
1.700043487548828125e+01
1.610912132263183594e+01
1.751099014282226562e+01
1.536730194091796875e+01
1.591020202636718750e+01
1.308500576019287109e+01
1.211327362060546875e+01
1.138281440734863281e+01
1.141576194763183594e+01
1.201206207275390625e+01
1.333307170867919922e+01
1.276349639892578125e+01
1.329973793029785156e+01
1.313482189178466797e+01
1.335386943817138672e+01
1.437376785278320312e+01
1.417553997039794922e+01
1.505500411987304688e+01
1.460125350952148438e+01
1.496695899963378906e+01
1.586613655090332031e+01
1.550206851959228516e+01
1.671355628967285156e+01
1.722254180908203125e+01
1.761316871643066406e+01
1.737437248229980469e+01
1.848328781127929688e+01
1.738682746887207031e+01
1.778276634216308594e+01
1.716185569763183594e+01
1.624075508117675781e+01
1.596195888519287109e+01
1.667146492004394531e+01
1.678487205505371094e+01
1.550590801239013672e+01
1.678275299072265625e+01
1.672990417480468750e+01
1.662579154968261719e+01
1.677428245544433594e+01
1.669383621215820312e+01
1.704736709594726562e+01
1.676568794250488281e+01
1.694073295593261719e+01
1.689262962341308594e+01
1.740329360961914062e+01
1.770164871215820312e+01
1.838634681701660156e+01
1.943869018554687500e+01
1.921225357055664062e+01
1.757681465148925781e+01
1.755121231079101562e+01
1.706554222106933594e+01
1.721023559570312500e+01
1.628833770751953125e+01
1.717650222778320312e+01
1.736504936218261719e+01
1.742137908935546875e+01
1.663000106811523438e+01
1.692464447021484375e+01
1.770563316345214844e+01
1.884974098205566406e+01
1.814007377624511719e+01
1.756423568725585938e+01
1.761702537536621094e+01
1.786702156066894531e+01
1.677949905395507812e+01
1.723401260375976562e+01
1.794808006286621094e+01
1.816137504577636719e+01
1.904965400695800781e+01
1.919341468811035156e+01
1.956570434570312500e+01
1.941667747497558594e+01
2.036047935485839844e+01
1.956541824340820312e+01
1.956316566467285156e+01
1.923667335510253906e+01
1.871454620361328125e+01
1.829217910766601562e+01
1.853884506225585938e+01
1.848935890197753906e+01
1.795617675781250000e+01
1.750131416320800781e+01
1.763532447814941406e+01
1.789471435546875000e+01
1.672546768188476562e+01
1.732953071594238281e+01
1.752052116394042969e+01
1.848723793029785156e+01
1.917422866821289062e+01
1.905620384216308594e+01
1.871966361999511719e+01
1.665216445922851562e+01
1.673200035095214844e+01
1.690582084655761719e+01
1.606850051879882812e+01
1.613636398315429688e+01
1.659088516235351562e+01
1.684064483642578125e+01
1.666340637207031250e+01
1.615853881835937500e+01
1.589865589141845703e+01
1.592015266418457031e+01
1.593000030517578125e+01
1.509345817565917969e+01
1.517146301269531250e+01
1.574194908142089844e+01
1.480045700073242188e+01
1.519085502624511719e+01
1.495440769195556641e+01
1.510433673858642578e+01
1.496241188049316406e+01
1.479536437988281250e+01
1.488964080810546875e+01
1.488967990875244141e+01
1.601809692382812500e+01
1.538253211975097656e+01
1.542037200927734375e+01
1.551258087158203125e+01
1.656779861450195312e+01
1.618102073669433594e+01
1.615979766845703125e+01
1.658168792724609375e+01
1.598085975646972656e+01
1.608976173400878906e+01
1.611133575439453125e+01
1.493794536590576172e+01
1.390485000610351562e+01
1.431955909729003906e+01
1.314496231079101562e+01
1.510104084014892578e+01
1.396393203735351562e+01
1.438127326965332031e+01
1.423709774017333984e+01
1.442188835144042969e+01
1.336717700958251953e+01
1.331258773803710938e+01
1.355599689483642578e+01
1.348592567443847656e+01
1.360115909576416016e+01
1.359102821350097656e+01
1.425703334808349609e+01
1.423107242584228516e+01
1.410532379150390625e+01
1.418175125122070312e+01
1.399151134490966797e+01
1.416517925262451172e+01
1.327779102325439453e+01
1.257600307464599609e+01
1.082080745697021484e+01
1.050589275360107422e+01
9.321817398071289062e+00
9.217489242553710938e+00
9.456873893737792969e+00
9.166326522827148438e+00
9.793927192687988281e+00
9.472387313842773438e+00
9.089758872985839844e+00
1.026166343688964844e+01
1.046168518066406250e+01
1.118923473358154297e+01
1.027542686462402344e+01
1.204028701782226562e+01
1.108580398559570312e+01
1.187793254852294922e+01
1.182904911041259766e+01
1.283181953430175781e+01
1.214965629577636719e+01
1.326638031005859375e+01
1.230039596557617188e+01
1.229479694366455078e+01
1.267726421356201172e+01
1.141808605194091797e+01
1.188626956939697266e+01
1.109503746032714844e+01
1.096138095855712891e+01
9.567553520202636719e+00
1.041589450836181641e+01
1.145424938201904297e+01
1.062481880187988281e+01
1.140307426452636719e+01
1.199325847625732422e+01
1.179307365417480469e+01
1.311389160156250000e+01
1.182788276672363281e+01
1.239357471466064453e+01
1.273564243316650391e+01
1.282967662811279297e+01
1.416768646240234375e+01
1.283522987365722656e+01
1.379518032073974609e+01
1.535812759399414062e+01
1.417113780975341797e+01
1.421861743927001953e+01
1.493054103851318359e+01
1.420594024658203125e+01
1.480784606933593750e+01
1.388430500030517578e+01
1.329881763458251953e+01
1.318454837799072266e+01
1.173825931549072266e+01
1.270268821716308594e+01
1.222630310058593750e+01
1.296827507019042969e+01
1.238773536682128906e+01
1.451871681213378906e+01
1.316951370239257812e+01
1.408990478515625000e+01
1.386008167266845703e+01
1.428955268859863281e+01
1.488371467590332031e+01
1.514422988891601562e+01
1.573271179199218750e+01
1.845274162292480469e+01
2.012013053894042969e+01
2.051643753051757812e+01
2.071168708801269531e+01
2.056782722473144531e+01
2.051081657409667969e+01
2.003719711303710938e+01
1.977099609375000000e+01
1.844100570678710938e+01
1.930388069152832031e+01
1.994939422607421875e+01
1.989917373657226562e+01
1.924724769592285156e+01
1.950681114196777344e+01
1.709337806701660156e+01
1.628377532958984375e+01
1.801989936828613281e+01
1.550343322753906250e+01
1.639149856567382812e+01
1.667078971862792969e+01
1.782527732849121094e+01
1.754822158813476562e+01
1.599045848846435547e+01
1.682236289978027344e+01
1.677422714233398438e+01
1.695509147644042969e+01
1.645371246337890625e+01
1.580086421966552734e+01
1.613774299621582031e+01
1.544168281555175781e+01
1.523270320892333984e+01
1.553051376342773438e+01
1.551464748382568359e+01
1.551238346099853516e+01
1.554401779174804688e+01
1.561808586120605469e+01
1.579805278778076172e+01
1.737648773193359375e+01
1.665199470520019531e+01
1.705763816833496094e+01
1.666247177124023438e+01
1.685035896301269531e+01
1.725153160095214844e+01
1.739237594604492188e+01
1.785726928710937500e+01
1.814647865295410156e+01
1.913890266418457031e+01
1.870500183105468750e+01
1.970534515380859375e+01
1.939043426513671875e+01
1.993990898132324219e+01
2.028002166748046875e+01
2.002245140075683594e+01
1.995864868164062500e+01
1.915593528747558594e+01
1.900718879699707031e+01
1.901498413085937500e+01
1.891879272460937500e+01
1.780148696899414062e+01
1.837261390686035156e+01
1.687558174133300781e+01
1.719113731384277344e+01
1.640967369079589844e+01
1.673793220520019531e+01
1.655553245544433594e+01
1.681049728393554688e+01
1.721316909790039062e+01
1.835507202148437500e+01
1.729919242858886719e+01
1.874621200561523438e+01
1.886978149414062500e+01
2.046139907836914062e+01
2.099943733215332031e+01
2.173979759216308594e+01
2.265340423583984375e+01
2.345341491699218750e+01
2.222546005249023438e+01
2.045459556579589844e+01
1.808396339416503906e+01
1.812744903564453125e+01
1.500365829467773438e+01
1.473355674743652344e+01
1.474812221527099609e+01
1.535543346405029297e+01
1.631762313842773438e+01
1.636815071105957031e+01
1.715260314941406250e+01
1.739219665527343750e+01
1.709277915954589844e+01
1.841113853454589844e+01
1.775321388244628906e+01
1.885474205017089844e+01
1.926251220703125000e+01
1.995003890991210938e+01
2.111254692077636719e+01
2.177676963806152344e+01
2.238201713562011719e+01
2.279130935668945312e+01
2.191103744506835938e+01
2.100811004638671875e+01
1.929738616943359375e+01
1.883891677856445312e+01
1.607541847229003906e+01
1.647331809997558594e+01
1.511146640777587891e+01
1.496531772613525391e+01
1.479072475433349609e+01
1.666847801208496094e+01
1.638614654541015625e+01
1.665284538269042969e+01
1.718841552734375000e+01
1.742237281799316406e+01
1.796316146850585938e+01
1.874915122985839844e+01
1.931105041503906250e+01
1.869895935058593750e+01
1.993461418151855469e+01
1.939153480529785156e+01
2.121935272216796875e+01
2.185232353210449219e+01
2.248827171325683594e+01
2.301157569885253906e+01
2.296091270446777344e+01
2.167078018188476562e+01
2.055660247802734375e+01
1.797160911560058594e+01
1.734297370910644531e+01
1.561282825469970703e+01
1.472241020202636719e+01
1.444174098968505859e+01
1.557173919677734375e+01
1.617346954345703125e+01
1.647583580017089844e+01
1.701034545898437500e+01
1.653836822509765625e+01
1.792916297912597656e+01
1.786967086791992188e+01
1.851519393920898438e+01
1.787550544738769531e+01
1.944300079345703125e+01
1.971467208862304688e+01
1.932088279724121094e+01
2.091711616516113281e+01
2.154574394226074219e+01
2.272244644165039062e+01
2.247089958190917969e+01
2.242139434814453125e+01
2.232610321044921875e+01
2.115043067932128906e+01
1.882095336914062500e+01
1.815349578857421875e+01
1.727006149291992188e+01
1.623015975952148438e+01
1.498782157897949219e+01
1.576359558105468750e+01
1.582881736755371094e+01
1.689348220825195312e+01
1.756904983520507812e+01
1.765237998962402344e+01
1.707466888427734375e+01
1.740524101257324219e+01
1.725725555419921875e+01
1.766334152221679688e+01
1.699387359619140625e+01
1.835282707214355469e+01
1.796760749816894531e+01
1.931384658813476562e+01
1.994023132324218750e+01
2.019515609741210938e+01
2.066822624206542969e+01
2.057641601562500000e+01
2.020370864868164062e+01
1.886209678649902344e+01
1.800448608398437500e+01
1.605637741088867188e+01
1.670029830932617188e+01
1.525089454650878906e+01
1.525788688659667969e+01
1.564981365203857422e+01
1.514381408691406250e+01
1.598725223541259766e+01
1.582559204101562500e+01
1.585893917083740234e+01
1.577888107299804688e+01
1.620763778686523438e+01
1.578284454345703125e+01
1.600638198852539062e+01
1.596845817565917969e+01
1.707940292358398438e+01
1.774960327148437500e+01
1.838320732116699219e+01
1.828703498840332031e+01
1.935977554321289062e+01
1.879921531677246094e+01
1.789737129211425781e+01
1.716430091857910156e+01
1.643731689453125000e+01
1.614826393127441406e+01
1.507242965698242188e+01
1.516722774505615234e+01
1.429746341705322266e+01
1.522929382324218750e+01
1.488742351531982422e+01
1.531180572509765625e+01
1.499725818634033203e+01
1.550971698760986328e+01
1.609357261657714844e+01
1.616182136535644531e+01
1.595505809783935547e+01
1.607918739318847656e+01
1.591018962860107422e+01
1.709277725219726562e+01
1.624762153625488281e+01
1.800941276550292969e+01
1.710061836242675781e+01
1.870949172973632812e+01
1.766342163085937500e+01
1.826180267333984375e+01
1.762452316284179688e+01
1.816257476806640625e+01
1.544445991516113281e+01
1.511687850952148438e+01
1.341921138763427734e+01
1.340431308746337891e+01
1.284437084197998047e+01
1.380354309082031250e+01
1.352265262603759766e+01
1.405731010437011719e+01
1.372539901733398438e+01
1.525871181488037109e+01
1.363979339599609375e+01
1.552492141723632812e+01
1.501754093170166016e+01
1.552821922302246094e+01
1.606045913696289062e+01
1.643858909606933594e+01
1.665817642211914062e+01
1.819660758972167969e+01
1.852752876281738281e+01
1.835203361511230469e+01
1.847329139709472656e+01
1.681204032897949219e+01
1.790381622314453125e+01
1.861855316162109375e+01
1.731423950195312500e+01
1.651873779296875000e+01
1.476068210601806641e+01
1.455159854888916016e+01
1.471084690093994141e+01
1.506700420379638672e+01
1.459574317932128906e+01
1.580955696105957031e+01
1.590796947479248047e+01
1.568813133239746094e+01
1.848982620239257812e+01
1.925592422485351562e+01
1.943096923828125000e+01
1.714948272705078125e+01
1.819146347045898438e+01
1.822704887390136719e+01
1.846970558166503906e+01
1.966396713256835938e+01
1.919704818725585938e+01
2.056086158752441406e+01
1.883291244506835938e+01
1.919370079040527344e+01
1.821427726745605469e+01
1.769976615905761719e+01
1.738001060485839844e+01
1.681530761718750000e+01
1.629448509216308594e+01
1.595646190643310547e+01
1.635224533081054688e+01
1.660789871215820312e+01
1.667725944519042969e+01
1.682695770263671875e+01
1.794739913940429688e+01
1.722830772399902344e+01
1.730119514465332031e+01
1.736680412292480469e+01
1.778047561645507812e+01
1.830884361267089844e+01
1.800286102294921875e+01
1.925378990173339844e+01
1.926097488403320312e+01
2.037980842590332031e+01
2.127127456665039062e+01
2.137743377685546875e+01
2.210069847106933594e+01
2.177993392944335938e+01
2.080377197265625000e+01
2.080829238891601562e+01
2.100588607788085938e+01
1.855681991577148438e+01
1.950500679016113281e+01
1.609053039550781250e+01
1.698980140686035156e+01
1.600449943542480469e+01
1.668334007263183594e+01
1.584817123413085938e+01
1.589954185485839844e+01
1.729416847229003906e+01
1.698687744140625000e+01
1.589974784851074219e+01
1.718800926208496094e+01
1.726341247558593750e+01
1.573072814941406250e+01
1.764816856384277344e+01
1.702654457092285156e+01
1.753803634643554688e+01
1.866209793090820312e+01
1.915193367004394531e+01
1.936582565307617188e+01
1.879180717468261719e+01
1.805675125122070312e+01
1.821978378295898438e+01
1.643300247192382812e+01
1.664385414123535156e+01
1.400153732299804688e+01
1.356788635253906250e+01
1.319399738311767578e+01
1.394835662841796875e+01
1.419059848785400391e+01
1.445517635345458984e+01
1.497002601623535156e+01
1.464927577972412109e+01
1.537235069274902344e+01
1.494518375396728516e+01
1.597538089752197266e+01
1.563451385498046875e+01
1.708007240295410156e+01
1.677899169921875000e+01
1.837198448181152344e+01
1.790409851074218750e+01
1.874427604675292969e+01
1.921966171264648438e+01
2.000426292419433594e+01
1.966948127746582031e+01
1.891543960571289062e+01
1.846766662597656250e+01
1.811587333679199219e+01
1.691695976257324219e+01
1.739670753479003906e+01
1.691649436950683594e+01
1.793470764160156250e+01
1.714583969116210938e+01
1.759083747863769531e+01
1.792367362976074219e+01
2.000422668457031250e+01
1.883987045288085938e+01
1.991531944274902344e+01
2.024658966064453125e+01
2.016179084777832031e+01
1.756930351257324219e+01
1.762134552001953125e+01
1.700647926330566406e+01
1.761438179016113281e+01
1.820836448669433594e+01
1.830555915832519531e+01
1.943394279479980469e+01
1.903501319885253906e+01
1.918499374389648438e+01
1.714142799377441406e+01
1.692430305480957031e+01
1.719999694824218750e+01
1.593676757812500000e+01
1.673304939270019531e+01
1.661165809631347656e+01
1.775716018676757812e+01
1.632802200317382812e+01
1.845284461975097656e+01
1.766068458557128906e+01
1.818761444091796875e+01
1.836095237731933594e+01
1.910635566711425781e+01
1.844419860839843750e+01
1.874776077270507812e+01
2.028617858886718750e+01
2.124114799499511719e+01
2.066506958007812500e+01
2.090879249572753906e+01
2.004042243957519531e+01
2.052180862426757812e+01
2.085584831237792969e+01
2.026333045959472656e+01
2.039148902893066406e+01
1.977170562744140625e+01
1.842346572875976562e+01
1.723259925842285156e+01
1.517994117736816406e+01
1.585877227783203125e+01
1.454957580566406250e+01
1.564002990722656250e+01
1.524545192718505859e+01
1.615320014953613281e+01
1.665300178527832031e+01
1.644011116027832031e+01
1.670156860351562500e+01
1.715044593811035156e+01
1.803405761718750000e+01
1.812561225891113281e+01
1.843640708923339844e+01
1.958045768737792969e+01
2.016062164306640625e+01
2.104698753356933594e+01
2.154195213317871094e+01
2.219024848937988281e+01
2.198245429992675781e+01
2.188232231140136719e+01
2.187719535827636719e+01
2.127008247375488281e+01
1.933154487609863281e+01
1.898972702026367188e+01
1.672769737243652344e+01
1.658377647399902344e+01
1.468933391571044922e+01
1.462756347656250000e+01
1.516437721252441406e+01
1.415754508972167969e+01
1.483527088165283203e+01
1.544335460662841797e+01
1.652243423461914062e+01
1.685082435607910156e+01
1.689368247985839844e+01
1.763543128967285156e+01
1.741080665588378906e+01
1.930526161193847656e+01
1.946501350402832031e+01
2.039600563049316406e+01
2.022416687011718750e+01
2.135370445251464844e+01
2.081423187255859375e+01
2.106717300415039062e+01
2.026907157897949219e+01
1.921099853515625000e+01
1.909783363342285156e+01
1.692615318298339844e+01
1.777210998535156250e+01
1.576499843597412109e+01
1.682396507263183594e+01
1.674355888366699219e+01
1.763900566101074219e+01
1.769228935241699219e+01
1.842890930175781250e+01
1.854808425903320312e+01
1.844588851928710938e+01
1.825606727600097656e+01
1.663193511962890625e+01
1.751413726806640625e+01
1.737743568420410156e+01
1.796270942687988281e+01
1.850220680236816406e+01
1.834592819213867188e+01
1.954475593566894531e+01
2.046754455566406250e+01
1.960136032104492188e+01
1.998286819458007812e+01
1.963462638854980469e+01
1.830102920532226562e+01
1.792635917663574219e+01
1.749281311035156250e+01
1.723190879821777344e+01
1.559858894348144531e+01
1.447749042510986328e+01
1.618962860107421875e+01
1.504898643493652344e+01
1.563810539245605469e+01
1.432393646240234375e+01
1.507077980041503906e+01
1.439175415039062500e+01
1.429362010955810547e+01
1.571090030670166016e+01
1.467795848846435547e+01
1.517971801757812500e+01
1.702042770385742188e+01
1.681885337829589844e+01
1.770738983154296875e+01
1.732933998107910156e+01
1.867493438720703125e+01
1.727779960632324219e+01
1.800151634216308594e+01
1.759274864196777344e+01
1.627828979492187500e+01
1.511549568176269531e+01
1.434865856170654297e+01
1.167916011810302734e+01
1.207094764709472656e+01
1.228824520111083984e+01
1.308331394195556641e+01
1.370256423950195312e+01
1.409226703643798828e+01
1.397191524505615234e+01
1.473438739776611328e+01
1.466601657867431641e+01
1.608262252807617188e+01
1.468789386749267578e+01
1.673231315612792969e+01
1.521897602081298828e+01
1.644478988647460938e+01
1.667419052124023438e+01
1.652924728393554688e+01
1.648506927490234375e+01
1.906425476074218750e+01
1.848379898071289062e+01
1.846219062805175781e+01
1.773181724548339844e+01
1.687570762634277344e+01
1.591969108581542969e+01
1.474075984954833984e+01
1.429424095153808594e+01
1.440420913696289062e+01
1.432316589355468750e+01
1.469486236572265625e+01
1.486993408203125000e+01
1.498553657531738281e+01
1.496385097503662109e+01
1.507592582702636719e+01
1.591160964965820312e+01
1.545004940032958984e+01
1.568788909912109375e+01
1.582519626617431641e+01
1.629358100891113281e+01
1.500647830963134766e+01
1.625408172607421875e+01
1.783510589599609375e+01
1.698927307128906250e+01
1.627252197265625000e+01
1.668840217590332031e+01
1.877376747131347656e+01
1.723122787475585938e+01
1.808268928527832031e+01
1.764033126831054688e+01
1.607261085510253906e+01
1.511168861389160156e+01
1.461599731445312500e+01
1.512585067749023438e+01
1.527086067199707031e+01
1.549301624298095703e+01
1.583133029937744141e+01
1.662201118469238281e+01
1.640421867370605469e+01
1.697693443298339844e+01
1.736568069458007812e+01
1.768185043334960938e+01
1.969648742675781250e+01
1.935347366333007812e+01
1.925104331970214844e+01
1.938261032104492188e+01
1.903096771240234375e+01
1.927874565124511719e+01
1.890027809143066406e+01
2.009632301330566406e+01
2.048277282714843750e+01
2.014525413513183594e+01
2.053075790405273438e+01
2.041474533081054688e+01
1.981379508972167969e+01
1.946770095825195312e+01
1.752361869812011719e+01
1.867962455749511719e+01
1.839746475219726562e+01
1.830076408386230469e+01
1.881334114074707031e+01
1.855685424804687500e+01
1.888226318359375000e+01
1.906410408020019531e+01
1.976002693176269531e+01
1.982560729980468750e+01
1.875444412231445312e+01
1.853986358642578125e+01
1.701086807250976562e+01
1.665197372436523438e+01
1.592588043212890625e+01
1.476185989379882812e+01
1.588111400604248047e+01
1.493576908111572266e+01
1.583806800842285156e+01
1.564553165435791016e+01
1.589981079101562500e+01
1.595507812500000000e+01
1.691296386718750000e+01
1.645330429077148438e+01
1.742123794555664062e+01
1.768187713623046875e+01
1.852726745605468750e+01
1.933509826660156250e+01
1.989784812927246094e+01
1.979610443115234375e+01
1.907871246337890625e+01
2.022717666625976562e+01
1.952603721618652344e+01
1.820575141906738281e+01
2.042294692993164062e+01
1.780458831787109375e+01
1.837852478027343750e+01
1.753944015502929688e+01
1.750292205810546875e+01
1.781382560729980469e+01
1.775544738769531250e+01
1.775496101379394531e+01
1.829390335083007812e+01
1.891792678833007812e+01
1.974344062805175781e+01
1.889299964904785156e+01
1.928223800659179688e+01
1.934471893310546875e+01
1.968125343322753906e+01
1.955698966979980469e+01
1.957657432556152344e+01
2.067032623291015625e+01
2.037120819091796875e+01
1.921683692932128906e+01
1.921835708618164062e+01
1.946470451354980469e+01
1.994886016845703125e+01
1.968210601806640625e+01
1.967329216003417969e+01
2.025276374816894531e+01
1.723055267333984375e+01
1.681519508361816406e+01
1.675120544433593750e+01
1.774993133544921875e+01
1.793705368041992188e+01
1.793833351135253906e+01
1.734997558593750000e+01
1.725155067443847656e+01
1.741846656799316406e+01
1.751396942138671875e+01
1.864178085327148438e+01
2.014132881164550781e+01
2.071750640869140625e+01
2.169869041442871094e+01
2.128741836547851562e+01
2.228787040710449219e+01
2.309731101989746094e+01
2.362877464294433594e+01
2.385362243652343750e+01
2.431178283691406250e+01
2.274527740478515625e+01
2.280950736999511719e+01
1.984221076965332031e+01
1.828428649902343750e+01
1.423727035522460938e+01
1.442091369628906250e+01
1.443935489654541016e+01
1.500877857208251953e+01
1.552064609527587891e+01
1.636847686767578125e+01
1.673632049560546875e+01
1.678128242492675781e+01
1.714662170410156250e+01
1.728765678405761719e+01
1.860448837280273438e+01
1.940579223632812500e+01
2.001304435729980469e+01
2.069706726074218750e+01
2.198231887817382812e+01
2.291883277893066406e+01
2.260350608825683594e+01
2.284564971923828125e+01
2.339845275878906250e+01
2.314655303955078125e+01
2.191395378112792969e+01
1.951960945129394531e+01
1.773347854614257812e+01
1.509412574768066406e+01
1.407131195068359375e+01
1.428375244140625000e+01
1.368656444549560547e+01
1.474168395996093750e+01
1.570788097381591797e+01
1.594858455657958984e+01
1.644702339172363281e+01
1.687865638732910156e+01
1.654491233825683594e+01
1.748446846008300781e+01
1.716856765747070312e+01
1.836794662475585938e+01
1.917001724243164062e+01
2.051606178283691406e+01
2.111165428161621094e+01
2.180262947082519531e+01
2.199361610412597656e+01
2.167677879333496094e+01
2.141609573364257812e+01
2.086051559448242188e+01
1.852332305908203125e+01
1.991329193115234375e+01
1.793754959106445312e+01
1.679670333862304688e+01
1.480345439910888672e+01
1.469625949859619141e+01
1.404157829284667969e+01
1.477294540405273438e+01
1.563231945037841797e+01
1.551640987396240234e+01
1.591485404968261719e+01
1.678003311157226562e+01
1.635481834411621094e+01
1.649674606323242188e+01
1.698356056213378906e+01
1.728970146179199219e+01
1.738450431823730469e+01
1.878657531738281250e+01
1.867343902587890625e+01
1.857380676269531250e+01
1.952814102172851562e+01
1.860206413269042969e+01
1.837739753723144531e+01
1.806629753112792969e+01
1.821139335632324219e+01
1.737421035766601562e+01
1.700989913940429688e+01
1.590489101409912109e+01
1.565657424926757812e+01
1.477206611633300781e+01
1.604404830932617188e+01
1.549672603607177734e+01
1.590735530853271484e+01
1.598363876342773438e+01
1.624354934692382812e+01
1.614547729492187500e+01
1.651580810546875000e+01
1.707842254638671875e+01
1.711178398132324219e+01
1.813981056213378906e+01
1.838725471496582031e+01
1.952424240112304688e+01
1.996799278259277344e+01
2.029485893249511719e+01
2.214906692504882812e+01
2.164140319824218750e+01
2.213991355895996094e+01
2.184536361694335938e+01
2.175197601318359375e+01
2.027519989013671875e+01
1.958122062683105469e+01
1.803146171569824219e+01
1.916697883605957031e+01
1.775910949707031250e+01
1.830982398986816406e+01
1.849532127380371094e+01
1.871812248229980469e+01
1.920436096191406250e+01
1.982098197937011719e+01
1.955402183532714844e+01
1.977468299865722656e+01
1.971560859680175781e+01
2.087013053894042969e+01
2.098351287841796875e+01
2.135133743286132812e+01
2.179242324829101562e+01
2.258088684082031250e+01
2.321511650085449219e+01
2.336445808410644531e+01
2.368032073974609375e+01
2.351514816284179688e+01
2.349373817443847656e+01
2.340698814392089844e+01
2.188105583190917969e+01
2.051242446899414062e+01
2.009870147705078125e+01
1.980670738220214844e+01
1.912162971496582031e+01
1.894443130493164062e+01
1.955962753295898438e+01
1.938576889038085938e+01
1.851070785522460938e+01
1.907924079895019531e+01
2.027709197998046875e+01
2.054499053955078125e+01
2.074307632446289062e+01
2.145006752014160156e+01
2.156790924072265625e+01
2.233226966857910156e+01
2.310573387145996094e+01
2.418312644958496094e+01
2.448445701599121094e+01
2.489349937438964844e+01
2.506378555297851562e+01
2.545388984680175781e+01
2.581295013427734375e+01
2.527809906005859375e+01
2.436599349975585938e+01
2.224982643127441406e+01
2.084986495971679688e+01
1.859593772888183594e+01
1.804218292236328125e+01
1.718016624450683594e+01
1.845061492919921875e+01
1.892485237121582031e+01
1.967418098449707031e+01
1.913827133178710938e+01
2.019972038269042969e+01
2.019799041748046875e+01
2.052993774414062500e+01
2.147702217102050781e+01
2.221119117736816406e+01
2.245648574829101562e+01
2.355086326599121094e+01
2.467547607421875000e+01
2.533210182189941406e+01
2.576921463012695312e+01
2.584870529174804688e+01
2.577408599853515625e+01
2.572368621826171875e+01
2.554844856262207031e+01
2.506987190246582031e+01
2.337906837463378906e+01
2.255120086669921875e+01
2.126400947570800781e+01
1.985111999511718750e+01
1.873968315124511719e+01
1.843411445617675781e+01
1.973789215087890625e+01
2.061328125000000000e+01
2.115201377868652344e+01
2.165539169311523438e+01
2.224853515625000000e+01
2.262559700012207031e+01
2.299494934082031250e+01
2.300378608703613281e+01
2.393653869628906250e+01
2.423491477966308594e+01
2.473375129699707031e+01
2.505096626281738281e+01
2.541271018981933594e+01
2.556513404846191406e+01
2.551805114746093750e+01
2.517263412475585938e+01
2.504144859313964844e+01
2.412222862243652344e+01
2.336423492431640625e+01
2.150402069091796875e+01
1.897447967529296875e+01
1.817163848876953125e+01
1.756772613525390625e+01
1.756745338439941406e+01
1.763311958312988281e+01
1.784387397766113281e+01
1.817432975769042969e+01
1.858595466613769531e+01
1.864878654479980469e+01
1.997530937194824219e+01
1.946490669250488281e+01
2.014938354492187500e+01
2.138888359069824219e+01
2.212265014648437500e+01
2.356099319458007812e+01
2.482058334350585938e+01
2.562115287780761719e+01
2.562753486633300781e+01
2.559345817565917969e+01
2.556484031677246094e+01
2.521399497985839844e+01
2.349585533142089844e+01
2.209350967407226562e+01
1.945473861694335938e+01
1.859246063232421875e+01
1.657825279235839844e+01
1.648631095886230469e+01
1.707960128784179688e+01
1.823054695129394531e+01
1.816373062133789062e+01
1.866044616699218750e+01
1.914941024780273438e+01
1.944664573669433594e+01
1.943029022216796875e+01
2.018200683593750000e+01
2.088764953613281250e+01
2.203002548217773438e+01
2.253527832031250000e+01
2.412342453002929688e+01
2.495650863647460938e+01
2.536060905456542969e+01
2.547257614135742188e+01
2.537126541137695312e+01
2.503805732727050781e+01
2.409091186523437500e+01
2.342263031005859375e+01
2.108324623107910156e+01
1.933612060546875000e+01
1.776424407958984375e+01
1.624308395385742188e+01
1.658415031433105469e+01
1.692761993408203125e+01
1.712878799438476562e+01
1.756139755249023438e+01
1.804618263244628906e+01
1.859435272216796875e+01
1.865811729431152344e+01
1.941694641113281250e+01
1.899882698059082031e+01
2.031434249877929688e+01
2.037785720825195312e+01
2.110874748229980469e+01
2.242117309570312500e+01
2.355274391174316406e+01
2.442614936828613281e+01
2.498669052124023438e+01
2.458063507080078125e+01
2.450879669189453125e+01
2.417251205444335938e+01
2.035770225524902344e+01
1.949826622009277344e+01
1.679990196228027344e+01
1.621369934082031250e+01
1.459993934631347656e+01
1.493649291992187500e+01
1.573125648498535156e+01
1.591953372955322266e+01
1.618036651611328125e+01
1.692289543151855469e+01
1.796048355102539062e+01
1.846295356750488281e+01
1.829837799072265625e+01
1.958154678344726562e+01
2.060163116455078125e+01
2.117977905273437500e+01
2.199257087707519531e+01
2.285450172424316406e+01
2.347610855102539062e+01
2.419563293457031250e+01
2.451443481445312500e+01
2.410319137573242188e+01
2.327247047424316406e+01
2.186917304992675781e+01
2.220846939086914062e+01
1.744025421142578125e+01
1.428971290588378906e+01
1.483181095123291016e+01
1.475482273101806641e+01
1.550016212463378906e+01
1.692257308959960938e+01
1.620438957214355469e+01
1.671772956848144531e+01
1.787725448608398438e+01
1.774476432800292969e+01
1.770719528198242188e+01
1.827517318725585938e+01
1.858230018615722656e+01
1.954525756835937500e+01
1.998671340942382812e+01
2.144346809387207031e+01
2.255703163146972656e+01
2.305164718627929688e+01
2.317942428588867188e+01
2.218589019775390625e+01
2.127608489990234375e+01
2.044173049926757812e+01
2.026042938232421875e+01
1.745261001586914062e+01
1.750804138183593750e+01
1.571048641204833984e+01
1.386706161499023438e+01
1.385122585296630859e+01
1.453942298889160156e+01
1.542375087738037109e+01
1.536370944976806641e+01
1.652149200439453125e+01
1.681684494018554688e+01
1.729428863525390625e+01
1.716606330871582031e+01
1.837310981750488281e+01
1.796207427978515625e+01
1.830161666870117188e+01
1.932752227783203125e+01
2.064126968383789062e+01
2.123534774780273438e+01
2.142307281494140625e+01
2.223790740966796875e+01
2.067228507995605469e+01
2.148036766052246094e+01
1.980918884277343750e+01
1.979452896118164062e+01
1.890973663330078125e+01
1.815874862670898438e+01
1.750247383117675781e+01
1.712927246093750000e+01
1.727626037597656250e+01
1.754700088500976562e+01
1.772778320312500000e+01
1.802127456665039062e+01
1.806602287292480469e+01
1.766188621520996094e+01
1.766423416137695312e+01
1.855064392089843750e+01
1.832302093505859375e+01
1.885196113586425781e+01
1.974892807006835938e+01
1.998267173767089844e+01
2.057525062561035156e+01
2.108127975463867188e+01
2.116079711914062500e+01
2.116714859008789062e+01
2.071888542175292969e+01
2.053470420837402344e+01
1.928395843505859375e+01
1.852879333496093750e+01
1.715727233886718750e+01
1.739393424987792969e+01
1.718976974487304688e+01
1.669118881225585938e+01
1.641985511779785156e+01
1.694061088562011719e+01
1.724840354919433594e+01
1.638451957702636719e+01
1.619977951049804688e+01
1.623746490478515625e+01
1.627152061462402344e+01
1.638089942932128906e+01
1.623110008239746094e+01
1.637704277038574219e+01
1.632273483276367188e+01
1.654323387145996094e+01
1.706970596313476562e+01
1.799160766601562500e+01
1.801978683471679688e+01
1.729895019531250000e+01
1.853184127807617188e+01
1.854160308837890625e+01
1.655442810058593750e+01
1.719960021972656250e+01
1.763266754150390625e+01
1.672682762145996094e+01
1.572140789031982422e+01
1.445253467559814453e+01
1.409651565551757812e+01
1.461714649200439453e+01
1.480208015441894531e+01
1.552578639984130859e+01
1.584161090850830078e+01
1.597680664062500000e+01
1.647823143005371094e+01
1.764879417419433594e+01
1.808059692382812500e+01
1.828499794006347656e+01
1.879786109924316406e+01
1.961140251159667969e+01
1.945863151550292969e+01
2.031761741638183594e+01
1.985337066650390625e+01
2.036697387695312500e+01
2.015282249450683594e+01
1.893735885620117188e+01
1.832481193542480469e+01
1.777770805358886719e+01
1.592886829376220703e+01
1.556759834289550781e+01
1.548152256011962891e+01
1.478299713134765625e+01
1.414575862884521484e+01
1.540225124359130859e+01
1.575853443145751953e+01
1.576482009887695312e+01
1.563860988616943359e+01
1.559393596649169922e+01
1.662222480773925781e+01
1.777533912658691406e+01
1.548370170593261719e+01
1.656866836547851562e+01
1.642444419860839844e+01
1.847339630126953125e+01
1.986628150939941406e+01
2.003649330139160156e+01
1.993044090270996094e+01
1.950711822509765625e+01
2.013525962829589844e+01
1.926508712768554688e+01
1.940602874755859375e+01
1.792751312255859375e+01
1.808217430114746094e+01
1.685187911987304688e+01
1.610666084289550781e+01
1.586429786682128906e+01
1.547165584564208984e+01
1.589286327362060547e+01
1.658828735351562500e+01
1.538909816741943359e+01
1.683003044128417969e+01
1.638007926940917969e+01
1.657152175903320312e+01
1.629719734191894531e+01
1.663648605346679688e+01
1.775761985778808594e+01
1.735309791564941406e+01
1.881198310852050781e+01
1.948976707458496094e+01
2.003871536254882812e+01
1.979619407653808594e+01
2.010840988159179688e+01
1.943953323364257812e+01
1.873692512512207031e+01
1.774635314941406250e+01
1.766045379638671875e+01
1.718066978454589844e+01
1.597963714599609375e+01
1.564764785766601562e+01
1.383484077453613281e+01
1.430914211273193359e+01
1.428456783294677734e+01
1.591362190246582031e+01
1.510311889648437500e+01
1.536400699615478516e+01
1.611711883544921875e+01
1.560729598999023438e+01
1.752912139892578125e+01
1.724545097351074219e+01
1.839010810852050781e+01
1.843804550170898438e+01
1.982202720642089844e+01
1.923558616638183594e+01
1.980644607543945312e+01
1.910630607604980469e+01
1.974108886718750000e+01
1.636400413513183594e+01
1.990908432006835938e+01
1.821013832092285156e+01
1.685669708251953125e+01
1.629788208007812500e+01
1.455135917663574219e+01
1.429983139038085938e+01
1.350807380676269531e+01
1.391465854644775391e+01
1.514212131500244141e+01
1.480559444427490234e+01
1.619471931457519531e+01
1.529244518280029297e+01
1.589850616455078125e+01
1.580144119262695312e+01
1.697769737243652344e+01
1.605769729614257812e+01
1.642514991760253906e+01
1.681595230102539062e+01
1.793774223327636719e+01
1.767808341979980469e+01
1.752016067504882812e+01
1.958777999877929688e+01
1.813689994812011719e+01
1.798623275756835938e+01
2.006508064270019531e+01
1.713383483886718750e+01
1.853915023803710938e+01
1.552389335632324219e+01
1.517094039916992188e+01
1.510655975341796875e+01
1.368054962158203125e+01
1.449759674072265625e+01
1.595256805419921875e+01
1.540051841735839844e+01
1.575567626953125000e+01
1.684741401672363281e+01
1.623502159118652344e+01
1.770219993591308594e+01
1.703712272644042969e+01
1.863781166076660156e+01
1.770075988769531250e+01
1.912257957458496094e+01
2.011108016967773438e+01
2.046411705017089844e+01
2.115637016296386719e+01
2.026200866699218750e+01
2.078968811035156250e+01
2.000958251953125000e+01
1.957010841369628906e+01
1.898653793334960938e+01
1.693846511840820312e+01
1.687767028808593750e+01
1.503580665588378906e+01
1.543959999084472656e+01
1.511630058288574219e+01
1.677169990539550781e+01
1.656174087524414062e+01
1.790578842163085938e+01
1.745325851440429688e+01
1.870033836364746094e+01
1.851951217651367188e+01
1.959303855895996094e+01
1.929982566833496094e+01
2.024041938781738281e+01
1.991275596618652344e+01
2.034900093078613281e+01
2.068906784057617188e+01
2.057046318054199219e+01
2.137514877319335938e+01
2.218270301818847656e+01
2.240585899353027344e+01
2.317893600463867188e+01
2.304972267150878906e+01
2.228735733032226562e+01
1.784378051757812500e+01
1.755032157897949219e+01
1.783960723876953125e+01
1.821575736999511719e+01
1.708170318603515625e+01
1.809247398376464844e+01
1.818235397338867188e+01
1.796401214599609375e+01
1.847016525268554688e+01
1.937047195434570312e+01
1.994260215759277344e+01
2.068232345581054688e+01
2.078133201599121094e+01
2.143144989013671875e+01
2.230823135375976562e+01
2.251337051391601562e+01
2.295195007324218750e+01
2.412767791748046875e+01
2.403671646118164062e+01
2.410962104797363281e+01
2.355192565917968750e+01
2.213351440429687500e+01
2.178279876708984375e+01
2.109613418579101562e+01
1.929055976867675781e+01
1.795666503906250000e+01
1.807718467712402344e+01
1.636630439758300781e+01
1.612567901611328125e+01
1.622835159301757812e+01
1.727135276794433594e+01
1.763886451721191406e+01
1.858828353881835938e+01
1.872252082824707031e+01
1.843522071838378906e+01
1.973097419738769531e+01
2.003774070739746094e+01
2.050345611572265625e+01
2.144413757324218750e+01
2.210059928894042969e+01
2.277505302429199219e+01
2.332464981079101562e+01
2.384058380126953125e+01
2.322892951965332031e+01
2.367175674438476562e+01
2.204528045654296875e+01
2.132299041748046875e+01
2.017667007446289062e+01
1.956478691101074219e+01
1.680174255371093750e+01
1.719517135620117188e+01
1.596272087097167969e+01
1.633766174316406250e+01
1.528062820434570312e+01
1.627501106262207031e+01
1.616991996765136719e+01
1.698891258239746094e+01
1.794445037841796875e+01
1.766218757629394531e+01
1.844008064270019531e+01
1.921605682373046875e+01
1.974101066589355469e+01
2.087721824645996094e+01
2.128232955932617188e+01
2.209086799621582031e+01
2.266239166259765625e+01
2.287909317016601562e+01
2.279041862487792969e+01
2.252143478393554688e+01
2.185911369323730469e+01
2.064592170715332031e+01
1.914705276489257812e+01
1.688709068298339844e+01
1.612803459167480469e+01
1.582019615173339844e+01
1.482445240020751953e+01
1.586209869384765625e+01
1.544318103790283203e+01
1.658683967590332031e+01
1.631637763977050781e+01
1.723881721496582031e+01
1.728450775146484375e+01
1.847888565063476562e+01
1.844021987915039062e+01
1.930766296386718750e+01
2.020711708068847656e+01
2.110982513427734375e+01
2.171113967895507812e+01
2.251977539062500000e+01
2.303656196594238281e+01
2.323227119445800781e+01
2.298190879821777344e+01
2.329546165466308594e+01
2.264624977111816406e+01
2.233737754821777344e+01
2.041700172424316406e+01
1.908676719665527344e+01
1.946066093444824219e+01
1.799590682983398438e+01
1.654047966003417969e+01
1.457578182220458984e+01
1.515328121185302734e+01
1.572239685058593750e+01
1.636104393005371094e+01
1.803985786437988281e+01
1.666944885253906250e+01
1.736942291259765625e+01
1.769519042968750000e+01
1.836147880554199219e+01
1.944933700561523438e+01
1.988615608215332031e+01
2.091561126708984375e+01
2.181401634216308594e+01
2.232489395141601562e+01
2.254065132141113281e+01
2.309992027282714844e+01
2.288113594055175781e+01
2.234897232055664062e+01
2.237226486206054688e+01
2.185916137695312500e+01
2.033647918701171875e+01
1.973340225219726562e+01
1.870332527160644531e+01
1.753849029541015625e+01
1.813407707214355469e+01
1.806617736816406250e+01
1.890247344970703125e+01
2.016339874267578125e+01
2.029834938049316406e+01
1.996158599853515625e+01
1.877163314819335938e+01
1.939984893798828125e+01
1.872876930236816406e+01
1.996239852905273438e+01
2.055125808715820312e+01
2.031875991821289062e+01
2.078917884826660156e+01
2.149035453796386719e+01
2.063096427917480469e+01
2.204488945007324219e+01
2.115152931213378906e+01
2.129397964477539062e+01
2.118927764892578125e+01
1.823236656188964844e+01
1.892195129394531250e+01
1.904830932617187500e+01
1.970698738098144531e+01
1.848053169250488281e+01
1.918958854675292969e+01
1.863773155212402344e+01
1.916539192199707031e+01
1.839848899841308594e+01
1.893782806396484375e+01
1.857340049743652344e+01
1.781347656250000000e+01
1.826379966735839844e+01
1.820635414123535156e+01
1.829148101806640625e+01
1.812958717346191406e+01
1.971761322021484375e+01
2.010820388793945312e+01
2.091085815429687500e+01
2.152526664733886719e+01
2.212900161743164062e+01
2.057345008850097656e+01
1.982432556152343750e+01
2.130578613281250000e+01
2.022482872009277344e+01
1.835008049011230469e+01
1.815431594848632812e+01
1.670014381408691406e+01
1.748093223571777344e+01
1.553445911407470703e+01
1.645610046386718750e+01
1.671819114685058594e+01
1.732722473144531250e+01
1.705804443359375000e+01
1.717745971679687500e+01
1.792778015136718750e+01
1.703190994262695312e+01
1.846761512756347656e+01
1.913080787658691406e+01
2.078258705139160156e+01
2.118763351440429688e+01
2.241886329650878906e+01
2.248299598693847656e+01
2.279574203491210938e+01
2.344272422790527344e+01
2.261448287963867188e+01
2.129980659484863281e+01
2.166908073425292969e+01
1.947516822814941406e+01
1.766042137145996094e+01
1.619548988342285156e+01
1.602899169921875000e+01
1.459147644042968750e+01
1.562505912780761719e+01
1.646956825256347656e+01
1.699474906921386719e+01
1.706520271301269531e+01
1.711541938781738281e+01
1.817784690856933594e+01
1.912666320800781250e+01
1.881951904296875000e+01
2.006266021728515625e+01
2.039426612854003906e+01
2.070949172973632812e+01
2.168496704101562500e+01
2.221177482604980469e+01
2.241395950317382812e+01
2.207147407531738281e+01
2.235491943359375000e+01
2.233059310913085938e+01
2.067090988159179688e+01
2.002954101562500000e+01
1.921543312072753906e+01
1.802264213562011719e+01
1.572962474822998047e+01
1.559232234954833984e+01
1.353082180023193359e+01
1.428001880645751953e+01
1.541185474395751953e+01
1.614322662353515625e+01
1.724680137634277344e+01
1.679269409179687500e+01
1.809070205688476562e+01
1.820496559143066406e+01
1.874572563171386719e+01
1.900076866149902344e+01
1.943911552429199219e+01
1.944725799560546875e+01
2.059244155883789062e+01
2.026408004760742188e+01
2.039152717590332031e+01
1.997354888916015625e+01
2.098776054382324219e+01
2.206056594848632812e+01
2.040339660644531250e+01
2.104032516479492188e+01
2.060665702819824219e+01
1.886532592773437500e+01
1.805172348022460938e+01
1.624185562133789062e+01
1.606685829162597656e+01
1.578884983062744141e+01
1.629928207397460938e+01
1.765773200988769531e+01
1.740116500854492188e+01
1.775561714172363281e+01
1.749752426147460938e+01
1.734304237365722656e+01
1.835103607177734375e+01
1.845086860656738281e+01
1.965690231323242188e+01
1.992203521728515625e+01
2.107112693786621094e+01
2.161778640747070312e+01
2.133528327941894531e+01
2.171860313415527344e+01
2.190912055969238281e+01
2.130463409423828125e+01
2.139577674865722656e+01
1.927812576293945312e+01
1.978854370117187500e+01
1.819321441650390625e+01
1.698421669006347656e+01
1.689781951904296875e+01
1.651877403259277344e+01
1.616021347045898438e+01
1.613040542602539062e+01
1.661061096191406250e+01
1.797132873535156250e+01
1.751108360290527344e+01
1.768304252624511719e+01
1.783513069152832031e+01
1.912718582153320312e+01
1.902709007263183594e+01
1.961000633239746094e+01
2.050867080688476562e+01
2.053509140014648438e+01
2.088431358337402344e+01
2.063430976867675781e+01
2.055267524719238281e+01
2.096675872802734375e+01
2.126001548767089844e+01
1.966015243530273438e+01
2.088212585449218750e+01
1.975102424621582031e+01
1.972497749328613281e+01
1.753699302673339844e+01
1.728029251098632812e+01
1.594471931457519531e+01
1.529373359680175781e+01
1.671321296691894531e+01
1.694929885864257812e+01
1.795674324035644531e+01
1.855271720886230469e+01
1.850370597839355469e+01
1.841444015502929688e+01
1.953529930114746094e+01
1.984407997131347656e+01
2.029875564575195312e+01
2.130290412902832031e+01
2.237160873413085938e+01
2.256602287292480469e+01
2.242306137084960938e+01
2.233119392395019531e+01
2.218203926086425781e+01
2.258090209960937500e+01
2.282174682617187500e+01
2.223513221740722656e+01
2.041850471496582031e+01
1.925570297241210938e+01
2.070315551757812500e+01
1.791168403625488281e+01
1.951716041564941406e+01
1.735569953918457031e+01
1.829285621643066406e+01
1.795199775695800781e+01
1.848186111450195312e+01
1.830675125122070312e+01
1.949970626831054688e+01
2.051988410949707031e+01
2.101081657409667969e+01
2.206078529357910156e+01
2.256678009033203125e+01
2.329168701171875000e+01
2.355688095092773438e+01
2.383455467224121094e+01
2.338690567016601562e+01
2.362333869934082031e+01
2.154820060729980469e+01
2.198850822448730469e+01
2.144873619079589844e+01
2.015434837341308594e+01
1.919806480407714844e+01
1.692161750793457031e+01
1.465010929107666016e+01
1.478008747100830078e+01
1.527696323394775391e+01
1.657370567321777344e+01
1.680069541931152344e+01
1.752568244934082031e+01
1.814791297912597656e+01
1.766576766967773438e+01
1.920834159851074219e+01
1.949514770507812500e+01
2.063597297668457031e+01
2.214386749267578125e+01
2.248145866394042969e+01
2.228084564208984375e+01
2.217801284790039062e+01
2.217431640625000000e+01
2.104302024841308594e+01
2.003625488281250000e+01
1.972364425659179688e+01
1.943894386291503906e+01
1.724258232116699219e+01
1.674641227722167969e+01
1.474964046478271484e+01
1.477861881256103516e+01
1.424844837188720703e+01
1.451716327667236328e+01
1.455734539031982422e+01
1.563266181945800781e+01
1.588917350769042969e+01
1.576412773132324219e+01
1.678689384460449219e+01
1.709008598327636719e+01
1.759801864624023438e+01
1.782058143615722656e+01
1.869301795959472656e+01
1.803466415405273438e+01
1.900429725646972656e+01
1.853686904907226562e+01
1.883489990234375000e+01
1.720905494689941406e+01
1.774440193176269531e+01
1.729644012451171875e+01
1.565996170043945312e+01
1.609304428100585938e+01
1.547737979888916016e+01
1.629375648498535156e+01
1.645667648315429688e+01
1.518718242645263672e+01
1.521939563751220703e+01
1.474587440490722656e+01
1.559944248199462891e+01
1.398651313781738281e+01
1.579405307769775391e+01
1.625313377380371094e+01
1.615868377685546875e+01
1.753933334350585938e+01
1.720481300354003906e+01
1.857131195068359375e+01
1.900277519226074219e+01
1.988010978698730469e+01
2.082896614074707031e+01
2.027824974060058594e+01
2.131744194030761719e+01
1.944543647766113281e+01
1.972407913208007812e+01
1.864486694335937500e+01
1.893419456481933594e+01
1.704009628295898438e+01
1.680071640014648438e+01
1.550168991088867188e+01
1.453220558166503906e+01
1.300377845764160156e+01
1.350982856750488281e+01
1.419979763031005859e+01
1.565664482116699219e+01
1.494935417175292969e+01
1.663478088378906250e+01
1.617549324035644531e+01
1.656662368774414062e+01
1.708259963989257812e+01
1.737276840209960938e+01
1.722484397888183594e+01
1.979917716979980469e+01
1.827660560607910156e+01
