1.485186195373535156e+01
1.538875961303710938e+01
1.503464508056640625e+01
1.430485630035400391e+01
1.381180477142333984e+01
1.375152301788330078e+01
1.334807586669921875e+01
1.262240028381347656e+01
1.276734066009521484e+01
1.365867233276367188e+01
1.452579879760742188e+01
1.445335197448730469e+01
1.372208499908447266e+01
1.360408306121826172e+01
1.509520339965820312e+01
1.621427345275878906e+01
1.631602287292480469e+01
1.615151596069335938e+01
1.581118965148925781e+01
1.554478740692138672e+01
1.551215839385986328e+01
1.513672733306884766e+01
1.523543548583984375e+01
1.510384464263916016e+01
1.501390075683593750e+01
1.519590473175048828e+01
1.515450763702392578e+01
1.471661281585693359e+01
1.433503341674804688e+01
1.426272201538085938e+01
1.355305099487304688e+01
1.272896099090576172e+01
1.194025135040283203e+01
1.156070613861083984e+01
1.067592239379882812e+01
1.123655986785888672e+01
1.121384143829345703e+01
1.151322650909423828e+01
1.182018375396728516e+01
1.179885005950927734e+01
1.219045352935791016e+01
1.261737728118896484e+01
1.269669723510742188e+01
1.328650856018066406e+01
1.352504444122314453e+01
1.408509063720703125e+01
1.480873680114746094e+01
1.436354160308837891e+01
1.395487785339355469e+01
1.329084587097167969e+01
1.485800933837890625e+01
1.480521488189697266e+01
1.436651897430419922e+01
1.410137367248535156e+01
1.372714233398437500e+01
1.389433383941650391e+01
1.458071422576904297e+01
1.478117370605468750e+01
1.466465854644775391e+01
1.460529041290283203e+01
1.403446674346923828e+01
1.392980194091796875e+01
1.423948669433593750e+01
1.420818233489990234e+01
1.457437324523925781e+01
1.533132076263427734e+01
1.535060501098632812e+01
1.462798404693603516e+01
1.512510013580322266e+01
1.528180789947509766e+01
1.539580345153808594e+01
1.532798480987548828e+01
1.628849411010742188e+01
1.641330337524414062e+01
1.653198814392089844e+01
1.564068889617919922e+01
1.578423500061035156e+01
1.458019542694091797e+01
1.415094280242919922e+01
1.421748733520507812e+01
1.454693508148193359e+01
1.501399040222167969e+01
1.526986694335937500e+01
1.536410331726074219e+01
1.506046581268310547e+01
1.519635486602783203e+01
1.540322113037109375e+01
1.547146987915039062e+01
1.518795394897460938e+01
1.417480850219726562e+01
1.398811054229736328e+01
1.429147529602050781e+01
1.454368877410888672e+01
1.526579856872558594e+01
1.556722640991210938e+01
1.584780979156494141e+01
1.582887935638427734e+01
1.584319400787353516e+01
1.572167491912841797e+01
1.526104450225830078e+01
1.506949520111083984e+01
1.491465282440185547e+01
1.488619613647460938e+01
1.454168415069580078e+01
1.404608726501464844e+01
1.363750362396240234e+01
1.198327922821044922e+01
1.180146884918212891e+01
1.105031490325927734e+01
1.106511116027832031e+01
1.086910152435302734e+01
1.044005584716796875e+01
1.072473812103271484e+01
9.626173019409179688e+00
9.690400123596191406e+00
9.456108093261718750e+00
9.886653900146484375e+00
1.035058593750000000e+01
1.070158672332763672e+01
1.118418121337890625e+01
1.228048038482666016e+01
1.236392498016357422e+01
1.246996974945068359e+01
1.253232860565185547e+01
1.251351642608642578e+01
1.280021572113037109e+01
1.208041858673095703e+01
1.208825683593750000e+01
1.226239490509033203e+01
1.237715721130371094e+01
1.244697284698486328e+01
1.301853752136230469e+01
1.315233135223388672e+01
1.380738449096679688e+01
1.418020343780517578e+01
1.458502006530761719e+01
1.475158691406250000e+01
1.477386093139648438e+01
1.521435451507568359e+01
1.541780948638916016e+01
1.598064422607421875e+01
1.609078979492187500e+01
1.565830421447753906e+01
1.507496547698974609e+01
1.490271282196044922e+01
1.490406036376953125e+01
1.520504474639892578e+01
1.556372261047363281e+01
1.565295410156250000e+01
1.545202064514160156e+01
1.521449375152587891e+01
1.515774536132812500e+01
1.535183811187744141e+01
1.567051792144775391e+01
1.575135993957519531e+01
1.582206535339355469e+01
1.583436965942382812e+01
1.618065834045410156e+01
1.658016395568847656e+01
1.671060943603515625e+01
1.692687606811523438e+01
1.665498161315917969e+01
1.675358963012695312e+01
1.663098907470703125e+01
1.667794227600097656e+01
1.679941558837890625e+01
1.676640510559082031e+01
1.677551460266113281e+01
1.748971557617187500e+01
1.754574966430664062e+01
1.777291870117187500e+01
1.763159561157226562e+01
1.713953208923339844e+01
1.601346969604492188e+01
1.609008789062500000e+01
1.520244216918945312e+01
1.520970153808593750e+01
1.565843391418457031e+01
1.584682083129882812e+01
1.574398136138916016e+01
1.538035678863525391e+01
1.490714073181152344e+01
1.460631084442138672e+01
1.463354969024658203e+01
1.432858467102050781e+01
1.425249290466308594e+01
1.432621002197265625e+01
1.477742385864257812e+01
1.475014591217041016e+01
1.436062812805175781e+01
1.405024528503417969e+01
1.459419345855712891e+01
1.488472843170166016e+01
1.471129417419433594e+01
1.444390296936035156e+01
1.460283470153808594e+01
1.455473327636718750e+01
1.388483905792236328e+01
1.386868858337402344e+01
1.375699806213378906e+01
1.382523727416992188e+01
1.368959712982177734e+01
1.339035129547119141e+01
1.336506557464599609e+01
1.349001407623291016e+01
1.329389858245849609e+01
1.328446960449218750e+01
1.334426498413085938e+01
1.335287284851074219e+01
1.370352840423583984e+01
1.402903366088867188e+01
1.408937644958496094e+01
1.423658752441406250e+01
1.436479473114013672e+01
1.495373344421386719e+01
1.508192253112792969e+01
1.516085052490234375e+01
1.497842025756835938e+01
1.493425083160400391e+01
1.490626430511474609e+01
1.489039039611816406e+01
1.491556644439697266e+01
1.491683292388916016e+01
1.398217201232910156e+01
1.356504917144775391e+01
1.383217525482177734e+01
1.377256774902343750e+01
1.352623271942138672e+01
1.320774650573730469e+01
1.423030090332031250e+01
1.419213771820068359e+01
1.425119113922119141e+01
1.440252494812011719e+01
1.422204589843750000e+01
1.450727367401123047e+01
1.456938171386718750e+01
1.473734188079833984e+01
1.528838253021240234e+01
1.578571224212646484e+01
1.559854507446289062e+01
1.662730407714843750e+01
1.703288269042968750e+01
1.547636604309082031e+01
1.622662734985351562e+01
1.508123970031738281e+01
1.462673568725585938e+01
1.486748695373535156e+01
1.525456905364990234e+01
1.517041873931884766e+01
1.494674301147460938e+01
1.504975605010986328e+01
1.499298954010009766e+01
1.492481327056884766e+01
1.439224052429199219e+01
1.403422164916992188e+01
1.398577785491943359e+01
1.418691539764404297e+01
1.373642635345458984e+01
1.399727153778076172e+01
1.414152431488037109e+01
1.429518127441406250e+01
1.425007915496826172e+01
1.419600391387939453e+01
1.410262966156005859e+01
1.406250667572021484e+01
1.398086643218994141e+01
1.357553768157958984e+01
1.309294414520263672e+01
1.313051795959472656e+01
1.243700504302978516e+01
1.091658401489257812e+01
9.142592430114746094e+00
9.816844940185546875e+00
1.002568149566650391e+01
1.013012409210205078e+01
1.018730831146240234e+01
1.018164062500000000e+01
1.003861618041992188e+01
1.021255779266357422e+01
1.001505374908447266e+01
1.064255523681640625e+01
1.085325336456298828e+01
7.449286460876464844e+00
2.323288726806640625e+01
2.349082756042480469e+01
2.364850425720214844e+01
2.372870063781738281e+01
2.319019126892089844e+01
9.429267883300781250e+00
1.286426162719726562e+01
1.329669666290283203e+01
1.304760932922363281e+01
1.317613410949707031e+01
1.458953857421875000e+01
1.497478294372558594e+01
1.473866844177246094e+01
1.501466178894042969e+01
1.516547679901123047e+01
1.520389842987060547e+01
1.494143581390380859e+01
1.476363277435302734e+01
1.490846443176269531e+01
1.496429443359375000e+01
1.506054210662841797e+01
1.515612411499023438e+01
1.499936103820800781e+01
1.489362239837646484e+01
1.457592773437500000e+01
1.419563007354736328e+01
1.412627410888671875e+01
1.405955791473388672e+01
1.412475013732910156e+01
1.408029651641845703e+01
1.391442298889160156e+01
1.387374496459960938e+01
1.375170993804931641e+01
1.314002513885498047e+01
1.292931652069091797e+01
1.270550155639648438e+01
1.200963592529296875e+01
1.211782169342041016e+01
1.219918346405029297e+01
1.232115840911865234e+01
1.229192066192626953e+01
1.230607795715332031e+01
1.236661052703857422e+01
1.277927780151367188e+01
1.263264179229736328e+01
1.316522598266601562e+01
1.312857437133789062e+01
1.311043930053710938e+01
1.295948505401611328e+01
1.279745388031005859e+01
1.218311691284179688e+01
1.208125305175781250e+01
1.182705020904541016e+01
1.222908401489257812e+01
1.288132762908935547e+01
1.296784114837646484e+01
1.281874561309814453e+01
1.235257339477539062e+01
1.178688907623291016e+01
1.115859985351562500e+01
1.077118873596191406e+01
1.089996242523193359e+01
1.165722179412841797e+01
1.222543048858642578e+01
1.231656551361083984e+01
1.211944389343261719e+01
1.218881607055664062e+01
1.243352603912353516e+01
1.243597602844238281e+01
1.236957073211669922e+01
1.257425498962402344e+01
1.270403194427490234e+01
1.268235397338867188e+01
1.276068305969238281e+01
1.272578239440917969e+01
1.292001628875732422e+01
1.285018920898437500e+01
1.292059421539306641e+01
1.283386421203613281e+01
1.277114963531494141e+01
1.269052028656005859e+01
1.261294937133789062e+01
1.259381866455078125e+01
1.267030143737792969e+01
1.212361907958984375e+01
1.213017272949218750e+01
1.204542732238769531e+01
1.145335483551025391e+01
1.120748329162597656e+01
1.117125225067138672e+01
1.051337718963623047e+01
9.439008712768554688e+00
1.010322475433349609e+01
9.750393867492675781e+00
9.633273124694824219e+00
9.859473228454589844e+00
1.063368415832519531e+01
2.372350120544433594e+01
2.369983673095703125e+01
2.357506561279296875e+01
2.345122718811035156e+01
2.331764221191406250e+01
2.343002128601074219e+01
2.337921714782714844e+01
2.299870681762695312e+01
2.279205322265625000e+01
2.278293991088867188e+01
2.233329010009765625e+01
2.173118019104003906e+01
2.230343818664550781e+01
2.249253082275390625e+01
2.223128890991210938e+01
2.205088424682617188e+01
2.187474060058593750e+01
2.207546997070312500e+01
2.213487815856933594e+01
2.195037460327148438e+01
2.165968513488769531e+01
1.856278419494628906e+01
9.695707321166992188e+00
1.046224689483642578e+01
1.108108711242675781e+01
1.091004467010498047e+01
1.171551799774169922e+01
1.120819282531738281e+01
1.102607536315917969e+01
1.049327278137207031e+01
1.085445785522460938e+01
1.072095870971679688e+01
9.551098823547363281e+00
8.395150184631347656e+00
7.990036487579345703e+00
8.090773582458496094e+00
8.631696701049804688e+00
7.717281341552734375e+00
7.727136135101318359e+00
8.750954627990722656e+00
9.850241661071777344e+00
9.233991622924804688e+00
1.474940967559814453e+01
1.780812454223632812e+01
1.328619384765625000e+01
9.509402275085449219e+00
1.082423877716064453e+01
1.047840785980224609e+01
1.185560226440429688e+01
1.191104125976562500e+01
1.195239353179931641e+01
1.217215061187744141e+01
1.234217929840087891e+01
1.245247650146484375e+01
1.236393928527832031e+01
1.311382865905761719e+01
1.296157550811767578e+01
1.307112503051757812e+01
1.314463996887207031e+01
1.333015155792236328e+01
1.308529186248779297e+01
1.322203445434570312e+01
1.313347339630126953e+01
1.366065216064453125e+01
1.381191635131835938e+01
1.344686889648437500e+01
1.323661327362060547e+01
1.349935531616210938e+01
1.387623977661132812e+01
1.390153980255126953e+01
1.392174816131591797e+01
1.385916328430175781e+01
1.386751937866210938e+01
1.368693351745605469e+01
1.365922355651855469e+01
1.343694877624511719e+01
1.355117416381835938e+01
1.409348392486572266e+01
1.422802639007568359e+01
1.475207233428955078e+01
1.533911132812500000e+01
1.537690162658691406e+01
1.515505695343017578e+01
1.369066619873046875e+01
1.330849647521972656e+01
1.377332496643066406e+01
1.443819427490234375e+01
1.410755348205566406e+01
1.379893207550048828e+01
1.294058418273925781e+01
1.251961612701416016e+01
1.240237140655517578e+01
1.198763847351074219e+01
1.157236480712890625e+01
1.211793231964111328e+01
1.193948078155517578e+01
1.248067855834960938e+01
1.279221439361572266e+01
1.290944576263427734e+01
1.389281177520751953e+01
1.455539417266845703e+01
1.467242240905761719e+01
1.467693519592285156e+01
1.470517539978027344e+01
1.459874439239501953e+01
1.430481815338134766e+01
1.408174419403076172e+01
1.427975273132324219e+01
1.440151596069335938e+01
1.471860790252685547e+01
1.489063549041748047e+01
1.516120433807373047e+01
1.539295005798339844e+01
1.549145984649658203e+01
1.593459224700927734e+01
1.546318435668945312e+01
1.508904457092285156e+01
1.488322257995605469e+01
1.481074142456054688e+01
1.481450271606445312e+01
1.473996353149414062e+01
1.467640781402587891e+01
1.514748382568359375e+01
1.557294940948486328e+01
1.558861446380615234e+01
1.514162063598632812e+01
1.449180507659912109e+01
1.439586734771728516e+01
1.445747089385986328e+01
1.402842712402343750e+01
1.319501972198486328e+01
1.267635917663574219e+01
1.302119255065917969e+01
1.285389995574951172e+01
1.312936210632324219e+01
1.338497829437255859e+01
1.386397361755371094e+01
1.397560787200927734e+01
1.453936958312988281e+01
1.446407413482666016e+01
1.467537307739257812e+01
1.496329021453857422e+01
1.561990356445312500e+01
1.531993293762207031e+01
1.505719757080078125e+01
1.527297210693359375e+01
1.527188682556152344e+01
1.510444259643554688e+01
1.633381080627441406e+01
1.627068901062011719e+01
1.735140228271484375e+01
1.599840259552001953e+01
1.461138343811035156e+01
1.359879398345947266e+01
1.385367298126220703e+01
1.365011024475097656e+01
1.402052021026611328e+01
1.394895744323730469e+01
1.384966087341308594e+01
1.384804248809814453e+01
1.308208847045898438e+01
1.323497867584228516e+01
1.360806941986083984e+01
1.363010978698730469e+01
1.322762393951416016e+01
1.321195793151855469e+01
1.351487445831298828e+01
1.381537342071533203e+01
1.388514614105224609e+01
1.384180545806884766e+01
1.376068878173828125e+01
1.435191726684570312e+01
1.441141891479492188e+01
1.503888607025146484e+01
1.526511859893798828e+01
1.526465320587158203e+01
1.438587856292724609e+01
1.334268474578857422e+01
1.191117858886718750e+01
1.186600494384765625e+01
1.167586517333984375e+01
1.168432426452636719e+01
1.243259143829345703e+01
1.239833068847656250e+01
1.336448001861572266e+01
1.339270591735839844e+01
1.247647953033447266e+01
1.232941532135009766e+01
1.231342601776123047e+01
1.231546974182128906e+01
1.192599773406982422e+01
1.214755153656005859e+01
1.194300842285156250e+01
1.235969638824462891e+01
1.247358226776123047e+01
1.228541564941406250e+01
1.272949981689453125e+01
1.279283428192138672e+01
1.254684829711914062e+01
1.264974594116210938e+01
1.265467834472656250e+01
1.244948959350585938e+01
1.153571033477783203e+01
1.143210411071777344e+01
1.146188831329345703e+01
1.147456169128417969e+01
1.140942955017089844e+01
1.154588794708251953e+01
9.969336509704589844e+00
1.022365856170654297e+01
8.878535270690917969e+00
8.579666137695312500e+00
7.904567718505859375e+00
8.025473594665527344e+00
7.270752429962158203e+00
6.887511253356933594e+00
6.197400093078613281e+00
6.825224876403808594e+00
6.869860172271728516e+00
7.438827514648437500e+00
7.581317901611328125e+00
1.755741691589355469e+01
1.480173397064208984e+01
1.215820789337158203e+01
1.064764213562011719e+01
9.915623664855957031e+00
4.774053573608398438e+00
4.798972129821777344e+00
5.424320220947265625e+00
5.751988410949707031e+00
5.334309577941894531e+00
6.506081104278564453e+00
6.930821418762207031e+00
7.699504852294921875e+00
5.701869964599609375e+00
5.646597862243652344e+00
6.203040599822998047e+00
7.470551490783691406e+00
8.997256278991699219e+00
7.903720378875732422e+00
9.790168762207031250e+00
9.995570182800292969e+00
1.020161342620849609e+01
1.138490104675292969e+01
1.138102531433105469e+01
1.156175804138183594e+01
1.159628677368164062e+01
1.158066844940185547e+01
1.078649330139160156e+01
1.069846820831298828e+01
1.059287738800048828e+01
1.078100204467773438e+01
1.080250263214111328e+01
1.071562290191650391e+01
1.086510276794433594e+01
1.082611465454101562e+01
1.088758087158203125e+01
1.099673652648925781e+01
1.105543518066406250e+01
1.109977626800537109e+01
1.113657188415527344e+01
1.119598102569580078e+01
1.111750793457031250e+01
1.114084529876708984e+01
1.132109355926513672e+01
1.154335308074951172e+01
1.175740909576416016e+01
1.183215618133544922e+01
1.269069576263427734e+01
1.255238437652587891e+01
1.281521415710449219e+01
1.301970291137695312e+01
1.219699859619140625e+01
1.236069393157958984e+01
1.225138378143310547e+01
1.161879348754882812e+01
1.170614242553710938e+01
1.171465873718261719e+01
1.169493579864501953e+01
1.161914348602294922e+01
1.171552562713623047e+01
1.151951026916503906e+01
1.181974983215332031e+01
1.256059932708740234e+01
1.283425235748291016e+01
1.265028667449951172e+01
1.297795581817626953e+01
1.237375259399414062e+01
1.133016490936279297e+01
1.121373939514160156e+01
1.182626247406005859e+01
1.244687652587890625e+01
1.241751670837402344e+01
1.225250911712646484e+01
1.227644634246826172e+01
1.218701744079589844e+01
1.056282711029052734e+01
1.004411506652832031e+01
9.148484230041503906e+00
9.464856147766113281e+00
8.212580680847167969e+00
8.302938461303710938e+00
7.812903881072998047e+00
6.409684658050537109e+00
5.570940017700195312e+00
4.978631019592285156e+00
4.332848548889160156e+00
3.990393638610839844e+00
3.551468849182128906e+00
3.504705429077148438e+00
1.752394294738769531e+01
1.738527297973632812e+01
1.770384979248046875e+01
1.788385200500488281e+01
1.815686225891113281e+01
1.857276153564453125e+01
1.874637031555175781e+01
1.897672080993652344e+01
1.901441574096679688e+01
1.916993713378906250e+01
1.889706611633300781e+01
1.875867462158203125e+01
1.875892257690429688e+01
1.869288063049316406e+01
1.881520080566406250e+01
1.884994125366210938e+01
1.880397796630859375e+01
1.877039527893066406e+01
1.871427154541015625e+01
1.882106018066406250e+01
1.876958084106445312e+01
1.873685646057128906e+01
1.870276451110839844e+01
1.866116142272949219e+01
1.862982749938964844e+01
1.827479362487792969e+01
1.713479614257812500e+01
1.538110160827636719e+01
1.252657508850097656e+01
8.640964508056640625e+00
6.170727729797363281e+00
5.351666450500488281e+00
4.762949943542480469e+00
4.829710960388183594e+00
5.347043037414550781e+00
5.081894874572753906e+00
4.281011581420898438e+00
4.912911415100097656e+00
4.816361427307128906e+00
4.506741523742675781e+00
4.302362442016601562e+00
8.478929519653320312e+00
1.710637092590332031e+01
1.698386764526367188e+01
1.609132575988769531e+01
1.523592376708984375e+01
1.388816928863525391e+01
1.113585758209228516e+01
7.858548641204833984e+00
5.517667770385742188e+00
5.091705322265625000e+00
6.095641136169433594e+00
7.369740962982177734e+00
7.460123062133789062e+00
8.206703186035156250e+00
8.854810714721679688e+00
8.850451469421386719e+00
9.226085662841796875e+00
8.208144187927246094e+00
6.349984169006347656e+00
5.944291591644287109e+00
4.926059722900390625e+00
4.762539863586425781e+00
4.264695167541503906e+00
4.563541412353515625e+00
4.270039558410644531e+00
4.372348785400390625e+00
4.411210060119628906e+00
5.023750305175781250e+00
5.238676071166992188e+00
4.852396965026855469e+00
5.229214668273925781e+00
5.960950851440429688e+00
5.763134956359863281e+00
6.210888385772705078e+00
6.089879989624023438e+00
7.821954727172851562e+00
7.383645534515380859e+00
9.131741523742675781e+00
8.979617118835449219e+00
9.549436569213867188e+00
8.757361412048339844e+00
8.925901412963867188e+00
8.219920158386230469e+00
7.438457965850830078e+00
7.615940570831298828e+00
7.792548656463623047e+00
8.216638565063476562e+00
9.626590728759765625e+00
8.300290107727050781e+00
8.734340667724609375e+00
8.489150047302246094e+00
8.623742103576660156e+00
8.430342674255371094e+00
8.738029479980468750e+00
8.510970115661621094e+00
9.843681335449218750e+00
8.884960174560546875e+00
9.850838661193847656e+00
1.045626831054687500e+01
1.065863513946533203e+01
1.051158142089843750e+01
1.098848056793212891e+01
1.125247764587402344e+01
1.067606830596923828e+01
1.123571491241455078e+01
1.086328125000000000e+01
9.799014091491699219e+00
8.796449661254882812e+00
8.136463165283203125e+00
8.372141838073730469e+00
9.379834175109863281e+00
9.352128028869628906e+00
9.989383697509765625e+00
9.684323310852050781e+00
1.084531688690185547e+01
1.078691482543945312e+01
1.139244651794433594e+01
1.204152679443359375e+01
1.117022609710693359e+01
1.158018016815185547e+01
1.140000820159912109e+01
1.150747776031494141e+01
1.154640483856201172e+01
1.141776466369628906e+01
1.152155590057373047e+01
1.152098560333251953e+01
1.247986507415771484e+01
1.281193923950195312e+01
1.447652721405029297e+01
1.445668983459472656e+01
1.442429542541503906e+01
1.442957210540771484e+01
1.435963344573974609e+01
1.441915607452392578e+01
1.442718601226806641e+01
1.445486831665039062e+01
1.431753444671630859e+01
1.416493415832519531e+01
1.409640789031982422e+01
1.410903072357177734e+01
1.299324703216552734e+01
1.235742568969726562e+01
1.273191356658935547e+01
1.279759693145751953e+01
1.251698207855224609e+01
1.218167018890380859e+01
1.145070934295654297e+01
1.104344081878662109e+01
1.043276977539062500e+01
9.702644348144531250e+00
9.700163841247558594e+00
9.047056198120117188e+00
7.909851551055908203e+00
7.399103641510009766e+00
6.389163494110107422e+00
5.598842620849609375e+00
5.045770645141601562e+00
4.862481117248535156e+00
4.672018051147460938e+00
4.589977264404296875e+00
4.420713424682617188e+00
1.943892097473144531e+01
1.943410301208496094e+01
1.963302040100097656e+01
1.974121093750000000e+01
1.994210243225097656e+01
1.993997001647949219e+01
2.020468711853027344e+01
2.068504714965820312e+01
2.110339164733886719e+01
2.156835746765136719e+01
2.153982543945312500e+01
2.170171928405761719e+01
2.223064804077148438e+01
2.242867660522460938e+01
2.270326995849609375e+01
2.251846885681152344e+01
2.148542213439941406e+01
2.014435958862304688e+01
1.891835594177246094e+01
1.846628379821777344e+01
1.855508232116699219e+01
1.864700698852539062e+01
1.961941146850585938e+01
1.993156433105468750e+01
2.005260276794433594e+01
1.973303985595703125e+01
2.061461067199707031e+01
2.063949966430664062e+01
2.064786529541015625e+01
2.137806892395019531e+01
2.131282615661621094e+01
2.140312385559082031e+01
2.183934783935546875e+01
2.195435714721679688e+01
2.179205513000488281e+01
2.239038658142089844e+01
2.320938682556152344e+01
2.388057136535644531e+01
2.398628044128417969e+01
2.453143119812011719e+01
2.445251655578613281e+01
2.477870368957519531e+01
2.541750717163085938e+01
2.485215187072753906e+01
2.518966293334960938e+01
2.547318840026855469e+01
2.543915748596191406e+01
1.777729225158691406e+01
1.330157089233398438e+01
1.342178440093994141e+01
1.333120918273925781e+01
1.346615600585937500e+01
1.391802310943603516e+01
1.396079063415527344e+01
1.426167488098144531e+01
1.446600818634033203e+01
1.449412536621093750e+01
1.430345439910888672e+01
1.419482707977294922e+01
1.492669105529785156e+01
1.519562435150146484e+01
1.548525524139404297e+01
1.535041713714599609e+01
1.488364505767822266e+01
1.370998668670654297e+01
1.346387767791748047e+01
1.336710453033447266e+01
1.224275398254394531e+01
1.257867240905761719e+01
1.257313442230224609e+01
1.306632328033447266e+01
1.320867633819580078e+01
1.324799919128417969e+01
1.212851333618164062e+01
1.202153015136718750e+01
1.200633049011230469e+01
1.212087726593017578e+01
1.244974994659423828e+01
1.276373004913330078e+01
1.335261344909667969e+01
1.338692283630371094e+01
1.342425537109375000e+01
1.277510929107666016e+01
1.255825901031494141e+01
1.269893074035644531e+01
1.262644004821777344e+01
1.260303401947021484e+01
1.179528903961181641e+01
1.128464508056640625e+01
1.003723621368408203e+01
9.318402290344238281e+00
8.999759674072265625e+00
8.555494308471679688e+00
9.635328292846679688e+00
8.599555015563964844e+00
9.482354164123535156e+00
9.157522201538085938e+00
9.463415145874023438e+00
9.272183418273925781e+00
9.847510337829589844e+00
1.157302188873291016e+01
9.322892189025878906e+00
1.160565662384033203e+01
1.175633049011230469e+01
1.227171993255615234e+01
1.263523387908935547e+01
1.263195133209228516e+01
1.259051704406738281e+01
1.342927265167236328e+01
1.368903350830078125e+01
1.367723369598388672e+01
1.356672859191894531e+01
1.321777439117431641e+01
1.301920223236083984e+01
1.239749431610107422e+01
1.236558818817138672e+01
1.289455318450927734e+01
1.329122066497802734e+01
1.334644889831542969e+01
1.393605422973632812e+01
1.403488636016845703e+01
1.406594467163085938e+01
1.416890144348144531e+01
1.420747947692871094e+01
1.422017478942871094e+01
1.421557426452636719e+01
1.431521034240722656e+01
1.435165786743164062e+01
1.439293479919433594e+01
1.432369899749755859e+01
1.453605175018310547e+01
1.452175140380859375e+01
1.476916503906250000e+01
1.489464092254638672e+01
1.469207954406738281e+01
1.435300731658935547e+01
1.390580368041992188e+01
1.338737773895263672e+01
1.336906814575195312e+01
1.355431556701660156e+01
1.272185039520263672e+01
1.295549201965332031e+01
1.306775569915771484e+01
1.348868942260742188e+01
1.379893112182617188e+01
1.388228893280029297e+01
1.438248443603515625e+01
1.464760875701904297e+01
1.488482856750488281e+01
1.522179412841796875e+01
1.534877681732177734e+01
1.531132411956787109e+01
1.592493724822998047e+01
1.597939491271972656e+01
1.530839920043945312e+01
1.559904670715332031e+01
1.658017921447753906e+01
1.677540397644042969e+01
1.727441024780273438e+01
1.659260177612304688e+01
1.636961174011230469e+01
1.549443531036376953e+01
1.518070602416992188e+01
1.464191436767578125e+01
1.428321933746337891e+01
1.485866928100585938e+01
1.481942176818847656e+01
1.486950302124023438e+01
1.492229747772216797e+01
1.494051837921142578e+01
1.528912734985351562e+01
1.576129627227783203e+01
1.581955146789550781e+01
1.620476722717285156e+01
1.668409347534179688e+01
1.695981597900390625e+01
1.685981750488281250e+01
1.681878662109375000e+01
1.669049263000488281e+01
1.665454864501953125e+01
1.669849586486816406e+01
1.662302398681640625e+01
1.659600257873535156e+01
1.661714363098144531e+01
1.626795196533203125e+01
1.598214912414550781e+01
1.558916950225830078e+01
1.481429958343505859e+01
1.455807495117187500e+01
1.423141193389892578e+01
1.308968448638916016e+01
1.214544868469238281e+01
1.233689403533935547e+01
1.198328876495361328e+01
1.215435028076171875e+01
1.216103172302246094e+01
1.207523632049560547e+01
1.201062583923339844e+01
1.210032653808593750e+01
1.158960247039794922e+01
1.208243846893310547e+01
1.202035427093505859e+01
1.215469455718994141e+01
1.294237041473388672e+01
1.308037471771240234e+01
1.359492206573486328e+01
1.360309886932373047e+01
1.284275627136230469e+01
1.184949493408203125e+01
1.099530220031738281e+01
9.498605728149414062e+00
8.873388290405273438e+00
9.411877632141113281e+00
9.817456245422363281e+00
1.011411952972412109e+01
1.018415927886962891e+01
1.032119464874267578e+01
1.026379489898681641e+01
9.760543823242187500e+00
1.001674079895019531e+01
1.076199626922607422e+01
1.203012371063232422e+01
1.211032962799072266e+01
1.199223136901855469e+01
1.206232452392578125e+01
1.211761760711669922e+01
1.184542560577392578e+01
1.214489936828613281e+01
1.222250366210937500e+01
1.210087776184082031e+01
1.208795738220214844e+01
1.189312458038330078e+01
1.136224365234375000e+01
1.113268756866455078e+01
1.132516670227050781e+01
1.119493579864501953e+01
1.034350109100341797e+01
1.034384632110595703e+01
1.100524139404296875e+01
1.004245662689208984e+01
1.067948055267333984e+01
1.051256179809570312e+01
1.069807434082031250e+01
1.071370887756347656e+01
1.095197677612304688e+01
1.126559638977050781e+01
1.184304714202880859e+01
1.164239120483398438e+01
1.260317611694335938e+01
1.295987510681152344e+01
1.364900588989257812e+01
1.398944187164306641e+01
1.418804073333740234e+01
1.492790508270263672e+01
1.491659641265869141e+01
1.445253086090087891e+01
1.385114288330078125e+01
1.350018119812011719e+01
1.292123222351074219e+01
1.229805088043212891e+01
1.253260135650634766e+01
1.284579372406005859e+01
1.295807170867919922e+01
1.297116184234619141e+01
1.304747867584228516e+01
1.309407997131347656e+01
1.339991378784179688e+01
1.386227416992187500e+01
1.399390316009521484e+01
1.403659725189208984e+01
1.429016590118408203e+01
1.458281326293945312e+01
1.470442104339599609e+01
1.476645851135253906e+01
1.482781028747558594e+01
1.464299488067626953e+01
1.438526058197021484e+01
1.433689212799072266e+01
1.470217990875244141e+01
1.560669231414794922e+01
1.570847129821777344e+01
1.587831878662109375e+01
1.563198375701904297e+01
1.527958965301513672e+01
1.511399173736572266e+01
1.517358970642089844e+01
1.526188564300537109e+01
1.518857002258300781e+01
1.523503208160400391e+01
1.542713356018066406e+01
1.545558738708496094e+01
1.546690940856933594e+01
1.610303306579589844e+01
1.630879020690917969e+01
1.639360809326171875e+01
1.637636375427246094e+01
1.639205932617187500e+01
1.672204017639160156e+01
1.771322441101074219e+01
1.771933746337890625e+01
1.811367416381835938e+01
1.802056503295898438e+01
1.776479148864746094e+01
1.749989891052246094e+01
1.811862564086914062e+01
1.717935562133789062e+01
1.637091827392578125e+01
1.598497962951660156e+01
1.282167625427246094e+01
1.282924079895019531e+01
1.320453929901123047e+01
1.359523582458496094e+01
1.400185680389404297e+01
1.371859169006347656e+01
1.361155891418457031e+01
1.372088432312011719e+01
1.302327537536621094e+01
1.281123924255371094e+01
1.294368076324462891e+01
1.291905403137207031e+01
1.305355072021484375e+01
1.308189105987548828e+01
1.327916812896728516e+01
1.386243534088134766e+01
1.388021278381347656e+01
1.399401664733886719e+01
1.326950263977050781e+01
1.227332401275634766e+01
1.121051692962646484e+01
1.109751319885253906e+01
1.040716361999511719e+01
1.125642204284667969e+01
1.021869277954101562e+01
1.094590473175048828e+01
9.621909141540527344e+00
1.020683860778808594e+01
9.135039329528808594e+00
8.936663627624511719e+00
9.335756301879882812e+00
9.622570037841796875e+00
1.015992259979248047e+01
9.846927642822265625e+00
9.652915000915527344e+00
1.108236980438232422e+01
1.084966945648193359e+01
1.242383670806884766e+01
1.287997531890869141e+01
1.374415302276611328e+01
1.419197654724121094e+01
1.401524353027343750e+01
1.368037605285644531e+01
1.299890613555908203e+01
1.166900444030761719e+01
1.002772903442382812e+01
9.335379600524902344e+00
9.079162597656250000e+00
9.177526473999023438e+00
8.668193817138671875e+00
8.963748931884765625e+00
9.222939491271972656e+00
9.843703269958496094e+00
9.876214981079101562e+00
1.141566085815429688e+01
1.105157756805419922e+01
1.115155792236328125e+01
1.140958213806152344e+01
1.271101570129394531e+01
1.277419090270996094e+01
1.355390453338623047e+01
1.352306556701660156e+01
1.376259708404541016e+01
1.379943847656250000e+01
1.378082084655761719e+01
1.384314155578613281e+01
1.368114757537841797e+01
1.376478195190429688e+01
1.429686737060546875e+01
1.366541004180908203e+01
1.335460472106933594e+01
1.324153614044189453e+01
1.319378185272216797e+01
1.319158744812011719e+01
1.314744663238525391e+01
1.297969627380371094e+01
1.292130470275878906e+01
1.303061485290527344e+01
1.281099128723144531e+01
1.324868011474609375e+01
1.335195922851562500e+01
1.327205181121826172e+01
1.328903198242187500e+01
1.348949718475341797e+01
1.389456176757812500e+01
1.374150085449218750e+01
1.361614131927490234e+01
1.438137817382812500e+01
1.510649108886718750e+01
1.509998035430908203e+01
1.478029155731201172e+01
1.473165512084960938e+01
1.458509635925292969e+01
1.393320941925048828e+01
1.333993625640869141e+01
1.334534263610839844e+01
1.346842956542968750e+01
1.295633888244628906e+01
1.236888313293457031e+01
1.195292472839355469e+01
1.150039672851562500e+01
1.171072959899902344e+01
1.224298000335693359e+01
1.267284107208251953e+01
1.291564178466796875e+01
1.359898185729980469e+01
1.390925312042236328e+01
1.395086765289306641e+01
1.445164966583251953e+01
1.515499019622802734e+01
1.526593399047851562e+01
1.535616779327392578e+01
1.600435066223144531e+01
1.691408920288085938e+01
1.652959442138671875e+01
1.625277519226074219e+01
1.550080871582031250e+01
1.506452465057373047e+01
1.433825111389160156e+01
1.410163688659667969e+01
1.346853542327880859e+01
1.276410770416259766e+01
1.173143386840820312e+01
1.168041896820068359e+01
1.192303752899169922e+01
1.240601825714111328e+01
1.289318275451660156e+01
1.300709533691406250e+01
1.310297107696533203e+01
1.310505294799804688e+01
1.364093399047851562e+01
1.376417827606201172e+01
1.422926807403564453e+01
1.430099582672119141e+01
1.502675819396972656e+01
1.536839103698730469e+01
1.572914123535156250e+01
1.590152549743652344e+01
1.528437137603759766e+01
1.458286666870117188e+01
1.383966064453125000e+01
1.260072898864746094e+01
1.116434097290039062e+01
1.144031715393066406e+01
1.146370315551757812e+01
1.209728336334228516e+01
1.172616291046142578e+01
1.233255195617675781e+01
1.257787799835205078e+01
1.269794940948486328e+01
1.335574913024902344e+01
1.329682731628417969e+01
1.342302227020263672e+01
1.399742984771728516e+01
1.557923603057861328e+01
1.625745010375976562e+01
1.665198707580566406e+01
1.647841453552246094e+01
1.644409942626953125e+01
1.545123195648193359e+01
1.478326511383056641e+01
1.377374172210693359e+01
1.283399200439453125e+01
1.323747348785400391e+01
1.351104068756103516e+01
1.353482341766357422e+01
1.361371231079101562e+01
1.362683296203613281e+01
1.439675140380859375e+01
1.448943138122558594e+01
1.424911689758300781e+01
1.431005859375000000e+01
1.456501579284667969e+01
1.461496257781982422e+01
1.467844581604003906e+01
1.521693992614746094e+01
1.531492710113525391e+01
1.559371566772460938e+01
1.605251502990722656e+01
1.759137535095214844e+01
1.819445228576660156e+01
1.726117515563964844e+01
1.664434432983398438e+01
1.653759765625000000e+01
1.536465454101562500e+01
1.478591918945312500e+01
1.490608501434326172e+01
1.508736610412597656e+01
1.519995021820068359e+01
1.467874908447265625e+01
1.470963287353515625e+01
1.543688678741455078e+01
1.535388088226318359e+01
1.516751861572265625e+01
1.505104923248291016e+01
1.509593200683593750e+01
1.494997596740722656e+01
1.502310943603515625e+01
1.502731609344482422e+01
1.552154159545898438e+01
1.582829856872558594e+01
1.584570217132568359e+01
1.672452735900878906e+01
1.667666053771972656e+01
1.708004760742187500e+01
1.746703529357910156e+01
1.740463638305664062e+01
1.525985717773437500e+01
1.449012088775634766e+01
1.433837318420410156e+01
1.375763416290283203e+01
1.393969821929931641e+01
1.312599468231201172e+01
1.257218074798583984e+01
1.225174236297607422e+01
1.240231609344482422e+01
1.233060836791992188e+01
1.260578536987304688e+01
1.339670658111572266e+01
1.333597183227539062e+01
1.374351882934570312e+01
1.419882965087890625e+01
1.457430553436279297e+01
1.491416168212890625e+01
1.547940731048583984e+01
1.550855350494384766e+01
1.604982948303222656e+01
1.703918647766113281e+01
1.721215057373046875e+01
1.719830703735351562e+01
1.690603446960449219e+01
1.554467773437500000e+01
1.512122917175292969e+01
1.483278751373291016e+01
1.407081317901611328e+01
1.376899433135986328e+01
1.409290599822998047e+01
1.430328941345214844e+01
1.446284580230712891e+01
1.516933345794677734e+01
1.505115604400634766e+01
1.540103435516357422e+01
1.521559715270996094e+01
1.546191215515136719e+01
1.540735149383544922e+01
1.599370956420898438e+01
1.620926475524902344e+01
1.601549148559570312e+01
1.597618293762207031e+01
1.612007522583007812e+01
1.606733512878417969e+01
1.611623191833496094e+01
1.661143302917480469e+01
1.666668319702148438e+01
1.682235145568847656e+01
1.690997314453125000e+01
1.753536224365234375e+01
1.651165199279785156e+01
1.639968872070312500e+01
1.635306739807128906e+01
1.606858062744140625e+01
1.556255626678466797e+01
1.538769817352294922e+01
1.590509319305419922e+01
1.657979393005371094e+01
1.670273780822753906e+01
1.550766181945800781e+01
1.490809345245361328e+01
1.454793739318847656e+01
1.422029972076416016e+01
1.407355976104736328e+01
1.408595561981201172e+01
1.514427471160888672e+01
1.567038154602050781e+01
1.684200286865234375e+01
1.748392105102539062e+01
1.766409111022949219e+01
1.746952438354492188e+01
1.726181793212890625e+01
1.680509185791015625e+01
1.595641517639160156e+01
1.623075294494628906e+01
1.660331153869628906e+01
1.673912048339843750e+01
1.668153381347656250e+01
1.663221740722656250e+01
1.658412170410156250e+01
1.643862724304199219e+01
1.561211299896240234e+01
1.479044246673583984e+01
1.469736003875732422e+01
1.472840690612792969e+01
1.472292137145996094e+01
1.509391975402832031e+01
1.552844047546386719e+01
1.558887863159179688e+01
1.508648777008056641e+01
1.530198383331298828e+01
1.565550708770751953e+01
1.681097793579101562e+01
1.714671897888183594e+01
1.729484558105468750e+01
1.643782424926757812e+01
1.616333961486816406e+01
1.557578086853027344e+01
1.417173290252685547e+01
1.284440898895263672e+01
1.241437625885009766e+01
1.206918334960937500e+01
1.220377063751220703e+01
1.226769924163818359e+01
1.198206996917724609e+01
1.235361480712890625e+01
1.259413337707519531e+01
1.312512683868408203e+01
1.320872306823730469e+01
1.402981853485107422e+01
1.401291942596435547e+01
1.435641765594482422e+01
1.466238975524902344e+01
1.528158283233642578e+01
1.529091262817382812e+01
1.624418067932128906e+01
1.655718803405761719e+01
1.689603996276855469e+01
1.689433479309082031e+01
1.585324382781982422e+01
1.517124176025390625e+01
1.516601562500000000e+01
1.574447059631347656e+01
1.507646942138671875e+01
1.478993606567382812e+01
1.451229190826416016e+01
1.464499568939208984e+01
1.502310657501220703e+01
1.505880737304687500e+01
1.534393882751464844e+01
1.543149566650390625e+01
1.515271377563476562e+01
1.485753822326660156e+01
1.484620761871337891e+01
1.495191383361816406e+01
1.496423721313476562e+01
1.515943813323974609e+01
1.571146583557128906e+01
1.528887462615966797e+01
1.539901065826416016e+01
1.573200511932373047e+01
1.520596313476562500e+01
1.538764476776123047e+01
1.500608253479003906e+01
1.571468067169189453e+01
1.598781394958496094e+01
1.539150333404541016e+01
1.503124523162841797e+01
1.455155658721923828e+01
1.454376888275146484e+01
1.448743629455566406e+01
1.493384361267089844e+01
1.531189250946044922e+01
1.550430011749267578e+01
1.587838745117187500e+01
1.619652748107910156e+01
1.652623939514160156e+01
1.663292694091796875e+01
1.649960136413574219e+01
1.602233314514160156e+01
1.604626464843750000e+01
1.641621208190917969e+01
1.639222908020019531e+01
1.692730903625488281e+01
1.726905059814453125e+01
1.756711006164550781e+01
1.714453697204589844e+01
1.722593307495117188e+01
1.710288810729980469e+01
1.558498096466064453e+01
1.510064601898193359e+01
1.443807601928710938e+01
1.450120639801025391e+01
1.467100143432617188e+01
1.437774753570556641e+01
1.410728931427001953e+01
1.413498878479003906e+01
1.420916748046875000e+01
1.421371841430664062e+01
1.487390232086181641e+01
1.484829711914062500e+01
1.448657894134521484e+01
1.487545680999755859e+01
1.498294734954833984e+01
1.497265052795410156e+01
1.497938346862792969e+01
1.553995323181152344e+01
1.617678642272949219e+01
1.687590599060058594e+01
1.668580436706542969e+01
1.737123870849609375e+01
1.729501533508300781e+01
1.583268451690673828e+01
1.526508522033691406e+01
1.454349231719970703e+01
1.447892951965332031e+01
1.453245162963867188e+01
1.383281898498535156e+01
1.387682533264160156e+01
1.390480518341064453e+01
1.401944255828857422e+01
1.408136940002441406e+01
1.419144821166992188e+01
1.405980014801025391e+01
1.414843177795410156e+01
1.482871055603027344e+01
1.504555225372314453e+01
1.535407066345214844e+01
1.568081474304199219e+01
1.633900642395019531e+01
1.668258285522460938e+01
1.785463142395019531e+01
1.839538764953613281e+01
1.843461608886718750e+01
1.740509414672851562e+01
1.681347084045410156e+01
1.598009395599365234e+01
1.523888301849365234e+01
1.498672294616699219e+01
1.512401294708251953e+01
1.460235023498535156e+01
1.459563064575195312e+01
1.480501174926757812e+01
1.461160659790039062e+01
1.473485660552978516e+01
1.448072528839111328e+01
1.411985683441162109e+01
1.411820030212402344e+01
1.382264614105224609e+01
1.346581840515136719e+01
1.344843864440917969e+01
1.375798034667968750e+01
1.415847587585449219e+01
1.449198818206787109e+01
1.514365959167480469e+01
1.577215099334716797e+01
1.612454795837402344e+01
1.590562534332275391e+01
1.593040370941162109e+01
1.592599964141845703e+01
1.525396251678466797e+01
1.494187164306640625e+01
1.464653587341308594e+01
1.392837142944335938e+01
1.404383373260498047e+01
1.463005924224853516e+01
1.399528312683105469e+01
1.441599464416503906e+01
1.461385726928710938e+01
1.457113265991210938e+01
1.457473659515380859e+01
1.417633056640625000e+01
1.386209678649902344e+01
1.384451103210449219e+01
1.401886272430419922e+01
1.466094970703125000e+01
1.491108798980712891e+01
1.498877620697021484e+01
1.563696193695068359e+01
1.646249389648437500e+01
1.750112915039062500e+01
1.759677314758300781e+01
1.745863533020019531e+01
1.652843475341796875e+01
1.573340797424316406e+01
1.502886676788330078e+01
1.397150802612304688e+01
1.365374851226806641e+01
1.329262733459472656e+01
1.368039512634277344e+01
1.355471134185791016e+01
1.373623275756835938e+01
1.365520858764648438e+01
1.365329933166503906e+01
1.394440555572509766e+01
1.423544692993164062e+01
1.422918891906738281e+01
1.429814052581787109e+01
1.488661956787109375e+01
1.503847026824951172e+01
1.563896560668945312e+01
1.578959751129150391e+01
1.610925292968750000e+01
1.639681053161621094e+01
1.643342590332031250e+01
1.716269493103027344e+01
1.714761734008789062e+01
1.691461181640625000e+01
1.610418891906738281e+01
1.554435062408447266e+01
1.421834850311279297e+01
1.318581581115722656e+01
1.305394077301025391e+01
1.249147701263427734e+01
1.292249011993408203e+01
1.283912563323974609e+01
1.294245338439941406e+01
1.232538890838623047e+01
1.308061695098876953e+01
1.323925495147705078e+01
1.336164188385009766e+01
1.422576808929443359e+01
1.401257133483886719e+01
1.458178234100341797e+01
1.519983863830566406e+01
1.531167411804199219e+01
1.605990028381347656e+01
1.719952392578125000e+01
1.769405746459960938e+01
1.708839035034179688e+01
1.779603576660156250e+01
1.637131500244140625e+01
1.565703010559082031e+01
1.382339382171630859e+01
1.228903007507324219e+01
1.176985359191894531e+01
1.154943561553955078e+01
1.225728893280029297e+01
1.308210849761962891e+01
1.314049148559570312e+01
1.341592788696289062e+01
1.352359485626220703e+01
1.360657024383544922e+01
1.427969551086425781e+01
1.458850669860839844e+01
1.503092193603515625e+01
1.516751289367675781e+01
1.527673625946044922e+01
1.585768413543701172e+01
1.608501625061035156e+01
1.671993064880371094e+01
1.757631492614746094e+01
1.789258575439453125e+01
1.787737083435058594e+01
1.859146690368652344e+01
1.812668991088867188e+01
1.805594253540039062e+01
1.762067031860351562e+01
1.680116462707519531e+01
1.635743904113769531e+01
1.673685836791992188e+01
1.688653945922851562e+01
1.608656311035156250e+01
1.678047561645507812e+01
1.684276199340820312e+01
1.686224937438964844e+01
1.690082931518554688e+01
1.687376403808593750e+01
1.699311637878417969e+01
1.702552795410156250e+01
1.702311515808105469e+01
1.702544975280761719e+01
1.739705085754394531e+01
1.774470710754394531e+01
1.834356117248535156e+01
1.936873626708984375e+01
1.942174148559570312e+01
1.823017692565917969e+01
1.778048515319824219e+01
1.734376907348632812e+01
1.732789421081542969e+01
1.668326187133789062e+01
1.712810897827148438e+01
1.741952896118164062e+01
1.743663787841796875e+01
1.687912750244140625e+01
1.698768424987792969e+01
1.751839256286621094e+01
1.860840988159179688e+01
1.852342796325683594e+01
1.794422912597656250e+01
1.776900100708007812e+01
1.790498924255371094e+01
1.707673263549804688e+01
1.713787078857421875e+01
1.776624298095703125e+01
1.784946441650390625e+01
1.852187538146972656e+01
1.888414573669433594e+01
1.925062751770019531e+01
1.926733779907226562e+01
2.000804519653320312e+01
1.959986877441406250e+01
1.943258476257324219e+01
1.914301300048828125e+01
1.867572975158691406e+01
1.825112915039062500e+01
1.834878158569335938e+01
1.836641502380371094e+01
1.800829315185546875e+01
1.755847549438476562e+01
1.751041030883789062e+01
1.768512916564941406e+01
1.699914550781250000e+01
1.718264579772949219e+01
1.751793098449707031e+01
1.828892517089843750e+01
1.900468444824218750e+01
1.926598930358886719e+01
1.899067687988281250e+01
1.749477577209472656e+01
1.698684883117675781e+01
1.719725418090820312e+01
1.648842048645019531e+01
1.605979919433593750e+01
1.642951774597167969e+01
1.703431892395019531e+01
1.687246322631835938e+01
1.638421058654785156e+01
1.592333412170410156e+01
1.576042270660400391e+01
1.577411746978759766e+01
1.523900890350341797e+01
1.495675563812255859e+01
1.531194305419921875e+01
1.507019901275634766e+01
1.506991386413574219e+01
1.500562667846679688e+01
1.509125328063964844e+01
1.501455020904541016e+01
1.480805397033691406e+01
1.484014701843261719e+01
1.481362152099609375e+01
1.596419429779052734e+01
1.585998725891113281e+01
1.528729629516601562e+01
1.525097370147705078e+01
1.661698150634765625e+01
1.678994178771972656e+01
1.637450027465820312e+01
1.659658813476562500e+01
1.589742374420166016e+01
1.547231101989746094e+01
1.542079544067382812e+01
1.397883319854736328e+01
1.260552883148193359e+01
1.265876102447509766e+01
1.244249248504638672e+01
1.381231212615966797e+01
1.426859092712402344e+01
1.411058044433593750e+01
1.399638652801513672e+01
1.393788146972656250e+01
1.350336551666259766e+01
1.276876163482666016e+01
1.319710063934326172e+01
1.334616661071777344e+01
1.348336601257324219e+01
1.369095325469970703e+01
1.403417778015136719e+01
1.440029239654541016e+01
1.447272968292236328e+01
1.441009616851806641e+01
1.431036949157714844e+01
1.404069805145263672e+01
1.347318267822265625e+01
1.206964492797851562e+01
1.008873271942138672e+01
7.899015903472900391e+00
6.739284992218017578e+00
6.864355564117431641e+00
6.671589374542236328e+00
6.215452194213867188e+00
6.713936328887939453e+00
6.376608371734619141e+00
6.685802459716796875e+00
7.718936920166015625e+00
7.294075012207031250e+00
2.043219375610351562e+01
2.074060058593750000e+01
2.105414199829101562e+01
2.167121124267578125e+01
2.223859405517578125e+01
2.293936157226562500e+01
2.360873222351074219e+01
1.026156616210937500e+01
1.208199882507324219e+01
1.188006591796875000e+01
1.112621688842773438e+01
1.088669013977050781e+01
9.480615615844726562e+00
9.330136299133300781e+00
9.480268478393554688e+00
8.641118049621582031e+00
7.886898517608642578e+00
8.408958435058593750e+00
1.014636230468750000e+01
1.018607234954833984e+01
1.043128681182861328e+01
1.130578899383544922e+01
1.132125473022460938e+01
1.219034671783447266e+01
1.192800045013427734e+01
9.699056625366210938e+00
1.217741394042968750e+01
1.273365306854248047e+01
1.341492652893066406e+01
1.344793796539306641e+01
1.376187133789062500e+01
1.488022708892822266e+01
1.513057231903076172e+01
1.437173461914062500e+01
1.449359512329101562e+01
1.431886005401611328e+01
1.434673595428466797e+01
1.400091743469238281e+01
1.332835865020751953e+01
1.281502723693847656e+01
1.201022434234619141e+01
1.230078506469726562e+01
1.263912773132324219e+01
1.277676200866699219e+01
1.292292118072509766e+01
1.385534572601318359e+01
1.440866088867187500e+01
1.453886222839355469e+01
1.454291152954101562e+01
1.457586860656738281e+01
1.482662105560302734e+01
1.515365982055664062e+01
1.559595966339111328e+01
1.766017341613769531e+01
2.058912467956542969e+01
2.179671669006347656e+01
2.226058959960937500e+01
2.172445106506347656e+01
2.159358596801757812e+01
2.015147399902343750e+01
1.976841545104980469e+01
1.845408821105957031e+01
1.899056243896484375e+01
1.942119979858398438e+01
1.952922821044921875e+01
1.908039283752441406e+01
1.911267662048339844e+01
1.735811042785644531e+01
1.604180908203125000e+01
1.705308532714843750e+01
1.623040771484375000e+01
1.621406173706054688e+01
1.638633918762207031e+01
1.723338890075683594e+01
1.735664939880371094e+01
1.653576469421386719e+01
1.659555435180664062e+01
1.672454643249511719e+01
1.681305694580078125e+01
1.661183357238769531e+01
1.620214653015136719e+01
1.609793472290039062e+01
1.582656955718994141e+01
1.557541275024414062e+01
1.555841350555419922e+01
1.558184146881103516e+01
1.560048103332519531e+01
1.562368679046630859e+01
1.570781421661376953e+01
1.578419208526611328e+01
1.689807510375976562e+01
1.691130447387695312e+01
1.696595573425292969e+01
1.692794418334960938e+01
1.689626312255859375e+01
1.699090576171875000e+01
1.721097564697265625e+01
1.763404464721679688e+01
1.804798889160156250e+01
1.912381362915039062e+01
1.922407531738281250e+01
1.967484283447265625e+01
1.968691635131835938e+01
1.995611953735351562e+01
2.008611297607421875e+01
1.988729858398437500e+01
1.952003669738769531e+01
1.871285057067871094e+01
1.837733268737792969e+01
1.842169189453125000e+01
1.840082550048828125e+01
1.761844253540039062e+01
1.766835784912109375e+01
1.701576995849609375e+01
1.670876693725585938e+01
1.637437438964843750e+01
1.635142707824707031e+01
1.636809730529785156e+01
1.645440673828125000e+01
1.678839111328125000e+01
1.784423446655273438e+01
1.767224884033203125e+01
1.826672172546386719e+01
1.885194587707519531e+01
2.031882286071777344e+01
2.126470184326171875e+01
2.203688621520996094e+01
2.304417610168457031e+01
2.346088600158691406e+01
2.177586936950683594e+01
2.007650756835937500e+01
1.762505722045898438e+01
1.724224472045898438e+01
1.479495811462402344e+01
1.415704250335693359e+01
1.439020633697509766e+01
1.490707111358642578e+01
1.568549251556396484e+01
1.593566036224365234e+01
1.648409271240234375e+01
1.699442481994628906e+01
1.704962158203125000e+01
1.797583198547363281e+01
1.800269317626953125e+01
1.877954673767089844e+01
1.935271263122558594e+01
2.010227966308593750e+01
2.120993614196777344e+01
2.187504959106445312e+01
2.230611419677734375e+01
2.235379791259765625e+01
2.112778472900390625e+01
2.017963027954101562e+01
1.856022834777832031e+01
1.787810325622558594e+01
1.556850242614746094e+01
1.521217918395996094e+01
1.461909675598144531e+01
1.426653289794921875e+01
1.424703407287597656e+01
1.557336711883544922e+01
1.605520439147949219e+01
1.621141624450683594e+01
1.668287277221679688e+01
1.710707473754882812e+01
1.764759254455566406e+01
1.860227012634277344e+01
1.946809577941894531e+01
1.907823371887207031e+01
1.973643493652343750e+01
1.961466979980468750e+01
2.116178131103515625e+01
2.184186935424804688e+01
2.169851493835449219e+01
2.184526252746582031e+01
2.151891326904296875e+01
2.044595336914062500e+01
1.944588851928710938e+01
1.707577705383300781e+01
1.603695297241210938e+01
1.465445613861083984e+01
1.365561580657958984e+01
1.371970748901367188e+01
1.465752983093261719e+01
1.542703437805175781e+01
1.580125713348388672e+01
1.639959526062011719e+01
1.646729278564453125e+01
1.724843788146972656e+01
1.778075218200683594e+01
1.835101318359375000e+01
1.817477989196777344e+01
1.913027000427246094e+01
1.990244293212890625e+01
1.950389289855957031e+01
2.087190055847167969e+01
2.159243202209472656e+01
2.243145942687988281e+01
2.177386474609375000e+01
2.154114723205566406e+01
2.132396316528320312e+01
2.037874794006347656e+01
1.845776367187500000e+01
1.719508934020996094e+01
1.640092468261718750e+01
1.526365756988525391e+01
1.432691097259521484e+01
1.470306396484375000e+01
1.518611621856689453e+01
1.596153640747070312e+01
1.679394912719726562e+01
1.722614288330078125e+01
1.701021385192871094e+01
1.702620124816894531e+01
1.707947731018066406e+01
1.718133735656738281e+01
1.708669090270996094e+01
1.773335266113281250e+01
1.812100219726562500e+01
1.905295944213867188e+01
2.017725563049316406e+01
2.036819839477539062e+01
2.066149139404296875e+01
2.036690711975097656e+01
1.962290000915527344e+01
1.825381851196289062e+01
1.704211997985839844e+01
1.539290714263916016e+01
1.538726902008056641e+01
1.498778438568115234e+01
1.478233337402343750e+01
1.501834774017333984e+01
1.496606731414794922e+01
1.532442569732666016e+01
1.559688091278076172e+01
1.565268516540527344e+01
1.564671421051025391e+01
1.584666633605957031e+01
1.586433887481689453e+01
1.583732223510742188e+01
1.599345684051513672e+01
1.661808967590332031e+01
1.767553710937500000e+01
1.843823051452636719e+01
1.851379394531250000e+01
1.959210014343261719e+01
1.918860054016113281e+01
1.763814735412597656e+01
1.654274940490722656e+01
1.540594100952148438e+01
1.496482563018798828e+01
1.427361202239990234e+01
1.415808486938476562e+01
1.392512226104736328e+01
1.430383872985839844e+01
1.455615997314453125e+01
1.477299976348876953e+01
1.485358715057373047e+01
1.506448364257812500e+01
1.563409805297851562e+01
1.605443954467773438e+01
1.605365180969238281e+01
1.604004669189453125e+01
1.593930530548095703e+01
1.653596305847167969e+01
1.659979057312011719e+01
1.776987266540527344e+01
1.812890052795410156e+01
1.872461318969726562e+01
1.812324714660644531e+01
1.773215103149414062e+01
1.703136634826660156e+01
1.697158622741699219e+01
1.464022159576416016e+01
1.334656047821044922e+01
1.262146854400634766e+01
1.260451984405517578e+01
1.267779254913330078e+01
1.318807029724121094e+01
1.346422004699707031e+01
1.371146297454833984e+01
1.383031082153320312e+01
1.439208507537841797e+01
1.461542034149169922e+01
1.495321655273437500e+01
1.541575813293457031e+01
1.557353019714355469e+01
1.594442462921142578e+01
1.649336051940917969e+01
1.686497116088867188e+01
1.838433456420898438e+01
1.966713142395019531e+01
1.877961158752441406e+01
1.825886726379394531e+01
1.635239982604980469e+01
1.674672317504882812e+01
1.836306381225585938e+01
1.667927169799804688e+01
1.528225517272949219e+01
1.402014446258544922e+01
1.367354965209960938e+01
1.407484149932861328e+01
1.455569553375244141e+01
1.462275314331054688e+01
1.513735103607177734e+01
1.568604850769042969e+01
1.580428409576416016e+01
1.743203163146972656e+01
1.939156723022460938e+01
1.965110588073730469e+01
1.836509513854980469e+01
1.822295570373535156e+01
1.818216133117675781e+01
1.817532730102539062e+01
1.895616149902343750e+01
1.907271003723144531e+01
2.001416015625000000e+01
1.907582283020019531e+01
1.889349174499511719e+01
1.815176773071289062e+01
1.738012504577636719e+01
1.703029441833496094e+01
1.658986473083496094e+01
1.605604743957519531e+01
1.581366920471191406e+01
1.595225715637207031e+01
1.616420936584472656e+01
1.632700729370117188e+01
1.648321151733398438e+01
1.727304077148437500e+01
1.736445999145507812e+01
1.732279586791992188e+01
1.733060455322265625e+01
1.762581634521484375e+01
1.806074714660644531e+01
1.806291198730468750e+01
1.878652763366699219e+01
1.921935844421386719e+01
2.013465309143066406e+01
2.107782936096191406e+01
2.146850204467773438e+01
2.186935806274414062e+01
2.137365341186523438e+01
2.034449958801269531e+01
1.998017501831054688e+01
2.014231872558593750e+01
1.824605369567871094e+01
1.842900466918945312e+01
1.625322723388671875e+01
1.598946666717529297e+01
1.576381301879882812e+01
1.607898902893066406e+01
1.581522846221923828e+01
1.568262100219726562e+01
1.644076156616210938e+01
1.689796829223632812e+01
1.625055503845214844e+01
1.670947265625000000e+01
1.727344894409179688e+01
1.643453407287597656e+01
1.710744285583496094e+01
1.737519454956054688e+01
1.764060211181640625e+01
1.877436065673828125e+01
1.964558982849121094e+01
1.940153503417968750e+01
1.882849884033203125e+01
1.769450378417968750e+01
1.740540885925292969e+01
1.557438087463378906e+01
1.503112220764160156e+01
1.317576217651367188e+01
1.256234455108642578e+01
1.261552047729492188e+01
1.339081382751464844e+01
1.382626247406005859e+01
1.415096282958984375e+01
1.453625392913818359e+01
1.471700763702392578e+01
1.500683593750000000e+01
1.514075565338134766e+01
1.553385543823242188e+01
1.583178997039794922e+01
1.663613891601562500e+01
1.719798278808593750e+01
1.849009132385253906e+01
1.887618064880371094e+01
1.907667922973632812e+01
1.962518882751464844e+01
2.031780624389648438e+01
1.946997070312500000e+01
1.813245773315429688e+01
1.735801124572753906e+01
1.670381927490234375e+01
1.568041801452636719e+01
1.598761844635009766e+01
1.611381530761718750e+01
1.679365539550781250e+01
1.677089881896972656e+01
1.697702407836914062e+01
1.731393432617187500e+01
1.888072776794433594e+01
1.889637184143066406e+01
1.946233177185058594e+01
2.002349090576171875e+01
2.006280517578125000e+01
1.812702941894531250e+01
1.736765861511230469e+01
1.694415092468261719e+01
1.724950027465820312e+01
1.789896202087402344e+01
1.808551406860351562e+01
1.928361320495605469e+01
1.914411163330078125e+01
1.896939849853515625e+01
1.724047470092773438e+01
1.630230522155761719e+01
1.648014259338378906e+01
1.557064914703369141e+01
1.574468040466308594e+01
1.610937690734863281e+01
1.698722648620605469e+01
1.643098258972167969e+01
1.771134757995605469e+01
1.808523368835449219e+01
1.805450630187988281e+01
1.830661582946777344e+01
1.919081115722656250e+01
1.864317131042480469e+01
1.855668640136718750e+01
2.006842994689941406e+01
2.081809616088867188e+01
2.035458183288574219e+01
2.050645828247070312e+01
1.969416999816894531e+01
1.966307449340820312e+01
2.011822700500488281e+01
1.965051841735839844e+01
1.972197341918945312e+01
1.953198432922363281e+01
1.774730110168457031e+01
1.650107765197753906e+01
1.505337333679199219e+01
1.520486736297607422e+01
1.483670425415039062e+01
1.531624889373779297e+01
1.525907325744628906e+01
1.572825050354003906e+01
1.620284080505371094e+01
1.636155319213867188e+01
1.649820137023925781e+01
1.690916633605957031e+01
1.758899879455566406e+01
1.811331176757812500e+01
1.848114013671875000e+01
1.960214233398437500e+01
2.062582588195800781e+01
2.200133323669433594e+01
2.231704330444335938e+01
2.246483039855957031e+01
2.166624259948730469e+01
2.118371391296386719e+01
2.126518821716308594e+01
2.037194061279296875e+01
1.870103073120117188e+01
1.802528762817382812e+01
1.637389945983886719e+01
1.578919792175292969e+01
1.478715229034423828e+01
1.452383327484130859e+01
1.490829467773437500e+01
1.458233737945556641e+01
1.473153400421142578e+01
1.514357566833496094e+01
1.589804553985595703e+01
1.648426818847656250e+01
1.683795738220214844e+01
1.737402534484863281e+01
1.756046295166015625e+01
1.917086219787597656e+01
2.026054954528808594e+01
2.113700866699218750e+01
2.096171760559082031e+01
2.156970787048339844e+01
2.047756958007812500e+01
2.038837242126464844e+01
1.937958335876464844e+01
1.826329421997070312e+01
1.777360916137695312e+01
1.610910606384277344e+01
1.637712097167968750e+01
1.548518657684326172e+01
1.592312908172607422e+01
1.625642013549804688e+01
1.676764869689941406e+01
1.726715850830078125e+01
1.792841339111328125e+01
1.864124488830566406e+01
1.868658447265625000e+01
1.840044593811035156e+01
1.706163787841796875e+01
1.713319206237792969e+01
1.719169998168945312e+01
1.761754035949707031e+01
1.811643028259277344e+01
1.809409332275390625e+01
1.889329910278320312e+01
2.048795509338378906e+01
1.953386688232421875e+01
1.948843765258789062e+01
1.918611526489257812e+01
1.789208412170410156e+01
1.703618240356445312e+01
1.683803367614746094e+01
1.659247016906738281e+01
1.551734447479248047e+01
1.449878120422363281e+01
1.532213306427001953e+01
1.529184627532958984e+01
1.539352893829345703e+01
1.486071300506591797e+01
1.483901882171630859e+01
1.466640090942382812e+01
1.437713909149169922e+01
1.501022434234619141e+01
1.512843513488769531e+01
1.511239147186279297e+01
1.650368118286132812e+01
1.748250770568847656e+01
1.840078163146972656e+01
1.783045005798339844e+01
1.884437751770019531e+01
1.754833984375000000e+01
1.685031509399414062e+01
1.650786209106445312e+01
1.490461921691894531e+01
1.390281295776367188e+01
1.329858875274658203e+01
1.171668338775634766e+01
1.197824478149414062e+01
1.235829734802246094e+01
1.302655124664306641e+01
1.359690856933593750e+01
1.402066802978515625e+01
1.422953701019287109e+01
1.454829406738281250e+01
1.489025592803955078e+01
1.562026691436767578e+01
1.574514102935791016e+01
1.654384231567382812e+01
1.656888008117675781e+01
1.669519615173339844e+01
1.709861183166503906e+01
1.708433341979980469e+01
1.686582756042480469e+01
1.988066864013671875e+01
2.008675193786621094e+01
1.924234580993652344e+01
1.811947441101074219e+01
1.696230125427246094e+01
1.564814376831054688e+01
1.468878555297851562e+01
1.430868053436279297e+01
1.444167041778564453e+01
1.445106792449951172e+01
1.468510627746582031e+01
1.489216518402099609e+01
1.501648330688476562e+01
1.509770488739013672e+01
1.519156932830810547e+01
1.575029277801513672e+01
1.579016590118408203e+01
1.582280921936035156e+01
1.594689750671386719e+01
1.641773414611816406e+01
1.576049232482910156e+01
1.613456916809082031e+01
1.753896522521972656e+01
1.755005455017089844e+01
1.699638938903808594e+01
1.680140113830566406e+01
1.860914421081542969e+01
1.815677261352539062e+01
1.843468856811523438e+01
1.816069412231445312e+01
1.663319969177246094e+01
1.551931285858154297e+01
1.500451278686523438e+01
1.517383098602294922e+01
1.529443550109863281e+01
1.543385982513427734e+01
1.571690273284912109e+01
1.633815002441406250e+01
1.647030258178710938e+01
1.687985801696777344e+01
1.729897689819335938e+01
1.766830253601074219e+01
1.919806480407714844e+01
1.956380653381347656e+01
1.951706695556640625e+01
1.955083656311035156e+01
1.922633171081542969e+01
1.920961952209472656e+01
1.888660430908203125e+01
2.007177734375000000e+01
2.118948936462402344e+01
2.126188850402832031e+01
2.130138969421386719e+01
2.055900382995605469e+01
1.982178878784179688e+01
1.936035537719726562e+01
1.751501464843750000e+01
1.790147399902343750e+01
1.824046707153320312e+01
1.790827178955078125e+01
1.839826011657714844e+01
1.824641990661621094e+01
1.838867759704589844e+01
1.895453453063964844e+01
2.037603950500488281e+01
2.077276420593261719e+01
1.937981224060058594e+01
1.824469375610351562e+01
1.670552635192871094e+01
1.612033271789550781e+01
1.563797187805175781e+01
1.482367706298828125e+01
1.536094474792480469e+01
1.520247840881347656e+01
1.547501087188720703e+01
1.567416858673095703e+01
1.579388427734375000e+01
1.596336174011230469e+01
1.690421867370605469e+01
1.703269958496093750e+01
1.758256340026855469e+01
1.847126579284667969e+01
1.952523803710937500e+01
2.112646484375000000e+01
2.133788871765136719e+01
2.079179382324218750e+01
1.904580688476562500e+01
1.979100608825683594e+01
1.904789543151855469e+01
1.790091705322265625e+01
1.942304229736328125e+01
1.808968162536621094e+01
1.787162399291992188e+01
1.743380737304687500e+01
1.724176979064941406e+01
1.748549270629882812e+01
1.754184722900390625e+01
1.753702735900878906e+01
1.788512802124023438e+01
1.830711936950683594e+01
1.899471282958984375e+01
1.890333747863769531e+01
1.878791809082031250e+01
1.883247947692871094e+01
1.901226234436035156e+01
1.914914131164550781e+01
1.915222358703613281e+01
2.002398109436035156e+01
2.023169517517089844e+01
1.918495559692382812e+01
1.871001625061035156e+01
1.900030136108398438e+01
1.967582511901855469e+01
1.963805007934570312e+01
1.941129302978515625e+01
1.995614814758300781e+01
1.760230064392089844e+01
1.618087577819824219e+01
1.622773551940917969e+01
1.702215766906738281e+01
1.752470970153808594e+01
1.754633712768554688e+01
1.723040008544921875e+01
1.698018455505371094e+01
1.710929489135742188e+01
1.730395507812500000e+01
1.835650253295898438e+01
2.021988296508789062e+01
2.063262939453125000e+01
2.173296165466308594e+01
2.129342842102050781e+01
2.224412727355957031e+01
2.349283981323242188e+01
2.310203170776367188e+01
2.299110603332519531e+01
2.269055747985839844e+01
2.134605598449707031e+01
2.115826988220214844e+01
1.874237251281738281e+01
1.694452285766601562e+01
1.313662242889404297e+01
1.324462413787841797e+01
1.416547966003417969e+01
1.490087127685546875e+01
1.534880638122558594e+01
1.597877502441406250e+01
1.645019531250000000e+01
1.657880783081054688e+01
1.695742797851562500e+01
1.711080169677734375e+01
1.820955467224121094e+01
1.909300804138183594e+01
1.993655776977539062e+01
2.078090095520019531e+01
2.223989868164062500e+01
2.360735511779785156e+01
2.264815521240234375e+01
2.271535873413085938e+01
2.278000640869140625e+01
2.239855194091796875e+01
2.112326622009277344e+01
1.908611679077148438e+01
1.707359504699707031e+01
1.465732669830322266e+01
1.351119422912597656e+01
1.392466735839843750e+01
1.376555728912353516e+01
1.459120750427246094e+01
1.526073551177978516e+01
1.556868171691894531e+01
1.601502609252929688e+01
1.652766799926757812e+01
1.663491249084472656e+01
1.728621101379394531e+01
1.736818122863769531e+01
1.823646736145019531e+01
1.949682044982910156e+01
2.127270889282226562e+01
2.178270339965820312e+01
2.240501403808593750e+01
2.167976951599121094e+01
2.091261863708496094e+01
2.037461280822753906e+01
1.972152519226074219e+01
1.748387908935546875e+01
1.845967102050781250e+01
1.703768348693847656e+01
1.559083175659179688e+01
1.412871074676513672e+01
1.393151473999023438e+01
1.376141643524169922e+01
1.433227348327636719e+01
1.499058628082275391e+01
1.527099132537841797e+01
1.550071048736572266e+01
1.624284744262695312e+01
1.638335227966308594e+01
1.645796012878417969e+01
1.680844306945800781e+01
1.721380805969238281e+01
1.744112968444824219e+01
1.866563796997070312e+01
1.921502685546875000e+01
1.896636581420898438e+01
1.988574028015136719e+01
1.893661499023437500e+01
1.813455963134765625e+01
1.754401397705078125e+01
1.748667907714843750e+01
1.667318153381347656e+01
1.607766342163085938e+01
1.525963306427001953e+01
1.497709751129150391e+01
1.458326148986816406e+01
1.514621925354003906e+01
1.537171936035156250e+01
1.555421638488769531e+01
1.573655509948730469e+01
1.596941280364990234e+01
1.611071205139160156e+01
1.625837135314941406e+01
1.669354629516601562e+01
1.701875305175781250e+01
1.764337158203125000e+01
1.816525077819824219e+01
1.910377502441406250e+01
1.995734596252441406e+01
2.040490913391113281e+01
2.235873031616210938e+01
2.210341644287109375e+01
2.215262031555175781e+01
2.148882484436035156e+01
2.112022209167480469e+01
1.969239425659179688e+01
1.879182434082031250e+01
1.741587638854980469e+01
1.820108222961425781e+01
1.738269042968750000e+01
1.761774826049804688e+01
1.783654212951660156e+01
1.802268218994140625e+01
1.847327995300292969e+01
1.925767135620117188e+01
1.910473632812500000e+01
1.920046424865722656e+01
1.912512969970703125e+01
2.005946540832519531e+01
2.039820861816406250e+01
2.070855712890625000e+01
2.125151062011718750e+01
2.201703453063964844e+01
2.275628471374511719e+01
2.279419136047363281e+01
2.305577659606933594e+01
2.274425888061523438e+01
2.260853004455566406e+01
2.232709312438964844e+01
2.103802490234375000e+01
1.966980552673339844e+01
1.891788864135742188e+01
1.855521202087402344e+01
1.786370468139648438e+01
1.777952766418457031e+01
1.847163581848144531e+01
1.854347801208496094e+01
1.797879219055175781e+01
1.818110466003417969e+01
1.929253768920898438e+01
1.986187171936035156e+01
2.008692550659179688e+01
2.078656387329101562e+01
2.100990486145019531e+01
2.159456634521484375e+01
2.240815162658691406e+01
2.345452499389648438e+01
2.357656478881835938e+01
2.390194129943847656e+01
2.388126182556152344e+01
2.333827400207519531e+01
2.142311096191406250e+01
2.033114051818847656e+01
1.954048728942871094e+01
1.769863891601562500e+01
1.674417114257812500e+01
1.558942222595214844e+01
1.567245483398437500e+01
1.569258213043212891e+01
1.735658836364746094e+01
1.816097068786621094e+01
1.872258949279785156e+01
1.850926971435546875e+01
1.926568031311035156e+01
1.951232147216796875e+01
1.990955352783203125e+01
2.072309684753417969e+01
2.146076583862304688e+01
2.169633674621582031e+01
2.297663307189941406e+01
2.435980606079101562e+01
2.491397857666015625e+01
2.404096603393554688e+01
2.216997718811035156e+01
2.043686294555664062e+01
1.968937683105468750e+01
1.968647384643554688e+01
1.967211341857910156e+01
1.876650619506835938e+01
1.758758926391601562e+01
1.673325347900390625e+01
1.631400108337402344e+01
1.632131385803222656e+01
1.665920066833496094e+01
1.842442321777343750e+01
1.939558601379394531e+01
2.003233718872070312e+01
2.055565261840820312e+01
2.119021797180175781e+01
2.150902557373046875e+01
2.183564376831054688e+01
2.198551559448242188e+01
2.275964736938476562e+01
2.297644615173339844e+01
2.329314804077148438e+01
2.326872253417968750e+01
2.273713302612304688e+01
2.127985191345214844e+01
1.984919166564941406e+01
1.943339538574218750e+01
1.944048690795898438e+01
1.879334831237792969e+01
1.808482933044433594e+01
1.679145431518554688e+01
1.567708492279052734e+01
1.552656650543212891e+01
1.571039676666259766e+01
1.637646865844726562e+01
1.692634201049804688e+01
1.726087760925292969e+01
1.752805137634277344e+01
1.776896476745605469e+01
1.796755218505859375e+01
1.906760978698730469e+01
1.912173461914062500e+01
1.965576362609863281e+01
2.079116630554199219e+01
2.192022132873535156e+01
2.323872566223144531e+01
2.487288665771484375e+01
2.505487823486328125e+01
2.423176956176757812e+01
2.255990791320800781e+01
2.090073966979980469e+01
1.949052429199218750e+01
1.875318527221679688e+01
1.746629142761230469e+01
1.596341228485107422e+01
1.558452224731445312e+01
1.448921966552734375e+01
1.493375205993652344e+01
1.608020019531250000e+01
1.738369369506835938e+01
1.760935020446777344e+01
1.804912948608398438e+01
1.855690383911132812e+01
1.880939292907714844e+01
1.891048431396484375e+01
1.948919868469238281e+01
2.035905647277832031e+01
2.147533226013183594e+01
2.206321907043457031e+01
2.367465591430664062e+01
2.442606925964355469e+01
2.476086425781250000e+01
2.469322586059570312e+01
2.406650543212890625e+01
2.286892318725585938e+01
2.090205764770507812e+01
1.887634468078613281e+01
1.698892974853515625e+01
1.593643760681152344e+01
1.520380878448486328e+01
1.433061981201171875e+01
1.519683456420898438e+01
1.602480506896972656e+01
1.648169898986816406e+01
1.681979751586914062e+01
1.742142295837402344e+01
1.802258300781250000e+01
1.820019531250000000e+01
1.903958511352539062e+01
1.883615684509277344e+01
1.976902389526367188e+01
2.041446876525878906e+01
2.102667617797851562e+01
2.245281028747558594e+01
2.363936996459960938e+01
2.442048454284667969e+01
2.444484710693359375e+01
2.327100753784179688e+01
2.232243728637695312e+01
2.083113098144531250e+01
1.815543746948242188e+01
1.702540588378906250e+01
1.500981616973876953e+01
1.412657737731933594e+01
1.331621932983398438e+01
1.423578643798828125e+01
1.524229526519775391e+01
1.562321662902832031e+01
1.584950542449951172e+01
1.636981964111328125e+01
1.728165054321289062e+01
1.792744827270507812e+01
1.816555023193359375e+01
1.932076454162597656e+01
2.095768165588378906e+01
2.181965446472167969e+01
2.259214019775390625e+01
2.354639625549316406e+01
2.378779029846191406e+01
2.405401420593261719e+01
2.360864448547363281e+01
2.250534439086914062e+01
2.121134185791015625e+01
1.995629501342773438e+01
1.953323173522949219e+01
1.651094818115234375e+01
1.258363533020019531e+01
1.311558914184570312e+01
1.408869457244873047e+01
1.493469238281250000e+01
1.606486892700195312e+01
1.603433227539062500e+01
1.621148109436035156e+01
1.706515502929687500e+01
1.756411743164062500e+01
1.765200233459472656e+01
1.806327819824218750e+01
1.847979927062988281e+01
1.922277069091796875e+01
1.997351646423339844e+01
2.143996429443359375e+01
2.285291290283203125e+01
2.323908233642578125e+01
2.297948837280273438e+01
2.153466224670410156e+01
2.046450424194335938e+01
1.943774414062500000e+01
1.917453956604003906e+01
1.682192420959472656e+01
1.629372215270996094e+01
1.490149021148681641e+01
1.349489498138427734e+01
1.336086463928222656e+01
1.402679061889648438e+01
1.476728153228759766e+01
1.505334281921386719e+01
1.580981731414794922e+01
1.637298393249511719e+01
1.687460136413574219e+01
1.706485366821289062e+01
1.787097740173339844e+01
1.801532554626464844e+01
1.831144142150878906e+01
1.907818794250488281e+01
2.072626304626464844e+01
2.166368675231933594e+01
2.180357551574707031e+01
2.243991279602050781e+01
2.061782836914062500e+01
2.080517005920410156e+01
1.935687828063964844e+01
1.880257415771484375e+01
1.801233291625976562e+01
1.742792510986328125e+01
1.677047157287597656e+01
1.651003456115722656e+01
1.668875694274902344e+01
1.699184036254882812e+01
1.719927024841308594e+01
1.743990135192871094e+01
1.764421653747558594e+01
1.743017196655273438e+01
1.742983627319335938e+01
1.798353767395019531e+01
1.810306930541992188e+01
1.843569564819335938e+01
1.919419670104980469e+01
1.969402885437011719e+01
2.031425857543945312e+01
2.100358772277832031e+01
2.093877029418945312e+01
2.080419540405273438e+01
2.032123374938964844e+01
1.998679351806640625e+01
1.872934150695800781e+01
1.793757057189941406e+01
1.679358100891113281e+01
1.673597908020019531e+01
1.672823905944824219e+01
1.647645568847656250e+01
1.621899986267089844e+01
1.649951362609863281e+01
1.674167633056640625e+01
1.650363922119140625e+01
1.623823356628417969e+01
1.625753211975097656e+01
1.625151824951171875e+01
1.628780174255371094e+01
1.630498695373535156e+01
1.633015060424804688e+01
1.635881423950195312e+01
1.648608779907226562e+01
1.689588928222656250e+01
1.777465438842773438e+01
1.824260711669921875e+01
1.770273590087890625e+01
1.857200050354003906e+01
1.899540328979492188e+01
1.730337142944335938e+01
1.702000808715820312e+01
1.757736587524414062e+01
1.689084434509277344e+01
1.582156944274902344e+01
1.471152782440185547e+01
1.419281005859375000e+01
1.443038749694824219e+01
1.465863513946533203e+01
1.514113903045654297e+01
1.559561729431152344e+01
1.593200111389160156e+01
1.634375572204589844e+01
1.746829986572265625e+01
1.862436103820800781e+01
1.895834350585937500e+01
1.939058303833007812e+01
2.019159698486328125e+01
2.020598983764648438e+01
2.074583053588867188e+01
1.980576515197753906e+01
2.022658729553222656e+01
1.978491592407226562e+01
1.850125312805175781e+01
1.748856925964355469e+01
1.686520195007324219e+01
1.518457126617431641e+01
1.462655258178710938e+01
1.482104587554931641e+01
1.456840419769287109e+01
1.415840530395507812e+01
1.479257965087890625e+01
1.540613842010498047e+01
1.560562992095947266e+01
1.564727687835693359e+01
1.565242767333984375e+01
1.607064056396484375e+01
1.718601226806640625e+01
1.656330299377441406e+01
1.651973915100097656e+01
1.656977462768554688e+01
1.807592010498046875e+01
2.082792663574218750e+01
2.123033332824707031e+01
2.096166229248046875e+01
1.993208122253417969e+01
2.011240959167480469e+01
1.890689468383789062e+01
1.872753524780273438e+01
1.707424926757812500e+01
1.674124908447265625e+01
1.579801940917968750e+01
1.498881816864013672e+01
1.493457889556884766e+01
1.485707759857177734e+01
1.524644374847412109e+01
1.598659133911132812e+01
1.541951370239257812e+01
1.627834701538085938e+01
1.643080139160156250e+01
1.649521636962890625e+01
1.639742851257324219e+01
1.649624443054199219e+01
1.755426216125488281e+01
1.772555160522460938e+01
1.908460807800292969e+01
1.991756439208984375e+01
2.041176986694335938e+01
1.990767097473144531e+01
1.962629318237304688e+01
1.849310302734375000e+01
1.766194343566894531e+01
1.669302749633789062e+01
1.654294776916503906e+01
1.636003875732421875e+01
1.525368118286132812e+01
1.491506767272949219e+01
1.392698955535888672e+01
1.396084880828857422e+01
1.416031360626220703e+01
1.512377929687500000e+01
1.535960865020751953e+01
1.539813041687011719e+01
1.580695819854736328e+01
1.592788124084472656e+01
1.704309272766113281e+01
1.788747787475585938e+01
1.888550376892089844e+01
1.909097099304199219e+01
2.061312675476074219e+01
1.997801208496093750e+01
1.999925422668457031e+01
1.931194686889648438e+01
1.928650665283203125e+01
1.625602531433105469e+01
1.907414436340332031e+01
1.836715888977050781e+01
1.634010124206542969e+01
1.568572139739990234e+01
1.455337333679199219e+01
1.412794017791748047e+01
1.379958915710449219e+01
1.397843647003173828e+01
1.474978351593017578e+01
1.495284652709960938e+01
1.564119625091552734e+01
1.574885654449462891e+01
1.585818481445312500e+01
1.597372627258300781e+01
1.661177253723144531e+01
1.662008476257324219e+01
1.657732772827148438e+01
1.682781982421875000e+01
1.763274383544921875e+01
1.797042083740234375e+01
1.785251235961914062e+01
1.984430313110351562e+01
1.894547462463378906e+01
1.838819694519042969e+01
2.017007446289062500e+01
1.819811630249023438e+01
1.809839439392089844e+01
1.612742996215820312e+01
1.497073936462402344e+01
1.495250129699707031e+01
1.429781436920166016e+01
1.448696804046630859e+01
1.540672397613525391e+01
1.557848548889160156e+01
1.568757057189941406e+01
1.641322898864746094e+01
1.656230163574218750e+01
1.743039512634277344e+01
1.762733650207519531e+01
1.887842941284179688e+01
1.855011940002441406e+01
1.933083724975585938e+01
2.105825233459472656e+01
2.152591705322265625e+01
2.144128990173339844e+01
2.020582389831542969e+01
2.033208084106445312e+01
1.941106986999511719e+01
1.888070106506347656e+01
1.801833534240722656e+01
1.629612922668457031e+01
1.582035636901855469e+01
1.417681407928466797e+01
1.430036544799804688e+01
1.440270519256591797e+01
1.582678699493408203e+01
1.614895629882812500e+01
1.708012771606445312e+01
1.712063598632812500e+01
1.804957008361816406e+01
1.837008285522460938e+01
1.921269035339355469e+01
1.896029472351074219e+01
1.947854804992675781e+01
1.946124458312988281e+01
1.974371719360351562e+01
2.005641555786132812e+01
1.995189285278320312e+01
2.067015838623046875e+01
2.144459342956542969e+01
2.189195823669433594e+01
2.266384887695312500e+01
2.235189628601074219e+01
2.124006652832031250e+01
1.767871475219726562e+01
1.667811393737792969e+01
1.713162612915039062e+01
1.747169303894042969e+01
1.677563667297363281e+01
1.739423179626464844e+01
1.766662979125976562e+01
1.747582054138183594e+01
1.788570404052734375e+01
1.879670143127441406e+01
1.978052711486816406e+01
2.046675872802734375e+01
2.067720031738281250e+01
2.110580825805664062e+01
2.176587295532226562e+01
2.181349563598632812e+01
2.213812065124511719e+01
2.326271057128906250e+01
2.267372512817382812e+01
2.231077766418457031e+01
2.115701866149902344e+01
1.999641418457031250e+01
1.940492439270019531e+01
1.856549072265625000e+01
1.747460365295410156e+01
1.616491127014160156e+01
1.625678825378417969e+01
1.500228023529052734e+01
1.504345512390136719e+01
1.539427280426025391e+01
1.633542251586914062e+01
1.694914054870605469e+01
1.785433387756347656e+01
1.841379737854003906e+01
1.830268669128417969e+01
1.941451263427734375e+01
2.011645889282226562e+01
2.051737594604492188e+01
2.099712944030761719e+01
2.173851013183593750e+01
2.215376472473144531e+01
2.231837654113769531e+01
2.261445999145507812e+01
2.163741493225097656e+01
2.182977104187011719e+01
2.036828422546386719e+01
1.983930015563964844e+01
1.873646545410156250e+01
1.802801513671875000e+01
1.575364875793457031e+01
1.551853656768798828e+01
1.521583843231201172e+01
1.551281929016113281e+01
1.518241596221923828e+01
1.557943630218505859e+01
1.584228515625000000e+01
1.626680374145507812e+01
1.722709846496582031e+01
1.762356948852539062e+01
1.813999748229980469e+01
1.909748649597167969e+01
1.987835121154785156e+01
2.104498481750488281e+01
2.176202201843261719e+01
2.227890205383300781e+01
2.218528556823730469e+01
2.216765975952148438e+01
2.189029884338378906e+01
2.147707748413085938e+01
2.076153755187988281e+01
1.971219253540039062e+01
1.835596275329589844e+01
1.626354980468750000e+01
1.486312198638916016e+01
1.487358093261718750e+01
1.445321559906005859e+01
1.498915481567382812e+01
1.516123008728027344e+01
1.574724388122558594e+01
1.601189804077148438e+01
1.650185966491699219e+01
1.698673820495605469e+01
1.791601371765136719e+01
1.844245529174804688e+01
1.943702697753906250e+01
2.066831970214843750e+01
2.162820816040039062e+01
2.227398109436035156e+01
2.271402359008789062e+01
2.267332077026367188e+01
2.245983886718750000e+01
2.186488151550292969e+01
2.188555145263671875e+01
2.113051986694335938e+01
2.087356758117675781e+01
1.939624404907226562e+01
1.790948867797851562e+01
1.795797920227050781e+01
1.689532470703125000e+01
1.537636947631835938e+01
1.399362754821777344e+01
1.441482448577880859e+01
1.514187812805175781e+01
1.566459465026855469e+01
1.693152999877929688e+01
1.698731613159179688e+01
1.708089065551757812e+01
1.753899574279785156e+01
1.815847587585449219e+01
1.929782295227050781e+01
1.990447807312011719e+01
2.114858245849609375e+01
2.224739456176757812e+01
2.264020919799804688e+01
2.267341423034667969e+01
2.300824546813964844e+01
2.257425880432128906e+01
2.199699401855468750e+01
2.192355346679687500e+01
2.141460990905761719e+01
2.003480148315429688e+01
1.893359565734863281e+01
1.794207572937011719e+01
1.664535140991210938e+01
1.713940048217773438e+01
1.738513183593750000e+01
1.803100395202636719e+01
1.913615608215332031e+01
1.953222274780273438e+01
1.935550117492675781e+01
1.852147293090820312e+01
1.852893257141113281e+01
1.836390495300292969e+01
1.897157859802246094e+01
1.978500366210937500e+01
2.011047935485839844e+01
2.061067771911621094e+01
2.113669776916503906e+01
2.073081970214843750e+01
2.195785903930664062e+01
2.118298912048339844e+01
2.128568077087402344e+01
2.086099433898925781e+01
1.836380577087402344e+01
1.774661254882812500e+01
1.820602989196777344e+01
1.894915580749511719e+01
1.843636131286621094e+01
1.830245399475097656e+01
1.810215187072753906e+01
1.833374404907226562e+01
1.800731277465820312e+01
1.824494934082031250e+01
1.815494728088378906e+01
1.755767631530761719e+01
1.766946983337402344e+01
1.788285064697265625e+01
1.794110870361328125e+01
1.791006278991699219e+01
1.943008041381835938e+01
2.039398956298828125e+01
2.113573837280273438e+01
2.192682456970214844e+01
2.206218528747558594e+01
2.038586044311523438e+01
1.918691825866699219e+01
2.035647583007812500e+01
1.975234031677246094e+01
1.778172302246093750e+01
1.702761077880859375e+01
1.614249420166015625e+01
1.638282203674316406e+01
1.552893257141113281e+01
1.585433673858642578e+01
1.624067115783691406e+01
1.662223052978515625e+01
1.677994155883789062e+01
1.688849830627441406e+01
1.740504837036132812e+01
1.720848655700683594e+01
1.797503852844238281e+01
1.899406433105468750e+01
2.121173667907714844e+01
2.249692535400390625e+01
2.358742713928222656e+01
2.255741119384765625e+01
2.250364875793457031e+01
2.253692054748535156e+01
2.132137870788574219e+01
2.013377380371093750e+01
2.016906929016113281e+01
1.828911590576171875e+01
1.631775856018066406e+01
1.490830993652343750e+01
1.485185813903808594e+01
1.405779838562011719e+01
1.487203121185302734e+01
1.574300384521484375e+01
1.638474464416503906e+01
1.664254188537597656e+01
1.680466842651367188e+01
1.774096679687500000e+01
1.886414337158203125e+01
1.901037788391113281e+01
2.003437423706054688e+01
2.061486244201660156e+01
2.084666061401367188e+01
2.172624397277832031e+01
2.236301612854003906e+01
2.177356338500976562e+01
2.120282936096191406e+01
2.124813652038574219e+01
2.114096260070800781e+01
1.987037277221679688e+01
1.908212089538574219e+01
1.840679168701171875e+01
1.716495895385742188e+01
1.513676834106445312e+01
1.466739177703857422e+01
1.376549720764160156e+01
1.404231166839599609e+01
1.495081901550292969e+01
1.566373157501220703e+01
1.658006286621093750e+01
1.675996589660644531e+01
1.752089118957519531e+01
1.807891464233398438e+01
1.860309791564941406e+01
1.901868057250976562e+01
1.941810035705566406e+01
1.950314903259277344e+01
2.034825706481933594e+01
2.030674171447753906e+01
2.039284706115722656e+01
1.983131980895996094e+01
2.059261703491210938e+01
2.216408920288085938e+01
2.026130104064941406e+01
2.028705787658691406e+01
1.990989685058593750e+01
1.856175422668457031e+01
1.734749031066894531e+01
1.600746726989746094e+01
1.571699810028076172e+01
1.565867614746093750e+01
1.591208744049072266e+01
1.701036643981933594e+01
1.724030113220214844e+01
1.742778778076171875e+01
1.750354766845703125e+01
1.742127418518066406e+01
1.795895576477050781e+01
1.852568817138671875e+01
1.992138862609863281e+01
2.070848655700683594e+01
2.152623176574707031e+01
2.180399703979492188e+01
2.129833984375000000e+01
2.142666816711425781e+01
2.153277206420898438e+01
2.075593948364257812e+01
2.066671943664550781e+01
1.890270805358886719e+01
1.885758781433105469e+01
1.769746780395507812e+01
1.621851348876953125e+01
1.597057914733886719e+01
1.593781852722167969e+01
1.575525856018066406e+01
1.575876903533935547e+01
1.607803535461425781e+01
1.720855903625488281e+01
1.745879554748535156e+01
1.752193260192871094e+01
1.772203636169433594e+01
1.887621688842773438e+01
1.935993003845214844e+01
1.981481552124023438e+01
2.102064132690429688e+01
2.101365852355957031e+01
2.092634963989257812e+01
2.067094421386718750e+01
2.042350196838378906e+01
2.090677833557128906e+01
2.080208396911621094e+01
1.930081939697265625e+01
2.023127746582031250e+01
1.929734420776367188e+01
1.898665618896484375e+01
1.718245506286621094e+01
1.624922752380371094e+01
1.544297885894775391e+01
1.484599971771240234e+01
1.575712203979492188e+01
1.644644355773925781e+01
1.738371086120605469e+01
1.812990760803222656e+01
1.828694534301757812e+01
1.827975082397460938e+01
1.921253585815429688e+01
1.968709373474121094e+01
2.006193542480468750e+01
2.090462493896484375e+01
2.217400169372558594e+01
2.231348228454589844e+01
2.194667243957519531e+01
2.172081375122070312e+01
2.142541122436523438e+01
2.191379547119140625e+01
2.197673797607421875e+01
2.147521209716796875e+01
1.992512512207031250e+01
1.857016754150390625e+01
1.953548812866210938e+01
1.783440589904785156e+01
1.816226577758789062e+01
1.715504837036132812e+01
1.729423713684082031e+01
1.741315460205078125e+01
1.772921752929687500e+01
1.781731605529785156e+01
1.887102127075195312e+01
1.989224815368652344e+01
2.062604904174804688e+01
2.184770774841308594e+01
2.217254638671875000e+01
2.267177772521972656e+01
2.266911506652832031e+01
2.279684257507324219e+01
2.232440757751464844e+01
2.234979248046875000e+01
2.063397789001464844e+01
2.069923210144042969e+01
2.009696388244628906e+01
1.893478202819824219e+01
1.800366592407226562e+01
1.590656185150146484e+01
1.375890350341796875e+01
1.385732078552246094e+01
1.470094585418701172e+01
1.595219516754150391e+01
1.625586509704589844e+01
1.690511512756347656e+01
1.761880302429199219e+01
1.765213584899902344e+01
1.866785430908203125e+01
1.945107650756835938e+01
2.048223495483398438e+01
2.287057304382324219e+01
2.280184555053710938e+01
2.208555603027343750e+01
2.156223869323730469e+01
2.131187248229980469e+01
2.025209999084472656e+01
1.925893592834472656e+01
1.865985298156738281e+01
1.855006790161132812e+01
1.649865722656250000e+01
1.543136787414550781e+01
1.369964122772216797e+01
1.374741458892822266e+01
1.367076396942138672e+01
1.401808357238769531e+01
1.426146602630615234e+01
1.495008659362792969e+01
1.549105644226074219e+01
1.567820930480957031e+01
1.631174278259277344e+01
1.682780456542968750e+01
1.729483795166015625e+01
1.766028022766113281e+01
1.827507591247558594e+01
1.833654975891113281e+01
1.879912948608398438e+01
1.880925369262695312e+01
1.885057258605957031e+01
1.787732505798339844e+01
1.749610328674316406e+01
1.724983787536621094e+01
1.623424911499023438e+01
1.589110469818115234e+01
1.564703559875488281e+01
1.588173484802246094e+01
1.635243606567382812e+01
1.584158420562744141e+01
1.547843170166015625e+01
1.513820552825927734e+01
1.530345344543457031e+01
1.489312076568603516e+01
1.530284023284912109e+01
1.620588684082031250e+01
1.639770317077636719e+01
1.750121688842773438e+01
1.806712532043457031e+01
1.903231048583984375e+01
1.983775901794433594e+01
2.061063385009765625e+01
2.071376037597656250e+01
1.991380310058593750e+01
2.051622009277343750e+01
1.856376266479492188e+01
1.860411262512207031e+01
1.767920684814453125e+01
1.800347137451171875e+01
1.608715629577636719e+01
1.525096035003662109e+01
1.452497291564941406e+01
1.386592483520507812e+01
1.272221946716308594e+01
1.314625453948974609e+01
1.381083869934082031e+01
1.481645965576171875e+01
1.514895439147949219e+01
1.592550277709960938e+01
1.639382553100585938e+01
1.675573158264160156e+01
1.736221504211425781e+01
1.773534393310546875e+01
1.759919357299804688e+01
2.036420631408691406e+01
1.946706771850585938e+01
