1.007230091094970703e+01
9.151577949523925781e+00
8.699327468872070312e+00
8.701725959777832031e+00
8.259848594665527344e+00
7.386962890625000000e+00
7.390452861785888672e+00
7.827371597290039062e+00
9.159070968627929688e+00
9.153165817260742188e+00
8.253283500671386719e+00
8.258490562438964844e+00
1.054233455657958984e+01
1.195802307128906250e+01
1.195370388031005859e+01
1.196130752563476562e+01
1.196418094635009766e+01
1.196208763122558594e+01
1.194477844238281250e+01
1.147257995605468750e+01
1.195425319671630859e+01
1.195794200897216797e+01
1.195553207397460938e+01
1.194710445404052734e+01
1.194331741333007812e+01
1.146614837646484375e+01
1.099565219879150391e+01
1.099869918823242188e+01
1.006707572937011719e+01
9.147371292114257812e+00
8.697807312011718750e+00
8.252493858337402344e+00
7.390742301940917969e+00
7.391281604766845703e+00
7.387462615966796875e+00
7.390295982360839844e+00
7.392872810363769531e+00
7.392894744873046875e+00
7.822344779968261719e+00
8.265601158142089844e+00
8.267025947570800781e+00
9.170988082885742188e+00
9.173134803771972656e+00
1.009214782714843750e+01
1.102162647247314453e+01
1.054920482635498047e+01
1.007962703704833984e+01
9.613280296325683594e+00
1.148042678833007812e+01
1.148205947875976562e+01
1.100559806823730469e+01
1.053863525390625000e+01
1.007289409637451172e+01
1.006905841827392578e+01
1.100150203704833984e+01
1.099483776092529297e+01
1.100082302093505859e+01
1.100076866149902344e+01
1.007178688049316406e+01
1.005684661865234375e+01
1.053033351898193359e+01
1.053266143798828125e+01
1.099922752380371094e+01
1.194772529602050781e+01
1.194163799285888672e+01
1.099185276031494141e+01
1.193542194366455078e+01
1.194126224517822266e+01
1.194314575195312500e+01
1.194500541687011719e+01
1.289207553863525391e+01
1.289153575897216797e+01
1.289387512207031250e+01
1.240843105316162109e+01
1.287551403045654297e+01
1.145828056335449219e+01
1.146236419677734375e+01
1.145489311218261719e+01
1.145492172241210938e+01
1.193159103393554688e+01
1.193345546722412109e+01
1.192893028259277344e+01
1.145355796813964844e+01
1.192404174804687500e+01
1.192815780639648438e+01
1.192510414123535156e+01
1.192643356323242188e+01
1.098816776275634766e+01
1.098890495300292969e+01
1.098820972442626953e+01
1.099092388153076172e+01
1.193285179138183594e+01
1.193295097351074219e+01
1.193506813049316406e+01
1.193766021728515625e+01
1.193358993530273438e+01
1.193026161193847656e+01
1.193051624298095703e+01
1.193875122070312500e+01
1.194138336181640625e+01
1.193642711639404297e+01
1.146391391754150391e+01
1.099146938323974609e+01
1.052311325073242188e+01
8.690620422363281250e+00
8.247396469116210938e+00
7.380584716796875000e+00
7.380208969116210938e+00
7.384578227996826172e+00
6.964979171752929688e+00
7.386258125305175781e+00
6.556952953338623047e+00
6.560899734497070312e+00
6.565173625946044922e+00
6.977970123291015625e+00
7.402374267578125000e+00
7.830873966217041016e+00
8.268644332885742188e+00
9.166371345520019531e+00
9.168137550354003906e+00
9.169751167297363281e+00
9.171770095825195312e+00
9.174009323120117188e+00
9.175293922424316406e+00
8.279129981994628906e+00
8.280081748962402344e+00
8.277870178222656250e+00
8.278047561645507812e+00
8.275824546813964844e+00
9.165863037109375000e+00
9.163571357727050781e+00
1.007917785644531250e+01
1.054326057434082031e+01
1.101209926605224609e+01
1.100827884674072266e+01
1.101031780242919922e+01
1.195515346527099609e+01
1.195337200164794922e+01
1.290319633483886719e+01
1.290324592590332031e+01
1.242680740356445312e+01
1.194946002960205078e+01
1.194538116455078125e+01
1.194636440277099609e+01
1.241753864288330078e+01
1.289385986328125000e+01
1.289406394958496094e+01
1.241638278961181641e+01
1.193875694274902344e+01
1.193558979034423828e+01
1.240848731994628906e+01
1.289369392395019531e+01
1.290033435821533203e+01
1.289775562286376953e+01
1.289527511596679688e+01
1.336718940734863281e+01
1.384515857696533203e+01
1.384305858612060547e+01
1.384373760223388672e+01
1.384271240234375000e+01
1.384149074554443359e+01
1.384291839599609375e+01
1.383968353271484375e+01
1.383986377716064453e+01
1.383606624603271484e+01
1.383489418029785156e+01
1.478775691986083984e+01
1.478822135925292969e+01
1.478670883178710938e+01
1.478189849853515625e+01
1.478471469879150391e+01
1.382444381713867188e+01
1.382591152191162109e+01
1.287201786041259766e+01
1.286893844604492188e+01
1.286988925933837891e+01
1.286935138702392578e+01
1.287093257904052734e+01
1.239565658569335938e+01
1.191426086425781250e+01
1.144131851196289062e+01
1.144708347320556641e+01
1.097652435302734375e+01
1.097526741027832031e+01
1.098507595062255859e+01
1.145541667938232422e+01
1.145120620727539062e+01
1.097724819183349609e+01
1.097908496856689453e+01
1.192564582824707031e+01
1.193166542053222656e+01
1.193174648284912109e+01
1.192976379394531250e+01
1.193692398071289062e+01
1.146522808074951172e+01
1.099058055877685547e+01
1.098520755767822266e+01
1.098829078674316406e+01
1.098937606811523438e+01
1.052601432800292969e+01
1.005707359313964844e+01
1.005305385589599609e+01
1.005892562866210938e+01
9.600511550903320312e+00
1.005749511718750000e+01
1.005372047424316406e+01
1.005957508087158203e+01
1.052111816406250000e+01
1.099502182006835938e+01
1.099534797668457031e+01
1.099530792236328125e+01
1.099697399139404297e+01
1.193976402282714844e+01
1.193609523773193359e+01
1.193436241149902344e+01
1.193775177001953125e+01
1.193640899658203125e+01
1.193516635894775391e+01
1.193101978302001953e+01
1.193232440948486328e+01
1.193066692352294922e+01
1.097913455963134766e+01
1.097699165344238281e+01
1.097756481170654297e+01
1.051208400726318359e+01
1.004484844207763672e+01
9.588825225830078125e+00
1.098502349853515625e+01
1.051887416839599609e+01
1.051804924011230469e+01
1.098363399505615234e+01
1.097704315185546875e+01
1.145455455780029297e+01
1.146115970611572266e+01
1.193107128143310547e+01
1.240805912017822266e+01
1.288878250122070312e+01
1.289055728912353516e+01
1.336412715911865234e+01
1.384490776062011719e+01
1.335753250122070312e+01
1.383625888824462891e+01
1.288444805145263672e+01
1.192853069305419922e+01
1.240594100952148438e+01
1.240455532073974609e+01
1.192840862274169922e+01
1.192842197418212891e+01
1.192785167694091797e+01
1.191869354248046875e+01
1.191573238372802734e+01
1.145287895202636719e+01
1.097655105590820312e+01
1.098278808593750000e+01
1.097997570037841797e+01
1.051761436462402344e+01
1.098306274414062500e+01
1.098699855804443359e+01
1.098858165740966797e+01
1.098689460754394531e+01
1.098607254028320312e+01
1.098598289489746094e+01
1.099255371093750000e+01
1.099238777160644531e+01
1.052273082733154297e+01
1.005314254760742188e+01
1.006265640258789062e+01
9.141687393188476562e+00
7.807682514190673828e+00
6.547699451446533203e+00
6.548718452453613281e+00
6.549752712249755859e+00
6.551276683807373047e+00
6.550588607788085938e+00
6.552882671356201172e+00
6.554137229919433594e+00
6.555091381072998047e+00
6.553431987762451172e+00
6.964581012725830078e+00
7.387829303741455078e+00
7.393849849700927734e+00
7.395143032073974609e+00
7.823570251464843750e+00
8.260889053344726562e+00
9.157393455505371094e+00
9.615298271179199219e+00
1.007913970947265625e+01
1.007786941528320312e+01
1.008130359649658203e+01
1.007773971557617188e+01
1.007771110534667969e+01
1.243433284759521484e+01
1.291291999816894531e+01
1.196101188659667969e+01
1.290889453887939453e+01
1.290664100646972656e+01
1.290181350708007812e+01
1.242985916137695312e+01
1.242883110046386719e+01
1.290272998809814453e+01
1.290845775604248047e+01
1.290309333801269531e+01
1.289482975006103516e+01
1.289188003540039062e+01
1.289138603210449219e+01
1.241360569000244141e+01
1.193562412261962891e+01
1.193606472015380859e+01
1.193882274627685547e+01
1.193803691864013672e+01
1.193700313568115234e+01
1.193575859069824219e+01
1.193339538574218750e+01
1.193072986602783203e+01
1.098948955535888672e+01
1.098938274383544922e+01
1.099172496795654297e+01
1.005828380584716797e+01
1.005829811096191406e+01
1.005895137786865234e+01
1.005810260772705078e+01
1.005947875976562500e+01
1.006215953826904297e+01
1.006196689605712891e+01
1.052819633483886719e+01
1.006309318542480469e+01
1.099688911437988281e+01
1.100112342834472656e+01
1.100235557556152344e+01
1.100010204315185547e+01
1.099971294403076172e+01
1.053086853027343750e+01
1.053162002563476562e+01
1.006644630432128906e+01
1.006499385833740234e+01
1.099637794494628906e+01
1.099473857879638672e+01
1.099234294891357422e+01
1.052510452270507812e+01
1.005788516998291016e+01
9.596759796142578125e+00
9.140598297119140625e+00
9.145208358764648438e+00
9.603269577026367188e+00
1.006494331359863281e+01
1.006050777435302734e+01
1.005882453918457031e+01
1.006045246124267578e+01
1.052825641632080078e+01
1.052928638458251953e+01
1.053024864196777344e+01
1.053324985504150391e+01
1.100388431549072266e+01
1.100413799285888672e+01
1.100107192993164062e+01
1.099823093414306641e+01
1.099731063842773438e+01
1.099812602996826172e+01
1.099559974670410156e+01
1.099682140350341797e+01
1.099634456634521484e+01
1.099665451049804688e+01
1.099293422698974609e+01
1.099464702606201172e+01
1.099574470520019531e+01
1.006132221221923828e+01
1.006227874755859375e+01
1.005919170379638672e+01
9.599397659301757812e+00
9.141815185546875000e+00
9.142521858215332031e+00
8.691576004028320312e+00
7.811015605926513672e+00
8.248471260070800781e+00
8.248453140258789062e+00
8.248273849487304688e+00
8.248976707458496094e+00
9.143577575683593750e+00
9.145866394042968750e+00
9.148984909057617188e+00
9.148756027221679688e+00
9.150279998779296875e+00
9.154544830322265625e+00
9.156729698181152344e+00
9.156218528747558594e+00
8.707163810729980469e+00
8.263300895690917969e+00
8.261324882507324219e+00
7.823370456695556641e+00
6.974367618560791016e+00
7.394446849822998047e+00
7.395418643951416016e+00
7.396919727325439453e+00
7.398935317993164062e+00
7.398200035095214844e+00
7.828146934509277344e+00
8.266370773315429688e+00
7.829084873199462891e+00
7.400995731353759766e+00
7.402195453643798828e+00
7.403351306915283203e+00
7.831941127777099609e+00
8.270380020141601562e+00
8.272392272949218750e+00
8.717405319213867188e+00
8.272126197814941406e+00
7.832290649414062500e+00
7.402482986450195312e+00
7.402880191802978516e+00
7.404036521911621094e+00
6.574916362762451172e+00
5.789077758789062500e+00
5.416833877563476562e+00
5.416499137878417969e+00
5.790272712707519531e+00
5.415591239929199219e+00
5.058644294738769531e+00
5.787223815917968750e+00
6.572617530822753906e+00
6.571042060852050781e+00
6.571436882019042969e+00
6.575296401977539062e+00
6.578458309173583984e+00
6.988955497741699219e+00
7.407961368560791016e+00
6.577210903167724609e+00
7.412382125854492188e+00
7.410304546356201172e+00
7.408479213714599609e+00
7.404198646545410156e+00
7.405950546264648438e+00
7.403705596923828125e+00
7.402802467346191406e+00
8.271895408630371094e+00
8.266662597656250000e+00
8.268264770507812500e+00
8.267289161682128906e+00
8.264273643493652344e+00
8.263150215148925781e+00
8.264852523803710938e+00
8.264251708984375000e+00
9.161628723144531250e+00
9.160659790039062500e+00
8.710205078125000000e+00
8.262277603149414062e+00
8.712788581848144531e+00
9.164149284362792969e+00
9.163592338562011719e+00
9.160615921020507812e+00
9.165560722351074219e+00
9.164719581604003906e+00
9.165594100952148438e+00
9.166475296020507812e+00
9.164106369018554688e+00
9.166830062866210938e+00
9.623485565185546875e+00
1.008504295349121094e+01
1.101607704162597656e+01
1.196249961853027344e+01
1.196211338043212891e+01
1.149143886566162109e+01
9.623137474060058594e+00
9.168004035949707031e+00
1.008775043487548828e+01
1.102380561828613281e+01
1.055200862884521484e+01
1.007951641082763672e+01
9.164966583251953125e+00
8.709856986999511719e+00
8.708657264709472656e+00
8.264336585998535156e+00
7.828356742858886719e+00
8.274411201477050781e+00
8.272188186645507812e+00
8.715576171875000000e+00
9.164452552795410156e+00
9.166661262512207031e+00
1.008654785156250000e+01
1.102495861053466797e+01
1.102700042724609375e+01
1.102658653259277344e+01
1.102741432189941406e+01
1.102899360656738281e+01
1.055853366851806641e+01
1.009198379516601562e+01
1.055539894104003906e+01
1.055368709564208984e+01
1.101861763000488281e+01
1.100695800781250000e+01
1.100623893737792969e+01
1.100506973266601562e+01
1.100210571289062500e+01
1.147008705139160156e+01
1.099907779693603516e+01
1.099841594696044922e+01
1.099482154846191406e+01
1.099372482299804688e+01
1.099290466308593750e+01
1.099469566345214844e+01
1.099480915069580078e+01
1.146551513671875000e+01
1.193919181823730469e+01
1.193803787231445312e+01
1.099032115936279297e+01
1.052521038055419922e+01
1.099503898620605469e+01
1.099930667877197266e+01
1.052911853790283203e+01
9.602023124694824219e+00
9.151508331298828125e+00
9.152412414550781250e+00
8.698195457458496094e+00
9.148561477661132812e+00
9.151886940002441406e+00
9.608523368835449219e+00
9.613875389099121094e+00
1.007460498809814453e+01
1.006903839111328125e+01
1.007510852813720703e+01
1.007962226867675781e+01
1.101376438140869141e+01
1.100380897521972656e+01
1.099963951110839844e+01
1.099958515167236328e+01
1.099545097351074219e+01
1.098679256439208984e+01
1.193151760101318359e+01
1.240013980865478516e+01
1.383912944793701172e+01
1.240871906280517578e+01
1.144995212554931641e+01
1.005073356628417969e+01
1.006013011932373047e+01
9.602232933044433594e+00
1.006452941894531250e+01
1.006529998779296875e+01
1.006707000732421875e+01
1.006138896942138672e+01
9.142034530639648438e+00
9.139614105224609375e+00
9.607891082763671875e+00
9.616142272949218750e+00
9.159495353698730469e+00
9.157434463500976562e+00
9.614324569702148438e+00
1.007468891143798828e+01
1.007834053039550781e+01
1.007987594604492188e+01
1.008068847656250000e+01
1.101933288574218750e+01
1.101543617248535156e+01
1.195807552337646484e+01
1.195872020721435547e+01
1.196142101287841797e+01
1.054559898376464844e+01
9.618844032287597656e+00
8.264829635620117188e+00
7.826830863952636719e+00
7.398879528045654297e+00
7.399505615234375000e+00
8.262452125549316406e+00
8.263321876525878906e+00
9.154905319213867188e+00
9.155055046081542969e+00
8.260536193847656250e+00
8.266184806823730469e+00
8.270833969116210938e+00
8.274829864501953125e+00
7.407402038574218750e+00
7.406763553619384766e+00
7.408385753631591797e+00
7.407997608184814453e+00
7.406477451324462891e+00
7.402877330780029297e+00
8.269668579101562500e+00
8.276238441467285156e+00
8.281200408935546875e+00
8.276837348937988281e+00
8.273729324340820312e+00
8.268360137939453125e+00
7.398703575134277344e+00
7.400701045989990234e+00
7.396559238433837891e+00
7.395023345947265625e+00
7.396123409271240234e+00
7.397817134857177734e+00
6.566800594329833984e+00
6.567848205566406250e+00
5.781874656677246094e+00
5.408470153808593750e+00
5.052808761596679688e+00
5.054276466369628906e+00
4.713418006896972656e+00
4.389236450195312500e+00
4.083285331726074219e+00
4.388833999633789062e+00
4.712274551391601562e+00
5.059698104858398438e+00
5.790295600891113281e+00
6.577817440032958984e+00
6.179307460784912109e+00
6.179691314697265625e+00
6.180005550384521484e+00
4.720243453979492188e+00
4.088657379150390625e+00
3.803413391113281250e+00
3.803185462951660156e+00
4.089665412902832031e+00
3.803629875183105469e+00
4.397660255432128906e+00
5.064792633056640625e+00
5.424365043640136719e+00
5.798031330108642578e+00
5.799293518066406250e+00
5.800588607788085938e+00
5.801248073577880859e+00
6.587637424468994141e+00
6.188678264617919922e+00
6.587554454803466797e+00
6.587479114532470703e+00
6.584926128387451172e+00
7.414268493652343750e+00
7.411670684814453125e+00
7.411170482635498047e+00
7.410335540771484375e+00
7.409749507904052734e+00
6.578744888305664062e+00
6.577350616455078125e+00
6.577803134918212891e+00
6.578607559204101562e+00
6.577352046966552734e+00
6.577076911926269531e+00
6.574086666107177734e+00
6.574132919311523438e+00
6.574729919433593750e+00
6.575119972229003906e+00
6.575305938720703125e+00
6.576710700988769531e+00
6.578929424285888672e+00
6.580244541168212891e+00
6.579446792602539062e+00
6.579989433288574219e+00
6.581099987030029297e+00
6.580014228820800781e+00
6.579956531524658203e+00
6.579724788665771484e+00
7.409981250762939453e+00
7.409090042114257812e+00
7.838874340057373047e+00
8.277343750000000000e+00
7.408894062042236328e+00
7.411092758178710938e+00
7.410312652587890625e+00
6.576754093170166016e+00
6.574444770812988281e+00
6.571836948394775391e+00
6.571572303771972656e+00
6.570750236511230469e+00
6.569418907165527344e+00
6.570901393890380859e+00
6.981595516204833984e+00
7.832848548889160156e+00
8.268904685974121094e+00
8.269473075866699219e+00
8.714859962463378906e+00
8.269304275512695312e+00
7.401833057403564453e+00
7.402389049530029297e+00
7.832498550415039062e+00
8.269323348999023438e+00
8.270148277282714844e+00
8.269306182861328125e+00
8.266714096069335938e+00
8.267019271850585938e+00
6.981652736663818359e+00
6.571212291717529297e+00
5.789346694946289062e+00
5.791810989379882812e+00
5.061244964599609375e+00
5.058322906494140625e+00
5.055578231811523438e+00
4.084753990173339844e+00
3.296288490295410156e+00
3.080615997314453125e+00
2.729984283447265625e+00
2.596956253051757812e+00
2.424354553222656250e+00
2.422620773315429688e+00
2.422020912170410156e+00
2.421301841735839844e+00
2.591990470886230469e+00
2.590538978576660156e+00
2.588748931884765625e+00
2.884236335754394531e+00
2.883646011352539062e+00
3.074150085449218750e+00
2.882002830505371094e+00
3.074386596679687500e+00
2.883681297302246094e+00
2.885085105895996094e+00
2.885930061340332031e+00
2.885690689086914062e+00
2.885579109191894531e+00
2.885175704956054688e+00
2.885536193847656250e+00
2.884827613830566406e+00
2.884643554687500000e+00
2.884340286254882812e+00
2.884559631347656250e+00
2.885159492492675781e+00
2.884871482849121094e+00
2.884327888488769531e+00
3.076238632202148438e+00
3.293232917785644531e+00
3.802212715148925781e+00
3.802661895751953125e+00
4.090126991271972656e+00
4.724143028259277344e+00
5.066268920898437500e+00
5.067772865295410156e+00
4.090321540832519531e+00
3.801998138427734375e+00
3.803487777709960938e+00
3.537558555603027344e+00
2.886189460754394531e+00
2.885968208312988281e+00
2.886244773864746094e+00
2.722685813903808594e+00
2.589529991149902344e+00
2.589623451232910156e+00
2.588521957397460938e+00
2.885482788085937500e+00
2.885050773620605469e+00
2.883522033691406250e+00
2.883231163024902344e+00
3.292499542236328125e+00
3.535282135009765625e+00
3.800949096679687500e+00
4.090215682983398438e+00
4.400064468383789062e+00
4.727747917175292969e+00
5.071350097656250000e+00
5.805163383483886719e+00
5.805065631866455078e+00
5.430821418762207031e+00
5.429820060729980469e+00
4.726431846618652344e+00
3.295892715454101562e+00
2.886371612548828125e+00
2.587687492370605469e+00
2.588376998901367188e+00
2.484871864318847656e+00
2.587487220764160156e+00
2.587236404418945312e+00
2.585844993591308594e+00
2.719381332397460938e+00
2.882055282592773438e+00
3.073525428771972656e+00
3.293378829956054688e+00
3.803414344787597656e+00
3.803698539733886719e+00
3.804156303405761719e+00
4.401614189147949219e+00
4.402021408081054688e+00
5.072894096374511719e+00
5.072907447814941406e+00
5.807240962982177734e+00
5.806389808654785156e+00
5.806436061859130859e+00
5.430747032165527344e+00
5.429694175720214844e+00
5.069247245788574219e+00
4.400321006774902344e+00
4.400131225585937500e+00
4.726012229919433594e+00
5.068454742431640625e+00
5.802059173583984375e+00
5.066715240478515625e+00
5.066165924072265625e+00
5.065614700317382812e+00
5.066956520080566406e+00
5.067983627319335938e+00
5.067966461181640625e+00
5.068953514099121094e+00
5.801072120666503906e+00
5.426005363464355469e+00
5.799318313598632812e+00
6.582053184509277344e+00
6.583498954772949219e+00
6.583595275878906250e+00
6.992027282714843750e+00
7.412205219268798828e+00
6.990495204925537109e+00
7.410640239715576172e+00
6.990358352661132812e+00
6.179122447967529297e+00
5.420363426208496094e+00
5.061002731323242188e+00
5.059829711914062500e+00
5.789978981018066406e+00
5.791386604309082031e+00
5.791092872619628906e+00
5.792006015777587891e+00
6.578924655914306641e+00
6.578123092651367188e+00
6.987860202789306641e+00
7.412137985229492188e+00
6.584026336669921875e+00
6.585413932800292969e+00
6.583785057067871094e+00
6.580622196197509766e+00
6.579223632812500000e+00
6.576320648193359375e+00
6.577883720397949219e+00
6.576595306396484375e+00
7.405215740203857422e+00
7.835794448852539062e+00
1.008683967590332031e+01
1.008851051330566406e+01
1.008703041076660156e+01
1.008821201324462891e+01
1.008716011047363281e+01
1.008753871917724609e+01
1.008953952789306641e+01
1.008766651153564453e+01
1.008660221099853516e+01
1.008442497253417969e+01
1.008142948150634766e+01
1.007409095764160156e+01
9.154860496520996094e+00
8.704149246215820312e+00
9.157247543334960938e+00
9.158382415771484375e+00
8.705575942993164062e+00
8.260197639465332031e+00
7.822365283966064453e+00
7.395786285400390625e+00
6.976385116577148438e+00
6.567220211029052734e+00
6.566706180572509766e+00
6.178452014923095703e+00
5.420999526977539062e+00
5.059815406799316406e+00
4.391752243041992188e+00
3.800565719604492188e+00
3.296372413635253906e+00
3.297563552856445312e+00
3.297950744628906250e+00
3.297326087951660156e+00
3.297971725463867188e+00
3.538210868835449219e+00
3.538440704345703125e+00
3.804584503173828125e+00
3.805036544799804688e+00
4.398445129394531250e+00
4.399441719055175781e+00
4.723778724670410156e+00
5.067333221435546875e+00
5.425849914550781250e+00
5.799178123474121094e+00
5.799650669097900391e+00
6.185381889343261719e+00
6.585680961608886719e+00
6.584816932678222656e+00
6.584434986114501953e+00
6.586089611053466797e+00
5.799500942230224609e+00
5.064987182617187500e+00
4.088694572448730469e+00
3.802527427673339844e+00
3.801836013793945312e+00
3.802776336669921875e+00
4.394441604614257812e+00
4.391705513000488281e+00
4.390808105468750000e+00
4.389273643493652344e+00
5.056299209594726562e+00
5.058765411376953125e+00
5.063117027282714844e+00
5.794710636138916016e+00
5.797237873077392578e+00
5.797029495239257812e+00
6.184285640716552734e+00
6.579225063323974609e+00
6.577896595001220703e+00
6.988126277923583984e+00
7.412388801574707031e+00
7.836613178253173828e+00
7.836877822875976562e+00
8.274271011352539062e+00
8.718407630920410156e+00
9.169872283935546875e+00
9.167379379272460938e+00
9.163452148437500000e+00
9.624915122985839844e+00
1.009140014648437500e+01
1.008655834197998047e+01
1.055046463012695312e+01
1.101648426055908203e+01
1.101129627227783203e+01
1.100948619842529297e+01
1.148387241363525391e+01
1.195461750030517578e+01
1.194664001464843750e+01
1.194909763336181641e+01
1.194760131835937500e+01
1.194582271575927734e+01
1.194765090942382812e+01
1.194480895996093750e+01
1.289345455169677734e+01
1.336964702606201172e+01
1.384245109558105469e+01
1.336475086212158203e+01
1.288605594635009766e+01
1.193726062774658203e+01
1.193217086791992188e+01
1.145715045928955078e+01
1.005371665954589844e+01
1.005646324157714844e+01
1.005652904510498047e+01
1.051627635955810547e+01
1.052212238311767578e+01
1.052247905731201172e+01
9.137293815612792969e+00
9.138054847717285156e+00
9.142238616943359375e+00
9.141817092895507812e+00
9.600277900695800781e+00
1.006815719604492188e+01
1.099967193603515625e+01
1.100310897827148438e+01
1.100146770477294922e+01
1.006784725189208984e+01
1.006838607788085938e+01
1.007280254364013672e+01
1.007227897644042969e+01
1.007162570953369141e+01
9.609009742736816406e+00
9.151662826538085938e+00
8.255855560302734375e+00
7.388952255249023438e+00
6.970829486846923828e+00
6.560959339141845703e+00
7.391523361206054688e+00
6.972191333770751953e+00
7.390508651733398438e+00
7.391203880310058594e+00
7.391614913940429688e+00
7.396349430084228516e+00
7.826530456542968750e+00
8.268496513366699219e+00
8.270153999328613281e+00
9.167111396789550781e+00
9.168719291687011719e+00
9.626282691955566406e+00
1.009142017364501953e+01
1.009075927734375000e+01
1.009038352966308594e+01
1.102254867553710938e+01
1.102224063873291016e+01
1.101833629608154297e+01
1.101395320892333984e+01
1.054606723785400391e+01
1.007857894897460938e+01
9.157923698425292969e+00
9.155826568603515625e+00
9.612032890319824219e+00
1.007422637939453125e+01
1.007413482666015625e+01
1.100267982482910156e+01
1.100096511840820312e+01
1.100444698333740234e+01
1.100879478454589844e+01
1.101048946380615234e+01
1.100955390930175781e+01
1.101092720031738281e+01
1.101136684417724609e+01
1.100890731811523438e+01
1.100837707519531250e+01
1.100925159454345703e+01
1.147764778137207031e+01
1.147975921630859375e+01
1.195303916931152344e+01
1.195122337341308594e+01
1.147807979583740234e+01
1.100703811645507812e+01
1.053876590728759766e+01
1.007071685791015625e+01
1.007167339324951172e+01
1.007259941101074219e+01
9.157201766967773438e+00
9.157715797424316406e+00
9.160380363464355469e+00
9.615583419799804688e+00
1.007693290710449219e+01
1.007730960845947266e+01
1.101411056518554688e+01
1.101956272125244141e+01
1.149512958526611328e+01
1.196797084808349609e+01
1.196118450164794922e+01
1.196398830413818359e+01
1.291017150878906250e+01
1.290496921539306641e+01
1.194925594329833984e+01
1.289938545227050781e+01
1.385195922851562500e+01
1.384793567657470703e+01
1.431930255889892578e+01
1.384299755096435547e+01
1.384097099304199219e+01
1.288656330108642578e+01
1.288484954833984375e+01
1.240375518798828125e+01
1.193097305297851562e+01
1.241220188140869141e+01
1.193621540069580078e+01
1.193460273742675781e+01
1.193338298797607422e+01
1.193407630920410156e+01
1.241079616546630859e+01
1.288637924194335938e+01
1.288458061218261719e+01
1.384264755249023438e+01
1.432685470581054688e+01
1.480534076690673828e+01
1.480108928680419922e+01
1.480206775665283203e+01
1.480211734771728516e+01
1.480230140686035156e+01
1.480270957946777344e+01
1.480035495758056641e+01
1.479776859283447266e+01
1.479793739318847656e+01
1.432082271575927734e+01
1.383972263336181641e+01
1.336338043212890625e+01
1.193786811828613281e+01
1.193759155273437500e+01
1.146619319915771484e+01
1.005948257446289062e+01
9.140539169311523438e+00
9.142138481140136719e+00
8.691453933715820312e+00
9.143699645996093750e+00
9.145281791687011719e+00
9.145385742187500000e+00
9.149168968200683594e+00
9.150773048400878906e+00
8.701232910156250000e+00
9.156025886535644531e+00
9.161481857299804688e+00
9.163254737854003906e+00
1.008112812042236328e+01
1.008179759979248047e+01
1.101936721801757812e+01
1.101933097839355469e+01
1.008663654327392578e+01
9.169452667236328125e+00
8.272346496582031250e+00
6.576040744781494141e+00
5.790048599243164062e+00
6.175138950347900391e+00
6.571297168731689453e+00
6.569409847259521484e+00
6.567660331726074219e+00
6.976713657379150391e+00
6.977844238281250000e+00
6.570289134979248047e+00
6.572455883026123047e+00
7.405065536499023438e+00
8.273493766784667969e+00
8.273953437805175781e+00
8.273363113403320312e+00
8.272915840148925781e+00
8.270539283752441406e+00
8.270671844482421875e+00
8.274443626403808594e+00
8.275560379028320312e+00
8.274582862854003906e+00
8.271757125854492188e+00
8.270462036132812500e+00
7.828427314758300781e+00
7.398573875427246094e+00
7.401297092437744141e+00
7.400943279266357422e+00
6.571430683135986328e+00
6.573573112487792969e+00
7.401765346527099609e+00
6.981548309326171875e+00
7.404898643493652344e+00
7.406878948211669922e+00
7.408770561218261719e+00
7.409147262573242188e+00
7.408215045928955078e+00
7.836392402648925781e+00
8.274223327636718750e+00
8.275446891784667969e+00
9.172814369201660156e+00
9.631114959716796875e+00
1.056243991851806641e+01
1.103036594390869141e+01
1.102725410461425781e+01
1.196976661682128906e+01
1.196751308441162109e+01
1.196270275115966797e+01
1.148853015899658203e+01
1.101271247863769531e+01
1.007903480529785156e+01
9.155158996582031250e+00
9.152924537658691406e+00
9.149125099182128906e+00
9.150090217590332031e+00
9.147323608398437500e+00
9.140409469604492188e+00
9.138571739196777344e+00
9.599100112915039062e+00
1.006477928161621094e+01
1.006435489654541016e+01
1.006618499755859375e+01
1.053450202941894531e+01
1.100279140472412109e+01
1.100140380859375000e+01
1.100201225280761719e+01
1.100348186492919922e+01
1.053544330596923828e+01
1.006985473632812500e+01
1.007024765014648438e+01
1.099903869628906250e+01
1.289494514465332031e+01
1.289536190032958984e+01
1.289660453796386719e+01
1.242081356048583984e+01
1.194574546813964844e+01
1.194748878479003906e+01
1.194865608215332031e+01
1.195176315307617188e+01
1.194968128204345703e+01
1.194610881805419922e+01
1.194838047027587891e+01
1.195290660858154297e+01
1.194962501525878906e+01
1.289390945434570312e+01
1.289595985412597656e+01
1.289782142639160156e+01
1.289710140228271484e+01
1.289109230041503906e+01
1.336752796173095703e+01
1.384898757934570312e+01
1.384405040740966797e+01
1.479309844970703125e+01
1.479407024383544922e+01
1.479252624511718750e+01
1.478948307037353516e+01
1.574512481689453125e+01
1.526377868652343750e+01
1.478695583343505859e+01
1.431326103210449219e+01
1.099082279205322266e+01
1.005348682403564453e+01
1.005576992034912109e+01
1.052204895019531250e+01
1.099296474456787109e+01
1.052501296997070312e+01
1.005631828308105469e+01
1.005538654327392578e+01
9.143238067626953125e+00
9.149225234985351562e+00
9.153030395507812500e+00
9.162329673767089844e+00
9.159745216369628906e+00
9.161848068237304688e+00
9.168052673339843750e+00
1.008710575103759766e+01
1.008674716949462891e+01
1.008585834503173828e+01
9.165953636169433594e+00
8.273701667785644531e+00
7.408724308013916016e+00
6.986912250518798828e+00
6.575674057006835938e+00
6.983875274658203125e+00
6.573149204254150391e+00
6.571057796478271484e+00
5.786111831665039062e+00
5.785869598388671875e+00
5.414109230041503906e+00
5.059826850891113281e+00
5.420478820800781250e+00
5.795758247375488281e+00
6.182128906250000000e+00
6.182567596435546875e+00
5.794681072235107422e+00
6.991075038909912109e+00
7.410371780395507812e+00
8.725358009338378906e+00
9.635784149169921875e+00
1.056508541107177734e+01
1.103459262847900391e+01
1.056615924835205078e+01
1.009837722778320312e+01
9.178771018981933594e+00
7.844834804534912109e+00
6.182914257049560547e+00
5.422357559204101562e+00
5.065906524658203125e+00
5.063883781433105469e+00
5.061820983886718750e+00
5.058325767517089844e+00
5.413350105285644531e+00
5.784828186035156250e+00
5.785245895385742188e+00
6.570927619934082031e+00
6.574426651000976562e+00
6.576262950897216797e+00
6.987618446350097656e+00
8.275411605834960938e+00
8.276187896728515625e+00
9.178878784179687500e+00
9.176301002502441406e+00
9.176184654235839844e+00
9.175148963928222656e+00
9.173187255859375000e+00
9.166800498962402344e+00
9.168500900268554688e+00
9.170620918273925781e+00
1.009046649932861328e+01
9.167426109313964844e+00
8.715817451477050781e+00
8.268281936645507812e+00
8.270479202270507812e+00
8.266382217407226562e+00
8.267385482788085938e+00
8.269742965698242188e+00
8.269943237304687500e+00
8.276016235351562500e+00
7.835553646087646484e+00
8.274168014526367188e+00
8.274239540100097656e+00
8.274001121520996094e+00
8.270029067993164062e+00
8.717497825622558594e+00
9.169975280761718750e+00
9.170961380004882812e+00
9.172387123107910156e+00
1.009162807464599609e+01
1.102431106567382812e+01
1.102221298217773438e+01
1.055142879486083984e+01
1.054887199401855469e+01
1.055124473571777344e+01
9.622628211975097656e+00
9.166090965270996094e+00
9.161232948303222656e+00
9.167590141296386719e+00
8.715691566467285156e+00
8.263330459594726562e+00
7.823816299438476562e+00
7.396109104156494141e+00
7.395362854003906250e+00
7.824489116668701172e+00
8.266489982604980469e+00
8.713286399841308594e+00
9.624235153198242188e+00
1.008634757995605469e+01
1.008501911163330078e+01
1.102389049530029297e+01
1.197374439239501953e+01
1.197568130493164062e+01
1.197650814056396484e+01
1.292650413513183594e+01
1.387561225891113281e+01
1.291614913940429688e+01
1.291611099243164062e+01
1.196117973327636719e+01
1.196129512786865234e+01
1.101329708099365234e+01
1.101113033294677734e+01
1.007059383392333984e+01
9.608644485473632812e+00
8.697840690612792969e+00
8.249157905578613281e+00
8.248601913452148438e+00
8.693150520324707031e+00
9.147246360778808594e+00
9.149479866027832031e+00
9.153198242187500000e+00
9.156544685363769531e+00
1.007721328735351562e+01
1.008034801483154297e+01
1.102319145202636719e+01
1.102821159362792969e+01
1.197114276885986328e+01
1.244283294677734375e+01
1.291575908660888672e+01
1.291247844696044922e+01
1.195908164978027344e+01
1.148375988006591797e+01
1.054209232330322266e+01
9.155629158020019531e+00
7.820489883422851562e+00
7.392647266387939453e+00
7.391982078552246094e+00
7.815616607666015625e+00
7.388998508453369141e+00
7.815389633178710938e+00
8.253295898437500000e+00
8.253964424133300781e+00
9.153251647949218750e+00
9.155905723571777344e+00
9.160507202148437500e+00
1.008473873138427734e+01
1.243892192840576172e+01
1.291743755340576172e+01
1.291602897644042969e+01
1.291693305969238281e+01
1.291424846649169922e+01
1.196265029907226562e+01
1.148609733581542969e+01
1.007857704162597656e+01
9.160644531250000000e+00
9.157669067382812500e+00
9.155920028686523438e+00
9.151564598083496094e+00
9.150271415710449219e+00
9.148894309997558594e+00
1.006747817993164062e+01
1.006858444213867188e+01
9.610921859741210938e+00
9.613606452941894531e+00
1.007836532592773438e+01
1.008312320709228516e+01
1.008169651031494141e+01
1.101540470123291016e+01
1.101950454711914062e+01
1.149178028106689453e+01
1.196525192260742188e+01
1.338856697082519531e+01
1.386498546600341797e+01
1.291132926940917969e+01
1.243193054199218750e+01
1.243152427673339844e+01
1.101104354858398438e+01
1.007397651672363281e+01
1.007051086425781250e+01
1.007076644897460938e+01
1.007220745086669922e+01
9.148550987243652344e+00
9.145578384399414062e+00
1.006318187713623047e+01
1.006643676757812500e+01
1.006608295440673828e+01
1.007095241546630859e+01
1.007622337341308594e+01
1.007653236389160156e+01
1.007823562622070312e+01
1.008004570007324219e+01
1.054846096038818359e+01
1.102112865447998047e+01
1.102329921722412109e+01
1.196658611297607422e+01
1.197403717041015625e+01
1.245291137695312500e+01
1.292827701568603516e+01
1.292489528656005859e+01
1.055765724182128906e+01
9.168408393859863281e+00
9.169909477233886719e+00
8.713291168212890625e+00
8.712822914123535156e+00
7.828664302825927734e+00
7.392468929290771484e+00
6.977020740509033203e+00
7.394659042358398438e+00
7.394299983978271484e+00
7.398945808410644531e+00
8.271653175354003906e+00
8.265236854553222656e+00
8.713562011718750000e+00
9.168975830078125000e+00
9.626169204711914062e+00
1.008963871002197266e+01
1.102766036987304688e+01
1.103209209442138672e+01
1.198161792755126953e+01
1.340565490722656250e+01
1.340220546722412109e+01
1.339722442626953125e+01
1.291850948333740234e+01
1.149508285522460938e+01
1.101868247985839844e+01
1.054664134979248047e+01
9.615139961242675781e+00
9.160842895507812500e+00
9.162578582763671875e+00
9.159427642822265625e+00
9.154832839965820312e+00
1.007375812530517578e+01
9.612184524536132812e+00
1.007054519653320312e+01
9.614630699157714844e+00
1.007291316986083984e+01
9.613458633422851562e+00
1.054518127441406250e+01
1.054565334320068359e+01
1.007670879364013672e+01
1.007226657867431641e+01
1.007043266296386719e+01
1.006678485870361328e+01
1.006006813049316406e+01
1.099433994293212891e+01
1.099800777435302734e+01
1.099885272979736328e+01
1.099406528472900391e+01
1.193996047973632812e+01
1.099784564971923828e+01
1.099814605712890625e+01
1.100210571289062500e+01
1.099696922302246094e+01
1.053412532806396484e+01
1.053468608856201172e+01
1.100627422332763672e+01
1.195562458038330078e+01
1.194929218292236328e+01
1.053392887115478516e+01
1.053560543060302734e+01
1.055239582061767578e+01
1.008177280426025391e+01
1.007947158813476562e+01
1.008147335052490234e+01
1.148715114593505859e+01
1.196280288696289062e+01
1.338708686828613281e+01
1.386223125457763672e+01
1.385599613189697266e+01
1.385546779632568359e+01
1.385632610321044922e+01
1.386173439025878906e+01
1.290671348571777344e+01
1.338789749145507812e+01
1.386491107940673828e+01
1.385940933227539062e+01
1.385718822479248047e+01
1.385376739501953125e+01
1.384951782226562500e+01
1.384379100799560547e+01
1.289224910736083984e+01
1.194272899627685547e+01
1.194762039184570312e+01
1.194886875152587891e+01
1.194606113433837891e+01
1.242255687713623047e+01
1.289712715148925781e+01
1.289910984039306641e+01
1.194782733917236328e+01
1.242309665679931641e+01
1.290320491790771484e+01
1.434131431579589844e+01
1.434327316284179688e+01
1.482352733612060547e+01
1.386601924896240234e+01
1.386618137359619141e+01
1.290960121154785156e+01
1.100813770294189453e+01
9.615551948547363281e+00
8.709143638610839844e+00
8.261404037475585938e+00
8.257566452026367188e+00
8.256095886230468750e+00
7.817253112792968750e+00
8.256444931030273438e+00
8.706146240234375000e+00
9.160255432128906250e+00
9.161944389343261719e+00
1.008875942230224609e+01
1.009204483032226562e+01
1.055934047698974609e+01
1.103073120117187500e+01
1.197645187377929688e+01
1.197445392608642578e+01
1.340377235412597656e+01
1.388303852081298828e+01
1.435862827301025391e+01
1.435588836669921875e+01
1.292151927947998047e+01
1.196645832061767578e+01
1.196854686737060547e+01
1.291691017150878906e+01
1.196392345428466797e+01
1.148848438262939453e+01
1.101838493347167969e+01
1.101543521881103516e+01
1.148686695098876953e+01
1.148538494110107422e+01
1.195770359039306641e+01
1.195942401885986328e+01
1.148505783081054688e+01
1.101320266723632812e+01
1.101517391204833984e+01
1.102096939086914062e+01
1.102044868469238281e+01
1.102059745788574219e+01
1.196305465698242188e+01
1.101635837554931641e+01
1.148813629150390625e+01
1.196061611175537109e+01
1.101291370391845703e+01
1.148840904235839844e+01
1.101519298553466797e+01
1.195993614196777344e+01
1.243287467956542969e+01
1.148549461364746094e+01
1.100921058654785156e+01
1.007736968994140625e+01
1.007931804656982422e+01
1.008177280426025391e+01
1.054404449462890625e+01
1.101643371582031250e+01
1.101623821258544922e+01
1.148930072784423828e+01
1.195584774017333984e+01
1.243418979644775391e+01
1.291182041168212891e+01
1.291269493103027344e+01
1.243692016601562500e+01
1.243725299835205078e+01
1.291596221923828125e+01
1.291159152984619141e+01
1.386325359344482422e+01
1.433975887298583984e+01
1.481662559509277344e+01
1.434038257598876953e+01
1.433862304687500000e+01
1.434386634826660156e+01
1.243535995483398438e+01
1.195806407928466797e+01
1.100895595550537109e+01
1.100370407104492188e+01
1.100754261016845703e+01
1.053606128692626953e+01
1.006972885131835938e+01
1.007120704650878906e+01
1.007203006744384766e+01
1.006993770599365234e+01
1.100687694549560547e+01
1.101177883148193359e+01
1.054582786560058594e+01
1.101822757720947266e+01
1.102040672302246094e+01
1.102067470550537109e+01
1.102399539947509766e+01
1.197043228149414062e+01
1.292207336425781250e+01
1.387393665313720703e+01
1.339584541320800781e+01
1.434719848632812500e+01
1.434802055358886719e+01
1.244070053100585938e+01
1.196245479583740234e+01
1.101548767089843750e+01
1.101800155639648438e+01
1.101686286926269531e+01
1.008088207244873047e+01
1.007971858978271484e+01
1.007830047607421875e+01
1.007519721984863281e+01
1.007612514495849609e+01
1.007755851745605469e+01
1.008100318908691406e+01
1.008395195007324219e+01
1.102176475524902344e+01
1.149536991119384766e+01
1.197049903869628906e+01
1.244912338256835938e+01
1.340389060974121094e+01
1.387905883789062500e+01
1.531114578247070312e+01
1.578686523437500000e+01
1.578703403472900391e+01
1.483348655700683594e+01
1.435395717620849609e+01
1.339663600921630859e+01
1.244123172760009766e+01
1.196550273895263672e+01
1.196200561523437500e+01
1.101416683197021484e+01
1.101236534118652344e+01
1.147903442382812500e+01
1.100653457641601562e+01
1.100381469726562500e+01
1.053745174407958984e+01
1.007376003265380859e+01
1.007570838928222656e+01
9.617696762084960938e+00
9.161713600158691406e+00
9.161128997802734375e+00
9.620456695556640625e+00
1.055029010772705078e+01
1.102004623413085938e+01
1.196407890319824219e+01
1.291239738464355469e+01
1.339014053344726562e+01
1.291623973846435547e+01
1.291652107238769531e+01
1.291669845581054688e+01
1.196822166442871094e+01
1.149593830108642578e+01
1.102393341064453125e+01
1.009123229980468750e+01
1.008951950073242188e+01
1.102160072326660156e+01
1.008458995819091797e+01
1.054820442199707031e+01
1.101608943939208984e+01
1.101574611663818359e+01
1.101773357391357422e+01
1.055061054229736328e+01
1.008381652832031250e+01
1.008562183380126953e+01
1.055507659912109375e+01
1.149245738983154297e+01
1.196540737152099609e+01
1.196506786346435547e+01
1.291233062744140625e+01
1.386807537078857422e+01
1.482692909240722656e+01
1.482657814025878906e+01
1.483048152923583984e+01
1.387465763092041016e+01
1.339622116088867188e+01
1.244522953033447266e+01
1.101825237274169922e+01
1.054802989959716797e+01
1.007854843139648438e+01
1.007505035400390625e+01
1.007297229766845703e+01
1.007176208496093750e+01
1.007092094421386719e+01
1.006841659545898438e+01
1.053614044189453125e+01
1.100909042358398438e+01
1.101166152954101562e+01
1.101566791534423828e+01
1.196398735046386719e+01
1.196665859222412109e+01
1.291598796844482422e+01
1.291913318634033203e+01
1.339469146728515625e+01
1.387325000762939453e+01
1.387452220916748047e+01
1.482758617401123047e+01
1.482744407653808594e+01
1.482588291168212891e+01
1.386494255065917969e+01
1.338117694854736328e+01
1.147383594512939453e+01
1.053032684326171875e+01
1.006505870819091797e+01
9.146402359008789062e+00
9.147738456726074219e+00
9.146987915039062500e+00
9.145468711853027344e+00
8.694969177246093750e+00
9.604090690612792969e+00
1.006844902038574219e+01
1.007208728790283203e+01
1.148438644409179688e+01
1.101653575897216797e+01
1.196183681488037109e+01
1.291436481475830078e+01
1.291218376159667969e+01
1.386939907073974609e+01
1.482490444183349609e+01
1.530838680267333984e+01
1.482964420318603516e+01
1.578585147857666016e+01
1.482932186126708984e+01
1.434820747375488281e+01
1.243697166442871094e+01
1.054615211486816406e+01
9.158828735351562500e+00
8.263786315917968750e+00
8.261530876159667969e+00
9.155390739440917969e+00
9.155146598815917969e+00
9.156437873840332031e+00
9.156577110290527344e+00
9.158436775207519531e+00
1.007563686370849609e+01
1.054671382904052734e+01
1.101900768280029297e+01
1.102095222473144531e+01
1.102481365203857422e+01
1.196721458435058594e+01
1.196630477905273438e+01
1.291688632965087891e+01
1.434610176086425781e+01
1.482354068756103516e+01
1.482250881195068359e+01
1.577668285369873047e+01
1.529725551605224609e+01
1.529331588745117188e+01
1.481381607055664062e+01
1.385691642761230469e+01
1.337800884246826172e+01
1.385358810424804688e+01
1.385189628601074219e+01
1.290183544158935547e+01
1.385405254364013672e+01
1.385433006286621094e+01
1.385146999359130859e+01
1.385362339019775391e+01
1.385335063934326172e+01
1.385506629943847656e+01
1.385895156860351562e+01
1.386194038391113281e+01
1.386138248443603516e+01
1.433907413482666016e+01
1.482307338714599609e+01
1.577708053588867188e+01
1.721509170532226562e+01
1.721687698364257812e+01
1.577667999267578125e+01
1.529771804809570312e+01
1.481501960754394531e+01
1.481775379180908203e+01
1.386018085479736328e+01
1.433768939971923828e+01
1.481398677825927734e+01
1.481287765502929688e+01
1.385600090026855469e+01
1.385217189788818359e+01
1.432960891723632812e+01
1.576863574981689453e+01
1.576951408386230469e+01
1.529120254516601562e+01
1.529188919067382812e+01
1.577282428741455078e+01
1.481365203857421875e+01
1.481542968750000000e+01
1.577184391021728516e+01
1.577133846282958984e+01
1.672839736938476562e+01
1.720287704467773438e+01
1.767440414428710938e+01
1.768123626708984375e+01
1.865101814270019531e+01
1.816772842407226562e+01
1.817000579833984375e+01
1.768968009948730469e+01
1.720516395568847656e+01
1.672317886352539062e+01
1.671830940246582031e+01
1.671573638916015625e+01
1.623570632934570312e+01
1.575528240203857422e+01
1.575475025177001953e+01
1.574915409088134766e+01
1.479564762115478516e+01
1.479728984832763672e+01
1.479546356201171875e+01
1.575448417663574219e+01
1.671480178833007812e+01
1.671359252929687500e+01
1.671394348144531250e+01
1.479995441436767578e+01
1.384708499908447266e+01
1.384673786163330078e+01
1.288866615295410156e+01
1.288861846923828125e+01
1.336143398284912109e+01
1.383469676971435547e+01
1.383158588409423828e+01
1.334997463226318359e+01
1.286970329284667969e+01
1.288173770904541016e+01
1.288295459747314453e+01
1.192622184753417969e+01
1.192048931121826172e+01
1.239559078216552734e+01
1.192672252655029297e+01
1.192343616485595703e+01
1.192343330383300781e+01
1.192582416534423828e+01
1.192676258087158203e+01
1.192717075347900391e+01
1.192993545532226562e+01
1.193060493469238281e+01
1.287869071960449219e+01
1.288361167907714844e+01
1.287917709350585938e+01
1.288252830505371094e+01
1.383714199066162109e+01
1.383656120300292969e+01
1.383350086212158203e+01
1.430911350250244141e+01
1.383603668212890625e+01
1.383620548248291016e+01
1.383391761779785156e+01
1.286410140991210938e+01
1.191403484344482422e+01
1.192226505279541016e+01
1.097924423217773438e+01
1.191977119445800781e+01
1.191923046112060547e+01
1.192179107666015625e+01
1.192207431793212891e+01
1.192454814910888672e+01
1.145254039764404297e+01
1.097954654693603516e+01
1.098345470428466797e+01
1.099215316772460938e+01
1.099832248687744141e+01
1.100128746032714844e+01
1.146888065338134766e+01
1.194199180603027344e+01
1.194445896148681641e+01
1.194428634643554688e+01
1.194350719451904297e+01
1.194969940185546875e+01
1.148453235626220703e+01
1.054032135009765625e+01
8.706375122070312500e+00
6.974736690521240234e+00
5.407695770263671875e+00
5.050265312194824219e+00
5.050086021423339844e+00
4.709855079650878906e+00
5.050706863403320312e+00
5.051902770996093750e+00
5.051851272583007812e+00
5.782875061035156250e+00
6.570850849151611328e+00
7.404649257659912109e+00
6.992635250091552734e+00
8.283128738403320312e+00
8.727220535278320312e+00
8.728020668029785156e+00
9.181159019470214844e+00
1.010030078887939453e+01
1.010020160675048828e+01
1.056347084045410156e+01
1.056091499328613281e+01
1.009520339965820312e+01
1.009361934661865234e+01
9.175922393798828125e+00
8.721885681152343750e+00
8.276219367980957031e+00
7.410038948059082031e+00
6.179554939270019531e+00
6.176056861877441406e+00
7.402359962463378906e+00
7.399577140808105469e+00
7.400937080383300781e+00
8.268811225891113281e+00
8.267773628234863281e+00
9.164519309997558594e+00
9.163709640502929688e+00
9.623052597045898438e+00
1.008944606781005859e+01
1.009013557434082031e+01
1.102400398254394531e+01
1.102022647857666016e+01
1.148962783813476562e+01
1.291331005096435547e+01
1.291255283355712891e+01
1.243563842773437500e+01
1.290891742706298828e+01
1.243327522277832031e+01
1.243462848663330078e+01
1.195820903778076172e+01
1.101366519927978516e+01
1.054143238067626953e+01
9.159327507019042969e+00
9.155985832214355469e+00
9.150109291076660156e+00
9.152015686035156250e+00
9.153207778930664062e+00
1.053809356689453125e+01
1.100415420532226562e+01
1.100295543670654297e+01
1.100280284881591797e+01
1.100441360473632812e+01
1.148202323913574219e+01
1.195784091949462891e+01
1.243441390991210938e+01
1.529592990875244141e+01
1.866241645812988281e+01
1.963233375549316406e+01
2.011611938476562500e+01
2.010974121093750000e+01
2.010786437988281250e+01
1.961911582946777344e+01
1.912937164306640625e+01
1.816020774841308594e+01
1.815662956237792969e+01
1.912221336364746094e+01
1.910728263854980469e+01
1.861236572265625000e+01
1.861156082153320312e+01
1.716489982604980469e+01
1.620660400390625000e+01
1.668124389648437500e+01
1.573037338256835938e+01
1.573001003265380859e+01
1.573777770996093750e+01
1.669328880310058594e+01
1.669777488708496094e+01
1.573886299133300781e+01
1.574058151245117188e+01
1.574240016937255859e+01
1.574851131439208984e+01
1.527691268920898438e+01
1.479376316070556641e+01
1.480076026916503906e+01
1.432325553894042969e+01
1.384430122375488281e+01
1.384383869171142578e+01
1.384404754638671875e+01
1.384922599792480469e+01
1.384691429138183594e+01
1.384628772735595703e+01
1.384619808197021484e+01
1.575933837890625000e+01
1.576392078399658203e+01
1.576379299163818359e+01
1.576622009277343750e+01
1.576842784881591797e+01
1.576694107055664062e+01
1.576771926879882812e+01
1.624678230285644531e+01
1.672611045837402344e+01
1.768827438354492188e+01
1.768550491333007812e+01
1.864988136291503906e+01
1.865118598937988281e+01
1.913275909423828125e+01
1.961967277526855469e+01
1.961398506164550781e+01
1.960816764831542969e+01
1.911691856384277344e+01
1.862999153137207031e+01
1.862925338745117188e+01
1.862659263610839844e+01
1.765867042541503906e+01
1.765964889526367188e+01
1.669589614868164062e+01
1.621517181396484375e+01
1.573391914367675781e+01
1.573332786560058594e+01
1.573418235778808594e+01
1.573668575286865234e+01
1.573650169372558594e+01
1.669632720947265625e+01
1.669878959655761719e+01
1.766055488586425781e+01
1.814409255981445312e+01
1.960109329223632812e+01
2.058024406433105469e+01
2.156747817993164062e+01
2.305371475219726562e+01
2.451786041259765625e+01
2.354299545288085938e+01
2.205611038208007812e+01
2.008340835571289062e+01
1.911117172241210938e+01
1.717724800109863281e+01
1.573609828948974609e+01
1.525443172454833984e+01
1.525327205657958984e+01
1.573142910003662109e+01
1.573148536682128906e+01
1.621012496948242188e+01
1.669594001770019531e+01
1.670172309875488281e+01
1.767033958435058594e+01
1.767131996154785156e+01
1.864373207092285156e+01
1.913159179687500000e+01
2.010671615600585938e+01
2.158063316345214844e+01
2.256734275817871094e+01
2.355303955078125000e+01
2.452224540710449219e+01
2.354741096496582031e+01
2.255858802795410156e+01
2.107219505310058594e+01
2.008881378173828125e+01
1.814439582824707031e+01
1.717976570129394531e+01
1.621954917907714844e+01
1.526204299926757812e+01
1.478467082977294922e+01
1.574350166320800781e+01
1.574261283874511719e+01
1.574320507049560547e+01
1.622373580932617188e+01
1.670439910888671875e+01
1.718652153015136719e+01
1.767043685913085938e+01
1.863769721984863281e+01
1.864102363586425781e+01
1.961311531066894531e+01
2.010236930847167969e+01
2.157390594482421875e+01
2.256044006347656250e+01
2.354739570617675781e+01
2.451637077331542969e+01
2.451283264160156250e+01
2.353651237487792969e+01
2.254427337646484375e+01
2.056800842285156250e+01
1.910602378845214844e+01
1.765485572814941406e+01
1.621642112731933594e+01
1.525636291503906250e+01
1.525661468505859375e+01
1.573493099212646484e+01
1.573582363128662109e+01
1.621477317810058594e+01
1.621962165832519531e+01
1.670261192321777344e+01
1.718997192382812500e+01
1.767669105529785156e+01
1.768021965026855469e+01
1.864860916137695312e+01
1.961707115173339844e+01
1.961162376403808594e+01
2.108092880249023438e+01
2.206610679626464844e+01
2.354682159423828125e+01
2.354417037963867188e+01
2.353809738159179688e+01
2.353449440002441406e+01
2.254453849792480469e+01
2.056975173950195312e+01
1.910225296020507812e+01
1.813455963134765625e+01
1.717385673522949219e+01
1.573445796966552734e+01
1.573168659210205078e+01
1.572943019866943359e+01
1.620804977416992188e+01
1.668729591369628906e+01
1.668583297729492188e+01
1.668581962585449219e+01
1.668932342529296875e+01
1.669259262084960938e+01
1.669543075561523438e+01
1.670094108581542969e+01
1.718398475646972656e+01
1.767075920104980469e+01
1.863686752319335938e+01
1.960574913024902344e+01
2.009076118469238281e+01
2.057845115661621094e+01
2.058061981201171875e+01
2.057976531982421875e+01
1.959970092773437500e+01
1.862387657165527344e+01
1.718066024780273438e+01
1.669576263427734375e+01
1.573954868316650391e+01
1.478137683868408203e+01
1.477943897247314453e+01
1.477759933471679688e+01
1.477435684204101562e+01
1.477169895172119141e+01
1.477495384216308594e+01
1.477747249603271484e+01
1.478077220916748047e+01
1.478564071655273438e+01
1.478739929199218750e+01
1.478902149200439453e+01
1.574602508544921875e+01
1.670739746093750000e+01
1.767483139038085938e+01
1.767313194274902344e+01
1.863863754272460938e+01
1.864033508300781250e+01
1.815606117248535156e+01
1.767069435119628906e+01
1.671014404296875000e+01
1.623021697998046875e+01
1.527208518981933594e+01
1.479353427886962891e+01
1.383483886718750000e+01
1.383359432220458984e+01
1.383055973052978516e+01
1.383029937744140625e+01
1.382949352264404297e+01
1.383451175689697266e+01
1.431692314147949219e+01
1.479339218139648438e+01
1.479608726501464844e+01
1.479844188690185547e+01
1.479970169067382812e+01
1.575574207305908203e+01
1.575523281097412109e+01
1.671533584594726562e+01
1.671520233154296875e+01
1.767758941650390625e+01
1.767373847961425781e+01
1.766948127746582031e+01
1.766982650756835938e+01
1.766972732543945312e+01
1.622641944885253906e+01
1.526909828186035156e+01
1.383578491210937500e+01
1.288063144683837891e+01
1.192784118652343750e+01
1.192520236968994141e+01
1.192501258850097656e+01
1.192538452148437500e+01
1.192593574523925781e+01
1.287813663482666016e+01
1.287611007690429688e+01
1.335471820831298828e+01
1.384124851226806641e+01
1.384372615814208984e+01
1.432231426239013672e+01
1.480044841766357422e+01
1.527943229675292969e+01
1.671818733215332031e+01
1.767853355407714844e+01
1.768110466003417969e+01
1.767659187316894531e+01
1.671208381652832031e+01
1.670840263366699219e+01
1.766699218750000000e+01
1.718391990661621094e+01
1.622002601623535156e+01
1.478361892700195312e+01
1.383009243011474609e+01
1.335309600830078125e+01
1.335031604766845703e+01
1.287067890167236328e+01
1.334850978851318359e+01
1.382938194274902344e+01
1.382888793945312500e+01
1.573844051361083984e+01
1.766458702087402344e+01
1.863412284851074219e+01
1.767186355590820312e+01
1.767492675781250000e+01
1.767437744140625000e+01
1.767591857910156250e+01
1.864149665832519531e+01
1.912490081787109375e+01
1.961049270629882812e+01
1.961022377014160156e+01
1.959930610656738281e+01
1.910733985900878906e+01
1.814703559875488281e+01
1.767197799682617188e+01
1.718569564819335938e+01
1.622424316406250000e+01
1.574220657348632812e+01
1.573971366882324219e+01
1.574217796325683594e+01
1.574069118499755859e+01
1.575098991394042969e+01
1.671057319641113281e+01
1.671466827392578125e+01
1.671391296386718750e+01
1.671513366699218750e+01
1.719755554199218750e+01
1.767854690551757812e+01
1.767940330505371094e+01
1.864353561401367188e+01
1.912563705444335938e+01
2.009890365600585938e+01
2.107928466796875000e+01
2.157054328918457031e+01
2.256041908264160156e+01
2.256001663208007812e+01
2.156821632385253906e+01
2.156561279296875000e+01
2.156282234191894531e+01
2.008639335632324219e+01
1.959484863281250000e+01
1.813728713989257812e+01
1.717100334167480469e+01
1.668666458129882812e+01
1.668763351440429688e+01
1.620639228820800781e+01
1.572788715362548828e+01
1.620801544189453125e+01
1.668969535827636719e+01
1.573027038574218750e+01
1.621435928344726562e+01
1.669476890563964844e+01
1.574536895751953125e+01
1.670530128479003906e+01
1.671088218688964844e+01
1.671245765686035156e+01
1.767697143554687500e+01
1.864324188232421875e+01
1.912365531921386719e+01
1.912507629394531250e+01
1.864059638977050781e+01
1.863830947875976562e+01
1.767175674438476562e+01
1.719115638732910156e+01
1.526950931549072266e+01
1.383283424377441406e+01
1.287827587127685547e+01
1.287670993804931641e+01
1.287748241424560547e+01
1.287836933135986328e+01
1.335961627960205078e+01
1.336413574218750000e+01
1.384409141540527344e+01
1.384714221954345703e+01
1.432657051086425781e+01
1.480776596069335938e+01
1.576767063140869141e+01
1.624755477905273438e+01
1.720678138732910156e+01
1.768663597106933594e+01
1.816842079162597656e+01
1.865112304687500000e+01
1.962168884277343750e+01
1.962064361572265625e+01
1.913194084167480469e+01
1.864343833923339844e+01
1.815940093994140625e+01
1.719145202636718750e+01
1.670888519287109375e+01
1.622467422485351562e+01
1.670466995239257812e+01
1.670278549194335938e+01
1.669901275634765625e+01
1.669848442077636719e+01
1.862410163879394531e+01
1.862662506103515625e+01
1.911391258239746094e+01
1.959983444213867188e+01
1.960087966918945312e+01
1.814323043823242188e+01
1.717824554443359375e+01
1.669967842102050781e+01
1.670519256591796875e+01
1.766792297363281250e+01
1.766624069213867188e+01
1.862833404541015625e+01
1.863139915466308594e+01
1.862847900390625000e+01
1.766006660461425781e+01
1.669790458679199219e+01
1.670507049560546875e+01
1.574695110321044922e+01
1.574809265136718750e+01
1.574724578857421875e+01
1.622978973388671875e+01
1.574780559539794922e+01
1.670485687255859375e+01
1.670380401611328125e+01
1.670450019836425781e+01
1.719015312194824219e+01
1.767190933227539062e+01
1.767214965820312500e+01
1.767086601257324219e+01
1.912170219421386719e+01
2.058595466613769531e+01
2.058103942871093750e+01
2.058267211914062500e+01
2.008791732788085938e+01
2.057448768615722656e+01
2.106473159790039062e+01
2.057369995117187500e+01
2.056986999511718750e+01
2.008254814147949219e+01
1.910606575012207031e+01
1.813200759887695312e+01
1.620783042907714844e+01
1.573246288299560547e+01
1.477492523193359375e+01
1.525660991668701172e+01
1.478116321563720703e+01
1.525831222534179688e+01
1.573617267608642578e+01
1.573667430877685547e+01
1.573778533935546875e+01
1.622151756286621094e+01
1.670717048645019531e+01
1.719153213500976562e+01
1.767500495910644531e+01
1.864597702026367188e+01
1.962025642395019531e+01
2.060019493103027344e+01
2.158273506164550781e+01
2.257074165344238281e+01
2.256857299804687500e+01
2.256412506103515625e+01
2.255976295471191406e+01
2.205862808227539062e+01
2.057697105407714844e+01
1.959681320190429688e+01
1.813778686523437500e+01
1.717271232604980469e+01
1.573220634460449219e+01
1.477613162994384766e+01
1.477423954010009766e+01
1.381832981109619141e+01
1.381913757324218750e+01
1.429548549652099609e+01
1.525333023071289062e+01
1.573736095428466797e+01
1.621976661682128906e+01
1.670505142211914062e+01
1.670974349975585938e+01
1.815866279602050781e+01
1.912971687316894531e+01
2.010662460327148438e+01
2.059963226318359375e+01
2.158538627624511719e+01
2.158327865600585938e+01
2.158010864257812500e+01
2.108238220214843750e+01
2.009906768798828125e+01
1.960528564453125000e+01
1.814706420898437500e+01
1.766071319580078125e+01
1.669918823242187500e+01
1.669975662231445312e+01
1.670198631286621094e+01
1.669954872131347656e+01
1.669968605041503906e+01
1.717802810668945312e+01
1.765931892395019531e+01
1.766005325317382812e+01
1.766035652160644531e+01
1.670268058776855469e+01
1.670370101928710938e+01
1.671159553527832031e+01
1.719170951843261719e+01
1.767158889770507812e+01
1.766617202758789062e+01
1.863040542602539062e+01
1.960126495361328125e+01
1.960244369506835938e+01
1.960302162170410156e+01
1.960398674011230469e+01
1.863526916503906250e+01
1.815043640136718750e+01
1.766549110412597656e+01
1.718357467651367188e+01
1.622054481506347656e+01
1.478268337249755859e+01
1.525839614868164062e+01
1.477402400970458984e+01
1.477771949768066406e+01
1.382130622863769531e+01
1.382321262359619141e+01
1.334976482391357422e+01
1.287909698486328125e+01
1.383610248565673828e+01
1.383797645568847656e+01
1.384476375579833984e+01
1.528212738037109375e+01
1.623826980590820312e+01
1.671999359130859375e+01
1.672279739379882812e+01
1.768604278564453125e+01
1.720547294616699219e+01
1.720594215393066406e+01
1.720748138427734375e+01
1.624569892883300781e+01
1.481140708923339844e+01
1.385542678833007812e+01
1.147052478790283203e+01
1.053019714355468750e+01
1.006314945220947266e+01
1.006204414367675781e+01
1.052585792541503906e+01
1.099404621124267578e+01
1.099396038055419922e+01
1.146576213836669922e+01
1.194259452819824219e+01
1.289521503448486328e+01
1.290124702453613281e+01
1.385998821258544922e+01
1.386090469360351562e+01
1.433945369720458984e+01
1.481560516357421875e+01
1.481476497650146484e+01
1.433638572692871094e+01
1.720833778381347656e+01
1.768669128417968750e+01
1.768565177917480469e+01
1.719819450378417969e+01
1.624104881286621094e+01
1.527799034118652344e+01
1.384663105010986328e+01
1.289363193511962891e+01
1.241741752624511719e+01
1.194433212280273438e+01
1.194110202789306641e+01
1.194044494628906250e+01
1.194021987915039062e+01
1.194445514678955078e+01
1.194709491729736328e+01
1.290051841735839844e+01
1.290326213836669922e+01
1.290527343750000000e+01
1.290661334991455078e+01
1.386221504211425781e+01
1.290916156768798828e+01
1.338774013519287109e+01
1.529999446868896484e+01
1.529922294616699219e+01
1.482130336761474609e+01
1.434206008911132812e+01
1.673424720764160156e+01
1.625574493408203125e+01
1.673389816284179688e+01
1.673084640502929688e+01
1.529785633087158203e+01
1.386423492431640625e+01
1.290479183197021484e+01
1.290032672882080078e+01
1.290107250213623047e+01
1.290466308593750000e+01
1.289911365509033203e+01
1.385269737243652344e+01
1.385467243194580078e+01
1.433494377136230469e+01
1.481605815887451172e+01
1.481779098510742188e+01
1.721390342712402344e+01
1.769611740112304688e+01
1.769406700134277344e+01
1.769313812255859375e+01
1.769046592712402344e+01
1.768495559692382812e+01
1.768359184265136719e+01
1.864539527893066406e+01
1.961506271362304688e+01
1.961065864562988281e+01
2.008999633789062500e+01
2.008574295043945312e+01
1.959504318237304688e+01
1.910872459411621094e+01
1.765291213989257812e+01
1.765690803527832031e+01
1.765469932556152344e+01
1.765767860412597656e+01
1.765338897705078125e+01
1.765093803405761719e+01
1.764880371093750000e+01
1.765092277526855469e+01
1.862124443054199219e+01
1.910732078552246094e+01
1.813840484619140625e+01
1.765983390808105469e+01
1.669547462463378906e+01
1.573664188385009766e+01
1.526178550720214844e+01
1.429834175109863281e+01
1.430267715454101562e+01
1.382457160949707031e+01
1.382059574127197266e+01
1.381982040405273438e+01
1.381944274902343750e+01
1.382157421112060547e+01
1.430543041229248047e+01
1.478975677490234375e+01
1.526880073547363281e+01
1.575460720062255859e+01
1.671881294250488281e+01
1.815851783752441406e+01
1.912790298461914062e+01
1.912330627441406250e+01
1.815540504455566406e+01
1.912293624877929688e+01
1.911994743347167969e+01
1.814333915710449219e+01
1.960812568664550781e+01
1.815132141113281250e+01
1.766651725769042969e+01
1.718476104736328125e+01
1.669648933410644531e+01
1.669440269470214844e+01
1.669145584106445312e+01
1.669165039062500000e+01
1.717497634887695312e+01
1.766536331176757812e+01
1.815254974365234375e+01
1.863081169128417969e+01
1.863409805297851562e+01
1.863457870483398438e+01
1.863689231872558594e+01
1.863629722595214844e+01
1.863659286499023438e+01
1.961053657531738281e+01
1.960932350158691406e+01
1.912081909179687500e+01
1.863331031799316406e+01
1.862675094604492188e+01
1.912137031555175781e+01
1.911588478088378906e+01
1.911202812194824219e+01
1.959354782104492188e+01
1.813643264770507812e+01
1.717080116271972656e+01
1.668637466430664062e+01
1.716527175903320312e+01
1.765393447875976562e+01
1.765270805358886719e+01
1.716983222961425781e+01
1.668796730041503906e+01
1.668883132934570312e+01
1.669018936157226562e+01
1.765152931213378906e+01
1.911397552490234375e+01
2.009786224365234375e+01
2.157430648803710938e+01
2.157303237915039062e+01
2.256263160705566406e+01
2.403707695007324219e+01
2.499207878112792969e+01
2.545016670227050781e+01
2.631440925598144531e+01
2.450938224792480469e+01
2.450378417968750000e+01
2.204437065124511719e+01
2.007011795043945312e+01
1.668288040161132812e+01
1.524706745147705078e+01
1.476955795288085938e+01
1.476944541931152344e+01
1.477430725097656250e+01
1.525407028198242188e+01
1.573452854156494141e+01
1.573722076416015625e+01
1.621926879882812500e+01
1.622524833679199219e+01
1.767238426208496094e+01
1.864816093444824219e+01
1.913538360595703125e+01
2.011163139343261719e+01
2.158779525756835938e+01
2.356266403198242188e+01
2.356168746948242188e+01
2.355843734741210938e+01
2.452710723876953125e+01
2.452497482299804688e+01
2.354660224914550781e+01
2.156494522094726562e+01
1.959328460693359375e+01
1.717103004455566406e+01
1.525453376770019531e+01
1.477342796325683594e+01
1.382165336608886719e+01
1.430087661743164062e+01
1.477570819854736328e+01
1.477704143524169922e+01
1.526035594940185547e+01
1.574421501159667969e+01
1.574847221374511719e+01
1.671145248413085938e+01
1.671724700927734375e+01
1.768316268920898438e+01
1.865381813049316406e+01
2.011602783203125000e+01
2.109681701660156250e+01
2.257592964172363281e+01
2.306725692749023438e+01
2.306469917297363281e+01
2.256857299804687500e+01
2.256707763671875000e+01
2.059048271179199219e+01
2.058588027954101562e+01
1.960367965698242188e+01
1.814491081237792969e+01
1.622019577026367188e+01
1.526347255706787109e+01
1.431184291839599609e+01
1.431303977966308594e+01
1.479333400726318359e+01
1.479130840301513672e+01
1.479396152496337891e+01
1.575000667572021484e+01
1.574725246429443359e+01
1.574820232391357422e+01
1.623175621032714844e+01
1.671556091308593750e+01
1.671990203857421875e+01
1.768501472473144531e+01
1.816772079467773438e+01
1.864942741394042969e+01
1.962137413024902344e+01
1.961744499206542969e+01
1.912946701049804688e+01
1.864237022399902344e+01
1.864224624633789062e+01
1.767365646362304688e+01
1.718835639953613281e+01
1.622678375244140625e+01
1.526639652252197266e+01
1.431141090393066406e+01
1.479725265502929688e+01
1.479918384552001953e+01
1.480386257171630859e+01
1.480199146270751953e+01
1.479967880249023438e+01
1.479916477203369141e+01
1.479696750640869141e+01
1.527635097503662109e+01
1.575610637664794922e+01
1.671420288085937500e+01
1.719587516784667969e+01
1.864476966857910156e+01
1.913200569152832031e+01
1.961663818359375000e+01
2.207262802124023438e+01
2.206899261474609375e+01
2.256186485290527344e+01
2.255860710144042969e+01
2.255513381958007812e+01
2.156594085693359375e+01
2.057813644409179688e+01
1.910938262939453125e+01
1.959338378906250000e+01
1.862038230895996094e+01
1.861944007873535156e+01
1.861769104003906250e+01
1.861981010437011719e+01
1.910534095764160156e+01
1.959422874450683594e+01
1.959464263916015625e+01
1.959906768798828125e+01
1.960019683837890625e+01
2.058186531066894531e+01
2.107458305358886719e+01
2.156978988647460938e+01
2.206407737731933594e+01
2.305194854736328125e+01
2.403214454650878906e+01
2.451310539245605469e+01
2.498496627807617188e+01
2.498169898986816406e+01
2.497869300842285156e+01
2.497597694396972656e+01
2.352660179138183594e+01
2.204202270507812500e+01
2.105291748046875000e+01
2.056049919128417969e+01
2.006983757019042969e+01
1.958118438720703125e+01
1.958285522460937500e+01
1.958187103271484375e+01
1.861223030090332031e+01
1.861163139343261719e+01
1.958507919311523438e+01
2.056488990783691406e+01
2.105930519104003906e+01
2.204685211181640625e+01
2.254341316223144531e+01
2.353364372253417969e+01
2.402221488952636719e+01
2.588322067260742188e+01
2.630601501464843750e+01
2.707570075988769531e+01
2.741562843322753906e+01
2.822806167602539062e+01
2.876623153686523438e+01
2.799283218383789062e+01
2.669657135009765625e+01
2.448419570922851562e+01
2.301549530029296875e+01
2.103683853149414062e+01
1.956379890441894531e+01
1.859235572814941406e+01
1.908070755004882812e+01
1.956978988647460938e+01
2.006049346923828125e+01
1.956736183166503906e+01
2.055154609680175781e+01
2.055746841430664062e+01
2.105803108215332031e+01
2.254882431030273438e+01
2.304679489135742188e+01
2.353932952880859375e+01
2.498830413818359375e+01
2.671484184265136719e+01
2.800288963317871094e+01
2.858718299865722656e+01
2.869945907592773438e+01
2.858367347717285156e+01
2.858209037780761719e+01
2.842331314086914062e+01
2.798542022705078125e+01
2.628154945373535156e+01
2.540536117553710938e+01
2.398384284973144531e+01
2.201261711120605469e+01
2.053643035888671875e+01
2.005326271057128906e+01
2.104347610473632812e+01
2.154288291931152344e+01
2.204015350341796875e+01
2.253799629211425781e+01
2.353179740905761719e+01
2.402737045288085938e+01
2.450881195068359375e+01
2.498232650756835938e+01
2.589030838012695312e+01
2.671494674682617188e+01
2.742624092102050781e+01
2.772791290283203125e+01
2.823358726501464844e+01
2.823241043090820312e+01
2.823041152954101562e+01
2.799381065368652344e+01
2.771713447570800781e+01
2.668997955322265625e+01
2.586400794982910156e+01
2.399641609191894531e+01
2.153414726257324219e+01
2.006068420410156250e+01
1.908631134033203125e+01
1.860263633728027344e+01
1.860400390625000000e+01
1.860601234436035156e+01
1.860694694519042969e+01
1.860826873779296875e+01
1.861403846740722656e+01
1.958969688415527344e+01
1.959550666809082031e+01
2.009060287475585938e+01
2.107619094848632812e+01
2.206880569458007812e+01
2.452586364746093750e+01
2.709624481201171875e+01
2.843372154235839844e+01
2.823656463623046875e+01
2.823290824890136719e+01
2.823072814941406250e+01
2.772034072875976562e+01
2.586724281311035156e+01
2.447758483886718750e+01
2.201941680908203125e+01
2.054391860961914062e+01
1.859824180603027344e+01
1.763547706604003906e+01
1.764106559753417969e+01
1.861042404174804688e+01
1.860994720458984375e+01
1.909301757812500000e+01
1.958195686340332031e+01
1.958561515808105469e+01
1.959019660949707031e+01
2.008407402038574219e+01
2.106928825378417969e+01
2.255598640441894531e+01
2.354439353942871094e+01
2.589617538452148438e+01
2.742912673950195312e+01
2.800452613830566406e+01
2.823530006408691406e+01
2.823214149475097656e+01
2.799277305603027344e+01
2.706694602966308594e+01
2.586350631713867188e+01
2.399359893798828125e+01
2.202115058898925781e+01
2.005165863037109375e+01
1.810684013366699219e+01
1.762723159790039062e+01
1.763195228576660156e+01
1.764088058471679688e+01
1.764414978027343750e+01
1.812921333312988281e+01
1.861882400512695312e+01
1.862266731262207031e+01
1.960255432128906250e+01
1.911890792846679688e+01
2.009615135192871094e+01
2.059092521667480469e+01
2.108379364013671875e+01
2.256758499145507812e+01
2.452719116210937500e+01
2.632635688781738281e+01
2.743152236938476562e+01
2.671891593933105469e+01
2.671335792541503906e+01
2.630939102172851562e+01
2.303745841979980469e+01
2.105389022827148438e+01
1.909542655944824219e+01
1.764173698425292969e+01
1.619785881042480469e+01
1.571785640716552734e+01
1.571684074401855469e+01
1.571887302398681641e+01
1.572105884552001953e+01
1.619958686828613281e+01
1.716131591796875000e+01
1.765161514282226562e+01
1.765690040588378906e+01
1.863265228271484375e+01
2.010034179687500000e+01
2.108975410461425781e+01
2.207745170593261719e+01
2.355598640441894531e+01
2.500040054321289062e+01
2.632431030273437500e+01
2.671709442138671875e+01
2.631124687194824219e+01
2.543560600280761719e+01
2.401377868652343750e+01
2.400942230224609375e+01
2.104723358154296875e+01
1.715730857849121094e+01
1.619600105285644531e+01
1.571606159210205078e+01
1.571499061584472656e+01
1.667193222045898438e+01
1.619366073608398438e+01
1.619848442077636719e+01
1.716334724426269531e+01
1.764710998535156250e+01
1.764909172058105469e+01
1.814040184020996094e+01
1.863338279724121094e+01
1.912221717834472656e+01
1.960968971252441406e+01
2.107903671264648438e+01
2.305353546142578125e+01
2.451703071594238281e+01
2.498811149597167969e+01
2.451070785522460938e+01
2.353778266906738281e+01
2.254730415344238281e+01
2.204817008972167969e+01
2.007259750366210938e+01
1.909166717529296875e+01
1.763945579528808594e+01
1.523932552337646484e+01
1.428577613830566406e+01
1.429316711425781250e+01
1.477422142028808594e+01
1.477929973602294922e+01
1.573775959014892578e+01
1.621681785583496094e+01
1.669952583312988281e+01
1.670626449584960938e+01
1.767048263549804688e+01
1.767590713500976562e+01
1.767977333068847656e+01
1.864932060241699219e+01
2.010962867736816406e+01
2.108872604370117188e+01
2.158130264282226562e+01
2.256584548950195312e+01
2.157211112976074219e+01
2.206253623962402344e+01
2.107058143615722656e+01
2.057304573059082031e+01
2.007983398437500000e+01
1.910265159606933594e+01
1.813138198852539062e+01
1.764620780944824219e+01
1.764353370666503906e+01
1.764349555969238281e+01
1.764193153381347656e+01
1.764495849609375000e+01
1.764839935302734375e+01
1.717126464843750000e+01
1.717482185363769531e+01
1.765859222412109375e+01
1.766186904907226562e+01
1.814719009399414062e+01
1.912042808532714844e+01
1.960986328125000000e+01
2.058791923522949219e+01
2.157145881652832031e+01
2.156894493103027344e+01
2.156812095642089844e+01
2.156673431396484375e+01
2.156554031372070312e+01
2.008703613281250000e+01
1.911054420471191406e+01
1.765896415710449219e+01
1.717686653137207031e+01
1.669900894165039062e+01
1.622043991088867188e+01
1.574206924438476562e+01
1.574387836456298828e+01
1.574623394012451172e+01
1.527157497406005859e+01
1.479607105255126953e+01
1.479747867584228516e+01
1.479990768432617188e+01
1.480182075500488281e+01
1.480249214172363281e+01
1.480388069152832031e+01
1.480589485168457031e+01
1.480754280090332031e+01
1.528330993652343750e+01
1.623900604248046875e+01
1.672160911560058594e+01
1.624269485473632812e+01
1.720363616943359375e+01
1.768433761596679688e+01
1.672245025634765625e+01
1.624380111694335938e+01
1.672117805480957031e+01
1.624143409729003906e+01
1.528187274932861328e+01
1.384635353088378906e+01
1.289024829864501953e+01
1.288970661163330078e+01
1.289093399047851562e+01
1.336910152435302734e+01
1.384648895263671875e+01
1.433040809631347656e+01
1.480548191070556641e+01
1.576296901702880859e+01
1.672382354736328125e+01
1.720754814147949219e+01
1.769198417663574219e+01
1.865965843200683594e+01
1.865885734558105469e+01
1.962989234924316406e+01
1.962867355346679688e+01
2.011459922790527344e+01
2.011486244201660156e+01
1.913587188720703125e+01
1.815968132019042969e+01
1.767461585998535156e+01
1.623289871215820312e+01
1.527224159240722656e+01
1.479178905487060547e+01
1.383315086364746094e+01
1.287943077087402344e+01
1.335844039916992188e+01
1.383425235748291016e+01
1.383242416381835938e+01
1.383550167083740234e+01
1.383690929412841797e+01
1.431988620758056641e+01
1.575801658630371094e+01
1.480363941192626953e+01
1.480423355102539062e+01
1.480485916137695312e+01
1.624256706237792969e+01
1.865014457702636719e+01
1.962221908569335938e+01
1.962239074707031250e+01
1.962448120117187500e+01
2.011344146728515625e+01
1.961713218688964844e+01
1.961443138122558594e+01
1.864411735534667969e+01
1.815649032592773438e+01
1.719045639038085938e+01
1.622509574890136719e+01
1.574604225158691406e+01
1.527113914489746094e+01
1.527171802520751953e+01
1.575448703765869141e+01
1.479815578460693359e+01
1.575511646270751953e+01
1.575675964355468750e+01
1.575714397430419922e+01
1.575603199005126953e+01
1.575708389282226562e+01
1.671934890747070312e+01
1.672300910949707031e+01
1.768715667724609375e+01
1.865448951721191406e+01
1.962624931335449219e+01
1.962623786926269531e+01
2.011454963684082031e+01
1.962684440612792969e+01
1.913859367370605469e+01
1.817093849182128906e+01
1.768346786499023438e+01
1.719731330871582031e+01
1.623484611511230469e+01
1.527335166931152344e+01
1.383584690093994141e+01
1.336040878295898438e+01
1.288316154479980469e+01
1.383956241607666016e+01
1.383906650543212891e+01
1.384187984466552734e+01
1.432073879241943359e+01
1.432090282440185547e+01
1.575671768188476562e+01
1.623881721496582031e+01
1.768108177185058594e+01
1.768654441833496094e+01
1.865404129028320312e+01
1.865363883972167969e+01
1.913659286499023438e+01
1.865257835388183594e+01
1.913885498046875000e+01
1.720205497741699219e+01
1.913369178771972656e+01
1.864472198486328125e+01
1.719330024719238281e+01
1.623525810241699219e+01
1.479371833801269531e+01
1.383112430572509766e+01
1.287711906433105469e+01
1.240177631378173828e+01
1.287638092041015625e+01
1.288035297393798828e+01
1.383778953552246094e+01
1.383717823028564453e+01
1.383755874633789062e+01
1.384237003326416016e+01
1.480128097534179688e+01
1.480586814880371094e+01
1.480928516387939453e+01
1.529059791564941406e+01
1.624782562255859375e+01
1.672502708435058594e+01
1.624691009521484375e+01
1.816917991638183594e+01
1.768801689147949219e+01
1.720349884033203125e+01
1.913394355773925781e+01
1.768155288696289062e+01
1.768305015563964844e+01
1.624231529235839844e+01
1.480487251281738281e+01
1.432236862182617188e+01
1.289092731475830078e+01
1.288784027099609375e+01
1.383977031707763672e+01
1.383853721618652344e+01
1.384138965606689453e+01
1.479606056213378906e+01
1.479906368255615234e+01
1.575566291809082031e+01
1.576109600067138672e+01
1.672203254699707031e+01
1.672339630126953125e+01
1.768569374084472656e+01
1.913879585266113281e+01
2.011071968078613281e+01
2.109318733215332031e+01
2.059982681274414062e+01
2.108807373046875000e+01
2.059427452087402344e+01
2.009918594360351562e+01
1.960746383666992188e+01
1.814649772644042969e+01
1.718384742736816406e+01
1.574516487121582031e+01
1.526553630828857422e+01
1.479113960266113281e+01
1.574837207794189453e+01
1.575096225738525391e+01
1.671170425415039062e+01
1.671205520629882812e+01
1.767667388916015625e+01
1.816160774230957031e+01
1.913435363769531250e+01
1.913444900512695312e+01
1.962288475036621094e+01
1.962440490722656250e+01
2.011225700378417969e+01
2.059873390197753906e+01
2.059607696533203125e+01
2.157733726501464844e+01
2.256465530395507812e+01
2.305698776245117188e+01
2.403736495971679688e+01
2.403208160400390625e+01
2.353886604309082031e+01
2.008211135864257812e+01
1.862113189697265625e+01
1.862165641784667969e+01
1.862109756469726562e+01
1.765627861022949219e+01
1.813839721679687500e+01
1.813623809814453125e+01
1.765542602539062500e+01
1.813598442077636719e+01
1.910655021667480469e+01
2.008595848083496094e+01
2.107965469360351562e+01
2.157605743408203125e+01
2.206977081298828125e+01
2.305757331848144531e+01
2.355061912536621094e+01
2.403542900085449219e+01
2.631902694702148438e+01
2.631782722473144531e+01
2.631501007080078125e+01
2.588969993591308594e+01
2.450727653503417969e+01
2.401905822753906250e+01
2.303536033630371094e+01
2.154398536682128906e+01
2.006859779357910156e+01
1.958371734619140625e+01
1.813216209411621094e+01
1.717341613769531250e+01
1.669591140747070312e+01
1.717866897583007812e+01
1.766445541381835938e+01
1.814663887023925781e+01
1.863005638122558594e+01
1.862921333312988281e+01
1.960437393188476562e+01
2.009818458557128906e+01
2.058924865722656250e+01
2.157592201232910156e+01
2.256677627563476562e+01
2.355255699157714844e+01
2.452055168151855469e+01
2.545237159729003906e+01
2.498777008056640625e+01
2.544686317443847656e+01
2.402632522583007812e+01
2.303916740417480469e+01
2.204517936706542969e+01
2.105473327636718750e+01
1.909478378295898438e+01
1.812623977661132812e+01
1.716223144531250000e+01
1.668309020996093750e+01
1.572387790679931641e+01
1.572736930847167969e+01
1.572544765472412109e+01
1.573079109191894531e+01
1.669182395935058594e+01
1.717576408386230469e+01
1.765756988525390625e+01
1.862807273864746094e+01
1.960270690917968750e+01
2.058260536193847656e+01
2.157000541687011719e+01
2.256058692932128906e+01
2.354550170898437500e+01
2.403329467773437500e+01
2.402896690368652344e+01
2.402622222900390625e+01
2.353739547729492188e+01
2.254676628112792969e+01
2.106147193908691406e+01
1.910299491882324219e+01
1.764867019653320312e+01
1.668909072875976562e+01
1.572862339019775391e+01
1.572786617279052734e+01
1.524923324584960938e+01
1.572922801971435547e+01
1.573350620269775391e+01
1.621431541442871094e+01
1.669633483886718750e+01
1.765928268432617188e+01
1.814386558532714844e+01
1.911600875854492188e+01
2.009072494506835938e+01
2.107538795471191406e+01
2.206369400024414062e+01
2.305255699157714844e+01
2.403348541259765625e+01
2.451519966125488281e+01
2.451159858703613281e+01
2.498363494873046875e+01
2.450648307800292969e+01
2.402083969116210938e+01
2.254262542724609375e+01
2.105616188049316406e+01
2.056014442443847656e+01
1.958145332336425781e+01
1.812315750122070312e+01
1.620083236694335938e+01
1.572345066070556641e+01
1.572741985321044922e+01
1.572807884216308594e+01
1.668943214416503906e+01
1.668994712829589844e+01
1.669383430480957031e+01
1.717753410339355469e+01
1.765923881530761719e+01
1.862808799743652344e+01
1.960733604431152344e+01
2.059217453002929688e+01
2.157636642456054688e+01
2.256359100341796875e+01
2.305465888977050781e+01
2.403225135803222656e+01
2.403476715087890625e+01
2.354199409484863281e+01
2.353900146484375000e+01
2.304271316528320312e+01
2.155360412597656250e+01
2.056537246704101562e+01
1.958269309997558594e+01
1.860477256774902344e+01
1.812096214294433594e+01
1.812074661254882812e+01
1.860460281372070312e+01
1.957933616638183594e+01
2.007040405273437500e+01
2.006984901428222656e+01
1.909541511535644531e+01
1.861235237121582031e+01
1.861729621887207031e+01
1.910692977905273438e+01
1.959933471679687500e+01
1.959893035888671875e+01
2.008773040771484375e+01
2.106864929199218750e+01
2.057570838928222656e+01
2.205570793151855469e+01
2.156302261352539062e+01
2.156290054321289062e+01
2.155526351928710938e+01
1.959241676330566406e+01
1.909703063964843750e+01
1.957751846313476562e+01
1.957563591003417969e+01
1.860437583923339844e+01
1.860390090942382812e+01
1.860401725769042969e+01
1.860199356079101562e+01
1.860355949401855469e+01
1.860380935668945312e+01
1.860480690002441406e+01
1.764723777770996094e+01
1.765261077880859375e+01
1.765342140197753906e+01
1.764924240112304688e+01
1.764876747131347656e+01
1.861611557006835938e+01
1.959183502197265625e+01
2.057035636901855469e+01
2.156028747558593750e+01
2.254778480529785156e+01
2.155726814270019531e+01
2.056848144531250000e+01
2.155288696289062500e+01
2.105805015563964844e+01
1.958647346496582031e+01
1.861565589904785156e+01
1.764511871337890625e+01
1.764528846740722656e+01
1.668232536315917969e+01
1.667859268188476562e+01
1.667872619628906250e+01
1.668304443359375000e+01
1.668597984313964844e+01
1.668435478210449219e+01
1.716553306579589844e+01
1.669053649902343750e+01
1.717389106750488281e+01
1.814353942871093750e+01
2.009398651123046875e+01
2.108239746093750000e+01
2.305840301513671875e+01
2.354924392700195312e+01
2.403401565551757812e+01
2.498966979980468750e+01
2.451300811767578125e+01
2.353488922119140625e+01
2.353171920776367188e+01
2.204505920410156250e+01
2.007263946533203125e+01
1.812883186340332031e+01
1.716586112976074219e+01
1.572646427154541016e+01
1.572760677337646484e+01
1.620758247375488281e+01
1.668898963928222656e+01
1.669708633422851562e+01
1.670370483398437500e+01
1.766637039184570312e+01
1.863680839538574219e+01
1.863993835449218750e+01
1.961397361755371094e+01
2.010309028625488281e+01
2.059646224975585938e+01
2.158216857910156250e+01
2.306411743164062500e+01
2.355593109130859375e+01
2.355318641662597656e+01
2.355083274841308594e+01
2.354468345642089844e+01
2.205692863464355469e+01
2.106548118591308594e+01
2.007844161987304688e+01
1.910109710693359375e+01
1.717119789123535156e+01
1.621180915832519531e+01
1.430776786804199219e+01
1.383059024810791016e+01
1.431106185913085938e+01
1.478514385223388672e+01
1.574027729034423828e+01
1.574072360992431641e+01
1.670093345642089844e+01
1.718234825134277344e+01
1.766876029968261719e+01
1.815571022033691406e+01
1.864426040649414062e+01
1.864561462402343750e+01
1.961902809143066406e+01
1.961749267578125000e+01
1.961537933349609375e+01
1.961272239685058594e+01
2.058945274353027344e+01
2.206445884704589844e+01
2.107479858398437500e+01
2.107200431823730469e+01
2.106924819946289062e+01
1.959653091430664062e+01
1.862099456787109375e+01
1.716954421997070312e+01
1.620812034606933594e+01
1.572911071777343750e+01
1.573359775543212891e+01
1.669284439086914062e+01
1.669136238098144531e+01
1.669709587097167969e+01
1.669613075256347656e+01
1.669971656799316406e+01
1.718368148803710938e+01
1.767181396484375000e+01
1.864457511901855469e+01
1.912981033325195312e+01
2.059737777709960938e+01
2.158036804199218750e+01
2.157646560668945312e+01
2.206927871704101562e+01
2.256089782714843750e+01
2.206532478332519531e+01
2.206517791748046875e+01
2.057918739318847656e+01
2.008639907836914062e+01
1.910796546936035156e+01
1.765188217163085938e+01
1.717077255249023438e+01
1.668914413452148438e+01
1.620985412597656250e+01
1.573165512084960938e+01
1.573176288604736328e+01
1.669157218933105469e+01
1.669330978393554688e+01
1.669619560241699219e+01
1.669641876220703125e+01
1.766077232360839844e+01
1.814737129211425781e+01
1.863601303100585938e+01
1.960965347290039062e+01
2.010031509399414062e+01
2.058868980407714844e+01
2.058584594726562500e+01
2.058177375793457031e+01
2.107028388977050781e+01
2.156212425231933594e+01
2.057276153564453125e+01
2.105929374694824219e+01
2.056661033630371094e+01
2.007418251037597656e+01
1.860908317565917969e+01
1.764303016662597656e+01
1.668211555480957031e+01
1.572420978546142578e+01
1.572571468353271484e+01
1.620404434204101562e+01
1.716706085205078125e+01
1.765511703491210938e+01
1.813763427734375000e+01
1.813969039916992188e+01
1.910891342163085938e+01
1.959976196289062500e+01
2.009327125549316406e+01
2.107855796813964844e+01
2.256338310241699219e+01
2.305304718017578125e+01
2.305196380615234375e+01
2.305165672302246094e+01
2.304818534851074219e+01
2.354050636291503906e+01
2.402740669250488281e+01
2.353356742858886719e+01
2.204697608947753906e+01
2.056487655639648438e+01
2.105146026611328125e+01
1.957771492004394531e+01
1.957466697692871094e+01
1.860154914855957031e+01
1.860228538513183594e+01
1.860430908203125000e+01
1.860550498962402344e+01
1.860671997070312500e+01
1.958100128173828125e+01
2.056441307067871094e+01
2.105862426757812500e+01
2.254110527038574219e+01
2.353277015686035156e+01
2.450695991516113281e+01
2.498463058471679688e+01
2.544591712951660156e+01
2.498407936096191406e+01
2.544340896606445312e+01
2.353379249572753906e+01
2.352779960632324219e+01
2.303243827819824219e+01
2.204082489013671875e+01
2.105440330505371094e+01
1.909702873229980469e+01
1.668182373046875000e+01
1.572370052337646484e+01
1.572310924530029297e+01
1.668408203125000000e+01
1.668578147888183594e+01
1.717049598693847656e+01
1.765542221069335938e+01
1.765725517272949219e+01
1.862875175476074219e+01
1.911767196655273438e+01
2.009720420837402344e+01
2.306425476074218750e+01
2.355957603454589844e+01
2.355734062194824219e+01
2.355446434020996094e+01
2.355028152465820312e+01
2.256048774719238281e+01
2.156731986999511719e+01
2.106956672668457031e+01
2.057227706909179688e+01
1.910692405700683594e+01
1.813823127746582031e+01
1.621842002868652344e+01
1.526025009155273438e+01
1.430633640289306641e+01
1.382830524444580078e+01
1.335282039642333984e+01
1.383337020874023438e+01
1.431425952911376953e+01
1.431685352325439453e+01
1.527530193328857422e+01
1.575972175598144531e+01
1.624527740478515625e+01
1.672632026672363281e+01
1.720648002624511719e+01
1.720539665222167969e+01
1.768537330627441406e+01
1.768349647521972656e+01
1.768222427368164062e+01
1.672045135498046875e+01
1.672091865539550781e+01
1.671909713745117188e+01
1.575640201568603516e+01
1.527411270141601562e+01
1.479270172119140625e+01
1.478878402709960938e+01
1.526760578155517578e+01
1.430867958068847656e+01
1.383035469055175781e+01
1.335201263427734375e+01
1.383143138885498047e+01
1.288227939605712891e+01
1.384042263031005859e+01
1.480335235595703125e+01
1.480114650726318359e+01
1.575898075103759766e+01
1.623571586608886719e+01
1.719776344299316406e+01
1.816226577758789062e+01
1.913295745849609375e+01
2.059890365600585938e+01
2.059962081909179688e+01
2.158500289916992188e+01
2.059649658203125000e+01
2.010097503662109375e+01
1.960997200012207031e+01
1.911883735656738281e+01
1.814860534667968750e+01
1.718205451965332031e+01
1.621954727172851562e+01
1.478026485443115234e+01
1.334892559051513672e+01
1.287366867065429688e+01
1.287349033355712891e+01
1.383074665069580078e+01
1.383195877075195312e+01
1.478969001770019531e+01
1.526439952850341797e+01
1.574829101562500000e+01
1.622986793518066406e+01
1.671392631530761719e+01
1.671625137329101562e+01
1.865232086181640625e+01
1.865258598327636719e+01
1.865034866333007812e+01
1.864683532714843750e+01
