1.498588275909423828e+01
1.555113220214843750e+01
1.453891277313232422e+01
1.322435474395751953e+01
1.268986034393310547e+01
1.275595569610595703e+01
1.173460769653320312e+01
1.051461315155029297e+01
1.070433425903320312e+01
1.194156932830810547e+01
1.405218505859375000e+01
1.366670989990234375e+01
1.216981124877929688e+01
1.220742893218994141e+01
1.530321884155273438e+01
1.684688758850097656e+01
1.676584815979003906e+01
1.654374122619628906e+01
1.606474685668945312e+01
1.567077636718750000e+01
1.578167247772216797e+01
1.493241310119628906e+01
1.540509128570556641e+01
1.471579074859619141e+01
1.466735839843750000e+01
1.514115428924560547e+01
1.482835578918457031e+01
1.383666038513183594e+01
1.336304759979248047e+01
1.346288681030273438e+01
1.162665748596191406e+01
1.030806636810302734e+01
9.338635444641113281e+00
8.986932754516601562e+00
7.891299724578857422e+00
8.530174255371093750e+00
8.865665435791015625e+00
9.160771369934082031e+00
9.434008598327636719e+00
9.416571617126464844e+00
1.016121673583984375e+01
1.088576602935791016e+01
1.074001979827880859e+01
1.215965843200683594e+01
1.210547828674316406e+01
1.338906383514404297e+01
1.455788516998291016e+01
1.336844062805175781e+01
1.301215267181396484e+01
1.160705661773681641e+01
1.532166385650634766e+01
1.463193702697753906e+01
1.370341110229492188e+01
1.340190696716308594e+01
1.247544193267822266e+01
1.309885406494140625e+01
1.446519947052001953e+01
1.448542976379394531e+01
1.416120338439941406e+01
1.389492511749267578e+01
1.243439579010009766e+01
1.280907535552978516e+01
1.372016143798828125e+01
1.335033607482910156e+01
1.436329746246337891e+01
1.544414424896240234e+01
1.512837123870849609e+01
1.372377395629882812e+01
1.546436500549316406e+01
1.540490627288818359e+01
1.541314983367919922e+01
1.528890514373779297e+01
1.625811004638671875e+01
1.618418693542480469e+01
1.627586174011230469e+01
1.562971878051757812e+01
1.615410423278808594e+01
1.441631126403808594e+01
1.428912258148193359e+01
1.433654499053955078e+01
1.454099655151367188e+01
1.506059360504150391e+01
1.518870449066162109e+01
1.522011947631835938e+01
1.483153152465820312e+01
1.529341888427734375e+01
1.539675617218017578e+01
1.533017158508300781e+01
1.510568237304687500e+01
1.331916427612304688e+01
1.363494014739990234e+01
1.412440204620361328e+01
1.430227565765380859e+01
1.560000801086425781e+01
1.566994953155517578e+01
1.584726619720458984e+01
1.580600833892822266e+01
1.588014507293701172e+01
1.585078430175781250e+01
1.526867866516113281e+01
1.516314792633056641e+01
1.478313541412353516e+01
1.475308227539062500e+01
1.375468730926513672e+01
1.280297183990478516e+01
1.232840633392333984e+01
9.537520408630371094e+00
9.371275901794433594e+00
8.217835426330566406e+00
8.441222190856933594e+00
8.531981468200683594e+00
8.039100646972656250e+00
8.905845642089843750e+00
7.844046115875244141e+00
8.177874565124511719e+00
8.526743888854980469e+00
9.359036445617675781e+00
1.000712394714355469e+01
1.056645011901855469e+01
1.098781776428222656e+01
1.207895660400390625e+01
1.183232402801513672e+01
1.175636196136474609e+01
1.164261913299560547e+01
1.153783798217773438e+01
1.163246917724609375e+01
1.013205909729003906e+01
1.014034843444824219e+01
1.029343318939208984e+01
1.038394546508789062e+01
1.045097446441650391e+01
1.187763500213623047e+01
1.174958705902099609e+01
1.351032829284667969e+01
1.400589275360107422e+01
1.474266815185546875e+01
1.484380531311035156e+01
1.477779006958007812e+01
1.583967208862304688e+01
1.596819114685058594e+01
1.673591041564941406e+01
1.679670143127441406e+01
1.601907539367675781e+01
1.499655151367187500e+01
1.501208782196044922e+01
1.507398223876953125e+01
1.571426868438720703e+01
1.612393951416015625e+01
1.613649940490722656e+01
1.564937877655029297e+01
1.530590343475341797e+01
1.540591430664062500e+01
1.587103462219238281e+01
1.639970016479492188e+01
1.643516349792480469e+01
1.647432136535644531e+01
1.642867851257324219e+01
1.691176414489746094e+01
1.739094734191894531e+01
1.745860290527343750e+01
1.758548736572265625e+01
1.737348747253417969e+01
1.740088844299316406e+01
1.730985260009765625e+01
1.734425163269042969e+01
1.736980247497558594e+01
1.730023765563964844e+01
1.732996749877929688e+01
1.777148628234863281e+01
1.781027412414550781e+01
1.792219352722167969e+01
1.787346076965332031e+01
1.778567314147949219e+01
1.700885581970214844e+01
1.708197402954101562e+01
1.603223991394042969e+01
1.612371063232421875e+01
1.623349761962890625e+01
1.627597999572753906e+01
1.611865806579589844e+01
1.563769817352294922e+01
1.494724082946777344e+01
1.448779582977294922e+01
1.451591014862060547e+01
1.364961338043212891e+01
1.359280395507812500e+01
1.365651226043701172e+01
1.437986850738525391e+01
1.416742515563964844e+01
1.347673130035400391e+01
1.326941967010498047e+01
1.472892475128173828e+01
1.467165374755859375e+01
1.427190780639648438e+01
1.403077411651611328e+01
1.450032806396484375e+01
1.403739547729492188e+01
1.290764713287353516e+01
1.349163818359375000e+01
1.316350078582763672e+01
1.319069671630859375e+01
1.267558860778808594e+01
1.204657173156738281e+01
1.222379207611083984e+01
1.244339370727539062e+01
1.181391716003417969e+01
1.218307971954345703e+01
1.226402664184570312e+01
1.212093830108642578e+01
1.305948352813720703e+01
1.365089702606201172e+01
1.359680080413818359e+01
1.379960536956787109e+01
1.390575695037841797e+01
1.494012355804443359e+01
1.488366222381591797e+01
1.493909454345703125e+01
1.486980056762695312e+01
1.487026405334472656e+01
1.485173606872558594e+01
1.491807746887207031e+01
1.504243659973144531e+01
1.501627254486083984e+01
1.378740310668945312e+01
1.344972801208496094e+01
1.373397159576416016e+01
1.302826976776123047e+01
1.230138969421386719e+01
1.150675201416015625e+01
1.397115421295166016e+01
1.276489162445068359e+01
1.319707584381103516e+01
1.392504692077636719e+01
1.353838253021240234e+01
1.431279182434082031e+01
1.431143760681152344e+01
1.459898376464843750e+01
1.546666240692138672e+01
1.579320907592773438e+01
1.571946430206298828e+01
1.634715080261230469e+01
1.666874694824218750e+01
1.600776863098144531e+01
1.671519088745117188e+01
1.571683406829833984e+01
1.539940357208251953e+01
1.555940341949462891e+01
1.569414043426513672e+01
1.534962177276611328e+01
1.509978961944580078e+01
1.520285129547119141e+01
1.499538707733154297e+01
1.486898231506347656e+01
1.373824977874755859e+01
1.342645263671875000e+01
1.333688545227050781e+01
1.361525344848632812e+01
1.204208087921142578e+01
1.349841117858886719e+01
1.331862735748291016e+01
1.353529644012451172e+01
1.341956138610839844e+01
1.350039863586425781e+01
1.343504238128662109e+01
1.339188098907470703e+01
1.313774013519287109e+01
1.238197231292724609e+01
1.166170597076416016e+01
1.197381877899169922e+01
1.032535648345947266e+01
8.253734588623046875e+00
6.280546188354492188e+00
6.934440135955810547e+00
7.729865550994873047e+00
7.953429698944091797e+00
8.221854209899902344e+00
8.224619865417480469e+00
8.194514274597167969e+00
8.435750007629394531e+00
8.402946472167968750e+00
9.344395637512207031e+00
9.794300079345703125e+00
9.658264160156250000e+00
9.485903739929199219e+00
1.038067245483398438e+01
1.117511081695556641e+01
1.231189632415771484e+01
1.281786155700683594e+01
1.322837543487548828e+01
1.321711063385009766e+01
1.321068859100341797e+01
1.301397991180419922e+01
1.304662132263183594e+01
1.511279010772705078e+01
1.541951751708984375e+01
1.462668895721435547e+01
1.533951473236083984e+01
1.538343334197998047e+01
1.540018272399902344e+01
1.483572769165039062e+01
1.472324466705322266e+01
1.509702777862548828e+01
1.504585647583007812e+01
1.509979343414306641e+01
1.516415977478027344e+01
1.495186042785644531e+01
1.489657783508300781e+01
1.439153003692626953e+01
1.384873676300048828e+01
1.384146213531494141e+01
1.378783798217773438e+01
1.382891654968261719e+01
1.367235183715820312e+01
1.355290222167968750e+01
1.352019214630126953e+01
1.344560050964355469e+01
1.242415237426757812e+01
1.238906574249267578e+01
1.230060482025146484e+01
1.128106021881103516e+01
1.148525142669677734e+01
1.165302658081054688e+01
1.173762607574462891e+01
1.181392860412597656e+01
1.169812774658203125e+01
1.174989986419677734e+01
1.237990283966064453e+01
1.170277404785156250e+01
1.266862106323242188e+01
1.257294750213623047e+01
1.256607246398925781e+01
1.249370765686035156e+01
1.245872688293457031e+01
1.184956645965576172e+01
1.194717884063720703e+01
1.145805358886718750e+01
1.167308330535888672e+01
1.269358825683593750e+01
1.257110118865966797e+01
1.244503593444824219e+01
1.183242511749267578e+01
1.130454444885253906e+01
1.088374710083007812e+01
1.056613636016845703e+01
1.079222488403320312e+01
1.132866287231445312e+01
1.188086986541748047e+01
1.171775627136230469e+01
1.173908805847167969e+01
1.176162624359130859e+01
1.220510864257812500e+01
1.214631175994873047e+01
1.207162761688232422e+01
1.199236869812011719e+01
1.250447177886962891e+01
1.246228790283203125e+01
1.248076534271240234e+01
1.249659919738769531e+01
1.250633621215820312e+01
1.236680984497070312e+01
1.243145179748535156e+01
1.233611392974853516e+01
1.228802394866943359e+01
1.225104141235351562e+01
1.223809242248535156e+01
1.221366786956787109e+01
1.225221729278564453e+01
1.143575763702392578e+01
1.141804695129394531e+01
1.130599784851074219e+01
1.097965812683105469e+01
1.037861061096191406e+01
1.047102355957031250e+01
9.931777954101562500e+00
9.122264862060546875e+00
9.578866004943847656e+00
9.780464172363281250e+00
9.928327560424804688e+00
9.926558494567871094e+00
1.095147323608398438e+01
1.082995986938476562e+01
1.087338161468505859e+01
1.086107635498046875e+01
1.090276145935058594e+01
1.097382640838623047e+01
1.097183513641357422e+01
1.090496253967285156e+01
1.041933441162109375e+01
9.973871231079101562e+00
1.009711170196533203e+01
9.676378250122070312e+00
8.921189308166503906e+00
9.545866012573242188e+00
9.827679634094238281e+00
9.901511192321777344e+00
1.016519927978515625e+01
1.017631053924560547e+01
1.053389167785644531e+01
1.104980468750000000e+01
1.061958408355712891e+01
1.017523860931396484e+01
1.024263095855712891e+01
1.003173160552978516e+01
1.057260894775390625e+01
1.114511680603027344e+01
1.114398384094238281e+01
1.152676105499267578e+01
1.102901649475097656e+01
1.037424564361572266e+01
9.851633071899414062e+00
9.867076873779296875e+00
9.572129249572753906e+00
8.114094734191894531e+00
7.003293037414550781e+00
6.526235103607177734e+00
6.849410057067871094e+00
7.687827110290527344e+00
7.046671867370605469e+00
6.761402606964111328e+00
8.306512832641601562e+00
9.526586532592773438e+00
9.254272460937500000e+00
9.237874031066894531e+00
9.315195083618164062e+00
9.187089920043945312e+00
9.873303413391113281e+00
1.038127994537353516e+01
9.076931953430175781e+00
1.053821277618408203e+01
1.039671611785888672e+01
1.011543560028076172e+01
1.006976699829101562e+01
1.022185230255126953e+01
1.006319904327392578e+01
9.857696533203125000e+00
1.139655685424804688e+01
1.097456264495849609e+01
1.110725975036621094e+01
1.119699668884277344e+01
1.144364833831787109e+01
1.099919033050537109e+01
1.127543067932128906e+01
1.121122932434082031e+01
1.246440792083740234e+01
1.273194694519042969e+01
1.173628044128417969e+01
1.109633731842041016e+01
1.170962619781494141e+01
1.264868068695068359e+01
1.258563518524169922e+01
1.250618076324462891e+01
1.227709007263183594e+01
1.232932472229003906e+01
1.206752967834472656e+01
1.199661254882812500e+01
1.163472175598144531e+01
1.184143638610839844e+01
1.309484100341796875e+01
1.323191356658935547e+01
1.468760776519775391e+01
1.570677566528320312e+01
1.565849781036376953e+01
1.525549221038818359e+01
1.198719692230224609e+01
1.178743648529052734e+01
1.312406539916992188e+01
1.441534328460693359e+01
1.374981880187988281e+01
1.304034423828125000e+01
1.149557113647460938e+01
1.092965030670166016e+01
1.094798851013183594e+01
1.027502441406250000e+01
9.546792030334472656e+00
1.040440082550048828e+01
1.040696239471435547e+01
1.108215713500976562e+01
1.173017978668212891e+01
1.178373241424560547e+01
1.339566421508789062e+01
1.447588443756103516e+01
1.429021167755126953e+01
1.407411193847656250e+01
1.402435493469238281e+01
1.392493438720703125e+01
1.321909523010253906e+01
1.282538223266601562e+01
1.363779926300048828e+01
1.385915946960449219e+01
1.450392818450927734e+01
1.462215709686279297e+01
1.495113658905029297e+01
1.506819534301757812e+01
1.517086601257324219e+01
1.560615825653076172e+01
1.514536666870117188e+01
1.499582576751708984e+01
1.488986873626708984e+01
1.480033206939697266e+01
1.474171733856201172e+01
1.447039318084716797e+01
1.430166530609130859e+01
1.525060558319091797e+01
1.569388484954833984e+01
1.537998580932617188e+01
1.471727085113525391e+01
1.334512424468994141e+01
1.375559806823730469e+01
1.396340179443359375e+01
1.245565509796142578e+01
1.091627883911132812e+01
1.028197097778320312e+01
1.106218242645263672e+01
1.039838314056396484e+01
1.119934940338134766e+01
1.152403259277343750e+01
1.246197319030761719e+01
1.238227844238281250e+01
1.319971275329589844e+01
1.323180675506591797e+01
1.354648494720458984e+01
1.387395095825195312e+01
1.476992893218994141e+01
1.491763019561767578e+01
1.497412014007568359e+01
1.512305927276611328e+01
1.527066707611083984e+01
1.526510143280029297e+01
1.586444759368896484e+01
1.629622840881347656e+01
1.702647399902343750e+01
1.604584884643554688e+01
1.458163166046142578e+01
1.329701614379882812e+01
1.354882431030273438e+01
1.260566711425781250e+01
1.321448612213134766e+01
1.245536804199218750e+01
1.217680644989013672e+01
1.224604415893554688e+01
1.050998115539550781e+01
1.112891578674316406e+01
1.215342426300048828e+01
1.207693290710449219e+01
1.108820343017578125e+01
1.119484710693359375e+01
1.206834125518798828e+01
1.280903530120849609e+01
1.281934165954589844e+01
1.266741752624511719e+01
1.258180427551269531e+01
1.420032882690429688e+01
1.399636268615722656e+01
1.542605495452880859e+01
1.554946708679199219e+01
1.538783931732177734e+01
1.309663963317871094e+01
1.137463283538818359e+01
9.143599510192871094e+00
8.937845230102539062e+00
8.683204650878906250e+00
8.861138343811035156e+00
1.059019947052001953e+01
1.072844696044921875e+01
1.243309974670410156e+01
1.251886653900146484e+01
1.082955741882324219e+01
1.067692852020263672e+01
1.094052791595458984e+01
1.085578632354736328e+01
9.600643157958984375e+00
9.424325942993164062e+00
9.168722152709960938e+00
9.461462974548339844e+00
9.636680603027343750e+00
9.274587631225585938e+00
1.035457420349121094e+01
1.033587551116943359e+01
9.922870635986328125e+00
1.037244033813476562e+01
1.042068958282470703e+01
1.018305301666259766e+01
8.790566444396972656e+00
8.957358360290527344e+00
9.262524604797363281e+00
9.361855506896972656e+00
9.227693557739257812e+00
9.331088066101074219e+00
7.620573520660400391e+00
7.817098617553710938e+00
6.826567649841308594e+00
6.614366054534912109e+00
6.221975326538085938e+00
6.472657203674316406e+00
6.041121482849121094e+00
5.708526611328125000e+00
5.368783950805664062e+00
6.210152626037597656e+00
6.713956832885742188e+00
7.269820213317871094e+00
8.347221374511718750e+00
9.421044349670410156e+00
8.774434089660644531e+00
8.513493537902832031e+00
8.487669944763183594e+00
6.477935791015625000e+00
5.641391754150390625e+00
5.327586174011230469e+00
5.401916503906250000e+00
5.889194488525390625e+00
5.442037582397460938e+00
6.496164321899414062e+00
7.471773147583007812e+00
8.145831108093261719e+00
8.588182449340820312e+00
8.424846649169921875e+00
8.330347061157226562e+00
8.263092994689941406e+00
9.727954864501953125e+00
8.816506385803222656e+00
9.220267295837402344e+00
9.121076583862304688e+00
9.130777359008789062e+00
1.049997711181640625e+01
1.036884307861328125e+01
1.027507495880126953e+01
1.015889835357666016e+01
9.910193443298339844e+00
8.487483978271484375e+00
8.315172195434570312e+00
8.405220985412597656e+00
8.633605957031250000e+00
8.766164779663085938e+00
8.734032630920410156e+00
8.780748367309570312e+00
8.781271934509277344e+00
8.769465446472167969e+00
8.820943832397460938e+00
8.811204910278320312e+00
8.771858215332031250e+00
8.733796119689941406e+00
8.724116325378417969e+00
8.671957015991210938e+00
8.656097412109375000e+00
8.752566337585449219e+00
8.882439613342285156e+00
8.984812736511230469e+00
8.985007286071777344e+00
1.055350399017333984e+01
1.038203907012939453e+01
1.072800350189208984e+01
1.117526149749755859e+01
9.586100578308105469e+00
9.503031730651855469e+00
9.460175514221191406e+00
8.323391914367675781e+00
8.323984146118164062e+00
8.493111610412597656e+00
8.536924362182617188e+00
8.457592964172363281e+00
8.525162696838378906e+00
8.410820007324218750e+00
8.958593368530273438e+00
1.056273269653320312e+01
1.119377994537353516e+01
1.085468387603759766e+01
1.162751579284667969e+01
1.062646675109863281e+01
9.105722427368164062e+00
9.010407447814941406e+00
1.008055877685546875e+01
1.104566097259521484e+01
1.089777088165283203e+01
1.064278602600097656e+01
1.069166278839111328e+01
1.065489578247070312e+01
8.599757194519042969e+00
7.794601440429687500e+00
6.755413532257080078e+00
6.920824050903320312e+00
5.927929401397705078e+00
5.951354980468750000e+00
5.939105033874511719e+00
4.962540626525878906e+00
4.493530273437500000e+00
4.527468681335449219e+00
4.401650428771972656e+00
4.389845848083496094e+00
4.244803428649902344e+00
4.311480522155761719e+00
4.324391365051269531e+00
4.357811927795410156e+00
4.601175308227539062e+00
4.607945442199707031e+00
4.675819396972656250e+00
4.903754234313964844e+00
4.921545982360839844e+00
5.123570442199707031e+00
4.985915184020996094e+00
5.146022796630859375e+00
4.962620735168457031e+00
4.952250480651855469e+00
4.959379196166992188e+00
4.916757583618164062e+00
4.948036193847656250e+00
4.926657676696777344e+00
4.895841598510742188e+00
4.878150939941406250e+00
4.879832267761230469e+00
4.939865112304687500e+00
4.919057846069335938e+00
4.900549888610839844e+00
4.991473197937011719e+00
4.874262809753417969e+00
5.080457687377929688e+00
5.224513053894042969e+00
5.729319572448730469e+00
5.671140670776367188e+00
5.957335948944091797e+00
6.720355033874511719e+00
7.018086910247802734e+00
6.834161281585693359e+00
5.658630371093750000e+00
5.439002990722656250e+00
5.499301910400390625e+00
5.277625083923339844e+00
4.746459007263183594e+00
4.787654876708984375e+00
4.813815116882324219e+00
4.659143447875976562e+00
4.562942504882812500e+00
4.623578071594238281e+00
4.653696060180664062e+00
4.843048095703125000e+00
4.906505584716796875e+00
4.929227828979492188e+00
4.922484397888183594e+00
5.215965270996093750e+00
5.424967765808105469e+00
5.650092124938964844e+00
5.926525592803955078e+00
6.240601062774658203e+00
6.662189006805419922e+00
7.089892864227294922e+00
7.817789077758789062e+00
7.941456794738769531e+00
7.065886497497558594e+00
7.057283401489257812e+00
6.185567855834960938e+00
4.943046569824218750e+00
4.721309661865234375e+00
4.488684654235839844e+00
4.459030151367187500e+00
4.360363006591796875e+00
4.371305465698242188e+00
4.470668792724609375e+00
4.450661659240722656e+00
4.647061347961425781e+00
4.931650161743164062e+00
5.100347518920898438e+00
5.286875724792480469e+00
5.706194877624511719e+00
5.717293739318847656e+00
5.653980255126953125e+00
6.157666683197021484e+00
6.079762935638427734e+00
6.872928142547607422e+00
6.520161151885986328e+00
7.714002132415771484e+00
7.662153720855712891e+00
7.497194766998291016e+00
6.850143909454345703e+00
6.954370975494384766e+00
6.457546234130859375e+00
5.816387653350830078e+00
5.961338043212890625e+00
6.400468826293945312e+00
6.775204658508300781e+00
8.154482841491699219e+00
6.764203548431396484e+00
6.746417522430419922e+00
6.837534427642822266e+00
6.853826999664306641e+00
6.729694366455078125e+00
6.836973190307617188e+00
6.680101394653320312e+00
8.040740966796875000e+00
7.137258529663085938e+00
7.779520034790039062e+00
8.886593818664550781e+00
8.828464508056640625e+00
8.479123115539550781e+00
8.970970153808593750e+00
9.596385002136230469e+00
8.687166213989257812e+00
9.571841239929199219e+00
9.045081138610839844e+00
7.675870895385742188e+00
6.674813270568847656e+00
6.198204994201660156e+00
6.657883167266845703e+00
7.938502788543701172e+00
7.957932949066162109e+00
8.091959953308105469e+00
7.946456909179687500e+00
9.271607398986816406e+00
9.183359146118164062e+00
9.720853805541992188e+00
1.052317810058593750e+01
8.738912582397460938e+00
8.680710792541503906e+00
8.644563674926757812e+00
8.637929916381835938e+00
8.692179679870605469e+00
8.540785789489746094e+00
8.602514266967773438e+00
8.629421234130859375e+00
1.031279850006103516e+01
1.114288806915283203e+01
1.491136646270751953e+01
1.455459213256835938e+01
1.417851543426513672e+01
1.406312179565429688e+01
1.379822731018066406e+01
1.393041324615478516e+01
1.381171512603759766e+01
1.377808856964111328e+01
1.336913299560546875e+01
1.307401371002197266e+01
1.302227306365966797e+01
1.314205455780029297e+01
1.086649990081787109e+01
1.042341804504394531e+01
1.142171955108642578e+01
1.164735317230224609e+01
1.100877666473388672e+01
1.030751132965087891e+01
9.438706398010253906e+00
8.974601745605468750e+00
8.330099105834960938e+00
7.884779453277587891e+00
7.543540477752685547e+00
6.895538330078125000e+00
5.892476558685302734e+00
5.762128829956054688e+00
5.273078918457031250e+00
4.843296051025390625e+00
4.619110107421875000e+00
4.792408943176269531e+00
4.944437980651855469e+00
5.028057098388671875e+00
5.079613685607910156e+00
5.436023712158203125e+00
5.439896583557128906e+00
5.767124176025390625e+00
5.781288146972656250e+00
6.424515247344970703e+00
6.335904598236083984e+00
6.789767265319824219e+00
7.295122146606445312e+00
7.701380729675292969e+00
8.053348541259765625e+00
7.751553058624267578e+00
8.155614852905273438e+00
8.875763893127441406e+00
8.613439559936523438e+00
8.460935592651367188e+00
8.191065788269042969e+00
6.892291545867919922e+00
5.784515380859375000e+00
5.197250366210937500e+00
5.033091545104980469e+00
5.175259590148925781e+00
5.165396690368652344e+00
6.165973186492919922e+00
6.071924209594726562e+00
6.131590366363525391e+00
5.865463733673095703e+00
7.276105403900146484e+00
7.036300659179687500e+00
6.960318088531494141e+00
7.890443325042724609e+00
7.531084060668945312e+00
7.482606410980224609e+00
8.174581527709960938e+00
8.281743049621582031e+00
7.944953441619873047e+00
8.884876251220703125e+00
9.466358184814453125e+00
9.762141227722167969e+00
9.346600532531738281e+00
9.928753852844238281e+00
9.974761962890625000e+00
1.093076133728027344e+01
1.149437999725341797e+01
1.082542705535888672e+01
1.201887989044189453e+01
1.255677509307861328e+01
1.224138736724853516e+01
1.294833946228027344e+01
1.341094303131103516e+01
1.299061584472656250e+01
1.294912147521972656e+01
1.350525856018066406e+01
1.413677310943603516e+01
1.413170433044433594e+01
1.444243526458740234e+01
1.455019474029541016e+01
1.437672805786132812e+01
1.422867298126220703e+01
1.416962051391601562e+01
1.519851684570312500e+01
1.539268112182617188e+01
1.579142189025878906e+01
1.548452281951904297e+01
1.484291553497314453e+01
1.332042217254638672e+01
1.355960655212402344e+01
1.317321300506591797e+01
1.138236331939697266e+01
1.181143379211425781e+01
1.171187686920166016e+01
1.251899147033691406e+01
1.250575733184814453e+01
1.246817398071289062e+01
1.095731639862060547e+01
1.108366298675537109e+01
1.113811874389648438e+01
1.123553276062011719e+01
1.176857471466064453e+01
1.224424648284912109e+01
1.310895252227783203e+01
1.303530883789062500e+01
1.303024959564208984e+01
1.203723716735839844e+01
1.200153446197509766e+01
1.196791648864746094e+01
1.179951572418212891e+01
1.169407176971435547e+01
1.104371166229248047e+01
1.056879711151123047e+01
9.652600288391113281e+00
9.095390319824218750e+00
8.730608940124511719e+00
8.517308235168457031e+00
9.753167152404785156e+00
9.349163055419921875e+00
9.901803016662597656e+00
9.902166366577148438e+00
9.846860885620117188e+00
9.947888374328613281e+00
1.047856807708740234e+01
1.086847782135009766e+01
1.080591678619384766e+01
1.166887283325195312e+01
1.150875949859619141e+01
1.190643596649169922e+01
1.237049484252929688e+01
1.234594821929931641e+01
1.241563701629638672e+01
1.340563678741455078e+01
1.344638156890869141e+01
1.348836135864257812e+01
1.337113380432128906e+01
1.291121482849121094e+01
1.248530864715576172e+01
1.147954654693603516e+01
1.143644714355468750e+01
1.219190025329589844e+01
1.278817558288574219e+01
1.285144424438476562e+01
1.385590744018554688e+01
1.384451770782470703e+01
1.387047863006591797e+01
1.401116371154785156e+01
1.403237342834472656e+01
1.403373527526855469e+01
1.399328994750976562e+01
1.410678386688232422e+01
1.410321617126464844e+01
1.413929748535156250e+01
1.396777343750000000e+01
1.455626392364501953e+01
1.437658500671386719e+01
1.498067951202392578e+01
1.508870506286621094e+01
1.449698162078857422e+01
1.373602199554443359e+01
1.290499782562255859e+01
1.227902412414550781e+01
1.256919097900390625e+01
1.288309001922607422e+01
1.117940139770507812e+01
1.141325473785400391e+01
1.153304767608642578e+01
1.236159896850585938e+01
1.296601676940917969e+01
1.293175792694091797e+01
1.412725925445556641e+01
1.431221103668212891e+01
1.475806522369384766e+01
1.535841178894042969e+01
1.546118545532226562e+01
1.545429801940917969e+01
1.638259887695312500e+01
1.639579200744628906e+01
1.535173606872558594e+01
1.622958183288574219e+01
1.710501289367675781e+01
1.712091064453125000e+01
1.741805839538574219e+01
1.686615562438964844e+01
1.683272933959960938e+01
1.581168270111083984e+01
1.565653991699218750e+01
1.468407249450683594e+01
1.420597457885742188e+01
1.519322681427001953e+01
1.456672763824462891e+01
1.466111373901367188e+01
1.466735458374023438e+01
1.472646617889404297e+01
1.543415927886962891e+01
1.601677703857421875e+01
1.608140182495117188e+01
1.670634269714355469e+01
1.711973762512207031e+01
1.736839294433593750e+01
1.727924156188964844e+01
1.735973739624023438e+01
1.724117469787597656e+01
1.725441551208496094e+01
1.729492950439453125e+01
1.721143913269042969e+01
1.718168830871582031e+01
1.727539825439453125e+01
1.687700080871582031e+01
1.666552352905273438e+01
1.607569503784179688e+01
1.469430923461914062e+01
1.452100467681884766e+01
1.375435161590576172e+01
1.169279575347900391e+01
1.055732727050781250e+01
1.083899879455566406e+01
1.031837940216064453e+01
1.098995399475097656e+01
1.106464004516601562e+01
1.119011688232421875e+01
1.133856296539306641e+01
1.146459770202636719e+01
1.099826526641845703e+01
1.158475399017333984e+01
1.158864116668701172e+01
1.157865238189697266e+01
1.262150287628173828e+01
1.242139530181884766e+01
1.332646465301513672e+01
1.318236160278320312e+01
1.198885536193847656e+01
1.090461921691894531e+01
9.975304603576660156e+00
7.853665828704833984e+00
6.736433982849121094e+00
7.690715789794921875e+00
8.817720413208007812e+00
8.775012969970703125e+00
8.824993133544921875e+00
9.409968376159667969e+00
9.568612098693847656e+00
8.970403671264648438e+00
9.090521812438964844e+00
1.038016033172607422e+01
1.161248588562011719e+01
1.124261569976806641e+01
1.119977855682373047e+01
1.110471916198730469e+01
1.108270931243896484e+01
1.096315574645996094e+01
1.105527210235595703e+01
1.104510021209716797e+01
1.093272876739501953e+01
1.091817092895507812e+01
1.085972881317138672e+01
1.004427719116210938e+01
9.450652122497558594e+00
9.561071395874023438e+00
9.570754051208496094e+00
8.312431335449218750e+00
8.274730682373046875e+00
9.901681900024414062e+00
9.176401138305664062e+00
9.902385711669921875e+00
9.931824684143066406e+00
9.903679847717285156e+00
9.902070999145507812e+00
9.884387016296386719e+00
1.052254390716552734e+01
1.102260684967041016e+01
1.073449039459228516e+01
1.187256908416748047e+01
1.225116443634033203e+01
1.327314281463623047e+01
1.356548023223876953e+01
1.349692821502685547e+01
1.446481227874755859e+01
1.437788581848144531e+01
1.419379615783691406e+01
1.355179214477539062e+01
1.316673088073730469e+01
1.188203144073486328e+01
1.068150234222412109e+01
1.105656242370605469e+01
1.138983631134033203e+01
1.129780006408691406e+01
1.133965110778808594e+01
1.153538894653320312e+01
1.162978363037109375e+01
1.242897701263427734e+01
1.328248882293701172e+01
1.330047798156738281e+01
1.329806900024414062e+01
1.394965267181396484e+01
1.452266883850097656e+01
1.464394092559814453e+01
1.467570400238037109e+01
1.473853015899658203e+01
1.417677688598632812e+01
1.354092121124267578e+01
1.359333801269531250e+01
1.465828037261962891e+01
1.613690185546875000e+01
1.638542366027832031e+01
1.669915771484375000e+01
1.606978416442871094e+01
1.540604877471923828e+01
1.523515796661376953e+01
1.552238941192626953e+01
1.559335517883300781e+01
1.526549530029296875e+01
1.541939353942871094e+01
1.560088825225830078e+01
1.553961849212646484e+01
1.562743854522705078e+01
1.660377120971679688e+01
1.669043159484863281e+01
1.665625953674316406e+01
1.660957717895507812e+01
1.663753509521484375e+01
1.694762420654296875e+01
1.734340095520019531e+01
1.745199775695800781e+01
1.795113563537597656e+01
1.799156188964843750e+01
1.804239273071289062e+01
1.804267311096191406e+01
1.830812072753906250e+01
1.797785568237304688e+01
1.731841278076171875e+01
1.684812927246093750e+01
1.228115367889404297e+01
1.278718948364257812e+01
1.240274143218994141e+01
1.245093917846679688e+01
1.318426227569580078e+01
1.272185516357421875e+01
1.242616653442382812e+01
1.269116592407226562e+01
1.151922988891601562e+01
1.155918884277343750e+01
1.188742446899414062e+01
1.197944259643554688e+01
1.208736419677734375e+01
1.202674770355224609e+01
1.211837768554687500e+01
1.331871128082275391e+01
1.319189167022705078e+01
1.327132797241210938e+01
1.168370246887207031e+01
1.020688724517822266e+01
8.763587951660156250e+00
8.360833168029785156e+00
7.769846439361572266e+00
8.807495117187500000e+00
7.976161956787109375e+00
8.130633354187011719e+00
6.820096969604492188e+00
7.156056880950927734e+00
6.674254417419433594e+00
6.188173770904541016e+00
7.001665592193603516e+00
7.642317295074462891e+00
8.353111267089843750e+00
8.213496208190917969e+00
7.602863311767578125e+00
9.844970703125000000e+00
1.019250869750976562e+01
1.209579277038574219e+01
1.287751865386962891e+01
1.385265731811523438e+01
1.427621078491210938e+01
1.351198196411132812e+01
1.266137886047363281e+01
1.116742420196533203e+01
8.818285942077636719e+00
6.379896640777587891e+00
5.491700172424316406e+00
5.516927719116210938e+00
5.903365135192871094e+00
5.904804706573486328e+00
6.169095516204833984e+00
6.908541202545166016e+00
7.667751312255859375e+00
7.710243701934814453e+00
9.478185653686523438e+00
9.112925529479980469e+00
8.781047821044921875e+00
9.229454994201660156e+00
1.161405944824218750e+01
1.132239151000976562e+01
1.271646308898925781e+01
1.212823295593261719e+01
1.243625164031982422e+01
1.237930297851562500e+01
1.222931671142578125e+01
1.241994953155517578e+01
1.198267364501953125e+01
1.244487285614013672e+01
1.370435714721679688e+01
1.224920177459716797e+01
1.136871051788330078e+01
1.092835998535156250e+01
1.072155666351318359e+01
1.070916748046875000e+01
1.069631481170654297e+01
1.044722461700439453e+01
1.036106777191162109e+01
1.050695896148681641e+01
1.002439975738525391e+01
1.084725379943847656e+01
1.118340873718261719e+01
1.097367954254150391e+01
1.104419422149658203e+01
1.156819820404052734e+01
1.261680793762207031e+01
1.205795860290527344e+01
1.186202335357666016e+01
1.396742534637451172e+01
1.531412982940673828e+01
1.487669372558593750e+01
1.404896163940429688e+01
1.415938377380371094e+01
1.365614986419677734e+01
1.211660766601562500e+01
1.110633850097656250e+01
1.139287090301513672e+01
1.180796051025390625e+01
1.041748237609863281e+01
9.312672615051269531e+00
8.701489448547363281e+00
8.187927246093750000e+00
8.798749923706054688e+00
1.002385807037353516e+01
1.095684337615966797e+01
1.143641757965087891e+01
1.278580379486083984e+01
1.332292079925537109e+01
1.331632137298583984e+01
1.445404911041259766e+01
1.576435375213623047e+01
1.566934967041015625e+01
1.581846427917480469e+01
1.686729812622070312e+01
1.779459381103515625e+01
1.731777954101562500e+01
1.712796592712402344e+01
1.604623603820800781e+01
1.546651363372802734e+01
1.375534534454345703e+01
1.345711898803710938e+01
1.182976055145263672e+01
1.044358825683593750e+01
9.124383926391601562e+00
9.311809539794921875e+00
9.962643623352050781e+00
1.092357444763183594e+01
1.170037364959716797e+01
1.173707580566406250e+01
1.174577045440673828e+01
1.172756767272949219e+01
1.298803997039794922e+01
1.302828979492187500e+01
1.411627006530761719e+01
1.403329277038574219e+01
1.532339382171630859e+01
1.564139747619628906e+01
1.618506431579589844e+01
1.621180725097656250e+01
1.510207653045654297e+01
1.398292732238769531e+01
1.266441154479980469e+01
1.026121044158935547e+01
7.921345710754394531e+00
8.113439559936523438e+00
8.402245521545410156e+00
9.641602516174316406e+00
8.897118568420410156e+00
1.005794334411621094e+01
1.085178279876708984e+01
1.091749477386474609e+01
1.238934040069580078e+01
1.212342643737792969e+01
1.215847778320312500e+01
1.353328800201416016e+01
1.645262908935546875e+01
1.704419517517089844e+01
1.700698661804199219e+01
1.676858520507812500e+01
1.674376296997070312e+01
1.540077877044677734e+01
1.464781856536865234e+01
1.272516250610351562e+01
1.094721508026123047e+01
1.182348918914794922e+01
1.205591011047363281e+01
1.164681148529052734e+01
1.175817489624023438e+01
1.170880794525146484e+01
1.381619453430175781e+01
1.383402156829833984e+01
1.306476879119873047e+01
1.328608417510986328e+01
1.396929359436035156e+01
1.398867225646972656e+01
1.415396022796630859e+01
1.550271129608154297e+01
1.554915046691894531e+01
1.603595542907714844e+01
1.686550140380859375e+01
1.808598709106445312e+01
1.829783630371093750e+01
1.766568946838378906e+01
1.738031005859375000e+01
1.726060485839843750e+01
1.621744346618652344e+01
1.573417758941650391e+01
1.557185173034667969e+01
1.547547721862792969e+01
1.534379959106445312e+01
1.470660209655761719e+01
1.466254043579101562e+01
1.570108604431152344e+01
1.549444580078125000e+01
1.545319938659667969e+01
1.559929847717285156e+01
1.604398727416992188e+01
1.609490585327148438e+01
1.664536666870117188e+01
1.659721755981445312e+01
1.725846290588378906e+01
1.765821075439453125e+01
1.772738456726074219e+01
1.849117851257324219e+01
1.841440391540527344e+01
1.872311019897460938e+01
1.895537948608398438e+01
1.886039733886718750e+01
1.707889747619628906e+01
1.651831054687500000e+01
1.585672950744628906e+01
1.446332263946533203e+01
1.419019412994384766e+01
1.261889648437500000e+01
1.125055694580078125e+01
1.005897712707519531e+01
9.785617828369140625e+00
9.985761642456054688e+00
1.023477745056152344e+01
1.170081901550292969e+01
1.187361335754394531e+01
1.234276199340820312e+01
1.336027526855468750e+01
1.424046325683593750e+01
1.502120590209960938e+01
1.598027896881103516e+01
1.604727745056152344e+01
1.718445777893066406e+01
1.870948791503906250e+01
1.869516944885253906e+01
1.854248046875000000e+01
1.817522811889648438e+01
1.624151611328125000e+01
1.601016044616699219e+01
1.534696865081787109e+01
1.378996658325195312e+01
1.314776325225830078e+01
1.358280658721923828e+01
1.376859474182128906e+01
1.393336391448974609e+01
1.509102821350097656e+01
1.482305049896240234e+01
1.541135501861572266e+01
1.501000213623046875e+01
1.555161952972412109e+01
1.539865493774414062e+01
1.597010707855224609e+01
1.601546478271484375e+01
1.587570190429687500e+01
1.588537788391113281e+01
1.598816013336181641e+01
1.603128814697265625e+01
1.616109275817871094e+01
1.654314231872558594e+01
1.671705627441406250e+01
1.692400932312011719e+01
1.712666130065917969e+01
1.762066078186035156e+01
1.725208663940429688e+01
1.768794250488281250e+01
1.790784072875976562e+01
1.792571067810058594e+01
1.765888214111328125e+01
1.736534500122070312e+01
1.772153854370117188e+01
1.814546966552734375e+01
1.825513458251953125e+01
1.734617233276367188e+01
1.646846771240234375e+01
1.521942710876464844e+01
1.438062667846679688e+01
1.358962535858154297e+01
1.336493968963623047e+01
1.550640583038330078e+01
1.609521675109863281e+01
1.746960449218750000e+01
1.786639976501464844e+01
1.791278457641601562e+01
1.786293792724609375e+01
1.781575965881347656e+01
1.723193550109863281e+01
1.644301223754882812e+01
1.692623710632324219e+01
1.718951988220214844e+01
1.745440483093261719e+01
1.744986152648925781e+01
1.752323532104492188e+01
1.738313865661621094e+01
1.716410255432128906e+01
1.578711318969726562e+01
1.472261619567871094e+01
1.457112503051757812e+01
1.487549972534179688e+01
1.454563140869140625e+01
1.527642345428466797e+01
1.617466163635253906e+01
1.600723266601562500e+01
1.499536418914794922e+01
1.579755687713623047e+01
1.663770103454589844e+01
1.802510261535644531e+01
1.828746223449707031e+01
1.828439521789550781e+01
1.721298789978027344e+01
1.689090728759765625e+01
1.609125328063964844e+01
1.314964199066162109e+01
1.148907470703125000e+01
1.041146659851074219e+01
9.770307540893554688e+00
1.009652233123779297e+01
1.034203433990478516e+01
9.731900215148925781e+00
1.048964595794677734e+01
1.134155750274658203e+01
1.223040580749511719e+01
1.234780883789062500e+01
1.376078414916992188e+01
1.364990520477294922e+01
1.433877277374267578e+01
1.486654186248779297e+01
1.604587936401367188e+01
1.604949951171875000e+01
1.746351432800292969e+01
1.770975303649902344e+01
1.823502731323242188e+01
1.814527320861816406e+01
1.655810165405273438e+01
1.561206531524658203e+01
1.573471450805664062e+01
1.639262390136718750e+01
1.477533531188964844e+01
1.460915184020996094e+01
1.400420570373535156e+01
1.438201713562011719e+01
1.516799449920654297e+01
1.520933055877685547e+01
1.582795047760009766e+01
1.609079933166503906e+01
1.512002277374267578e+01
1.492195034027099609e+01
1.481713390350341797e+01
1.509997653961181641e+01
1.493304824829101562e+01
1.540241813659667969e+01
1.621728324890136719e+01
1.527118015289306641e+01
1.553126811981201172e+01
1.649579811096191406e+01
1.529769134521484375e+01
1.576563549041748047e+01
1.496579837799072266e+01
1.652544021606445312e+01
1.688896369934082031e+01
1.595592594146728516e+01
1.531418991088867188e+01
1.421552944183349609e+01
1.409107780456542969e+01
1.395360565185546875e+01
1.490863037109375000e+01
1.572565746307373047e+01
1.589751243591308594e+01
1.653903388977050781e+01
1.703040313720703125e+01
1.763380241394042969e+01
1.760468673706054688e+01
1.744921302795410156e+01
1.726084899902343750e+01
1.729088973999023438e+01
1.791996002197265625e+01
1.760411071777343750e+01
1.840652847290039062e+01
1.876390075683593750e+01
1.896679878234863281e+01
1.861412429809570312e+01
1.860741615295410156e+01
1.831106376647949219e+01
1.629618453979492188e+01
1.574139022827148438e+01
1.440072917938232422e+01
1.433852672576904297e+01
1.451360321044921875e+01
1.353828048706054688e+01
1.292005062103271484e+01
1.298609924316406250e+01
1.333981037139892578e+01
1.349147796630859375e+01
1.501242065429687500e+01
1.506694889068603516e+01
1.420180892944335938e+01
1.504225444793701172e+01
1.530058956146240234e+01
1.497402477264404297e+01
1.504273033142089844e+01
1.620438003540039062e+01
1.728218078613281250e+01
1.803388595581054688e+01
1.777451705932617188e+01
1.844815254211425781e+01
1.822396087646484375e+01
1.595394802093505859e+01
1.550898075103759766e+01
1.401754283905029297e+01
1.413859272003173828e+01
1.410193443298339844e+01
1.266368675231933594e+01
1.256147575378417969e+01
1.287787818908691406e+01
1.320432567596435547e+01
1.364154720306396484e+01
1.379805850982666016e+01
1.341124343872070312e+01
1.368336677551269531e+01
1.490070247650146484e+01
1.561607265472412109e+01
1.612026023864746094e+01
1.680669593811035156e+01
1.782274436950683594e+01
1.826458549499511719e+01
1.966746520996093750e+01
1.992673873901367188e+01
1.972300910949707031e+01
1.868855094909667969e+01
1.799119567871093750e+01
1.706517219543457031e+01
1.591322994232177734e+01
1.550788593292236328e+01
1.566592693328857422e+01
1.432454395294189453e+01
1.411874485015869141e+01
1.464060401916503906e+01
1.425592231750488281e+01
1.470318889617919922e+01
1.423081207275390625e+01
1.335479259490966797e+01
1.331939601898193359e+01
1.272249698638916016e+01
1.176748180389404297e+01
1.168057918548583984e+01
1.248089885711669922e+01
1.342966556549072266e+01
1.424241733551025391e+01
1.547212409973144531e+01
1.657915306091308594e+01
1.733380317687988281e+01
1.691027641296386719e+01
1.677624130249023438e+01
1.666574668884277344e+01
1.549280929565429688e+01
1.512837886810302734e+01
1.439629077911376953e+01
1.275080966949462891e+01
1.322542476654052734e+01
1.425779533386230469e+01
1.320508098602294922e+01
1.422469329833984375e+01
1.464761924743652344e+01
1.437542819976806641e+01
1.446549034118652344e+01
1.356021595001220703e+01
1.312178421020507812e+01
1.316956710815429688e+01
1.354775714874267578e+01
1.493912601470947266e+01
1.528911018371582031e+01
1.545785808563232422e+01
1.660326004028320312e+01
1.760965919494628906e+01
1.853483772277832031e+01
1.835839271545410156e+01
1.811820602416992188e+01
1.714034080505371094e+01
1.608043289184570312e+01
1.508544921875000000e+01
1.321992588043212891e+01
1.280670738220214844e+01
1.209881496429443359e+01
1.263398265838623047e+01
1.234239006042480469e+01
1.269756221771240234e+01
1.266893863677978516e+01
1.288553333282470703e+01
1.365849208831787109e+01
1.421875572204589844e+01
1.411900234222412109e+01
1.433786487579345703e+01
1.539552402496337891e+01
1.553378295898437500e+01
1.648678207397460938e+01
1.662955474853515625e+01
1.709834861755371094e+01
1.742855834960937500e+01
1.748777770996093750e+01
1.816030120849609375e+01
1.810934257507324219e+01
1.777103614807128906e+01
1.673712158203125000e+01
1.597266387939453125e+01
1.343758201599121094e+01
1.235700607299804688e+01
1.214157581329345703e+01
1.095903110504150391e+01
1.137266445159912109e+01
1.142749977111816406e+01
1.158321380615234375e+01
1.097268772125244141e+01
1.244947338104248047e+01
1.296185493469238281e+01
1.306886291503906250e+01
1.443863868713378906e+01
1.405564785003662109e+01
1.487629127502441406e+01
1.587533187866210938e+01
1.581780052185058594e+01
1.686598014831542969e+01
1.786320114135742188e+01
1.811235809326171875e+01
1.735324096679687500e+01
1.798740386962890625e+01
1.654973030090332031e+01
1.608200454711914062e+01
1.322733402252197266e+01
1.157550621032714844e+01
1.025443649291992188e+01
9.245970726013183594e+00
1.012174701690673828e+01
1.178137493133544922e+01
1.146319198608398438e+01
1.177195072174072266e+01
1.193479633331298828e+01
1.215562438964843750e+01
1.375847530364990234e+01
1.447299957275390625e+01
1.532971572875976562e+01
1.553548240661621094e+01
1.569226551055908203e+01
1.674359703063964844e+01
1.701030349731445312e+01
1.788660240173339844e+01
1.888934326171875000e+01
1.939815902709960938e+01
1.926224899291992188e+01
2.005407905578613281e+01
1.943847846984863281e+01
1.951642990112304688e+01
1.916058921813964844e+01
1.856836891174316406e+01
1.794765663146972656e+01
1.835172653198242188e+01
1.853648567199707031e+01
1.732311630249023438e+01
1.819935989379882812e+01
1.846159934997558594e+01
1.829442405700683594e+01
1.848290634155273438e+01
1.842323493957519531e+01
1.884545898437500000e+01
1.864046096801757812e+01
1.878349304199218750e+01
1.881547355651855469e+01
1.920726013183593750e+01
1.957497215270996094e+01
2.027983665466308594e+01
2.128822708129882812e+01
2.116690826416015625e+01
1.984882926940917969e+01
1.970987129211425781e+01
1.918193626403808594e+01
1.916694068908691406e+01
1.844966888427734375e+01
1.893624305725097656e+01
1.904061317443847656e+01
1.906375885009765625e+01
1.860097312927246094e+01
1.879150962829589844e+01
1.942098617553710938e+01
1.996264076232910156e+01
2.008917236328125000e+01
1.975046348571777344e+01
1.947067832946777344e+01
1.950616073608398438e+01
1.882643318176269531e+01
1.897177886962890625e+01
1.930745697021484375e+01
1.953967666625976562e+01
2.031398010253906250e+01
2.058353424072265625e+01
2.101611900329589844e+01
2.097855377197265625e+01
2.156684875488281250e+01
2.111606216430664062e+01
2.099024772644042969e+01
2.061931800842285156e+01
2.010103988647460938e+01
1.974851417541503906e+01
1.983610153198242188e+01
1.975424957275390625e+01
1.942250251770019531e+01
1.898342895507812500e+01
1.895992279052734375e+01
1.914416694641113281e+01
1.871662902832031250e+01
1.898897743225097656e+01
1.907906913757324219e+01
1.952383232116699219e+01
2.002750587463378906e+01
2.025173568725585938e+01
2.019626235961914062e+01
1.936178398132324219e+01
1.907844352722167969e+01
1.900120925903320312e+01
1.851976776123046875e+01
1.819043350219726562e+01
1.822533226013183594e+01
1.837168312072753906e+01
1.823290824890136719e+01
1.778938293457031250e+01
1.725379180908203125e+01
1.691589164733886719e+01
1.676265335083007812e+01
1.594958686828613281e+01
1.557501411437988281e+01
1.591246509552001953e+01
1.518652153015136719e+01
1.516107368469238281e+01
1.491388607025146484e+01
1.493640422821044922e+01
1.475196743011474609e+01
1.439778614044189453e+01
1.448837375640869141e+01
1.447750759124755859e+01
1.572729969024658203e+01
1.556882476806640625e+01
1.521274375915527344e+01
1.539304542541503906e+01
1.635391044616699219e+01
1.632660484313964844e+01
1.624066925048828125e+01
1.655560111999511719e+01
1.610454750061035156e+01
1.596209526062011719e+01
1.601171684265136719e+01
1.492420673370361328e+01
1.334145259857177734e+01
1.328725910186767578e+01
1.217185306549072266e+01
1.427727508544921875e+01
1.385659027099609375e+01
1.361304759979248047e+01
1.355437755584716797e+01
1.355965995788574219e+01
1.260007095336914062e+01
1.193346977233886719e+01
1.317289257049560547e+01
1.311847686767578125e+01
1.314519309997558594e+01
1.326962661743164062e+01
1.379191017150878906e+01
1.424971103668212891e+01
1.413976764678955078e+01
1.404819107055664062e+01
1.380183506011962891e+01
1.358299541473388672e+01
1.266342353820800781e+01
1.106459617614746094e+01
8.828793525695800781e+00
6.480933666229248047e+00
5.173374176025390625e+00
5.511913299560546875e+00
5.971040248870849609e+00
5.723471641540527344e+00
6.540448188781738281e+00
6.744931697845458984e+00
6.980106353759765625e+00
8.557106971740722656e+00
9.623112678527832031e+00
1.045702362060546875e+01
9.490155220031738281e+00
1.107004165649414062e+01
1.126703929901123047e+01
1.100208950042724609e+01
1.129597663879394531e+01
1.212045955657958984e+01
1.184014511108398438e+01
1.214047431945800781e+01
1.180590820312500000e+01
1.077866268157958984e+01
1.068003654479980469e+01
9.518853187561035156e+00
9.701062202453613281e+00
9.639659881591796875e+00
8.706095695495605469e+00
7.471992015838623047e+00
7.810801029205322266e+00
1.008292961120605469e+01
9.973044395446777344e+00
9.835100173950195312e+00
1.102707862854003906e+01
1.093338966369628906e+01
1.205611324310302734e+01
1.181164360046386719e+01
1.226337718963623047e+01
1.271632385253906250e+01
1.250742912292480469e+01
1.357509040832519531e+01
1.328395366668701172e+01
1.377187442779541016e+01
1.525416851043701172e+01
1.511312675476074219e+01
1.426766014099121094e+01
1.476644420623779297e+01
1.446220111846923828e+01
1.446134281158447266e+01
1.385119819641113281e+01
1.271393108367919922e+01
1.204086875915527344e+01
1.047651672363281250e+01
1.081626605987548828e+01
1.121191692352294922e+01
1.143535995483398438e+01
1.159111595153808594e+01
1.360795116424560547e+01
1.426204109191894531e+01
1.429032802581787109e+01
1.423550605773925781e+01
1.437255191802978516e+01
1.497031497955322266e+01
1.562461662292480469e+01
1.631731605529785156e+01
1.832728576660156250e+01
1.969605445861816406e+01
2.040625762939453125e+01
2.094055557250976562e+01
2.133772087097167969e+01
2.124628067016601562e+01
2.076866149902343750e+01
2.032498359680175781e+01
1.951354026794433594e+01
1.932457923889160156e+01
1.941635894775390625e+01
1.928525161743164062e+01
1.900353813171386719e+01
1.909793090820312500e+01
1.790750503540039062e+01
1.694075393676757812e+01
1.789380073547363281e+01
1.694201469421386719e+01
1.676221275329589844e+01
1.682949447631835938e+01
1.747512054443359375e+01
1.750610923767089844e+01
1.637170410156250000e+01
1.703854560852050781e+01
1.720501518249511719e+01
1.725044441223144531e+01
1.719398880004882812e+01
1.657607650756835938e+01
1.653999900817871094e+01
1.601978492736816406e+01
1.578646278381347656e+01
1.600626945495605469e+01
1.594550037384033203e+01
1.589037799835205078e+01
1.590937995910644531e+01
1.605123519897460938e+01
1.621137428283691406e+01
1.726404190063476562e+01
1.723777580261230469e+01
1.739312553405761719e+01
1.720689582824707031e+01
1.726470375061035156e+01
1.762391853332519531e+01
1.797208786010742188e+01
1.837415504455566406e+01
1.879578781127929688e+01
1.957957077026367188e+01
1.960544395446777344e+01
1.992535400390625000e+01
1.991692924499511719e+01
2.012025833129882812e+01
2.012955665588378906e+01
1.987348937988281250e+01
1.953720474243164062e+01
1.885817909240722656e+01
1.844997406005859375e+01
1.846523284912109375e+01
1.850076484680175781e+01
1.792921829223632812e+01
1.795189666748046875e+01
1.759741783142089844e+01
1.739777946472167969e+01
1.719999122619628906e+01
1.718640899658203125e+01
1.703099250793457031e+01
1.697835922241210938e+01
1.727024459838867188e+01
1.807903861999511719e+01
1.797850799560546875e+01
1.834309768676757812e+01
1.880792999267578125e+01
1.996149635314941406e+01
2.077082443237304688e+01
2.145710945129394531e+01
2.237408828735351562e+01
2.263158035278320312e+01
2.108894729614257812e+01
1.916368865966796875e+01
1.738594627380371094e+01
1.716481399536132812e+01
1.505064201354980469e+01
1.505769729614257812e+01
1.490982341766357422e+01
1.500902843475341797e+01
1.544038295745849609e+01
1.545886611938476562e+01
1.591399002075195312e+01
1.644781112670898438e+01
1.656393814086914062e+01
1.784429550170898438e+01
1.787069702148437500e+01
1.849034309387207031e+01
1.911836242675781250e+01
1.959492683410644531e+01
2.048776626586914062e+01
2.116478919982910156e+01
2.180192756652832031e+01
2.179308128356933594e+01
2.057802963256835938e+01
1.970169639587402344e+01
1.842261505126953125e+01
1.782050323486328125e+01
1.614249038696289062e+01
1.576293087005615234e+01
1.520858287811279297e+01
1.484149360656738281e+01
1.456606674194335938e+01
1.571526813507080078e+01
1.590950965881347656e+01
1.591377162933349609e+01
1.642226791381835938e+01
1.697233963012695312e+01
1.759001541137695312e+01
1.852540206909179688e+01
1.918475723266601562e+01
1.906780624389648438e+01
1.936992454528808594e+01
1.916051101684570312e+01
2.050246047973632812e+01
2.162309646606445312e+01
2.150000953674316406e+01
2.125023651123046875e+01
2.063460159301757812e+01
1.934445953369140625e+01
1.797023582458496094e+01
1.608545875549316406e+01
1.566150188446044922e+01
1.479484844207763672e+01
1.422976589202880859e+01
1.427492427825927734e+01
1.468538856506347656e+01
1.496973133087158203e+01
1.513855743408203125e+01
1.571822071075439453e+01
1.584241008758544922e+01
1.707015419006347656e+01
1.766722679138183594e+01
1.823728752136230469e+01
1.818754196166992188e+01
1.893638038635253906e+01
1.949306488037109375e+01
1.922301483154296875e+01
2.020843696594238281e+01
2.106553268432617188e+01
2.195539665222167969e+01
2.143295860290527344e+01
2.087083053588867188e+01
2.060510635375976562e+01
1.953489303588867188e+01
1.804817581176757812e+01
1.737372589111328125e+01
1.680258369445800781e+01
1.589847278594970703e+01
1.513280868530273438e+01
1.539785194396972656e+01
1.545903778076171875e+01
1.589037990570068359e+01
1.647427368164062500e+01
1.691301727294921875e+01
1.681657218933105469e+01
1.706204414367675781e+01
1.731402969360351562e+01
1.745898056030273438e+01
1.741431808471679688e+01
1.797090148925781250e+01
1.822735404968261719e+01
1.882441711425781250e+01
1.965878295898437500e+01
1.995967674255371094e+01
2.016111946105957031e+01
1.998706436157226562e+01
1.964709091186523438e+01
1.877049827575683594e+01
1.776992225646972656e+01
1.657702064514160156e+01
1.625738525390625000e+01
1.560772037506103516e+01
1.534887409210205078e+01
1.546458530426025391e+01
1.506016826629638672e+01
1.547830486297607422e+01
1.563742256164550781e+01
1.572387886047363281e+01
1.585140800476074219e+01
1.620238304138183594e+01
1.617014694213867188e+01
1.613612937927246094e+01
1.633104705810546875e+01
1.696655082702636719e+01
1.780628776550292969e+01
1.838179588317871094e+01
1.852375030517578125e+01
1.919087982177734375e+01
1.906516838073730469e+01
1.829647827148437500e+01
1.746464538574218750e+01
1.650059509277343750e+01
1.605519104003906250e+01
1.527666473388671875e+01
1.496995830535888672e+01
1.441330242156982422e+01
1.462344264984130859e+01
1.459396362304687500e+01
1.476635837554931641e+01
1.480438709259033203e+01
1.519992351531982422e+01
1.588282489776611328e+01
1.631209945678710938e+01
1.634342384338378906e+01
1.636246109008789062e+01
1.630456161499023438e+01
1.692884063720703125e+01
1.696961975097656250e+01
1.787523651123046875e+01
1.807102394104003906e+01
1.850353050231933594e+01
1.837614440917968750e+01
1.824409866333007812e+01
1.794524383544921875e+01
1.780399131774902344e+01
1.623428344726562500e+01
1.494445037841796875e+01
1.381767082214355469e+01
1.339376831054687500e+01
1.286967086791992188e+01
1.314758872985839844e+01
1.307696437835693359e+01
1.314606666564941406e+01
1.325013446807861328e+01
1.436671829223632812e+01
1.447728824615478516e+01
1.499055767059326172e+01
1.557526588439941406e+01
1.566643810272216797e+01
1.612132453918457031e+01
1.668020248413085938e+01
1.711159515380859375e+01
1.823309707641601562e+01
1.898601341247558594e+01
1.879692649841308594e+01
1.864760589599609375e+01
1.776402854919433594e+01
1.784749031066894531e+01
1.848656272888183594e+01
1.792003631591796875e+01
1.675433540344238281e+01
1.532804298400878906e+01
1.465039157867431641e+01
1.482631111145019531e+01
1.506427764892578125e+01
1.483876228332519531e+01
1.542093372344970703e+01
1.590989208221435547e+01
1.590756988525390625e+01
1.781175231933593750e+01
1.923535537719726562e+01
1.971130943298339844e+01
1.815232849121093750e+01
1.841228675842285156e+01
1.845425224304199219e+01
1.849865531921386719e+01
1.914602470397949219e+01
1.912416648864746094e+01
1.979564666748046875e+01
1.872946739196777344e+01
1.856631851196289062e+01
1.794126319885253906e+01
1.738221549987792969e+01
1.710289001464843750e+01
1.656375694274902344e+01
1.600541496276855469e+01
1.563368129730224609e+01
1.567165279388427734e+01
1.601333236694335938e+01
1.619473075866699219e+01
1.651484298706054688e+01
1.736839294433593750e+01
1.740597534179687500e+01
1.735614013671875000e+01
1.744856262207031250e+01
1.768878364562988281e+01
1.808850288391113281e+01
1.807367706298828125e+01
1.863394927978515625e+01
1.900277900695800781e+01
1.974033546447753906e+01
2.053331565856933594e+01
2.088161087036132812e+01
2.124853324890136719e+01
2.068571472167968750e+01
1.983139419555664062e+01
1.961685180664062500e+01
1.962160873413085938e+01
1.828756713867187500e+01
1.816937637329101562e+01
1.653017044067382812e+01
1.633732414245605469e+01
1.593951797485351562e+01
1.621458053588867188e+01
1.567187309265136719e+01
1.562878799438476562e+01
1.639552497863769531e+01
1.661460685729980469e+01
1.597105216979980469e+01
1.694449424743652344e+01
1.745448112487792969e+01
1.657872390747070312e+01
1.736934661865234375e+01
1.763486671447753906e+01
1.792807388305664062e+01
1.873582267761230469e+01
1.940592575073242188e+01
1.935570144653320312e+01
1.899595832824707031e+01
1.826633834838867188e+01
1.797462272644042969e+01
1.645347976684570312e+01
1.582704448699951172e+01
1.417099761962890625e+01
1.374595069885253906e+01
1.334898090362548828e+01
1.363225173950195312e+01
1.359628391265869141e+01
1.372701168060302734e+01
1.412087249755859375e+01
1.433744812011718750e+01
1.488121318817138672e+01
1.508414840698242188e+01
1.565981101989746094e+01
1.589167404174804688e+01
1.674661064147949219e+01
1.723162651062011719e+01
1.832384681701660156e+01
1.876016998291015625e+01
1.894730567932128906e+01
1.934500312805175781e+01
2.003824806213378906e+01
1.984669685363769531e+01
1.913007926940917969e+01
1.848875236511230469e+01
1.769525718688964844e+01
1.672449493408203125e+01
1.673278617858886719e+01
1.668060111999511719e+01
1.701869583129882812e+01
1.675509262084960938e+01
1.689352035522460938e+01
1.724364852905273438e+01
1.858925056457519531e+01
1.865147209167480469e+01
1.938168144226074219e+01
1.992775344848632812e+01
2.002500915527343750e+01
1.870527839660644531e+01
1.850687217712402344e+01
1.816333961486816406e+01
1.834346771240234375e+01
1.853549575805664062e+01
1.867517471313476562e+01
1.927772331237792969e+01
1.912192916870117188e+01
1.909597206115722656e+01
1.821760749816894531e+01
1.747032928466796875e+01
1.750006294250488281e+01
1.656554222106933594e+01
1.661186599731445312e+01
1.676340675354003906e+01
1.722431373596191406e+01
1.674934768676757812e+01
1.784799385070800781e+01
1.819172286987304688e+01
1.827715301513671875e+01
1.859555625915527344e+01
1.911848068237304688e+01
1.904871368408203125e+01
1.894590187072753906e+01
1.966795921325683594e+01
2.031819343566894531e+01
1.975302886962890625e+01
1.969783020019531250e+01
1.923836708068847656e+01
1.897045516967773438e+01
1.916333389282226562e+01
1.872312736511230469e+01
1.877354431152343750e+01
1.872367477416992188e+01
1.736723709106445312e+01
1.646655464172363281e+01
1.546616935729980469e+01
1.575055789947509766e+01
1.518653774261474609e+01
1.539590740203857422e+01
1.509001731872558594e+01
1.538832378387451172e+01
1.574442672729492188e+01
1.593369483947753906e+01
1.645458030700683594e+01
1.701483917236328125e+01
1.784242248535156250e+01
1.829267311096191406e+01
1.862601280212402344e+01
1.962153816223144531e+01
2.037511444091796875e+01
2.138130950927734375e+01
2.211160469055175781e+01
2.241547775268554688e+01
2.158225822448730469e+01
2.071171188354492188e+01
2.059160995483398438e+01
1.951708793640136719e+01
1.789345169067382812e+01
1.744865036010742188e+01
1.613761138916015625e+01
1.590136528015136719e+01
1.512536621093750000e+01
1.493964576721191406e+01
1.516035461425781250e+01
1.434423732757568359e+01
1.449141979217529297e+01
1.489262390136718750e+01
1.576935958862304688e+01
1.655825614929199219e+01
1.679064178466796875e+01
1.744207000732421875e+01
1.765010070800781250e+01
1.902008819580078125e+01
1.994107246398925781e+01
2.059298896789550781e+01
2.057951927185058594e+01
2.127663421630859375e+01
2.064115142822265625e+01
2.046518135070800781e+01
1.958690261840820312e+01
1.845910644531250000e+01
1.762266921997070312e+01
1.630434417724609375e+01
1.644605827331542969e+01
1.550393486022949219e+01
1.589553260803222656e+01
1.597678375244140625e+01
1.652210235595703125e+01
1.708749008178710938e+01
1.772183227539062500e+01
1.850458335876464844e+01
1.896400451660156250e+01
1.887720489501953125e+01
1.794410514831542969e+01
1.809361839294433594e+01
1.805664062500000000e+01
1.820935821533203125e+01
1.842598342895507812e+01
1.831007957458496094e+01
1.868859672546386719e+01
1.950395393371582031e+01
1.933705520629882812e+01
1.929179573059082031e+01
1.907524871826171875e+01
1.831500053405761719e+01
1.761770248413085938e+01
1.737621116638183594e+01
1.708127212524414062e+01
1.600172424316406250e+01
1.504014968872070312e+01
1.592338657379150391e+01
1.553939151763916016e+01
1.558159351348876953e+01
1.484061241149902344e+01
1.499809074401855469e+01
1.468089771270751953e+01
1.430132389068603516e+01
1.546252632141113281e+01
1.536385154724121094e+01
1.528255081176757812e+01
1.690918159484863281e+01
1.759431266784667969e+01
1.830620765686035156e+01
1.796704101562500000e+01
1.864258003234863281e+01
1.812735557556152344e+01
1.770065689086914062e+01
1.749043464660644531e+01
1.613280868530273438e+01
1.513001823425292969e+01
1.411024379730224609e+01
1.184920978546142578e+01
1.185720539093017578e+01
1.157897186279296875e+01
1.209597206115722656e+01
1.275658798217773438e+01
1.330843067169189453e+01
1.359744930267333984e+01
1.439153575897216797e+01
1.509709835052490234e+01
1.631442260742187500e+01
1.637635993957519531e+01
1.737385749816894531e+01
1.737913703918457031e+01
1.757554817199707031e+01
1.801792526245117188e+01
1.797658348083496094e+01
1.779135131835937500e+01
1.983107948303222656e+01
1.996995353698730469e+01
1.966502761840820312e+01
1.871949386596679688e+01
1.793542480468750000e+01
1.632406234741210938e+01
1.552113533020019531e+01
1.504454898834228516e+01
1.479287433624267578e+01
1.441165256500244141e+01
1.451498031616210938e+01
1.468212890625000000e+01
1.486505126953125000e+01
1.494491958618164062e+01
1.541439723968505859e+01
1.648908615112304688e+01
1.662210845947265625e+01
1.695875358581542969e+01
1.711393165588378906e+01
1.760640525817871094e+01
1.659711647033691406e+01
1.740315628051757812e+01
1.885646820068359375e+01
1.885565185546875000e+01
1.787904357910156250e+01
1.826906204223632812e+01
1.987442207336425781e+01
1.935659027099609375e+01
1.948026275634765625e+01
1.918887519836425781e+01
1.749195098876953125e+01
1.645668220520019531e+01
1.567514133453369141e+01
1.594014453887939453e+01
1.588599205017089844e+01
1.589787292480468750e+01
1.623168945312500000e+01
1.699450492858886719e+01
1.733884620666503906e+01
1.800262832641601562e+01
1.852376365661621094e+01
1.891652297973632812e+01
1.992944145202636719e+01
2.033392715454101562e+01
2.029590415954589844e+01
2.028375625610351562e+01
2.011173629760742188e+01
2.009884452819824219e+01
1.984842491149902344e+01
2.052288627624511719e+01
2.084297561645507812e+01
2.089177513122558594e+01
2.104961204528808594e+01
2.096610260009765625e+01
2.037541580200195312e+01
1.994693565368652344e+01
1.860406112670898438e+01
1.865368652343750000e+01
1.864341735839843750e+01
1.815546417236328125e+01
1.844275093078613281e+01
1.830271148681640625e+01
1.836980628967285156e+01
1.866171073913574219e+01
1.938722419738769531e+01
1.995662689208984375e+01
1.965115737915039062e+01
1.923883819580078125e+01
1.833135795593261719e+01
1.769762229919433594e+01
1.713901901245117188e+01
1.595116043090820312e+01
1.643005752563476562e+01
1.576618003845214844e+01
1.607251548767089844e+01
1.613794136047363281e+01
1.621265220642089844e+01
1.646114730834960938e+01
1.728910255432128906e+01
1.751926040649414062e+01
1.807496452331542969e+01
1.846668243408203125e+01
1.909930038452148438e+01
1.971440505981445312e+01
2.011218452453613281e+01
2.008528327941894531e+01
1.956528472900390625e+01
1.976392745971679688e+01
1.940997123718261719e+01
1.827291107177734375e+01
1.943190765380859375e+01
1.786165046691894531e+01
1.810566139221191406e+01
1.772865676879882812e+01
1.783946800231933594e+01
1.818873405456542969e+01
1.818977355957031250e+01
1.810049438476562500e+01
1.834251785278320312e+01
1.871216964721679688e+01
1.934943008422851562e+01
1.879718017578125000e+01
1.889277076721191406e+01
1.900907135009765625e+01
1.927889633178710938e+01
1.952979469299316406e+01
1.958393478393554688e+01
2.021451377868652344e+01
2.024584960937500000e+01
1.954818344116210938e+01
1.927083015441894531e+01
1.943453788757324219e+01
1.970744514465332031e+01
1.957178878784179688e+01
1.940012931823730469e+01
1.959396743774414062e+01
1.813393211364746094e+01
1.687595939636230469e+01
1.701949882507324219e+01
1.749846458435058594e+01
1.757167243957519531e+01
1.732824516296386719e+01
1.708150482177734375e+01
1.699112129211425781e+01
1.720083427429199219e+01
1.765362548828125000e+01
1.875525856018066406e+01
2.018635368347167969e+01
2.040726470947265625e+01
2.134773635864257812e+01
2.105566024780273438e+01
2.196699142456054688e+01
2.294034194946289062e+01
2.275345230102539062e+01
2.209519958496093750e+01
2.145524024963378906e+01
1.963240051269531250e+01
1.946424484252929688e+01
1.735970306396484375e+01
1.616511917114257812e+01
1.438047409057617188e+01
1.483441257476806641e+01
1.498381900787353516e+01
1.508105659484863281e+01
1.520444774627685547e+01
1.553930854797363281e+01
1.580055809020996094e+01
1.600281906127929688e+01
1.672607231140136719e+01
1.735379219055175781e+01
1.844898796081542969e+01
1.931604766845703125e+01
2.011493873596191406e+01
2.072969245910644531e+01
2.196827507019042969e+01
2.342280578613281250e+01
2.264281845092773438e+01
2.208060455322265625e+01
2.197438240051269531e+01
2.136313438415527344e+01
1.967048072814941406e+01
1.763321685791015625e+01
1.625096321105957031e+01
1.488492298126220703e+01
1.449617004394531250e+01
1.468180370330810547e+01
1.403551769256591797e+01
1.455771636962890625e+01
1.490986919403076172e+01
1.505768775939941406e+01
1.549153327941894531e+01
1.626775169372558594e+01
1.662970733642578125e+01
1.733434677124023438e+01
1.742454338073730469e+01
1.825255203247070312e+01
1.938452339172363281e+01
2.079113769531250000e+01
2.125251770019531250e+01
2.191697883605957031e+01
2.161143684387207031e+01
2.047949790954589844e+01
2.006003952026367188e+01
1.885377502441406250e+01
1.676562309265136719e+01
1.751707267761230469e+01
1.617489051818847656e+01
1.510768127441406250e+01
1.442685222625732422e+01
1.453736019134521484e+01
1.409161567687988281e+01
1.438995265960693359e+01
1.476629734039306641e+01
1.480743312835693359e+01
1.494896793365478516e+01
1.582974624633789062e+01
1.615041732788085938e+01
1.636624908447265625e+01
1.676466941833496094e+01
1.712809371948242188e+01
1.742968940734863281e+01
1.860173606872558594e+01
1.910655975341796875e+01
1.887331199645996094e+01
1.951439476013183594e+01
1.878545188903808594e+01
1.829214859008789062e+01
1.802647209167480469e+01
1.797962951660156250e+01
1.752438545227050781e+01
1.679023933410644531e+01
1.592148971557617188e+01
1.571516227722167969e+01
1.497984313964843750e+01
1.559714603424072266e+01
1.553911781311035156e+01
1.565431308746337891e+01
1.579795360565185547e+01
1.612512779235839844e+01
1.639136123657226562e+01
1.670616149902343750e+01
1.720323562622070312e+01
1.750570487976074219e+01
1.801195335388183594e+01
1.850445556640625000e+01
1.914806938171386719e+01
1.999390220642089844e+01
2.029582023620605469e+01
2.214049148559570312e+01
2.197402191162109375e+01
2.181147384643554688e+01
2.122908401489257812e+01
2.063471412658691406e+01
1.916069221496582031e+01
1.829175758361816406e+01
1.703509140014648438e+01
1.770638656616210938e+01
1.684810829162597656e+01
1.711634254455566406e+01
1.730425834655761719e+01
1.745570564270019531e+01
1.780641365051269531e+01
1.893568801879882812e+01
1.888617324829101562e+01
1.908094787597656250e+01
1.895262908935546875e+01
1.994992637634277344e+01
2.034791374206542969e+01
2.057379913330078125e+01
2.119767761230468750e+01
2.202763175964355469e+01
2.246000480651855469e+01
2.238979148864746094e+01
2.210097122192382812e+01
2.147703170776367188e+01
2.086610031127929688e+01
2.046410751342773438e+01
1.920218276977539062e+01
1.816080474853515625e+01
1.787343978881835938e+01
1.802877426147460938e+01
1.725515174865722656e+01
1.703901290893554688e+01
1.770781707763671875e+01
1.765531539916992188e+01
1.736492919921875000e+01
1.777964973449707031e+01
1.873678016662597656e+01
1.916934776306152344e+01
1.926200485229492188e+01
2.010806655883789062e+01
2.038367080688476562e+01
2.092354011535644531e+01
2.194367599487304688e+01
2.287917518615722656e+01
2.239911270141601562e+01
2.207724189758300781e+01
2.186273574829101562e+01
2.180317687988281250e+01
2.198106575012207031e+01
2.067028045654296875e+01
1.970014190673828125e+01
1.829739761352539062e+01
1.721801757812500000e+01
1.566511535644531250e+01
1.602557563781738281e+01
1.599925422668457031e+01
1.673909187316894531e+01
1.690246200561523438e+01
1.726874923706054688e+01
1.720928001403808594e+01
1.795626640319824219e+01
1.862689781188964844e+01
1.930053138732910156e+01
2.012324142456054688e+01
2.110508537292480469e+01
2.129945945739746094e+01
2.286851310729980469e+01
2.394598960876464844e+01
2.396246528625488281e+01
2.348973083496093750e+01
2.269593048095703125e+01
2.199453926086425781e+01
2.143185997009277344e+01
2.071618652343750000e+01
1.998290634155273438e+01
1.834441566467285156e+01
1.812284660339355469e+01
1.714453697204589844e+01
1.654564285278320312e+01
1.631428337097167969e+01
1.617690467834472656e+01
1.735689735412597656e+01
1.806452751159667969e+01
1.864528465270996094e+01
1.931270408630371094e+01
2.013702774047851562e+01
2.066053581237792969e+01
2.110974311828613281e+01
2.133426284790039062e+01
2.242816543579101562e+01
2.240082550048828125e+01
2.225321578979492188e+01
2.201056671142578125e+01
2.168478202819824219e+01
2.133992576599121094e+01
2.088586616516113281e+01
2.019921493530273438e+01
2.004468536376953125e+01
1.923827171325683594e+01
1.872790527343750000e+01
1.740482330322265625e+01
1.577935218811035156e+01
1.582788944244384766e+01
1.588528633117675781e+01
1.605831527709960938e+01
1.595349025726318359e+01
1.619625282287597656e+01
1.627384948730468750e+01
1.658759689331054688e+01
1.696490478515625000e+01
1.855122566223144531e+01
1.875395965576171875e+01
1.932077407836914062e+01
2.056331825256347656e+01
2.168673896789550781e+01
2.313279533386230469e+01
2.432740592956542969e+01
2.424474143981933594e+01
2.324706077575683594e+01
2.237430572509765625e+01
2.190708923339843750e+01
2.118092727661132812e+01
1.931226730346679688e+01
1.790003585815429688e+01
1.623993682861328125e+01
1.600127220153808594e+01
1.522799682617187500e+01
1.543569850921630859e+01
1.592883682250976562e+01
1.643318557739257812e+01
1.639245605468750000e+01
1.653746032714843750e+01
1.709597587585449219e+01
1.771132659912109375e+01
1.808169746398925781e+01
1.893514060974121094e+01
1.984623908996582031e+01
2.098879814147949219e+01
2.156559753417968750e+01
2.349889755249023438e+01
2.397214508056640625e+01
2.355440139770507812e+01
2.310493659973144531e+01
2.231155014038085938e+01
2.118358230590820312e+01
1.964554977416992188e+01
1.926181030273437500e+01
1.708778190612792969e+01
1.585009479522705078e+01
1.565698719024658203e+01
1.524646949768066406e+01
1.565425109863281250e+01
1.585261249542236328e+01
1.590856456756591797e+01
1.606289672851562500e+01
1.646546363830566406e+01
1.717077064514160156e+01
1.756523895263671875e+01
1.844922828674316406e+01
1.860851097106933594e+01
1.948098945617675781e+01
2.018296432495117188e+01
2.090625762939453125e+01
2.222278594970703125e+01
2.331619644165039062e+01
2.368209266662597656e+01
2.365617561340332031e+01
2.251657104492187500e+01
2.180717658996582031e+01
2.115959930419921875e+01
1.788102149963378906e+01
1.702443695068359375e+01
1.599617385864257812e+01
1.545527362823486328e+01
1.467858600616455078e+01
1.493290805816650391e+01
1.515629863739013672e+01
1.516190528869628906e+01
1.519866275787353516e+01
1.569288825988769531e+01
1.665079879760742188e+01
1.752869987487792969e+01
1.795603942871093750e+01
1.910496902465820312e+01
2.041604614257812500e+01
2.121390914916992188e+01
2.185015869140625000e+01
2.278531265258789062e+01
2.336669158935546875e+01
2.315739059448242188e+01
2.219425392150878906e+01
2.096060562133789062e+01
2.008501052856445312e+01
1.888740921020507812e+01
1.882244110107421875e+01
1.523515892028808594e+01
1.350087261199951172e+01
1.465346527099609375e+01
1.441612243652343750e+01
1.471294975280761719e+01
1.532754230499267578e+01
1.496835803985595703e+01
1.511589717864990234e+01
1.588986015319824219e+01
1.670585632324218750e+01
1.713177490234375000e+01
1.752034378051757812e+01
1.784960746765136719e+01
1.861481857299804688e+01
1.928992462158203125e+01
2.038913726806640625e+01
2.172455406188964844e+01
2.215500068664550781e+01
2.170528602600097656e+01
2.003553581237792969e+01
1.895775794982910156e+01
1.822177886962890625e+01
1.784093475341796875e+01
1.625591850280761719e+01
1.568299388885498047e+01
1.470572757720947266e+01
1.393828392028808594e+01
1.382074356079101562e+01
1.404700374603271484e+01
1.446882915496826172e+01
1.450553894042968750e+01
1.531999397277832031e+01
1.597533988952636719e+01
1.645188140869140625e+01
1.666457366943359375e+01
1.743719673156738281e+01
1.755862998962402344e+01
1.799855804443359375e+01
1.872451210021972656e+01
2.009428596496582031e+01
2.086564445495605469e+01
2.104309082031250000e+01
2.159764480590820312e+01
2.035433769226074219e+01
2.036275291442871094e+01
1.938901710510253906e+01
1.866480445861816406e+01
1.763939476013183594e+01
1.711900329589843750e+01
1.648800086975097656e+01
1.626817703247070312e+01
1.628395080566406250e+01
1.650399971008300781e+01
1.663231277465820312e+01
1.694148445129394531e+01
1.724312019348144531e+01
1.728491783142089844e+01
1.735671043395996094e+01
1.814633369445800781e+01
1.830036735534667969e+01
1.853012275695800781e+01
1.918415641784667969e+01
1.969842720031738281e+01
2.020316886901855469e+01
2.085484886169433594e+01
2.086412048339843750e+01
2.079960632324218750e+01
2.021440505981445312e+01
1.977103042602539062e+01
1.883645248413085938e+01
1.809540176391601562e+01
1.706438636779785156e+01
1.720180511474609375e+01
1.691248321533203125e+01
1.654607963562011719e+01
1.634202194213867188e+01
1.669785690307617188e+01
1.706240272521972656e+01
1.684879684448242188e+01
1.682981872558593750e+01
1.688303756713867188e+01
1.684445381164550781e+01
1.705661964416503906e+01
1.695265388488769531e+01
1.701462936401367188e+01
1.699109649658203125e+01
1.731746482849121094e+01
1.778483581542968750e+01
1.864653778076171875e+01
1.901657485961914062e+01
1.842573165893554688e+01
1.920624923706054688e+01
1.950109481811523438e+01
1.782963562011718750e+01
1.800070190429687500e+01
1.846542930603027344e+01
1.774711799621582031e+01
1.650181961059570312e+01
1.518185997009277344e+01
1.460472679138183594e+01
1.474049663543701172e+01
1.477951431274414062e+01
1.547085380554199219e+01
1.590149021148681641e+01
1.600240707397460938e+01
1.671698188781738281e+01
1.818320274353027344e+01
1.911487388610839844e+01
1.927025032043457031e+01
1.953590202331542969e+01
2.010315513610839844e+01
2.023130798339843750e+01
2.076729965209960938e+01
2.037570190429687500e+01
2.058466911315917969e+01
2.004260063171386719e+01
1.912882804870605469e+01
1.818762969970703125e+01
1.764768028259277344e+01
1.606372451782226562e+01
1.545541095733642578e+01
1.559167861938476562e+01
1.504502296447753906e+01
1.442506504058837891e+01
1.516923713684082031e+01
1.559095191955566406e+01
1.568477916717529297e+01
1.562767601013183594e+01
1.571283054351806641e+01
1.658813858032226562e+01
1.761478042602539062e+01
1.682723808288574219e+01
1.711992835998535156e+01
1.734026718139648438e+01
1.867899703979492188e+01
2.050711631774902344e+01
2.123616981506347656e+01
2.114180755615234375e+01
2.036196899414062500e+01
2.048963546752929688e+01
1.955785942077636719e+01
1.919174194335937500e+01
1.758367729187011719e+01
1.683785629272460938e+01
1.595298290252685547e+01
1.520540714263916016e+01
1.521754741668701172e+01
1.501101970672607422e+01
1.546199035644531250e+01
1.607031822204589844e+01
1.528355121612548828e+01
1.631113052368164062e+01
1.638826560974121094e+01
1.656861305236816406e+01
1.653593444824218750e+01
1.693275070190429688e+01
1.802227973937988281e+01
1.818154525756835938e+01
1.918738746643066406e+01
1.971681976318359375e+01
2.023937225341796875e+01
2.012078666687011719e+01
1.990875816345214844e+01
1.887687110900878906e+01
1.800091743469238281e+01
1.715785408020019531e+01
1.689530944824218750e+01
1.661317253112792969e+01
1.540966320037841797e+01
1.540927696228027344e+01
1.413848972320556641e+01
1.435911178588867188e+01
1.430134201049804688e+01
1.542126369476318359e+01
1.536257839202880859e+01
1.521936511993408203e+01
1.598159122467041016e+01
1.620318984985351562e+01
1.759766769409179688e+01
1.847063064575195312e+01
1.908694458007812500e+01
1.944622421264648438e+01
2.032750129699707031e+01
2.001955223083496094e+01
2.016240882873535156e+01
1.977953720092773438e+01
1.986925888061523438e+01
1.763677406311035156e+01
1.957254791259765625e+01
1.881512260437011719e+01
1.706310272216796875e+01
1.643304061889648438e+01
1.531187534332275391e+01
1.484316730499267578e+01
1.409279727935791016e+01
1.419468688964843750e+01
1.507413959503173828e+01
1.479464149475097656e+01
1.577661037445068359e+01
1.575455474853515625e+01
1.616048622131347656e+01
1.652812385559082031e+01
1.743460083007812500e+01
1.735776519775390625e+01
1.735111045837402344e+01
1.755727195739746094e+01
1.845749282836914062e+01
1.860742759704589844e+01
1.871576309204101562e+01
2.021045494079589844e+01
1.947205352783203125e+01
1.907496833801269531e+01
2.051296806335449219e+01
1.923921775817871094e+01
1.897589111328125000e+01
1.732157897949218750e+01
1.609140968322753906e+01
1.602495956420898438e+01
1.475506401062011719e+01
1.484157371520996094e+01
1.595730876922607422e+01
1.569473838806152344e+01
1.580760574340820312e+01
1.678427696228027344e+01
1.712706756591796875e+01
1.823447227478027344e+01
1.842331695556640625e+01
1.927251815795898438e+01
1.905980873107910156e+01
1.953682708740234375e+01
2.073847007751464844e+01
2.151927757263183594e+01
2.160364723205566406e+01
2.057943916320800781e+01
2.052427482604980469e+01
1.969473648071289062e+01
1.891453933715820312e+01
1.790460777282714844e+01
1.631931304931640625e+01
1.620489883422851562e+01
1.436832714080810547e+01
1.496069049835205078e+01
1.473176002502441406e+01
1.609352684020996094e+01
1.612766265869140625e+01
1.683059501647949219e+01
1.686881637573242188e+01
1.786952781677246094e+01
1.814354705810546875e+01
1.915404891967773438e+01
1.874212646484375000e+01
1.938339996337890625e+01
1.941040229797363281e+01
1.967160987854003906e+01
2.003251838684082031e+01
1.995751380920410156e+01
2.077901840209960938e+01
2.175454902648925781e+01
2.196655654907226562e+01
2.247397994995117188e+01
2.175640487670898438e+01
1.986600112915039062e+01
1.690412712097167969e+01
1.671039772033691406e+01
1.713375663757324219e+01
1.706109046936035156e+01
1.645807838439941406e+01
1.687731170654296875e+01
1.710036087036132812e+01
1.704907608032226562e+01
1.746166229248046875e+01
1.856692886352539062e+01
1.954517173767089844e+01
2.009819030761718750e+01
2.013438224792480469e+01
2.064596366882324219e+01
2.141726875305175781e+01
2.141399192810058594e+01
2.174196815490722656e+01
2.320912551879882812e+01
2.212345886230468750e+01
2.143313026428222656e+01
2.088235092163085938e+01
1.953514480590820312e+01
1.858340644836425781e+01
1.827262306213378906e+01
1.621282768249511719e+01
1.550941276550292969e+01
1.573457527160644531e+01
1.491964530944824219e+01
1.527305984497070312e+01
1.541829395294189453e+01
1.601078987121582031e+01
1.624319839477539062e+01
1.712341880798339844e+01
1.775578308105468750e+01
1.791217422485351562e+01
1.900662040710449219e+01
1.984847450256347656e+01
2.029731369018554688e+01
2.068855476379394531e+01
2.162908554077148438e+01
2.218729019165039062e+01
2.210704421997070312e+01
2.220681190490722656e+01
2.096440315246582031e+01
2.082549476623535156e+01
1.937554550170898438e+01
1.828396415710449219e+01
1.768524360656738281e+01
1.731057167053222656e+01
1.547976112365722656e+01
1.571986007690429688e+01
1.540653991699218750e+01
1.572087955474853516e+01
1.524706649780273438e+01
1.560894012451171875e+01
1.566055583953857422e+01
1.613361358642578125e+01
1.695255661010742188e+01
1.750078201293945312e+01
1.812405014038085938e+01
1.892753219604492188e+01
1.943267059326171875e+01
2.034279441833496094e+01
2.108041000366210938e+01
2.176538658142089844e+01
2.161131477355957031e+01
2.135746192932128906e+01
2.110315322875976562e+01
2.057792282104492188e+01
1.947372627258300781e+01
1.821488189697265625e+01
1.705092620849609375e+01
1.570862865447998047e+01
1.491919994354248047e+01
1.516032505035400391e+01
1.472778224945068359e+01
1.511635112762451172e+01
1.500866127014160156e+01
1.544495391845703125e+01
1.553520107269287109e+01
1.597270488739013672e+01
1.660910415649414062e+01
1.768041229248046875e+01
1.813607025146484375e+01
1.896228790283203125e+01
2.007600212097167969e+01
2.086110305786132812e+01
2.163994598388671875e+01
2.230094718933105469e+01
2.248295783996582031e+01
2.206988716125488281e+01
2.112130355834960938e+01
2.090429687500000000e+01
2.005919647216796875e+01
1.948990440368652344e+01
1.788365173339843750e+01
1.640307807922363281e+01
1.711621093750000000e+01
1.630033111572265625e+01
1.517322826385498047e+01
1.449887084960937500e+01
1.488099002838134766e+01
1.512575149536132812e+01
1.539815139770507812e+01
1.655420303344726562e+01
1.644467926025390625e+01
1.661297988891601562e+01
1.722946548461914062e+01
1.818882942199707031e+01
1.928283309936523438e+01
1.968100357055664062e+01
2.071609115600585938e+01
2.168387031555175781e+01
2.214607620239257812e+01
2.226091003417968750e+01
2.249707412719726562e+01
2.207920837402343750e+01
2.130686950683593750e+01
2.083228302001953125e+01
2.032421112060546875e+01
1.886553192138671875e+01
1.813521575927734375e+01
1.760828399658203125e+01
1.651655197143554688e+01
1.706673240661621094e+01
1.704226303100585938e+01
1.742070198059082031e+01
1.837324142456054688e+01
1.863283729553222656e+01
1.838267517089843750e+01
1.778707885742187500e+01
1.846944618225097656e+01
1.849443054199218750e+01
1.908188056945800781e+01
1.977680015563964844e+01
1.991879463195800781e+01
2.016508293151855469e+01
2.073359489440917969e+01
2.055943298339843750e+01
2.149812698364257812e+01
2.084737014770507812e+01
2.080336570739746094e+01
2.012431907653808594e+01
1.811395835876464844e+01
1.757560729980468750e+01
1.766889953613281250e+01
1.814230155944824219e+01
1.786097717285156250e+01
1.782796669006347656e+01
1.772476005554199219e+01
1.790559387207031250e+01
1.772945785522460938e+01
1.814598846435546875e+01
1.809849548339843750e+01
1.768840599060058594e+01
1.774132537841796875e+01
1.800229644775390625e+01
1.810009574890136719e+01
1.818782424926757812e+01
1.906725311279296875e+01
1.986113739013671875e+01
2.042082977294921875e+01
2.104303550720214844e+01
2.130806350708007812e+01
2.004984855651855469e+01
1.892721176147460938e+01
1.963457489013671875e+01
1.911811065673828125e+01
1.736792755126953125e+01
1.679366111755371094e+01
1.621843528747558594e+01
1.621696281433105469e+01
1.535689640045166016e+01
1.570698165893554688e+01
1.590077304840087891e+01
1.618191719055175781e+01
1.621976661682128906e+01
1.644839096069335938e+01
1.717828750610351562e+01
1.718562126159667969e+01
1.811467552185058594e+01
1.897343254089355469e+01
2.059433364868164062e+01
2.170163917541503906e+01
2.307183647155761719e+01
2.280071449279785156e+01
2.214512252807617188e+01
2.204191589355468750e+01
2.063685035705566406e+01
1.842256736755371094e+01
1.862295341491699219e+01
1.634279823303222656e+01
1.506001281738281250e+01
1.516576862335205078e+01
1.518354606628417969e+01
1.445367813110351562e+01
1.505177974700927734e+01
1.538656234741210938e+01
1.570317459106445312e+01
1.587779808044433594e+01
1.619274520874023438e+01
1.742106819152832031e+01
1.862015342712402344e+01
1.886813163757324219e+01
1.976707267761230469e+01
2.029697608947753906e+01
2.053704643249511719e+01
2.139406776428222656e+01
2.244667816162109375e+01
2.183143234252929688e+01
2.068180847167968750e+01
2.067086601257324219e+01
2.037664413452148438e+01
1.877132797241210938e+01
1.798211097717285156e+01
1.764165687561035156e+01
1.669449234008789062e+01
1.534195995330810547e+01
1.525655269622802734e+01
1.447878360748291016e+01
1.462728786468505859e+01
1.525622940063476562e+01
1.570308685302734375e+01
1.650476074218750000e+01
1.657223701477050781e+01
1.736177253723144531e+01
1.824732971191406250e+01
1.890368843078613281e+01
1.930005073547363281e+01
1.962618255615234375e+01
1.973788452148437500e+01
2.039430046081542969e+01
2.036831283569335938e+01
2.040736770629882812e+01
2.016668891906738281e+01
2.081814765930175781e+01
2.196503829956054688e+01
2.058424568176269531e+01
1.988308143615722656e+01
1.940907669067382812e+01
1.823142814636230469e+01
1.716186141967773438e+01
1.620940017700195312e+01
1.624584007263183594e+01
1.603255462646484375e+01
1.604977607727050781e+01
1.711946868896484375e+01
1.723845100402832031e+01
1.747480583190917969e+01
1.769329071044921875e+01
1.784542465209960938e+01
1.847692298889160156e+01
1.893248367309570312e+01
1.999933052062988281e+01
2.045934867858886719e+01
2.129183387756347656e+01
2.169852256774902344e+01
2.125975990295410156e+01
2.124260520935058594e+01
2.132709121704101562e+01
2.037739562988281250e+01
1.992499732971191406e+01
1.830599403381347656e+01
1.816622352600097656e+01
1.741343116760253906e+01
1.641019630432128906e+01
1.627391815185546875e+01
1.609167861938476562e+01
1.581544399261474609e+01
1.583711338043212891e+01
1.613283920288085938e+01
1.721547317504882812e+01
1.742469596862792969e+01
1.763214874267578125e+01
1.807420539855957031e+01
1.899861717224121094e+01
1.940713119506835938e+01
1.977234458923339844e+01
2.042169189453125000e+01
2.070836067199707031e+01
2.066687202453613281e+01
2.042887496948242188e+01
2.031332206726074219e+01
2.034267616271972656e+01
2.013527107238769531e+01
1.906223869323730469e+01
1.952848625183105469e+01
1.876879119873046875e+01
1.834253883361816406e+01
1.715082359313964844e+01
1.660193443298339844e+01
1.587631416320800781e+01
1.523362445831298828e+01
1.616906738281250000e+01
1.644850540161132812e+01
1.714228820800781250e+01
1.773793411254882812e+01
1.774722671508789062e+01
1.794211196899414062e+01
1.886325645446777344e+01
1.942880249023437500e+01
1.981138038635253906e+01
2.052916145324707031e+01
2.189321136474609375e+01
2.193030738830566406e+01
2.113890647888183594e+01
2.092189598083496094e+01
2.054828834533691406e+01
2.074265098571777344e+01
2.055659294128417969e+01
1.968913841247558594e+01
1.830059242248535156e+01
1.737927627563476562e+01
1.831599426269531250e+01
1.706922149658203125e+01
1.735156059265136719e+01
1.668699264526367188e+01
1.676703643798828125e+01
1.682748222351074219e+01
1.714272308349609375e+01
1.732540702819824219e+01
1.821669960021972656e+01
1.900475120544433594e+01
1.988812828063964844e+01
2.124727249145507812e+01
2.186885833740234375e+01
2.223447799682617188e+01
2.201604080200195312e+01
2.170549201965332031e+01
2.098012733459472656e+01
2.060407066345214844e+01
1.876217079162597656e+01
1.872398185729980469e+01
1.856858062744140625e+01
1.758179283142089844e+01
1.700493240356445312e+01
1.532004356384277344e+01
1.429076480865478516e+01
1.465956115722656250e+01
1.482407665252685547e+01
1.559994411468505859e+01
1.559274864196777344e+01
1.605249595642089844e+01
1.670616912841796875e+01
1.670701789855957031e+01
1.811514854431152344e+01
1.916727256774902344e+01
2.011576271057128906e+01
2.233376884460449219e+01
2.256049919128417969e+01
2.168507003784179688e+01
2.100408744812011719e+01
2.082406044006347656e+01
1.999142837524414062e+01
1.873616409301757812e+01
1.775121116638183594e+01
1.787473869323730469e+01
1.601139450073242188e+01
1.505291843414306641e+01
1.423241329193115234e+01
1.458743476867675781e+01
1.412030887603759766e+01
1.432790565490722656e+01
1.419011211395263672e+01
1.485062980651855469e+01
1.519860744476318359e+01
1.530175971984863281e+01
1.632099914550781250e+01
1.710922241210937500e+01
1.761853218078613281e+01
1.784334754943847656e+01
1.866592216491699219e+01
1.879052162170410156e+01
1.922422409057617188e+01
1.923191261291503906e+01
1.924711990356445312e+01
1.859859085083007812e+01
1.834145164489746094e+01
1.800850105285644531e+01
1.675975227355957031e+01
1.652471160888671875e+01
1.614063644409179688e+01
1.643085479736328125e+01
1.676591873168945312e+01
1.611929893493652344e+01
1.580040550231933594e+01
1.539071655273437500e+01
1.575565147399902344e+01
1.501920032501220703e+01
1.583342647552490234e+01
1.680290985107421875e+01
1.685405731201171875e+01
1.779149246215820312e+01
1.817020225524902344e+01
1.884918022155761719e+01
1.938780021667480469e+01
1.995376014709472656e+01
2.046747398376464844e+01
2.005341911315917969e+01
2.054077720642089844e+01
1.872485351562500000e+01
1.847061920166015625e+01
1.772259140014648438e+01
1.792187690734863281e+01
1.645479393005371094e+01
1.564051246643066406e+01
1.512149620056152344e+01
1.449981498718261719e+01
1.321425819396972656e+01
1.369643688201904297e+01
1.391490840911865234e+01
1.483165168762207031e+01
1.481522750854492188e+01
1.580342006683349609e+01
1.639100456237792969e+01
1.679877662658691406e+01
1.757747077941894531e+01
1.798257255554199219e+01
1.791844177246093750e+01
2.003044891357421875e+01
1.956755256652832031e+01
