1.124342441558837891e+01
1.222377490997314453e+01
1.129633903503417969e+01
1.036423397064208984e+01
9.812772750854492188e+00
9.788696289062500000e+00
9.122089385986328125e+00
8.481149673461914062e+00
8.415637969970703125e+00
9.665343284606933594e+00
1.041523170471191406e+01
1.011515808105468750e+01
9.438316345214843750e+00
9.442592620849609375e+00
1.179838466644287109e+01
1.358339977264404297e+01
1.389538097381591797e+01
1.385916137695312500e+01
1.343740653991699219e+01
1.325601959228515625e+01
1.361027526855468750e+01
1.273974132537841797e+01
1.355017185211181641e+01
1.306049251556396484e+01
1.325138854980468750e+01
1.369239330291748047e+01
1.322855186462402344e+01
1.257852458953857422e+01
1.228371143341064453e+01
1.232073497772216797e+01
1.102045917510986328e+01
1.023681163787841797e+01
9.494385719299316406e+00
9.004611015319824219e+00
7.903560161590576172e+00
7.856918811798095703e+00
7.660928726196289062e+00
7.819220066070556641e+00
8.027141571044921875e+00
8.067987442016601562e+00
8.509976387023925781e+00
9.026084899902343750e+00
9.217506408691406250e+00
1.018026351928710938e+01
1.061566162109375000e+01
1.175880336761474609e+01
1.295270442962646484e+01
1.195760822296142578e+01
1.175381565093994141e+01
1.030000877380371094e+01
1.379481697082519531e+01
1.247250366210937500e+01
1.235695838928222656e+01
1.196546363830566406e+01
1.124702739715576172e+01
1.183240413665771484e+01
1.278172111511230469e+01
1.293070125579833984e+01
1.243957710266113281e+01
1.254063415527343750e+01
1.137191200256347656e+01
1.181766319274902344e+01
1.234522628784179688e+01
1.200743865966796875e+01
1.314020538330078125e+01
1.416214084625244141e+01
1.374560165405273438e+01
1.230253314971923828e+01
1.410682392120361328e+01
1.387193584442138672e+01
1.395983505249023438e+01
1.384611320495605469e+01
1.533366680145263672e+01
1.520532703399658203e+01
1.544348716735839844e+01
1.428184986114501953e+01
1.505216693878173828e+01
1.316987609863281250e+01
1.302478313446044922e+01
1.307979965209960938e+01
1.353465080261230469e+01
1.392269992828369141e+01
1.421953010559082031e+01
1.410384368896484375e+01
1.360954570770263672e+01
1.384215641021728516e+01
1.419339179992675781e+01
1.413068580627441406e+01
1.377961921691894531e+01
1.199540996551513672e+01
1.221007156372070312e+01
1.267346668243408203e+01
1.273150157928466797e+01
1.390256690979003906e+01
1.405245018005371094e+01
1.431717681884765625e+01
1.400248908996582031e+01
1.424890899658203125e+01
1.400198936462402344e+01
1.327458572387695312e+01
1.374780654907226562e+01
1.329554843902587891e+01
1.361864852905273438e+01
1.264633750915527344e+01
1.219919681549072266e+01
1.190263843536376953e+01
1.003749942779541016e+01
9.680379867553710938e+00
8.352779388427734375e+00
8.219423294067382812e+00
7.931474685668945312e+00
7.519899368286132812e+00
7.744100093841552734e+00
6.992057323455810547e+00
7.000458717346191406e+00
6.945558071136474609e+00
7.272284507751464844e+00
7.585311889648437500e+00
7.959264278411865234e+00
8.329503059387207031e+00
9.236492156982421875e+00
9.255106925964355469e+00
9.546500205993652344e+00
9.640744209289550781e+00
9.798544883728027344e+00
1.017038917541503906e+01
9.136610031127929688e+00
9.338214874267578125e+00
9.321502685546875000e+00
9.371325492858886719e+00
9.323877334594726562e+00
1.006499576568603516e+01
1.015917015075683594e+01
1.150236701965332031e+01
1.176590919494628906e+01
1.277469158172607422e+01
1.270801162719726562e+01
1.268029975891113281e+01
1.391470241546630859e+01
1.392917823791503906e+01
1.494170665740966797e+01
1.486685466766357422e+01
1.378121185302734375e+01
1.338651275634765625e+01
1.365904235839843750e+01
1.357579135894775391e+01
1.409772205352783203e+01
1.442170047760009766e+01
1.444697666168212891e+01
1.395453929901123047e+01
1.360197734832763672e+01
1.368299770355224609e+01
1.412758636474609375e+01
1.474700546264648438e+01
1.464338684082031250e+01
1.480569648742675781e+01
1.462414073944091797e+01
1.536469459533691406e+01
1.576447010040283203e+01
1.569924545288085938e+01
1.610167503356933594e+01
1.544708824157714844e+01
1.601104927062988281e+01
1.565250778198242188e+01
1.587499618530273438e+01
1.594270706176757812e+01
1.581268310546875000e+01
1.590328884124755859e+01
1.667132949829101562e+01
1.675772857666015625e+01
1.696612167358398438e+01
1.669955825805664062e+01
1.634966850280761719e+01
1.525497150421142578e+01
1.574612617492675781e+01
1.401387882232666016e+01
1.472392940521240234e+01
1.508026885986328125e+01
1.496496486663818359e+01
1.467371177673339844e+01
1.424459743499755859e+01
1.343688297271728516e+01
1.329050064086914062e+01
1.341253948211669922e+01
1.249045944213867188e+01
1.281655883789062500e+01
1.297187995910644531e+01
1.379575920104980469e+01
1.335041141510009766e+01
1.286298942565917969e+01
1.255284976959228516e+01
1.381055068969726562e+01
1.399023628234863281e+01
1.353374576568603516e+01
1.335542678833007812e+01
1.393809986114501953e+01
1.367518711090087891e+01
1.230318546295166016e+01
1.304434108734130859e+01
1.228572559356689453e+01
1.260392665863037109e+01
1.218351268768310547e+01
1.161658954620361328e+01
1.172735881805419922e+01
1.189271545410156250e+01
1.134229564666748047e+01
1.138368129730224609e+01
1.158939647674560547e+01
1.147146797180175781e+01
1.228826618194580078e+01
1.265683364868164062e+01
1.279270553588867188e+01
1.319286918640136719e+01
1.330271339416503906e+01
1.420506763458251953e+01
1.428887462615966797e+01
1.450041389465332031e+01
1.420900535583496094e+01
1.432680702209472656e+01
1.428654670715332031e+01
1.433766365051269531e+01
1.436616325378417969e+01
1.427594566345214844e+01
1.282162952423095703e+01
1.221930027008056641e+01
1.283923816680908203e+01
1.211783409118652344e+01
1.150923728942871094e+01
1.093531990051269531e+01
1.297225856781005859e+01
1.216020202636718750e+01
1.292391395568847656e+01
1.315958976745605469e+01
1.289415740966796875e+01
1.366690826416015625e+01
1.365162181854248047e+01
1.380484390258789062e+01
1.483256053924560547e+01
1.516996955871582031e+01
1.500086593627929688e+01
1.592809486389160156e+01
1.607833290100097656e+01
1.502581787109375000e+01
1.590083026885986328e+01
1.444096088409423828e+01
1.419285964965820312e+01
1.398829174041748047e+01
1.460844707489013672e+01
1.414589214324951172e+01
1.379333686828613281e+01
1.415257644653320312e+01
1.378241729736328125e+01
1.382310390472412109e+01
1.267861080169677734e+01
1.265486335754394531e+01
1.244591140747070312e+01
1.301025867462158203e+01
1.143903636932373047e+01
1.290320873260498047e+01
1.253049659729003906e+01
1.307295799255371094e+01
1.269898033142089844e+01
1.287447166442871094e+01
1.264957046508789062e+01
1.273904323577880859e+01
1.254912948608398438e+01
1.207803058624267578e+01
1.154925060272216797e+01
1.191003131866455078e+01
1.056870555877685547e+01
9.087336540222167969e+00
7.256795883178710938e+00
7.473759174346923828e+00
7.481296539306640625e+00
7.427368640899658203e+00
7.586483001708984375e+00
7.492856979370117188e+00
7.415678977966308594e+00
7.554203987121582031e+00
7.381004333496093750e+00
8.020668983459472656e+00
8.287868499755859375e+00
8.367133140563964844e+00
8.079604148864746094e+00
8.640241622924804688e+00
9.150402069091796875e+00
1.007735824584960938e+01
1.090890216827392578e+01
1.110885429382324219e+01
1.148854351043701172e+01
1.159734725952148438e+01
1.156151390075683594e+01
1.180188274383544922e+01
1.377093410491943359e+01
1.406939601898193359e+01
1.341395568847656250e+01
1.433620166778564453e+01
1.418721199035644531e+01
1.431814956665039062e+01
1.371720695495605469e+01
1.380230903625488281e+01
1.418810749053955078e+01
1.417982196807861328e+01
1.430205440521240234e+01
1.437453174591064453e+01
1.406078910827636719e+01
1.417055797576904297e+01
1.362211322784423828e+01
1.322490215301513672e+01
1.335392093658447266e+01
1.319525814056396484e+01
1.332895088195800781e+01
1.310381984710693359e+01
1.305795574188232422e+01
1.309278011322021484e+01
1.301188182830810547e+01
1.223064136505126953e+01
1.223077106475830078e+01
1.194758605957031250e+01
1.129604816436767578e+01
1.140161323547363281e+01
1.128356647491455078e+01
1.133000946044921875e+01
1.126099586486816406e+01
1.122349834442138672e+01
1.132231807708740234e+01
1.177121925354003906e+01
1.133330917358398438e+01
1.227583122253417969e+01
1.209802055358886719e+01
1.237763309478759766e+01
1.225949382781982422e+01
1.224280357360839844e+01
1.160833930969238281e+01
1.162646293640136719e+01
1.121208953857421875e+01
1.163917732238769531e+01
1.211653518676757812e+01
1.205984878540039062e+01
1.199680042266845703e+01
1.162470054626464844e+01
1.125598621368408203e+01
1.077571010589599609e+01
1.044902515411376953e+01
1.043365573883056641e+01
1.084841346740722656e+01
1.125178050994873047e+01
1.119207382202148438e+01
1.118510055541992188e+01
1.131137943267822266e+01
1.153636360168457031e+01
1.154526615142822266e+01
1.155827617645263672e+01
1.174628448486328125e+01
1.185700130462646484e+01
1.188199329376220703e+01
1.203724861145019531e+01
1.199412727355957031e+01
1.216437244415283203e+01
1.192651557922363281e+01
1.215954399108886719e+01
1.190591335296630859e+01
1.197545433044433594e+01
1.190341472625732422e+01
1.190739345550537109e+01
1.191470432281494141e+01
1.199843120574951172e+01
1.138503837585449219e+01
1.142597675323486328e+01
1.118802642822265625e+01
1.086051177978515625e+01
1.060295581817626953e+01
1.051467227935791016e+01
9.956400871276855469e+00
9.377020835876464844e+00
9.503154754638671875e+00
9.374793052673339844e+00
9.436019897460937500e+00
9.490731239318847656e+00
1.010280418395996094e+01
1.020931243896484375e+01
1.033386898040771484e+01
1.028573894500732422e+01
1.028708648681640625e+01
1.033305072784423828e+01
1.039820384979248047e+01
1.029702758789062500e+01
1.003500843048095703e+01
9.706549644470214844e+00
9.586164474487304688e+00
9.191156387329101562e+00
8.541797637939453125e+00
8.596091270446777344e+00
8.669884681701660156e+00
8.629590034484863281e+00
8.861393928527832031e+00
8.799884796142578125e+00
9.129796981811523438e+00
9.482223510742187500e+00
9.214201927185058594e+00
8.837674140930175781e+00
8.896593093872070312e+00
8.670868873596191406e+00
9.027699470520019531e+00
9.510667800903320312e+00
9.551772117614746094e+00
1.001913261413574219e+01
9.543171882629394531e+00
9.049631118774414062e+00
8.478411674499511719e+00
8.375740051269531250e+00
7.950289249420166016e+00
6.959311962127685547e+00
6.232278823852539062e+00
5.795912265777587891e+00
5.809714317321777344e+00
6.106605052947998047e+00
5.768022537231445312e+00
5.617635726928710938e+00
6.131299972534179688e+00
6.737459659576416016e+00
6.803600311279296875e+00
6.966828346252441406e+00
7.083930492401123047e+00
7.001470088958740234e+00
7.536732673645019531e+00
7.750798225402832031e+00
7.409765243530273438e+00
8.102075576782226562e+00
8.242827415466308594e+00
8.213276863098144531e+00
8.407918930053710938e+00
8.514735221862792969e+00
8.603572845458984375e+00
8.492072105407714844e+00
9.324546813964843750e+00
9.005022048950195312e+00
9.220850944519042969e+00
9.192336082458496094e+00
9.440516471862792969e+00
8.987393379211425781e+00
9.291339874267578125e+00
9.137969017028808594e+00
9.801698684692382812e+00
1.002563190460205078e+01
9.528518676757812500e+00
9.262301445007324219e+00
9.455127716064453125e+00
9.934621810913085938e+00
9.924264907836914062e+00
9.991159439086914062e+00
9.942310333251953125e+00
1.005653572082519531e+01
9.820615768432617188e+00
9.825589179992675781e+00
9.609156608581542969e+00
9.621644020080566406e+00
1.029576206207275391e+01
1.044482803344726562e+01
1.158085441589355469e+01
1.280395698547363281e+01
1.310241508483886719e+01
1.278116130828857422e+01
1.081648826599121094e+01
1.064365863800048828e+01
1.112220478057861328e+01
1.214442825317382812e+01
1.164272594451904297e+01
1.118217182159423828e+01
1.022539997100830078e+01
9.802505493164062500e+00
9.456082344055175781e+00
8.830137252807617188e+00
8.388810157775878906e+00
8.683966636657714844e+00
8.543235778808593750e+00
8.836912155151367188e+00
9.197177886962890625e+00
9.276607513427734375e+00
1.040005874633789062e+01
1.144680690765380859e+01
1.191014099121093750e+01
1.217136669158935547e+01
1.242652797698974609e+01
1.231814861297607422e+01
1.178499412536621094e+01
1.155478858947753906e+01
1.188193798065185547e+01
1.198999118804931641e+01
1.247334861755371094e+01
1.265902423858642578e+01
1.317321300506591797e+01
1.332769584655761719e+01
1.337879848480224609e+01
1.402583789825439453e+01
1.319592189788818359e+01
1.299723625183105469e+01
1.279079437255859375e+01
1.273156929016113281e+01
1.276254558563232422e+01
1.243373870849609375e+01
1.230718326568603516e+01
1.343377208709716797e+01
1.376886367797851562e+01
1.333784198760986328e+01
1.274766540527343750e+01
1.138577461242675781e+01
1.204608249664306641e+01
1.218238735198974609e+01
1.129916572570800781e+01
1.045325088500976562e+01
9.905281066894531250e+00
9.985538482666015625e+00
9.357192039489746094e+00
9.814355850219726562e+00
1.002223014831542969e+01
1.085107135772705078e+01
1.096908569335937500e+01
1.228607940673828125e+01
1.192936420440673828e+01
1.277188777923583984e+01
1.302732658386230469e+01
1.371722221374511719e+01
1.356793308258056641e+01
1.337297916412353516e+01
1.372300243377685547e+01
1.364715385437011719e+01
1.333965587615966797e+01
1.451391601562500000e+01
1.437829971313476562e+01
1.563905525207519531e+01
1.362618637084960938e+01
1.233278942108154297e+01
1.124532699584960938e+01
1.127136325836181641e+01
1.065449047088623047e+01
1.115131187438964844e+01
1.084001541137695312e+01
1.084570121765136719e+01
1.083943748474121094e+01
9.851532936096191406e+00
9.987686157226562500e+00
1.031098556518554688e+01
1.032911109924316406e+01
9.845975875854492188e+00
9.942790985107421875e+00
1.037780570983886719e+01
1.082232570648193359e+01
1.087732315063476562e+01
1.085876560211181641e+01
1.086046409606933594e+01
1.200267028808593750e+01
1.187947273254394531e+01
1.328523921966552734e+01
1.331209278106689453e+01
1.336762619018554688e+01
1.157188415527343750e+01
1.068248844146728516e+01
9.190655708312988281e+00
8.843034744262695312e+00
8.275345802307128906e+00
8.137310981750488281e+00
8.721315383911132812e+00
8.811226844787597656e+00
9.659718513488769531e+00
9.778743743896484375e+00
8.940515518188476562e+00
8.985641479492187500e+00
8.940334320068359375e+00
8.734128952026367188e+00
8.188348770141601562e+00
8.079727172851562500e+00
7.929260730743408203e+00
8.267670631408691406e+00
8.434993743896484375e+00
8.312668800354003906e+00
8.774941444396972656e+00
9.031332969665527344e+00
8.831755638122558594e+00
9.221785545349121094e+00
9.183624267578125000e+00
9.066287994384765625e+00
8.191889762878417969e+00
8.109761238098144531e+00
8.128555297851562500e+00
8.091043472290039062e+00
7.995496273040771484e+00
8.143515586853027344e+00
6.980655193328857422e+00
7.045090675354003906e+00
6.241470336914062500e+00
5.947187900543212891e+00
5.585692405700683594e+00
5.586681365966796875e+00
5.286843299865722656e+00
5.020474433898925781e+00
4.759755134582519531e+00
5.036245346069335938e+00
5.170053482055664062e+00
5.436740875244140625e+00
5.810897350311279297e+00
6.396473407745361328e+00
6.346329212188720703e+00
6.234396457672119141e+00
6.239047050476074219e+00
5.344347000122070312e+00
4.940565109252929688e+00
4.594753265380859375e+00
4.556010246276855469e+00
4.788490295410156250e+00
4.576940536499023438e+00
5.021627426147460938e+00
5.336934089660644531e+00
5.712726593017578125e+00
5.925608158111572266e+00
6.051350593566894531e+00
6.117978572845458984e+00
6.187314033508300781e+00
6.816394805908203125e+00
6.587224006652832031e+00
6.835265636444091797e+00
6.921486377716064453e+00
6.958742141723632812e+00
7.652025222778320312e+00
7.778472423553466797e+00
7.901427268981933594e+00
7.919933319091796875e+00
7.844874382019042969e+00
7.281020164489746094e+00
7.108375072479248047e+00
7.112535953521728516e+00
7.168179512023925781e+00
7.213547706604003906e+00
7.198605060577392578e+00
7.248354434967041016e+00
7.215365409851074219e+00
7.225086212158203125e+00
7.271184921264648438e+00
7.279047012329101562e+00
7.288722515106201172e+00
7.314226627349853516e+00
7.340761184692382812e+00
7.324251651763916016e+00
7.353755474090576172e+00
7.420949935913085938e+00
7.502954959869384766e+00
7.624361991882324219e+00
7.668903350830078125e+00
8.232890129089355469e+00
8.323520660400390625e+00
8.507548332214355469e+00
8.802632331848144531e+00
8.214704513549804688e+00
8.203904151916503906e+00
8.103237152099609375e+00
7.684105873107910156e+00
7.617657184600830078e+00
7.676845073699951172e+00
7.678888320922851562e+00
7.628971576690673828e+00
7.758111476898193359e+00
7.593556404113769531e+00
7.779428482055664062e+00
8.537942886352539062e+00
8.978210449218750000e+00
8.941501617431640625e+00
9.468750000000000000e+00
8.870974540710449219e+00
8.084065437316894531e+00
7.935091972351074219e+00
8.270260810852050781e+00
8.761672973632812500e+00
8.755069732666015625e+00
8.740896224975585938e+00
8.831895828247070312e+00
8.768838882446289062e+00
7.576552867889404297e+00
7.078056812286376953e+00
6.392631530761718750e+00
6.317677021026611328e+00
5.742360115051269531e+00
5.589838027954101562e+00
5.394264221191406250e+00
4.880094528198242188e+00
4.334959983825683594e+00
4.007733345031738281e+00
3.689055442810058594e+00
3.419687271118164062e+00
3.135290145874023438e+00
3.018272399902343750e+00
2.911676406860351562e+00
2.988700866699218750e+00
3.218343734741210938e+00
3.255784034729003906e+00
3.272037506103515625e+00
3.469448089599609375e+00
3.636981010437011719e+00
3.793152809143066406e+00
3.728425025939941406e+00
3.837057113647460938e+00
3.713582992553710938e+00
3.709675788879394531e+00
3.755395889282226562e+00
3.737078666687011719e+00
3.817728996276855469e+00
3.759626388549804688e+00
3.781431198120117188e+00
3.813451766967773438e+00
3.792181015014648438e+00
3.909683227539062500e+00
3.815272331237792969e+00
3.845401763916015625e+00
4.004605293273925781e+00
3.840985298156738281e+00
4.110683441162109375e+00
4.210382461547851562e+00
4.639462471008300781e+00
4.684717178344726562e+00
4.886219978332519531e+00
5.223845481872558594e+00
5.428172111511230469e+00
5.521368026733398438e+00
5.054593086242675781e+00
4.861146926879882812e+00
4.801203727722167969e+00
4.629368782043457031e+00
4.174304962158203125e+00
4.147054672241210938e+00
4.163297653198242188e+00
3.931781768798828125e+00
3.807569503784179688e+00
3.774641036987304688e+00
3.784482955932617188e+00
3.994424819946289062e+00
4.066023826599121094e+00
4.112501144409179688e+00
4.163157463073730469e+00
4.416577339172363281e+00
4.591110229492187500e+00
4.746314048767089844e+00
4.964624404907226562e+00
5.193772315979003906e+00
5.444256782531738281e+00
5.688243865966796875e+00
5.912007331848144531e+00
6.278362751007080078e+00
6.028298854827880859e+00
6.030911445617675781e+00
5.670872688293457031e+00
4.770952224731445312e+00
4.465317726135253906e+00
4.112364768981933594e+00
4.018197059631347656e+00
3.838006019592285156e+00
3.939698219299316406e+00
3.950492858886718750e+00
3.944319725036621094e+00
4.026638031005859375e+00
4.169293403625488281e+00
4.313693046569824219e+00
4.535791397094726562e+00
4.822391510009765625e+00
4.916028022766113281e+00
4.874830245971679688e+00
5.128121376037597656e+00
5.180577278137207031e+00
5.503314018249511719e+00
5.431840896606445312e+00
5.909924030303955078e+00
6.020325183868408203e+00
6.009145736694335938e+00
5.860564231872558594e+00
5.875257492065429688e+00
5.675397872924804688e+00
5.335275650024414062e+00
5.362028121948242188e+00
5.490621566772460938e+00
5.661182403564453125e+00
6.177101612091064453e+00
5.793744087219238281e+00
5.752079963684082031e+00
5.791049957275390625e+00
5.751925468444824219e+00
5.673280715942382812e+00
5.792841434478759766e+00
5.666522979736328125e+00
6.205016613006591797e+00
5.965847015380859375e+00
6.233452796936035156e+00
6.577466011047363281e+00
6.933654785156250000e+00
6.835915088653564453e+00
7.099267959594726562e+00
7.469375610351562500e+00
7.139341354370117188e+00
7.474510669708251953e+00
7.285420417785644531e+00
6.617720127105712891e+00
6.083284378051757812e+00
5.729768753051757812e+00
5.865075588226318359e+00
6.263564586639404297e+00
6.336374282836914062e+00
6.515374660491943359e+00
6.431392669677734375e+00
6.945685863494873047e+00
7.080917358398437500e+00
7.342035293579101562e+00
7.865319252014160156e+00
7.316024780273437500e+00
7.460165023803710938e+00
7.372379779815673828e+00
7.426936626434326172e+00
7.454827785491943359e+00
7.338537693023681641e+00
7.403170585632324219e+00
7.391265869140625000e+00
8.023504257202148438e+00
8.486695289611816406e+00
1.060283088684082031e+01
1.085745048522949219e+01
1.103841781616210938e+01
1.116025543212890625e+01
1.108876228332519531e+01
1.139208126068115234e+01
1.133751487731933594e+01
1.150699424743652344e+01
1.121670532226562500e+01
1.128628158569335938e+01
1.129453468322753906e+01
1.137875461578369141e+01
1.013366413116455078e+01
1.008201694488525391e+01
1.022614765167236328e+01
1.009045028686523438e+01
9.507723808288574219e+00
9.007942199707031250e+00
8.391535758972167969e+00
8.039727210998535156e+00
7.435812950134277344e+00
7.017306804656982422e+00
6.622398376464843750e+00
6.248838424682617188e+00
5.631573677062988281e+00
5.390451431274414062e+00
4.920365333557128906e+00
4.520297050476074219e+00
4.191487312316894531e+00
4.053951263427734375e+00
4.022762298583984375e+00
4.022321701049804688e+00
4.006511688232421875e+00
4.112084388732910156e+00
4.129357337951660156e+00
4.312015533447265625e+00
4.334756851196289062e+00
4.640604972839355469e+00
4.684145927429199219e+00
4.864151954650878906e+00
5.101195335388183594e+00
5.333519935607910156e+00
5.628824234008789062e+00
5.672664642333984375e+00
5.905189514160156250e+00
6.464231967926025391e+00
6.569653511047363281e+00
6.829365730285644531e+00
6.981792926788330078e+00
6.250986099243164062e+00
5.210794448852539062e+00
4.659763336181640625e+00
4.189350128173828125e+00
4.162741661071777344e+00
4.100107192993164062e+00
4.613619804382324219e+00
4.606730461120605469e+00
4.780939102172851562e+00
4.525717735290527344e+00
5.265548706054687500e+00
5.221554756164550781e+00
5.339976310729980469e+00
5.742966651916503906e+00
5.873389244079589844e+00
6.024910926818847656e+00
6.508306980133056641e+00
6.552581310272216797e+00
6.433767795562744141e+00
6.990598678588867188e+00
7.515307903289794922e+00
8.361365318298339844e+00
8.753007888793945312e+00
9.456424713134765625e+00
9.503949165344238281e+00
1.010297870635986328e+01
1.082041740417480469e+01
1.008912563323974609e+01
1.093679046630859375e+01
1.128956317901611328e+01
1.129169940948486328e+01
1.189853477478027344e+01
1.249643707275390625e+01
1.245296287536621094e+01
1.261583328247070312e+01
1.286446475982666016e+01
1.341429615020751953e+01
1.314060783386230469e+01
1.376116275787353516e+01
1.373315238952636719e+01
1.356235694885253906e+01
1.342709255218505859e+01
1.339781379699707031e+01
1.467345809936523438e+01
1.447988605499267578e+01
1.518008708953857422e+01
1.487724399566650391e+01
1.437447071075439453e+01
1.279997825622558594e+01
1.323889160156250000e+01
1.271034049987792969e+01
1.125619888305664062e+01
1.184089183807373047e+01
1.129738044738769531e+01
1.207656192779541016e+01
1.184328269958496094e+01
1.194120883941650391e+01
1.074263477325439453e+01
1.090896606445312500e+01
1.060454368591308594e+01
1.072357559204101562e+01
1.097842025756835938e+01
1.136065673828125000e+01
1.211616611480712891e+01
1.211672306060791016e+01
1.230654811859130859e+01
1.151230430603027344e+01
1.154653358459472656e+01
1.145014286041259766e+01
1.123560619354248047e+01
1.129426479339599609e+01
1.066740322113037109e+01
1.041814708709716797e+01
9.562128067016601562e+00
9.120943069458007812e+00
8.390982627868652344e+00
7.942235946655273438e+00
8.534623146057128906e+00
8.071831703186035156e+00
8.549642562866210938e+00
8.346459388732910156e+00
8.323786735534667969e+00
8.316881179809570312e+00
8.763530731201171875e+00
9.136170387268066406e+00
9.209743499755859375e+00
1.015907001495361328e+01
1.018116474151611328e+01
1.071461772918701172e+01
1.115733814239501953e+01
1.126560497283935547e+01
1.140668869018554688e+01
1.233054542541503906e+01
1.237847232818603516e+01
1.239925003051757812e+01
1.234333515167236328e+01
1.214665317535400391e+01
1.185181427001953125e+01
1.099322414398193359e+01
1.080028629302978516e+01
1.116487121582031250e+01
1.148754501342773438e+01
1.159835720062255859e+01
1.247337913513183594e+01
1.242855548858642578e+01
1.258788585662841797e+01
1.265794754028320312e+01
1.256657886505126953e+01
1.256866550445556641e+01
1.253287124633789062e+01
1.257347488403320312e+01
1.250562763214111328e+01
1.258091354370117188e+01
1.241410160064697266e+01
1.293939208984375000e+01
1.278384494781494141e+01
1.336068344116210938e+01
1.335917949676513672e+01
1.280815029144287109e+01
1.235553741455078125e+01
1.184212493896484375e+01
1.147168064117431641e+01
1.147570514678955078e+01
1.115894985198974609e+01
9.919705390930175781e+00
9.956412315368652344e+00
9.716123580932617188e+00
1.037863063812255859e+01
1.086368656158447266e+01
1.104521179199218750e+01
1.222019863128662109e+01
1.270207023620605469e+01
1.299747371673583984e+01
1.384559535980224609e+01
1.389825630187988281e+01
1.390412044525146484e+01
1.512313556671142578e+01
1.475386428833007812e+01
1.347597408294677734e+01
1.490659999847412109e+01
1.592120456695556641e+01
1.595607089996337891e+01
1.643282318115234375e+01
1.555828762054443359e+01
1.563596248626708984e+01
1.437028980255126953e+01
1.426332283020019531e+01
1.341236591339111328e+01
1.321600437164306641e+01
1.415284442901611328e+01
1.343052768707275391e+01
1.359841823577880859e+01
1.350269603729248047e+01
1.357468318939208984e+01
1.422204494476318359e+01
1.484576129913330078e+01
1.472069454193115234e+01
1.548544120788574219e+01
1.629957008361816406e+01
1.660860824584960938e+01
1.655547523498535156e+01
1.663503456115722656e+01
1.636811447143554688e+01
1.634744834899902344e+01
1.636728858947753906e+01
1.618243026733398438e+01
1.628255462646484375e+01
1.619483947753906250e+01
1.559181785583496094e+01
1.515094661712646484e+01
1.448090553283691406e+01
1.307713794708251953e+01
1.319157218933105469e+01
1.262278366088867188e+01
1.124068927764892578e+01
1.052328014373779297e+01
1.043629932403564453e+01
9.748212814331054688e+00
1.022544956207275391e+01
1.007331657409667969e+01
1.019604206085205078e+01
1.026567363739013672e+01
1.027323913574218750e+01
9.841184616088867188e+00
1.024941349029541016e+01
1.017393112182617188e+01
1.019773101806640625e+01
1.103014659881591797e+01
1.079977703094482422e+01
1.184185504913330078e+01
1.188418960571289062e+01
1.122683238983154297e+01
1.042370891571044922e+01
9.614855766296386719e+00
7.736696720123291016e+00
6.646530628204345703e+00
6.784370422363281250e+00
7.179778575897216797e+00
7.184284687042236328e+00
7.180959224700927734e+00
7.354922294616699219e+00
7.469261169433593750e+00
7.033433914184570312e+00
7.109237670898437500e+00
7.745543479919433594e+00
8.851735115051269531e+00
8.810926437377929688e+00
9.008683204650878906e+00
9.016849517822265625e+00
9.104194641113281250e+00
8.990512847900390625e+00
9.171667098999023438e+00
9.064882278442382812e+00
9.042078018188476562e+00
9.045744895935058594e+00
8.949380874633789062e+00
8.363458633422851562e+00
7.946336269378662109e+00
7.854018688201904297e+00
7.740829944610595703e+00
7.145647525787353516e+00
7.032302856445312500e+00
7.649716377258300781e+00
7.301774501800537109e+00
7.670228481292724609e+00
7.625127315521240234e+00
7.618094921112060547e+00
7.661196708679199219e+00
7.730391979217529297e+00
8.152834892272949219e+00
8.669317245483398438e+00
8.586143493652343750e+00
9.683403015136718750e+00
1.012702274322509766e+01
1.148212718963623047e+01
1.209979820251464844e+01
1.270133113861083984e+01
1.396301555633544922e+01
1.413896942138671875e+01
1.374476337432861328e+01
1.301105403900146484e+01
1.263466072082519531e+01
1.145137977600097656e+01
1.058193969726562500e+01
1.064021492004394531e+01
1.070739841461181641e+01
1.053814792633056641e+01
1.049892520904541016e+01
1.057180786132812500e+01
1.054008293151855469e+01
1.102384757995605469e+01
1.169779777526855469e+01
1.155699539184570312e+01
1.170736122131347656e+01
1.220785045623779297e+01
1.261085224151611328e+01
1.274291801452636719e+01
1.268557453155517578e+01
1.276558685302734375e+01
1.211952114105224609e+01
1.166353797912597656e+01
1.168027210235595703e+01
1.241002750396728516e+01
1.411401653289794922e+01
1.444629192352294922e+01
1.460260295867919922e+01
1.382249546051025391e+01
1.331038856506347656e+01
1.321558761596679688e+01
1.346761131286621094e+01
1.347513866424560547e+01
1.320971393585205078e+01
1.357650852203369141e+01
1.380442905426025391e+01
1.361947345733642578e+01
1.374464702606201172e+01
1.486149501800537109e+01
1.496963405609130859e+01
1.501633930206298828e+01
1.494718074798583984e+01
1.504786586761474609e+01
1.537395858764648438e+01
1.633384704589843750e+01
1.623912239074707031e+01
1.674622726440429688e+01
1.689084243774414062e+01
1.680212402343750000e+01
1.661491012573242188e+01
1.717620277404785156e+01
1.640786743164062500e+01
1.568435955047607422e+01
1.535922908782958984e+01
1.125500869750976562e+01
1.113343334197998047e+01
1.086329269409179688e+01
1.134278964996337891e+01
1.203344058990478516e+01
1.160985469818115234e+01
1.125743770599365234e+01
1.115684986114501953e+01
1.027942466735839844e+01
1.027541637420654297e+01
1.027041816711425781e+01
1.014530277252197266e+01
9.997735977172851562e+00
9.812836647033691406e+00
9.824947357177734375e+00
1.061332416534423828e+01
1.063938713073730469e+01
1.093352127075195312e+01
1.001131153106689453e+01
9.231020927429199219e+00
8.281310081481933594e+00
7.920054435729980469e+00
7.371260166168212891e+00
7.683371067047119141e+00
7.207433223724365234e+00
7.243178367614746094e+00
6.631820678710937500e+00
6.662897109985351562e+00
6.329815387725830078e+00
6.033876419067382812e+00
6.230451583862304688e+00
6.393242359161376953e+00
6.648167610168457031e+00
6.628954410552978516e+00
6.470911979675292969e+00
7.147836685180664062e+00
7.386565685272216797e+00
8.378566741943359375e+00
9.106506347656250000e+00
1.025006484985351562e+01
1.091818809509277344e+01
1.087786579132080078e+01
1.063613605499267578e+01
9.754211425781250000e+00
8.433440208435058594e+00
6.969010829925537109e+00
6.283369541168212891e+00
6.113503932952880859e+00
6.119977474212646484e+00
5.872428894042968750e+00
5.996095180511474609e+00
6.117488384246826172e+00
6.395745277404785156e+00
6.447733402252197266e+00
7.174289703369140625e+00
7.155887126922607422e+00
7.194044113159179688e+00
7.353766441345214844e+00
8.333382606506347656e+00
8.614812850952148438e+00
9.525793075561523438e+00
9.498011589050292969e+00
9.995011329650878906e+00
9.922235488891601562e+00
9.838701248168945312e+00
9.965205192565917969e+00
9.777690887451171875e+00
9.909152030944824219e+00
1.041465282440185547e+01
9.711801528930664062e+00
9.253188133239746094e+00
8.982061386108398438e+00
8.809319496154785156e+00
8.827978134155273438e+00
8.787134170532226562e+00
8.650003433227539062e+00
8.579726219177246094e+00
8.587410926818847656e+00
8.391687393188476562e+00
8.696043968200683594e+00
8.899788856506347656e+00
8.825736045837402344e+00
8.906645774841308594e+00
9.105238914489746094e+00
9.698322296142578125e+00
9.464905738830566406e+00
9.530594825744628906e+00
1.059493541717529297e+01
1.162455272674560547e+01
1.186875724792480469e+01
1.158831405639648438e+01
1.174293327331542969e+01
1.134280490875244141e+01
1.048504447937011719e+01
9.817432403564453125e+00
9.930213928222656250e+00
9.921626091003417969e+00
9.185715675354003906e+00
8.648668289184570312e+00
8.183349609375000000e+00
7.767101764678955078e+00
7.859946250915527344e+00
8.185330390930175781e+00
8.558721542358398438e+00
8.863368988037109375e+00
9.757514953613281250e+00
1.036811828613281250e+01
1.056369304656982422e+01
1.149190998077392578e+01
1.278418827056884766e+01
1.303791618347167969e+01
1.344404792785644531e+01
1.478643798828125000e+01
1.585138797760009766e+01
1.484022140502929688e+01
1.455350780487060547e+01
1.331324481964111328e+01
1.330064296722412109e+01
1.204388332366943359e+01
1.225103569030761719e+01
1.102573204040527344e+01
1.046664714813232422e+01
9.557832717895507812e+00
9.116625785827636719e+00
8.981323242187500000e+00
9.226266860961914062e+00
9.636520385742187500e+00
9.682715415954589844e+00
9.816911697387695312e+00
9.866281509399414062e+00
1.086695861816406250e+01
1.103474903106689453e+01
1.207696819305419922e+01
1.208103084564208984e+01
1.348511600494384766e+01
1.374330615997314453e+01
1.474902248382568359e+01
1.473194599151611328e+01
1.372359848022460938e+01
1.275273513793945312e+01
1.185511112213134766e+01
1.003100872039794922e+01
8.551839828491210938e+00
8.366337776184082031e+00
8.063161849975585938e+00
8.532767295837402344e+00
8.083090782165527344e+00
8.533328056335449219e+00
8.832711219787597656e+00
8.950908660888671875e+00
9.750550270080566406e+00
9.696727752685546875e+00
9.909115791320800781e+00
1.084935855865478516e+01
1.345068359375000000e+01
1.438372898101806641e+01
1.494596195220947266e+01
1.486084651947021484e+01
1.495798110961914062e+01
1.318529415130615234e+01
1.260622978210449219e+01
1.093419265747070312e+01
9.757003784179687500e+00
1.010245132446289062e+01
1.003859996795654297e+01
9.807444572448730469e+00
9.820463180541992188e+00
9.719859123229980469e+00
1.065817165374755859e+01
1.066947460174560547e+01
1.030357456207275391e+01
1.048156356811523438e+01
1.080950641632080078e+01
1.090371704101562500e+01
1.098751640319824219e+01
1.189259433746337891e+01
1.194450283050537109e+01
1.240953159332275391e+01
1.315643882751464844e+01
1.502699184417724609e+01
1.598136520385742188e+01
1.476506137847900391e+01
1.410869789123535156e+01
1.396819400787353516e+01
1.246399688720703125e+01
1.200131034851074219e+01
1.178603649139404297e+01
1.168845272064208984e+01
1.142966365814208984e+01
1.076179027557373047e+01
1.055732250213623047e+01
1.128556728363037109e+01
1.124444770812988281e+01
1.124490737915039062e+01
1.124716949462890625e+01
1.127923870086669922e+01
1.120890903472900391e+01
1.109504318237304688e+01
1.101332950592041016e+01
1.133040237426757812e+01
1.162691402435302734e+01
1.175331878662109375e+01
1.275097370147705078e+01
1.288806533813476562e+01
1.341800403594970703e+01
1.403883361816406250e+01
1.413287067413330078e+01
1.212815284729003906e+01
1.163714504241943359e+01
1.095042610168457031e+01
1.016110897064208984e+01
1.010811519622802734e+01
9.344148635864257812e+00
8.643089294433593750e+00
8.216176033020019531e+00
8.187022209167480469e+00
8.280591964721679688e+00
8.397239685058593750e+00
8.853998184204101562e+00
8.914561271667480469e+00
9.187253952026367188e+00
9.732288360595703125e+00
1.024041652679443359e+01
1.078787231445312500e+01
1.168691158294677734e+01
1.194447898864746094e+01
1.288734149932861328e+01
1.432710933685302734e+01
1.465955162048339844e+01
1.458358860015869141e+01
1.420088386535644531e+01
1.224787521362304688e+01
1.197172355651855469e+01
1.141569805145263672e+01
1.039835548400878906e+01
9.915972709655761719e+00
1.005066204071044922e+01
1.013337039947509766e+01
1.023565101623535156e+01
1.103707408905029297e+01
1.101074314117431641e+01
1.154703903198242188e+01
1.112921810150146484e+01
1.156502723693847656e+01
1.187928199768066406e+01
1.243953609466552734e+01
1.279678058624267578e+01
1.268350410461425781e+01
1.265236377716064453e+01
1.292429447174072266e+01
1.243753337860107422e+01
1.252894496917724609e+01
1.283158206939697266e+01
1.289738464355468750e+01
1.323956394195556641e+01
1.318863677978515625e+01
1.364558124542236328e+01
1.240520668029785156e+01
1.261516857147216797e+01
1.264124584197998047e+01
1.235390567779541016e+01
1.201950073242187500e+01
1.178606128692626953e+01
1.233544921875000000e+01
1.322080326080322266e+01
1.374509716033935547e+01
1.260813617706298828e+01
1.196871089935302734e+01
1.131440258026123047e+01
1.096371555328369141e+01
1.062170124053955078e+01
1.057692146301269531e+01
1.189899063110351562e+01
1.281039142608642578e+01
1.467183876037597656e+01
1.577796268463134766e+01
1.598439025878906250e+01
1.554951763153076172e+01
1.550579166412353516e+01
1.506998920440673828e+01
1.406854534149169922e+01
1.488342761993408203e+01
1.534318637847900391e+01
1.553572845458984375e+01
1.526055145263671875e+01
1.525637054443359375e+01
1.528925991058349609e+01
1.516590976715087891e+01
1.401782035827636719e+01
1.312866592407226562e+01
1.324814224243164062e+01
1.306005287170410156e+01
1.310869216918945312e+01
1.357792472839355469e+01
1.401084899902343750e+01
1.403452777862548828e+01
1.323179817199707031e+01
1.377444744110107422e+01
1.409778022766113281e+01
1.568236351013183594e+01
1.596055126190185547e+01
1.650396156311035156e+01
1.505182075500488281e+01
1.508782100677490234e+01
1.399874973297119141e+01
1.222498035430908203e+01
1.083104324340820312e+01
1.008543777465820312e+01
9.471400260925292969e+00
9.290259361267089844e+00
9.009190559387207031e+00
8.587109565734863281e+00
8.752812385559082031e+00
9.022091865539550781e+00
9.398635864257812500e+00
9.530282020568847656e+00
1.036782932281494141e+01
1.061993980407714844e+01
1.115587139129638672e+01
1.175248336791992188e+01
1.276845836639404297e+01
1.276549911499023438e+01
1.433837318420410156e+01
1.503382587432861328e+01
1.557150936126708984e+01
1.556400394439697266e+01
1.389415931701660156e+01
1.292305660247802734e+01
1.284475898742675781e+01
1.390607833862304688e+01
1.308069038391113281e+01
1.266632366180419922e+01
1.216197109222412109e+01
1.209337711334228516e+01
1.244328975677490234e+01
1.244876194000244141e+01
1.290246772766113281e+01
1.295763683319091797e+01
1.249974632263183594e+01
1.189378547668457031e+01
1.182857990264892578e+01
1.190600681304931641e+01
1.178978919982910156e+01
1.219114303588867188e+01
1.302500247955322266e+01
1.222751331329345703e+01
1.257936763763427734e+01
1.317735290527343750e+01
1.214501953125000000e+01
1.260012245178222656e+01
1.203227996826171875e+01
1.311875915527343750e+01
1.343882465362548828e+01
1.248769760131835938e+01
1.187525749206542969e+01
1.108349704742431641e+01
1.094638919830322266e+01
1.070375633239746094e+01
1.131556701660156250e+01
1.179331302642822266e+01
1.213689041137695312e+01
1.269695568084716797e+01
1.318620777130126953e+01
1.385641860961914062e+01
1.417930984497070312e+01
1.428532886505126953e+01
1.380882644653320312e+01
1.388126945495605469e+01
1.429647350311279297e+01
1.424135208129882812e+01
1.516601657867431641e+01
1.571290779113769531e+01
1.619614219665527344e+01
1.553543186187744141e+01
1.564282608032226562e+01
1.557683181762695312e+01
1.326577472686767578e+01
1.298423385620117188e+01
1.200256252288818359e+01
1.195708370208740234e+01
1.196773719787597656e+01
1.154482173919677734e+01
1.117388057708740234e+01
1.109875965118408203e+01
1.104765605926513672e+01
1.097580814361572266e+01
1.164486026763916016e+01
1.166400337219238281e+01
1.122111225128173828e+01
1.161181354522705078e+01
1.169129848480224609e+01
1.168586444854736328e+01
1.174516868591308594e+01
1.260865306854248047e+01
1.360495948791503906e+01
1.486697292327880859e+01
1.472803497314453125e+01
1.568801975250244141e+01
1.568457412719726562e+01
1.336871051788330078e+01
1.292603588104248047e+01
1.216942977905273438e+01
1.208982181549072266e+01
1.210971736907958984e+01
1.132864284515380859e+01
1.127994060516357422e+01
1.124389648437500000e+01
1.117917156219482422e+01
1.102399063110351562e+01
1.095383071899414062e+01
1.094598388671875000e+01
1.101430606842041016e+01
1.186713504791259766e+01
1.238753604888916016e+01
1.290808963775634766e+01
1.339518547058105469e+01
1.427046585083007812e+01
1.485018348693847656e+01
1.637129211425781250e+01
1.727617073059082031e+01
1.746855163574218750e+01
1.591484832763671875e+01
1.522970485687255859e+01
1.426569461822509766e+01
1.347920799255371094e+01
1.319136238098144531e+01
1.323950004577636719e+01
1.245261573791503906e+01
1.242578792572021484e+01
1.260295963287353516e+01
1.229989814758300781e+01
1.221074962615966797e+01
1.162056255340576172e+01
1.108676242828369141e+01
1.106653404235839844e+01
1.046128749847412109e+01
1.000853729248046875e+01
9.971515655517578125e+00
1.029592895507812500e+01
1.098662853240966797e+01
1.159332180023193359e+01
1.261770534515380859e+01
1.371545696258544922e+01
1.416718769073486328e+01
1.388568878173828125e+01
1.402105998992919922e+01
1.404557418823242188e+01
1.304281139373779297e+01
1.256391525268554688e+01
1.209599208831787109e+01
1.130558681488037109e+01
1.119619274139404297e+01
1.206070804595947266e+01
1.139490985870361328e+01
1.160672569274902344e+01
1.181979274749755859e+01
1.192901039123535156e+01
1.199085807800292969e+01
1.160391044616699219e+01
1.123652458190917969e+01
1.116360378265380859e+01
1.161166858673095703e+01
1.239979362487792969e+01
1.286507034301757812e+01
1.292777824401855469e+01
1.379334068298339844e+01
1.487199497222900391e+01
1.632219886779785156e+01
1.649793815612792969e+01
1.658725738525390625e+01
1.499772262573242188e+01
1.433757495880126953e+01
1.347709178924560547e+01
1.203817081451416016e+01
1.195370197296142578e+01
1.132562446594238281e+01
1.149608516693115234e+01
1.126229000091552734e+01
1.129048061370849609e+01
1.119229221343994141e+01
1.127477931976318359e+01
1.158465957641601562e+01
1.205225086212158203e+01
1.230808925628662109e+01
1.232398891448974609e+01
1.310364913940429688e+01
1.322040939331054688e+01
1.424109554290771484e+01
1.430856704711914062e+01
1.495576095581054688e+01
1.541035270690917969e+01
1.536701297760009766e+01
1.650856399536132812e+01
1.648776817321777344e+01
1.629970741271972656e+01
1.505134487152099609e+01
1.461084079742431641e+01
1.245443248748779297e+01
1.189589309692382812e+01
1.141849994659423828e+01
1.052619361877441406e+01
1.055002021789550781e+01
1.034683799743652344e+01
1.030895423889160156e+01
9.824729919433593750e+00
1.083919715881347656e+01
1.107638454437255859e+01
1.143356800079345703e+01
1.265332698822021484e+01
1.211275005340576172e+01
1.318480205535888672e+01
1.380272674560546875e+01
1.409345912933349609e+01
1.500904655456542969e+01
1.624894142150878906e+01
1.715496635437011719e+01
1.662348937988281250e+01
1.774309921264648438e+01
1.602636337280273438e+01
1.515287590026855469e+01
1.220952129364013672e+01
1.078116130828857422e+01
9.772968292236328125e+00
9.124534606933593750e+00
9.158019065856933594e+00
9.774154663085937500e+00
9.755485534667968750e+00
9.855877876281738281e+00
9.830655097961425781e+00
9.850090026855468750e+00
1.081990242004394531e+01
1.129635429382324219e+01
1.212163257598876953e+01
1.221827220916748047e+01
1.236681652069091797e+01
1.339708042144775391e+01
1.370752716064453125e+01
1.480998706817626953e+01
1.602141380310058594e+01
1.657586479187011719e+01
1.641672325134277344e+01
1.738918113708496094e+01
1.676913452148437500e+01
1.667115020751953125e+01
1.617174339294433594e+01
1.513753700256347656e+01
1.459860134124755859e+01
1.500974845886230469e+01
1.516791248321533203e+01
1.423059940338134766e+01
1.494105339050292969e+01
1.509243011474609375e+01
1.506361293792724609e+01
1.509910297393798828e+01
1.506752204895019531e+01
1.523611164093017578e+01
1.514546394348144531e+01
1.517741966247558594e+01
1.516798877716064453e+01
1.557423877716064453e+01
1.603570938110351562e+01
1.693291854858398438e+01
1.860699653625488281e+01
1.886500930786132812e+01
1.695262718200683594e+01
1.614625930786132812e+01
1.575038146972656250e+01
1.579566383361816406e+01
1.512767696380615234e+01
1.553143310546875000e+01
1.587403583526611328e+01
1.596747303009033203e+01
1.532872581481933594e+01
1.528833484649658203e+01
1.591470527648925781e+01
1.745106315612792969e+01
1.749624252319335938e+01
1.677220535278320312e+01
1.657673835754394531e+01
1.682504272460937500e+01
1.601328849792480469e+01
1.608072090148925781e+01
1.678814125061035156e+01
1.711139297485351562e+01
1.805250549316406250e+01
1.857136917114257812e+01
1.908401870727539062e+01
1.901842117309570312e+01
2.000486373901367188e+01
1.945705604553222656e+01
1.906973648071289062e+01
1.856951904296875000e+01
1.798788833618164062e+01
1.753746604919433594e+01
1.772153854370117188e+01
1.780017089843750000e+01
1.731822204589843750e+01
1.670577239990234375e+01
1.670837593078613281e+01
1.696726608276367188e+01
1.610179519653320312e+01
1.612888145446777344e+01
1.642493057250976562e+01
1.745911026000976562e+01
1.847491073608398438e+01
1.860836791992187500e+01
1.818106651306152344e+01
1.629615211486816406e+01
1.562135314941406250e+01
1.579260444641113281e+01
1.504513359069824219e+01
1.461244869232177734e+01
1.522068786621093750e+01
1.585696411132812500e+01
1.569935226440429688e+01
1.522584247589111328e+01
1.479054641723632812e+01
1.461789321899414062e+01
1.472871685028076172e+01
1.399287128448486328e+01
1.354671573638916016e+01
1.431983852386474609e+01
1.360368728637695312e+01
1.386154079437255859e+01
1.365495395660400391e+01
1.393985652923583984e+01
1.374600696563720703e+01
1.343621635437011719e+01
1.376975345611572266e+01
1.376950168609619141e+01
1.540750217437744141e+01
1.502647399902343750e+01
1.450525951385498047e+01
1.476406574249267578e+01
1.609168624877929688e+01
1.611719703674316406e+01
1.594655227661132812e+01
1.630292892456054688e+01
1.593455600738525391e+01
1.573782920837402344e+01
1.576206111907958984e+01
1.463951206207275391e+01
1.309039592742919922e+01
1.288609123229980469e+01
1.208547687530517578e+01
1.382508659362792969e+01
1.378042221069335938e+01
1.350446796417236328e+01
1.337106990814208984e+01
1.324250221252441406e+01
1.235360527038574219e+01
1.179684829711914062e+01
1.254425907135009766e+01
1.233636283874511719e+01
1.252207660675048828e+01
1.251995086669921875e+01
1.284549140930175781e+01
1.317052078247070312e+01
1.313655090332031250e+01
1.321367263793945312e+01
1.314763355255126953e+01
1.318423652648925781e+01
1.264756298065185547e+01
1.157657146453857422e+01
9.813261032104492188e+00
7.887758731842041016e+00
6.087636470794677734e+00
5.550010681152343750e+00
5.320311546325683594e+00
5.064943313598632812e+00
5.330778121948242188e+00
5.298589706420898438e+00
5.287723541259765625e+00
5.887527942657470703e+00
6.424334049224853516e+00
7.260582447052001953e+00
6.955240249633789062e+00
8.224805831909179688e+00
8.646191596984863281e+00
8.841497421264648438e+00
9.227241516113281250e+00
1.008470726013183594e+01
1.039796638488769531e+01
1.123263168334960938e+01
1.149306392669677734e+01
1.107518577575683594e+01
1.103673648834228516e+01
9.954718589782714844e+00
9.533164024353027344e+00
9.075800895690917969e+00
8.178485870361328125e+00
6.986197471618652344e+00
6.711480617523193359e+00
7.878267765045166016e+00
7.879829406738281250e+00
7.988297462463378906e+00
8.864706993103027344e+00
8.930268287658691406e+00
9.985431671142578125e+00
9.917877197265625000e+00
1.050019550323486328e+01
1.101055908203125000e+01
1.104746913909912109e+01
1.212560749053955078e+01
1.196010780334472656e+01
1.273007202148437500e+01
1.420006370544433594e+01
1.423321437835693359e+01
1.386487960815429688e+01
1.435423946380615234e+01
1.398258018493652344e+01
1.397429752349853516e+01
1.339719486236572266e+01
1.240286636352539062e+01
1.177022266387939453e+01
1.064018535614013672e+01
1.053878784179687500e+01
1.042096900939941406e+01
1.042646312713623047e+01
1.037714767456054688e+01
1.168936061859130859e+01
1.225877475738525391e+01
1.238686370849609375e+01
1.237931156158447266e+01
1.252242279052734375e+01
1.303799152374267578e+01
1.361355209350585938e+01
1.439656257629394531e+01
1.776304244995117188e+01
2.086521720886230469e+01
2.192526435852050781e+01
2.193238639831542969e+01
2.146173667907714844e+01
2.096355247497558594e+01
2.014759254455566406e+01
1.955038642883300781e+01
1.833179664611816406e+01
1.871083641052246094e+01
1.969971466064453125e+01
1.977897834777832031e+01
1.920002746582031250e+01
1.926800727844238281e+01
1.726089668273925781e+01
1.604550170898437500e+01
1.756675910949707031e+01
1.620232582092285156e+01
1.642094802856445312e+01
1.653890228271484375e+01
1.751903152465820312e+01
1.753115653991699219e+01
1.643585395812988281e+01
1.657828521728515625e+01
1.662720489501953125e+01
1.668923759460449219e+01
1.630693626403808594e+01
1.578727340698242188e+01
1.579924392700195312e+01
1.540690517425537109e+01
1.506775283813476562e+01
1.495044994354248047e+01
1.495999526977539062e+01
1.498073005676269531e+01
1.499748611450195312e+01
1.507369136810302734e+01
1.509563827514648438e+01
1.666605377197265625e+01
1.665431022644042969e+01
1.675324058532714844e+01
1.667383193969726562e+01
1.666391563415527344e+01
1.672219467163085938e+01
1.686887550354003906e+01
1.742058753967285156e+01
1.802774429321289062e+01
1.920260429382324219e+01
1.918092346191406250e+01
2.015400695800781250e+01
1.989321899414062500e+01
2.032632637023925781e+01
2.053541755676269531e+01
2.020254516601562500e+01
1.992499160766601562e+01
1.908797836303710938e+01
1.876867866516113281e+01
1.889601135253906250e+01
1.902737426757812500e+01
1.797217941284179688e+01
1.823814964294433594e+01
1.721479034423828125e+01
1.693415260314941406e+01
1.648813056945800781e+01
1.663702964782714844e+01
1.674272727966308594e+01
1.676444244384765625e+01
1.708475112915039062e+01
1.826771926879882812e+01
1.790102005004882812e+01
1.886115646362304688e+01
1.936919975280761719e+01
2.110155487060546875e+01
2.181279373168945312e+01
2.246344757080078125e+01
2.348476982116699219e+01
2.418290138244628906e+01
2.278792572021484375e+01
2.040464591979980469e+01
1.739897537231445312e+01
1.656620979309082031e+01
1.489306259155273438e+01
1.439384078979492188e+01
1.478716182708740234e+01
1.536862277984619141e+01
1.609261703491210938e+01
1.621935844421386719e+01
1.687680625915527344e+01
1.726291275024414062e+01
1.728617286682128906e+01
1.826601982116699219e+01
1.822504997253417969e+01
1.910532188415527344e+01
1.979289436340332031e+01
2.059176635742187500e+01
2.192457962036132812e+01
2.258092117309570312e+01
2.310845184326171875e+01
2.315587615966796875e+01
2.175311660766601562e+01
2.037055969238281250e+01
1.841591262817382812e+01
1.739988517761230469e+01
1.553068733215332031e+01
1.534780120849609375e+01
1.512747764587402344e+01
1.485444545745849609e+01
1.491282367706298828e+01
1.617627334594726562e+01
1.636496734619140625e+01
1.657232856750488281e+01
1.702015686035156250e+01
1.751540374755859375e+01
1.804932212829589844e+01
1.889463043212890625e+01
1.977375602722167969e+01
1.956875419616699219e+01
2.037627983093261719e+01
2.030686759948730469e+01
2.175802993774414062e+01
2.236022377014160156e+01
2.262400627136230469e+01
2.290602302551269531e+01
2.248936653137207031e+01
2.133458328247070312e+01
1.978168296813964844e+01
1.717540168762207031e+01
1.576043796539306641e+01
1.502377605438232422e+01
1.454412269592285156e+01
1.444203662872314453e+01
1.504269504547119141e+01
1.571489715576171875e+01
1.603935813903808594e+01
1.672430801391601562e+01
1.668490219116210938e+01
1.749221992492675781e+01
1.811259078979492188e+01
1.866043663024902344e+01
1.849726295471191406e+01
1.963920783996582031e+01
2.043295097351074219e+01
2.011786079406738281e+01
2.159224319458007812e+01
2.218497467041015625e+01
2.315093803405761719e+01
2.271656799316406250e+01
2.222615432739257812e+01
2.178390884399414062e+01
2.045544624328613281e+01
1.821541023254394531e+01
1.684456443786621094e+01
1.634027290344238281e+01
1.565593147277832031e+01
1.474272346496582031e+01
1.536797904968261719e+01
1.572682285308837891e+01
1.661007881164550781e+01
1.740391731262207031e+01
1.770695114135742188e+01
1.737416267395019531e+01
1.752025604248046875e+01
1.754111289978027344e+01
1.765541458129882812e+01
1.752824211120605469e+01
1.830072975158691406e+01
1.862934684753417969e+01
1.965201377868652344e+01
2.063372993469238281e+01
2.078879928588867188e+01
2.099281501770019531e+01
2.077934646606445312e+01
2.032017517089843750e+01
1.881391334533691406e+01
1.733705329895019531e+01
1.563421058654785156e+01
1.580873584747314453e+01
1.517933177947998047e+01
1.471090507507324219e+01
1.519764137268066406e+01
1.518561649322509766e+01
1.561811733245849609e+01
1.577539730072021484e+01
1.578639125823974609e+01
1.571521377563476562e+01
1.602791404724121094e+01
1.589563369750976562e+01
1.587757205963134766e+01
1.601953125000000000e+01
1.689887046813964844e+01
1.797766876220703125e+01
1.881495857238769531e+01
1.886238670349121094e+01
1.963972473144531250e+01
1.931023406982421875e+01
1.834906387329101562e+01
1.745709800720214844e+01
1.614990806579589844e+01
1.566234397888183594e+01
1.467611789703369141e+01
1.448286437988281250e+01
1.386405658721923828e+01
1.436986637115478516e+01
1.448867607116699219e+01
1.475801181793212891e+01
1.477734947204589844e+01
1.503884315490722656e+01
1.566312599182128906e+01
1.603417396545410156e+01
1.606085968017578125e+01
1.607243919372558594e+01
1.605251502990722656e+01
1.693404579162597656e+01
1.690256690979003906e+01
1.808936500549316406e+01
1.805080986022949219e+01
1.862419128417968750e+01
1.817517089843750000e+01
1.790856170654296875e+01
1.745729446411132812e+01
1.731759643554687500e+01
1.545154190063476562e+01
1.412407016754150391e+01
1.279147815704345703e+01
1.245512676239013672e+01
1.221202754974365234e+01
1.271261119842529297e+01
1.277918815612792969e+01
1.305326652526855469e+01
1.312762069702148438e+01
1.395154380798339844e+01
1.395610809326171875e+01
1.451479148864746094e+01
1.506767749786376953e+01
1.508272075653076172e+01
1.568829822540283203e+01
1.627784919738769531e+01
1.669568824768066406e+01
1.812782478332519531e+01
1.879228973388671875e+01
1.842355537414550781e+01
1.817556381225585938e+01
1.692730331420898438e+01
1.713046836853027344e+01
1.801140594482421875e+01
1.705146026611328125e+01
1.569246196746826172e+01
1.406650352478027344e+01
1.355940055847167969e+01
1.385121726989746094e+01
1.425541687011718750e+01
1.400603294372558594e+01
1.488467216491699219e+01
1.539695739746093750e+01
1.539272499084472656e+01
1.810826683044433594e+01
2.002250862121582031e+01
2.018712997436523438e+01
1.802304840087890625e+01
1.846010971069335938e+01
1.836355972290039062e+01
1.843922042846679688e+01
1.952801322937011719e+01
1.947678947448730469e+01
2.077057075500488281e+01
1.954653167724609375e+01
1.944894599914550781e+01
1.863937187194824219e+01
1.798062133789062500e+01
1.766254806518554688e+01
1.720428085327148438e+01
1.663104629516601562e+01
1.631235885620117188e+01
1.633890724182128906e+01
1.640153884887695312e+01
1.645786857604980469e+01
1.653047752380371094e+01
1.740783691406250000e+01
1.740513610839843750e+01
1.738678932189941406e+01
1.742443656921386719e+01
1.777708625793457031e+01
1.826936149597167969e+01
1.827878761291503906e+01
1.926656341552734375e+01
1.971252632141113281e+01
2.077894401550292969e+01
2.183049392700195312e+01
2.210880661010742188e+01
2.270620155334472656e+01
2.210095787048339844e+01
2.090912055969238281e+01
2.068327140808105469e+01
2.071478271484375000e+01
1.867441368103027344e+01
1.882974433898925781e+01
1.691952133178710938e+01
1.672569847106933594e+01
1.655976676940917969e+01
1.684677886962890625e+01
1.648552513122558594e+01
1.620384979248046875e+01
1.689270782470703125e+01
1.721621131896972656e+01
1.640264511108398438e+01
1.696438598632812500e+01
1.745627021789550781e+01
1.646304130554199219e+01
1.745720863342285156e+01
1.759676551818847656e+01
1.779766082763671875e+01
1.898823738098144531e+01
1.982080650329589844e+01
1.986479568481445312e+01
1.945907211303710938e+01
1.855905723571777344e+01
1.820162773132324219e+01
1.661547470092773438e+01
1.579468536376953125e+01
1.350473213195800781e+01
1.299074268341064453e+01
1.279106521606445312e+01
1.303219223022460938e+01
1.331204700469970703e+01
1.357618618011474609e+01
1.407679653167724609e+01
1.414437007904052734e+01
1.461004638671875000e+01
1.473710536956787109e+01
1.528136444091796875e+01
1.562085151672363281e+01
1.662583541870117188e+01
1.727811622619628906e+01
1.857673263549804688e+01
1.908304977416992188e+01
1.929923439025878906e+01
1.961939048767089844e+01
2.011722183227539062e+01
1.972005844116210938e+01
1.881455612182617188e+01
1.808699035644531250e+01
1.719235038757324219e+01
1.581569671630859375e+01
1.566202068328857422e+01
1.557258701324462891e+01
1.668092918395996094e+01
1.674548149108886719e+01
1.715851974487304688e+01
1.758375740051269531e+01
1.982870101928710938e+01
1.926640510559082031e+01
2.000076675415039062e+01
2.054682540893554688e+01
2.048007774353027344e+01
1.812601470947265625e+01
1.747345542907714844e+01
1.713671684265136719e+01
1.753316879272460938e+01
1.859008789062500000e+01
1.871786499023437500e+01
1.997932243347167969e+01
1.975984954833984375e+01
1.954324722290039062e+01
1.777436828613281250e+01
1.671521377563476562e+01
1.702462196350097656e+01
1.583195590972900391e+01
1.626753807067871094e+01
1.655505752563476562e+01
1.750747871398925781e+01
1.666790580749511719e+01
1.838093185424804688e+01
1.822636222839355469e+01
1.811736106872558594e+01
1.854049682617187500e+01
1.926194953918457031e+01
1.874920082092285156e+01
1.869239425659179688e+01
2.041794204711914062e+01
2.147360992431640625e+01
2.087508010864257812e+01
2.067728996276855469e+01
1.978903198242187500e+01
1.993733215332031250e+01
2.060997200012207031e+01
1.995493316650390625e+01
2.008041954040527344e+01
1.982588577270507812e+01
1.819066238403320312e+01
1.708709907531738281e+01
1.558620548248291016e+01
1.588103866577148438e+01
1.513455963134765625e+01
1.580491733551025391e+01
1.546174430847167969e+01
1.598109531402587891e+01
1.635110855102539062e+01
1.644024658203125000e+01
1.652228355407714844e+01
1.692746543884277344e+01
1.765639114379882812e+01
1.816630935668945312e+01
1.866024017333984375e+01
1.992239570617675781e+01
2.096054840087890625e+01
2.201853370666503906e+01
2.256930732727050781e+01
2.287176322937011719e+01
2.229932785034179688e+01
2.166179466247558594e+01
2.124105834960937500e+01
2.014019203186035156e+01
1.823036766052246094e+01
1.752072143554687500e+01
1.627590179443359375e+01
1.605572319030761719e+01
1.520356559753417969e+01
1.498641014099121094e+01
1.518331623077392578e+01
1.454391574859619141e+01
1.475105094909667969e+01
1.511122417449951172e+01
1.593179702758789062e+01
1.646965217590332031e+01
1.682706642150878906e+01
1.741536140441894531e+01
1.757613563537597656e+01
1.931083488464355469e+01
2.047421455383300781e+01
2.134872245788574219e+01
2.130926895141601562e+01
2.180730247497558594e+01
2.120957374572753906e+01
2.087830924987792969e+01
1.997627639770507812e+01
1.835424804687500000e+01
1.752589607238769531e+01
1.587876701354980469e+01
1.616994857788085938e+01
1.552625846862792969e+01
1.624341583251953125e+01
1.657528114318847656e+01
1.712940979003906250e+01
1.748887634277343750e+01
1.824551391601562500e+01
1.887286186218261719e+01
1.895474052429199219e+01
1.872089576721191406e+01
1.729053306579589844e+01
1.761708068847656250e+01
1.765715789794921875e+01
1.812642288208007812e+01
1.875803375244140625e+01
1.867104339599609375e+01
1.972652053833007812e+01
2.083232879638671875e+01
2.016374969482421875e+01
2.001493644714355469e+01
1.977615928649902344e+01
1.836588668823242188e+01
1.770018959045410156e+01
1.740361976623535156e+01
1.710106468200683594e+01
1.595506572723388672e+01
1.470291423797607422e+01
1.581714057922363281e+01
1.536900043487548828e+01
1.556487846374511719e+01
1.466184616088867188e+01
1.478240680694580078e+01
1.439726066589355469e+01
1.404464435577392578e+01
1.494519424438476562e+01
1.490212249755859375e+01
1.501890277862548828e+01
1.663444709777832031e+01
1.767937660217285156e+01
1.850166893005371094e+01
1.824752998352050781e+01
1.873948860168457031e+01
1.776229476928710938e+01
1.742290878295898438e+01
1.708617591857910156e+01
1.568679618835449219e+01
1.388407230377197266e+01
1.279783821105957031e+01
1.068070220947265625e+01
1.100657463073730469e+01
1.077596950531005859e+01
1.124929809570312500e+01
1.167020416259765625e+01
1.221696186065673828e+01
1.235132884979248047e+01
1.285858821868896484e+01
1.341579818725585938e+01
1.461589145660400391e+01
1.447317028045654297e+01
1.596069335937500000e+01
1.563465023040771484e+01
1.627005958557128906e+01
1.682171058654785156e+01
1.667154884338378906e+01
1.617307853698730469e+01
1.966166687011718750e+01
1.988359451293945312e+01
1.909571266174316406e+01
1.788770675659179688e+01
1.629095840454101562e+01
1.445895385742187500e+01
1.328042221069335938e+01
1.303625488281250000e+01
1.325265789031982422e+01
1.306680583953857422e+01
1.323655033111572266e+01
1.335298061370849609e+01
1.335856437683105469e+01
1.336901950836181641e+01
1.336618995666503906e+01
1.418007755279541016e+01
1.423759841918945312e+01
1.411360549926757812e+01
1.427988719940185547e+01
1.486655902862548828e+01
1.397344970703125000e+01
1.454980659484863281e+01
1.656899070739746094e+01
1.673350334167480469e+01
1.597113704681396484e+01
1.558419704437255859e+01
1.806545448303222656e+01
1.772875595092773438e+01
1.800156593322753906e+01
1.768741035461425781e+01
1.573537540435791016e+01
1.433273220062255859e+01
1.378719520568847656e+01
1.389661693572998047e+01
1.398913192749023438e+01
1.407211494445800781e+01
1.433516216278076172e+01
1.512907314300537109e+01
1.526267719268798828e+01
1.575709915161132812e+01
1.637927627563476562e+01
1.677474975585937500e+01
1.902341842651367188e+01
1.954730224609375000e+01
1.923505592346191406e+01
1.921444320678710938e+01
1.889537811279296875e+01
1.899803733825683594e+01
1.873579597473144531e+01
2.005446815490722656e+01
2.092941284179687500e+01
2.078575706481933594e+01
2.091760444641113281e+01
2.077333450317382812e+01
1.989687728881835938e+01
1.914698028564453125e+01
1.710382461547851562e+01
1.763699150085449219e+01
1.815620613098144531e+01
1.799972915649414062e+01
1.846324920654296875e+01
1.840280723571777344e+01
1.857696342468261719e+01
1.880556297302246094e+01
1.974766921997070312e+01
2.021529960632324219e+01
1.912261199951171875e+01
1.825471496582031250e+01
1.689819717407226562e+01
1.620988464355468750e+01
1.561584949493408203e+01
1.460737419128417969e+01
1.532037258148193359e+01
1.469113349914550781e+01
1.517208576202392578e+01
1.517000484466552734e+01
1.529263305664062500e+01
1.539823818206787109e+01
1.642898941040039062e+01
1.645241546630859375e+01
1.733708381652832031e+01
1.787854003906250000e+01
1.867815399169921875e+01
1.984231758117675781e+01
2.039702033996582031e+01
2.008164024353027344e+01
1.858880615234375000e+01
1.943226432800292969e+01
1.929566574096679688e+01
1.774317359924316406e+01
1.979811286926269531e+01
1.795811462402343750e+01
1.768472862243652344e+01
1.732463455200195312e+01
1.722284698486328125e+01
1.753834342956542969e+01
1.758422470092773438e+01
1.752221298217773438e+01
1.797272682189941406e+01
1.858888626098632812e+01
1.947410964965820312e+01
1.894497108459472656e+01
1.902729797363281250e+01
1.916135215759277344e+01
1.950244522094726562e+01
1.957677841186523438e+01
1.952760887145996094e+01
2.067691612243652344e+01
2.064013481140136719e+01
1.944771957397460938e+01
1.909184074401855469e+01
1.949075508117675781e+01
2.001432609558105469e+01
1.984246635437011719e+01
1.975829887390136719e+01
2.034144401550292969e+01
1.806488418579101562e+01
1.687715339660644531e+01
1.696783256530761719e+01
1.776927375793457031e+01
1.816275405883789062e+01
1.807695198059082031e+01
1.763303375244140625e+01
1.728810310363769531e+01
1.740944290161132812e+01
1.751098442077636719e+01
1.867186355590820312e+01
2.071066665649414062e+01
2.142538070678710938e+01
2.256569290161132812e+01
2.198831748962402344e+01
2.286050987243652344e+01
2.389815521240234375e+01
2.427292251586914062e+01
2.404177856445312500e+01
2.394452285766601562e+01
2.178232002258300781e+01
2.111311149597167969e+01
1.864293289184570312e+01
1.659371376037597656e+01
1.425265121459960938e+01
1.420956420898437500e+01
1.455278682708740234e+01
1.506836128234863281e+01
1.533087539672851562e+01
1.599820613861083984e+01
1.646087646484375000e+01
1.655364227294921875e+01
1.690022659301757812e+01
1.700015830993652344e+01
1.822752189636230469e+01
1.936318969726562500e+01
2.033764648437500000e+01
2.131579208374023438e+01
2.287024879455566406e+01
2.439698028564453125e+01
2.352479934692382812e+01
2.278822898864746094e+01
2.310391807556152344e+01
2.286097335815429688e+01
2.124314308166503906e+01
1.852627182006835938e+01
1.628585624694824219e+01
1.464117240905761719e+01
1.404835510253906250e+01
1.453012561798095703e+01
1.420555496215820312e+01
1.489040088653564453e+01
1.534462738037109375e+01
1.549698257446289062e+01
1.592109680175781250e+01
1.643640327453613281e+01
1.651501846313476562e+01
1.724153709411621094e+01
1.734136009216308594e+01
1.832218742370605469e+01
1.958529853820800781e+01
2.146584892272949219e+01
2.216465568542480469e+01
2.281295013427734375e+01
2.240032386779785156e+01
2.177211380004882812e+01
2.100014305114746094e+01
2.050603294372558594e+01
1.772196197509765625e+01
1.763087844848632812e+01
1.693922615051269531e+01
1.563705921173095703e+01
1.450507354736328125e+01
1.451706600189208984e+01
1.433248329162597656e+01
1.475178432464599609e+01
1.521327209472656250e+01
1.532901477813720703e+01
1.551832199096679688e+01
1.628330039978027344e+01
1.631814575195312500e+01
1.642365264892578125e+01
1.682880210876464844e+01
1.726361465454101562e+01
1.742747116088867188e+01
1.876346778869628906e+01
1.938979148864746094e+01
1.951332092285156250e+01
2.034800720214843750e+01
1.972497749328613281e+01
1.880348014831542969e+01
1.810114288330078125e+01
1.800372695922851562e+01
1.706246376037597656e+01
1.660896492004394531e+01
1.583900070190429688e+01
1.541283035278320312e+01
1.469939517974853516e+01
1.546005153656005859e+01
1.556239700317382812e+01
1.571683883666992188e+01
1.578562164306640625e+01
1.592795085906982422e+01
1.597837638854980469e+01
1.620273017883300781e+01
1.668450164794921875e+01
1.711298370361328125e+01
1.799406242370605469e+01
1.857619857788085938e+01
1.976517868041992188e+01
2.048747253417968750e+01
2.088416290283203125e+01
2.320866775512695312e+01
2.265204429626464844e+01
2.266740989685058594e+01
2.205480194091796875e+01
2.145211982727050781e+01
1.967486572265625000e+01
1.838963699340820312e+01
1.710579872131347656e+01
1.831333351135253906e+01
1.768901634216308594e+01
1.808881759643554688e+01
1.841050720214843750e+01
1.866253280639648438e+01
1.917740631103515625e+01
2.004554748535156250e+01
1.985443687438964844e+01
1.989412879943847656e+01
1.978829193115234375e+01
2.106789779663085938e+01
2.136783218383789062e+01
2.164587020874023438e+01
2.221785926818847656e+01
2.313924026489257812e+01
2.384713554382324219e+01
2.383856582641601562e+01
2.361212921142578125e+01
2.319631004333496094e+01
2.264209365844726562e+01
2.225503540039062500e+01
2.076833343505859375e+01
1.913258171081542969e+01
1.842099952697753906e+01
1.868247604370117188e+01
1.826891708374023438e+01
1.808377647399902344e+01
1.889896583557128906e+01
1.909084701538085938e+01
1.839248085021972656e+01
1.878650474548339844e+01
2.018701362609863281e+01
2.080392456054687500e+01
2.101541519165039062e+01
2.192656326293945312e+01
2.207480239868164062e+01
2.275167465209960938e+01
2.334758758544921875e+01
2.467813682556152344e+01
2.442269897460937500e+01
2.451478958129882812e+01
2.408381843566894531e+01
2.427766227722167969e+01
2.467474746704101562e+01
2.377014541625976562e+01
2.220303535461425781e+01
2.026755142211914062e+01
1.883918571472167969e+01
1.713442420959472656e+01
1.697872161865234375e+01
1.701412582397460938e+01
1.806383705139160156e+01
1.878507423400878906e+01
1.948673439025878906e+01
1.921480369567871094e+01
2.020039749145507812e+01
2.036732673645019531e+01
2.079270362854003906e+01
2.196594238281250000e+01
2.269746780395507812e+01
2.293333816528320312e+01
2.447937202453613281e+01
2.586046981811523438e+01
2.647973251342773438e+01
2.641451263427734375e+01
2.566306304931640625e+01
2.485060310363769531e+01
2.438300323486328125e+01
2.388948822021484375e+01
2.310345458984375000e+01
2.119901466369628906e+01
2.017499923706054688e+01
1.901277923583984375e+01
1.787905311584472656e+01
1.726789474487304688e+01
1.721566009521484375e+01
1.871598815917968750e+01
2.003252792358398438e+01
2.096284484863281250e+01
2.166703796386718750e+01
2.249865531921386719e+01
2.267866516113281250e+01
2.283010101318359375e+01
2.284158706665039062e+01
2.360130310058593750e+01
2.388229370117187500e+01
2.411948585510253906e+01
2.400920104980468750e+01
2.420347023010253906e+01
2.419528961181640625e+01
2.396510124206542969e+01
2.330990791320800781e+01
2.281210899353027344e+01
2.208521270751953125e+01
2.114003944396972656e+01
1.939539718627929688e+01
1.726610946655273438e+01
1.664944458007812500e+01
1.675135040283203125e+01
1.711933517456054688e+01
1.748965454101562500e+01
1.781285667419433594e+01
1.811035537719726562e+01
1.838586044311523438e+01
1.857173538208007812e+01
1.983982849121093750e+01
1.975593757629394531e+01
2.029996109008789062e+01
2.181343650817871094e+01
2.288611412048339844e+01
2.457889556884765625e+01
2.649751663208007812e+01
2.738160514831542969e+01
2.625323677062988281e+01
2.512839317321777344e+01
2.445450019836425781e+01
2.401284217834472656e+01
2.189910125732421875e+01
1.998154258728027344e+01
1.772552680969238281e+01
1.695996475219726562e+01
1.622673797607421875e+01
1.625411987304687500e+01
1.690566444396972656e+01
1.801059913635253906e+01
1.820663070678710938e+01
1.865154647827148438e+01
1.917037963867187500e+01
1.943288040161132812e+01
1.950403404235839844e+01
2.019536972045898438e+01
2.119854164123535156e+01
2.263599967956542969e+01
2.325501823425292969e+01
2.531637001037597656e+01
2.626211547851562500e+01
2.619646453857421875e+01
2.573513221740722656e+01
2.466322517395019531e+01
2.359574890136718750e+01
2.202949333190917969e+01
2.106909179687500000e+01
1.929418563842773438e+01
1.750897216796875000e+01
1.656707000732421875e+01
1.589151573181152344e+01
1.618896484375000000e+01
1.675709724426269531e+01
1.714956665039062500e+01
1.744552230834960938e+01
1.798443984985351562e+01
1.857357978820800781e+01
1.876123428344726562e+01
1.962782669067382812e+01
1.934499359130859375e+01
2.055327796936035156e+01
2.112942504882812500e+01
2.185393333435058594e+01
2.329377365112304688e+01
2.458308219909667969e+01
2.548921203613281250e+01
2.603172111511230469e+01
2.469906234741210938e+01
2.371309852600097656e+01
2.302873229980468750e+01
1.973452377319335938e+01
1.759313583374023438e+01
1.632071495056152344e+01
1.573962688446044922e+01
1.510528182983398438e+01
1.539423274993896484e+01
1.592181396484375000e+01
1.606155967712402344e+01
1.618604469299316406e+01
1.667671012878417969e+01
1.752808570861816406e+01
1.822057723999023438e+01
1.836927032470703125e+01
1.956688880920410156e+01
2.124410247802734375e+01
2.217271232604980469e+01
2.283836555480957031e+01
2.379178619384765625e+01
2.459702491760253906e+01
2.493882560729980469e+01
2.427622795104980469e+01
2.326769638061523438e+01
2.226008033752441406e+01
2.071712303161621094e+01
2.063750839233398438e+01
1.727622222900390625e+01
1.426568508148193359e+01
1.473976612091064453e+01
1.514034175872802734e+01
1.564411830902099609e+01
1.663404273986816406e+01
1.642356491088867188e+01
1.659975051879882812e+01
1.744755363464355469e+01
1.778996658325195312e+01
1.779741668701171875e+01
1.828844070434570312e+01
1.871298217773437500e+01
1.956996154785156250e+01
2.033109474182128906e+01
2.185929870605468750e+01
2.340104103088378906e+01
2.415174484252929688e+01
2.402557945251464844e+01
2.263039016723632812e+01
2.074864959716796875e+01
1.907061386108398438e+01
1.859957885742187500e+01
1.697119712829589844e+01
1.651963996887207031e+01
1.584906101226806641e+01
1.464272308349609375e+01
1.437522697448730469e+01
1.478514671325683594e+01
1.525661754608154297e+01
1.536544704437255859e+01
1.607237815856933594e+01
1.655646896362304688e+01
1.702610206604003906e+01
1.714310264587402344e+01
1.807056617736816406e+01
1.818295097351074219e+01
1.841309928894042969e+01
1.946406173706054688e+01
2.115998840332031250e+01
2.199772644042968750e+01
2.223303031921386719e+01
2.292545509338378906e+01
2.138505744934082031e+01
2.168631553649902344e+01
1.994944000244140625e+01
1.911323928833007812e+01
1.812182426452636719e+01
1.749488449096679688e+01
1.697468948364257812e+01
1.687303352355957031e+01
1.721831703186035156e+01
1.752061080932617188e+01
1.775052642822265625e+01
1.797247314453125000e+01
1.814779472351074219e+01
1.780278396606445312e+01
1.775195503234863281e+01
1.838858222961425781e+01
1.843792152404785156e+01
1.881773376464843750e+01
1.979402923583984375e+01
2.029326438903808594e+01
2.104955673217773438e+01
2.181254768371582031e+01
2.167438316345214844e+01
2.151851844787597656e+01
2.094596099853515625e+01
2.046971511840820312e+01
1.896687126159667969e+01
1.816541671752929688e+01
1.708343315124511719e+01
1.711164474487304688e+01
1.705670738220214844e+01
1.670418357849121094e+01
1.635758209228515625e+01
1.655811309814453125e+01
1.669562911987304688e+01
1.621251487731933594e+01
1.579691696166992188e+01
1.583221626281738281e+01
1.581114768981933594e+01
1.575563716888427734e+01
1.581898021697998047e+01
1.585408115386962891e+01
1.587881660461425781e+01
1.589303684234619141e+01
1.644089317321777344e+01
1.757464981079101562e+01
1.815583801269531250e+01
1.749313354492187500e+01
1.859446525573730469e+01
1.904269599914550781e+01
1.731363677978515625e+01
1.696528244018554688e+01
1.759992408752441406e+01
1.692595481872558594e+01
1.572990131378173828e+01
1.436943912506103516e+01
1.368261909484863281e+01
1.381058502197265625e+01
1.389988422393798828e+01
1.443351459503173828e+01
1.494268131256103516e+01
1.543373584747314453e+01
1.594797992706298828e+01
1.708726310729980469e+01
1.839633178710937500e+01
1.904099273681640625e+01
1.950253486633300781e+01
2.028420257568359375e+01
2.000862312316894531e+01
2.059926986694335938e+01
1.995516204833984375e+01
2.014792633056640625e+01
1.984745407104492188e+01
1.845406341552734375e+01
1.700167655944824219e+01
1.655249023437500000e+01
1.473663330078125000e+01
1.411371707916259766e+01
1.448376750946044922e+01
1.403906631469726562e+01
1.333484554290771484e+01
1.438053798675537109e+01
1.503536319732666016e+01
1.520355796813964844e+01
1.519591903686523438e+01
1.518374061584472656e+01
1.579469108581542969e+01
1.729129409790039062e+01
1.606052017211914062e+01
1.617969703674316406e+01
1.599263954162597656e+01
1.781701660156250000e+01
2.072402000427246094e+01
2.153306198120117188e+01
2.091790962219238281e+01
2.014391326904296875e+01
2.016965484619140625e+01
1.912030220031738281e+01
1.866359138488769531e+01
1.701754188537597656e+01
1.626107215881347656e+01
1.546477699279785156e+01
1.485986423492431641e+01
1.501388454437255859e+01
1.507211303710937500e+01
1.546863174438476562e+01
1.613593101501464844e+01
1.537483882904052734e+01
1.643317794799804688e+01
1.650851058959960938e+01
1.656198120117187500e+01
1.648097038269042969e+01
1.654102134704589844e+01
1.757555580139160156e+01
1.781917381286621094e+01
1.922904777526855469e+01
2.032713890075683594e+01
2.092242622375488281e+01
2.028371047973632812e+01
2.018997764587402344e+01
1.913914299011230469e+01
1.797217369079589844e+01
1.626234817504882812e+01
1.609060096740722656e+01
1.624790763854980469e+01
1.547432613372802734e+01
1.505531215667724609e+01
1.391138744354248047e+01
1.406829833984375000e+01
1.376744937896728516e+01
1.488193988800048828e+01
1.494533348083496094e+01
1.500576114654541016e+01
1.549485015869140625e+01
1.536610698699951172e+01
1.691207695007324219e+01
1.769990730285644531e+01
1.918462753295898438e+01
1.936499786376953125e+01
2.061386871337890625e+01
2.011036300659179688e+01
2.018350791931152344e+01
1.924936103820800781e+01
1.953836631774902344e+01
1.620468330383300781e+01
1.980624389648437500e+01
1.885323905944824219e+01
1.628205299377441406e+01
1.546403121948242188e+01
1.418834114074707031e+01
1.390612792968750000e+01
1.340104484558105469e+01
1.341053295135498047e+01
1.408435916900634766e+01
1.409620857238769531e+01
1.512419128417968750e+01
1.512859916687011719e+01
1.526109695434570312e+01
1.526459312438964844e+01
1.615737533569335938e+01
1.607496070861816406e+01
1.608069038391113281e+01
1.650295639038085938e+01
1.750940513610839844e+01
1.789206886291503906e+01
1.755163955688476562e+01
1.999307632446289062e+01
1.910613059997558594e+01
1.825682830810546875e+01
2.074579811096191406e+01
1.837278175354003906e+01
1.819164085388183594e+01
1.594763565063476562e+01
1.466994762420654297e+01
1.473936367034912109e+01
1.350821113586425781e+01
1.387999153137207031e+01
1.493866729736328125e+01
1.500929641723632812e+01
1.508820724487304688e+01
1.605449104309082031e+01
1.609253501892089844e+01
1.724124908447265625e+01
1.731344795227050781e+01
1.870188713073730469e+01
1.837411880493164062e+01
1.946721458435058594e+01
2.105897712707519531e+01
2.152740859985351562e+01
2.166804504394531250e+01
2.052904701232910156e+01
2.055526924133300781e+01
1.969198989868164062e+01
1.889570999145507812e+01
1.806266403198242188e+01
1.606615257263183594e+01
1.490966606140136719e+01
1.353051853179931641e+01
1.406105041503906250e+01
1.425840854644775391e+01
1.603267669677734375e+01
1.644154739379882812e+01
1.779370307922363281e+01
1.771793174743652344e+01
1.873201751708984375e+01
1.888940429687500000e+01
1.985380744934082031e+01
1.941286087036132812e+01
2.016610336303710938e+01
2.003440666198730469e+01
2.039096069335937500e+01
2.080583190917968750e+01
2.062854194641113281e+01
2.168361473083496094e+01
2.269650840759277344e+01
2.301825523376464844e+01
2.365135765075683594e+01
2.308010482788085938e+01
2.124893569946289062e+01
1.703449058532714844e+01
1.619423866271972656e+01
1.708639526367187500e+01
1.771822166442871094e+01
1.724319458007812500e+01
1.798089790344238281e+01
1.826651382446289062e+01
1.808695411682128906e+01
1.849516105651855469e+01
1.944519615173339844e+01
2.043779182434082031e+01
2.134470367431640625e+01
2.147533226013183594e+01
2.191255378723144531e+01
2.274029350280761719e+01
2.272686386108398438e+01
2.290412139892578125e+01
2.470929718017578125e+01
2.410348510742187500e+01
2.356768417358398438e+01
2.328644943237304688e+01
2.205980300903320312e+01
2.113957595825195312e+01
2.003981208801269531e+01
1.813918876647949219e+01
1.656772613525390625e+01
1.649855804443359375e+01
1.575367355346679688e+01
1.561032962799072266e+01
1.594019699096679688e+01
1.681691360473632812e+01
1.750838851928710938e+01
1.840831947326660156e+01
1.909537696838378906e+01
1.901256942749023438e+01
2.015495109558105469e+01
2.077261734008789062e+01
2.118324089050292969e+01
2.181630897521972656e+01
2.256397056579589844e+01
2.305561447143554688e+01
2.346011543273925781e+01
2.383466720581054688e+01
2.306555557250976562e+01
2.271120452880859375e+01
2.143096542358398438e+01
1.998732757568359375e+01
1.894510459899902344e+01
1.826664733886718750e+01
1.635695266723632812e+01
1.607246208190917969e+01
1.588072299957275391e+01
1.608254432678222656e+01
1.563937854766845703e+01
1.609586906433105469e+01
1.625982666015625000e+01
1.657655715942382812e+01
1.758571624755859375e+01
1.798880004882812500e+01
1.856681632995605469e+01
1.960753059387207031e+01
2.039253807067871094e+01
2.148348617553710938e+01
2.221360969543457031e+01
2.274763298034667969e+01
2.295985031127929688e+01
2.288535690307617188e+01
2.251324844360351562e+01
2.215847778320312500e+01
2.114463806152343750e+01
1.966859245300292969e+01
1.801529121398925781e+01
1.613137626647949219e+01
1.524730873107910156e+01
1.529538822174072266e+01
1.498340320587158203e+01
1.564102363586425781e+01
1.551317596435546875e+01
1.622503852844238281e+01
1.633098602294921875e+01
1.695026397705078125e+01
1.734563255310058594e+01
1.834916687011718750e+01
1.880274581909179688e+01
1.977339744567871094e+01
2.099305152893066406e+01
2.190052223205566406e+01
2.260795402526855469e+01
2.312524414062500000e+01
2.355941963195800781e+01
2.343293762207031250e+01
2.275264930725097656e+01
2.255016899108886719e+01
2.193795204162597656e+01
2.128230285644531250e+01
1.968549156188964844e+01
1.776094245910644531e+01
1.782181930541992188e+01
1.728708267211914062e+01
1.598571109771728516e+01
1.478649902343750000e+01
1.520741558074951172e+01
1.569546031951904297e+01
1.602788352966308594e+01
1.731113052368164062e+01
1.729202842712402344e+01
1.740548133850097656e+01
1.787673759460449219e+01
1.851317596435546875e+01
1.976058769226074219e+01
2.050907325744628906e+01
2.169523239135742188e+01
2.267650985717773438e+01
2.316834831237792969e+01
2.320528221130371094e+01
2.358147239685058594e+01
2.316475677490234375e+01
2.227800941467285156e+01
2.179366302490234375e+01
2.121287155151367188e+01
1.951209449768066406e+01
1.848625183105468750e+01
1.772411918640136719e+01
1.671261787414550781e+01
1.717141342163085938e+01
1.761326789855957031e+01
1.843038940429687500e+01
1.991677284240722656e+01
2.031108856201171875e+01
1.985559844970703125e+01
1.870568656921386719e+01
1.909890937805175781e+01
1.875751304626464844e+01
1.974051475524902344e+01
2.061910438537597656e+01
2.054300880432128906e+01
2.093824958801269531e+01
2.172290039062500000e+01
2.102123069763183594e+01
2.236248016357421875e+01
2.159320640563964844e+01
2.153520584106445312e+01
2.119280815124511719e+01
1.874151420593261719e+01
1.833112907409667969e+01
1.901667213439941406e+01
1.967004585266113281e+01
1.875662994384765625e+01
1.884622001647949219e+01
1.876112365722656250e+01
1.910038375854492188e+01
1.872457504272460938e+01
1.904990768432617188e+01
1.889010238647460938e+01
1.812230682373046875e+01
1.834420394897460938e+01
1.845838356018066406e+01
1.843162918090820312e+01
1.846016311645507812e+01
1.990509033203125000e+01
2.080409240722656250e+01
2.146281051635742188e+01
2.208110427856445312e+01
2.265853309631347656e+01
2.121057701110839844e+01
1.971633529663085938e+01
2.068934440612792969e+01
1.987441444396972656e+01
1.786843299865722656e+01
1.706287193298339844e+01
1.642056083679199219e+01
1.697576522827148438e+01
1.612456512451171875e+01
1.664827537536621094e+01
1.686807632446289062e+01
1.718876266479492188e+01
1.723032379150390625e+01
1.726714515686035156e+01
1.777036094665527344e+01
1.742088508605957031e+01
1.819662475585937500e+01
1.933687782287597656e+01
2.151363182067871094e+01
2.228037071228027344e+01
2.352146339416503906e+01
2.343100547790527344e+01
2.337923240661621094e+01
2.355200386047363281e+01
2.268183135986328125e+01
2.091215705871582031e+01
2.017616462707519531e+01
1.833394050598144531e+01
1.625806617736816406e+01
1.525230693817138672e+01
1.533717632293701172e+01
1.482463073730468750e+01
1.551807880401611328e+01
1.623934555053710938e+01
1.683453559875488281e+01
1.706153869628906250e+01
1.715705680847167969e+01
1.803048324584960938e+01
1.917485427856445312e+01
1.934680557250976562e+01
2.051569938659667969e+01
2.115299034118652344e+01
2.146614456176757812e+01
2.239412498474121094e+01
2.326268386840820312e+01
2.275785827636718750e+01
2.202546119689941406e+01
2.158579254150390625e+01
2.138268661499023438e+01
1.973509216308593750e+01
1.846438407897949219e+01
1.771766471862792969e+01
1.691889190673828125e+01
1.515209102630615234e+01
1.504781913757324219e+01
1.387143421173095703e+01
1.420806026458740234e+01
1.495843124389648438e+01
1.568794059753417969e+01
1.674637603759765625e+01
1.684639358520507812e+01
1.783239555358886719e+01
1.832194709777832031e+01
1.886378097534179688e+01
1.926073265075683594e+01
1.972327613830566406e+01
1.982191276550292969e+01
2.094746017456054688e+01
2.071178054809570312e+01
2.061047554016113281e+01
2.018023681640625000e+01
2.130529785156250000e+01
2.286585044860839844e+01
2.109711074829101562e+01
2.059465408325195312e+01
2.025683403015136719e+01
1.849447822570800781e+01
1.725541114807128906e+01
1.611777687072753906e+01
1.601801109313964844e+01
1.592362499237060547e+01
1.617731857299804688e+01
1.726025009155273438e+01
1.748338699340820312e+01
1.762849235534667969e+01
1.762695312500000000e+01
1.753102493286132812e+01
1.827981567382812500e+01
1.883524894714355469e+01
2.023516082763671875e+01
2.079257965087890625e+01
2.190740966796875000e+01
2.227264213562011719e+01
2.175831985473632812e+01
2.183790206909179688e+01
2.197804641723632812e+01
2.103812980651855469e+01
2.065792274475097656e+01
1.875784683227539062e+01
1.823116683959960938e+01
1.738367271423339844e+01
1.599191761016845703e+01
1.606847953796386719e+01
1.619275665283203125e+01
1.611702537536621094e+01
1.608390808105468750e+01
1.639467048645019531e+01
1.755558776855468750e+01
1.770346260070800781e+01
1.776343154907226562e+01
1.791732406616210938e+01
1.923913002014160156e+01
1.962314414978027344e+01
2.009596633911132812e+01
2.105629348754882812e+01
2.118818473815917969e+01
2.127512931823730469e+01
2.089109611511230469e+01
2.063833236694335938e+01
2.083917236328125000e+01
2.109364700317382812e+01
1.978536224365234375e+01
2.036484146118164062e+01
1.964855194091796875e+01
1.888881111145019531e+01
1.702069664001464844e+01
1.615814018249511719e+01
1.554508781433105469e+01
1.511692810058593750e+01
1.604272651672363281e+01
1.680072784423828125e+01
1.792560577392578125e+01
1.869995307922363281e+01
1.891650772094726562e+01
1.879489135742187500e+01
1.983745765686035156e+01
2.033032417297363281e+01
2.076227569580078125e+01
2.176195144653320312e+01
2.309551811218261719e+01
2.309676933288574219e+01
2.247450256347656250e+01
2.215583610534667969e+01
2.173009109497070312e+01
2.217457199096679688e+01
2.232440185546875000e+01
2.148569107055664062e+01
1.976169204711914062e+01
1.824187088012695312e+01
1.933283615112304688e+01
1.798352050781250000e+01
1.837438011169433594e+01
1.753377723693847656e+01
1.790903663635253906e+01
1.811907577514648438e+01
1.852704429626464844e+01
1.859220886230468750e+01
1.982666015625000000e+01
2.096245765686035156e+01
2.158509445190429688e+01
2.291666030883789062e+01
2.327938652038574219e+01
2.359291839599609375e+01
2.342586326599121094e+01
2.328511238098144531e+01
2.251315498352050781e+01
2.247798347473144531e+01
2.050525474548339844e+01
2.019156074523925781e+01
2.011051750183105469e+01
1.925278854370117188e+01
1.831970596313476562e+01
1.626611709594726562e+01
1.440529251098632812e+01
1.455692577362060547e+01
1.533954906463623047e+01
1.641104316711425781e+01
1.666394042968750000e+01
1.729643821716308594e+01
1.798901939392089844e+01
1.800772285461425781e+01
1.915521049499511719e+01
1.990716552734375000e+01
2.116124725341796875e+01
2.368474769592285156e+01
2.354618453979492188e+01
2.278789329528808594e+01
2.215353584289550781e+01
2.178064727783203125e+01
2.069015312194824219e+01
1.928595352172851562e+01
1.830091476440429688e+01
1.819677162170410156e+01
1.660660362243652344e+01
1.551171493530273438e+01
1.395434761047363281e+01
1.399775981903076172e+01
1.398443222045898438e+01
1.398327255249023438e+01
1.396858596801757812e+01
1.467714214324951172e+01
1.528419113159179688e+01
1.548769569396972656e+01
1.632275962829589844e+01
1.687335968017578125e+01
1.735565948486328125e+01
1.777980613708496094e+01
1.847109794616699219e+01
1.833263397216796875e+01
1.895429420471191406e+01
1.885714149475097656e+01
1.888888168334960938e+01
1.756484794616699219e+01
1.763798141479492188e+01
1.746929168701171875e+01
1.626495170593261719e+01
1.608677291870117188e+01
1.557630825042724609e+01
1.573863983154296875e+01
1.620560836791992188e+01
1.528964138031005859e+01
1.491801929473876953e+01
1.446034240722656250e+01
1.494866561889648438e+01
1.418788337707519531e+01
1.500062179565429688e+01
1.602127265930175781e+01
1.620010566711425781e+01
1.749307441711425781e+01
1.791701507568359375e+01
1.904518508911132812e+01
1.955825042724609375e+01
2.009172058105468750e+01
2.078043937683105469e+01
2.046016883850097656e+01
2.119974136352539062e+01
1.983735275268554688e+01
1.903173637390136719e+01
1.816049957275390625e+01
1.778738021850585938e+01
1.642109489440917969e+01
1.528887367248535156e+01
1.456065654754638672e+01
1.357220554351806641e+01
1.278285980224609375e+01
1.309589099884033203e+01
1.339325141906738281e+01
1.456046581268310547e+01
1.471119689941406250e+01
1.588911056518554688e+01
1.643377494812011719e+01
1.684419250488281250e+01
1.747117614746093750e+01
1.805234909057617188e+01
1.793884086608886719e+01
2.037412643432617188e+01
1.975949859619140625e+01
