-2.616786609621613025e-08
5.999999712355785775e-01
5.999999712355785775e-01
5.999999712355785775e-01
5.999999712355785775e-01
1.000000159105677966e+00
-2.616786609621613025e-08
-6.099999620567295722e+00
-6.699999617970741284e+00
-4.399999817525333867e+00
-3.300000011886819351e+00
-3.300000011886819351e+00
-3.300000011886819351e+00
-3.300000011886819351e+00
-3.900000009290264913e+00
-3.300000011886819351e+00
-3.300000011886819351e+00
-3.900000009290264913e+00
-4.399999817525333867e+00
-4.999999814928779429e+00
-4.000000198458641520e+00
-2.999999444381689528e+00
-2.800000203651748620e+00
-2.800000203651748620e+00
-3.300000011886819351e+00
-3.300000011886819351e+00
-2.999999444381689528e+00
-3.300000011886819351e+00
-2.800000203651748620e+00
-2.800000203651748620e+00
-3.900000009290264913e+00
-4.399999817525333867e+00
-4.399999817525333867e+00
-3.900000009290264913e+00
-4.399999817525333867e+00
-4.999999814928779429e+00
-5.599999812332226767e+00
-5.599999812332226767e+00
-6.099999620567295722e+00
-6.099999620567295722e+00
-6.099999620567295722e+00
-5.599999812332226767e+00
-5.599999812332226767e+00
-6.099999620567295722e+00
-5.599999812332226767e+00
-5.999999431398919114e+00
-5.599999812332226767e+00
-4.999999814928779429e+00
-5.599999812332226767e+00
-5.599999812332226767e+00
-5.599999812332226767e+00
1.099999779470648420e+00
1.099999779470648420e+00
1.699999776874093982e+00
1.099999779470648420e+00
-2.616786609621613025e-08
5.999999712355785775e-01
1.099999779470648420e+00
-2.616786609621613025e-08
5.999999712355785775e-01
5.999999712355785775e-01
1.699999776874093982e+00
1.699999776874093982e+00
-2.616786609621613025e-08
1.099999779470648420e+00
1.099999779470648420e+00
2.200000153912569978e+00
2.800000151316015540e+00
3.299999959551085382e+00
3.299999959551085382e+00
3.299999959551085382e+00
3.899999956954530944e+00
3.899999956954530944e+00
3.899999956954530944e+00
4.400000049591302975e+00
2.200000153912569978e+00
1.699999776874093982e+00
2.200000153912569978e+00
1.699999776874093982e+00
-2.616786609621613025e-08
-1.700000398013234104e+00
-7.000000185475869330e+00
-1.099999831806382389e+00
-1.099999831806382389e+00
-1.099999831806382389e+00
-2.800000203651748620e+00
-3.900000009290264913e+00
-3.900000009290264913e+00
-5.599999812332226767e+00
-6.099999620567295722e+00
-6.699999617970741284e+00
-6.699999617970741284e+00
-7.000000185475869330e+00
-6.699999617970741284e+00
-6.699999617970741284e+00
-6.699999617970741284e+00
-6.699999617970741284e+00
-6.699999617970741284e+00
-6.099999620567295722e+00
7.800000011177354864e+00
7.800000011177354864e+00
7.800000011177354864e+00
7.800000011177354864e+00
7.800000011177354864e+00
8.299999997163487464e+00
8.299999997163487464e+00
8.299999997163487464e+00
8.299999997163487464e+00
8.299999997163487464e+00
8.299999997163487464e+00
9.399999980553067402e+00
9.399999980553067402e+00
9.399999980553067402e+00
9.399999980553067402e+00
9.399999980553067402e+00
9.999999977956512964e+00
1.059999997535996030e+01
9.999999977956512964e+00
1.059999997535996030e+01
1.109999992579588124e+01
1.109999992579588124e+01
1.059999997535996030e+01
5.600000044398194987e+00
1.699999776874093982e+00
-2.200000206248303058e+00
-2.200000206248303058e+00
-3.900000009290264913e+00
-3.900000009290264913e+00
-3.300000011886819351e+00
-2.200000206248303058e+00
-2.200000206248303058e+00
-1.099999831806382389e+00
-1.700000398013234104e+00
-6.000000235713134344e-01
8.899999994566934802e+00
8.899999994566934802e+00
8.299999997163487464e+00
8.299999997163487464e+00
8.299999997163487464e+00
8.299999997163487464e+00
8.299999997163487464e+00
8.299999997163487464e+00
8.899999994566934802e+00
6.699999992237561486e+00
7.199999942673482423e+00
7.199999942673482423e+00
1.059999997535996030e+01
1.169999992319932680e+01
1.169999992319932680e+01
1.169999992319932680e+01
1.109999992579588124e+01
9.999999977956512964e+00
9.999999977956512964e+00
9.399999980553067402e+00
9.999999977956512964e+00
1.059999997535996030e+01
8.899999994566934802e+00
8.299999997163487464e+00
7.800000011177354864e+00
4.400000049591302975e+00
5.000000046994749425e+00
5.600000044398194987e+00
5.600000044398194987e+00
5.000000046994749425e+00
2.169999950072115524e+01
2.169999950072115524e+01
2.169999950072115524e+01
2.109999950331770435e+01
2.109999950331770435e+01
2.059999969508263717e+01
2.109999950331770435e+01
2.059999969508263717e+01
2.109999950331770435e+01
2.109999950331770435e+01
2.109999950331770435e+01
2.169999950072115524e+01
2.169999950072115524e+01
2.109999950331770435e+01
2.169999950072115524e+01
2.169999950072115524e+01
2.220000044656303473e+01
2.169999950072115524e+01
2.109999950331770435e+01
2.109999950331770435e+01
1.999999969767919339e+01
2.059999969508263717e+01
1.999999969767919339e+01
1.939999970027574605e+01
1.939999970027574605e+01
1.780000008640216080e+01
1.780000008640216080e+01
1.829999989463723153e+01
1.829999989463723153e+01
1.829999989463723153e+01
1.720000008899871347e+01
1.280000001323954351e+01
1.330000010587631820e+01
1.330000010587631820e+01
1.330000010587631820e+01
1.390000010327976199e+01
1.439999991151483272e+01
1.439999991151483272e+01
1.559999990632172384e+01
1.559999990632172384e+01
1.610000028336019895e+01
1.499999990891827828e+01
1.439999991151483272e+01
1.559999990632172384e+01
1.559999990632172384e+01
1.670000028076364629e+01
1.559999990632172384e+01
1.610000028336019895e+01
1.610000028336019895e+01
1.220000001583609972e+01
1.720000008899871347e+01
1.780000008640216080e+01
1.780000008640216080e+01
1.939999970027574605e+01
1.720000008899871347e+01
1.999999969767919339e+01
1.999999969767919339e+01
1.939999970027574605e+01
1.939999970027574605e+01
1.939999970027574605e+01
1.939999970027574605e+01
1.939999970027574605e+01
1.939999970027574605e+01
1.939999970027574605e+01
1.999999969767919339e+01
1.999999969767919339e+01
1.999999969767919339e+01
1.939999970027574605e+01
1.999999969767919339e+01
1.999999969767919339e+01
1.999999969767919339e+01
2.059999969508263717e+01
2.109999950331770435e+01
2.109999950331770435e+01
2.169999950072115524e+01
2.169999950072115524e+01
2.169999950072115524e+01
2.220000044656303473e+01
2.280000044396648207e+01
2.109999950331770435e+01
2.109999950331770435e+01
1.330000010587631820e+01
1.330000010587631820e+01
1.330000010587631820e+01
1.280000001323954351e+01
1.280000001323954351e+01
1.330000010587631820e+01
1.330000010587631820e+01
1.390000010327976199e+01
1.390000010327976199e+01
1.439999991151483272e+01
1.439999991151483272e+01
1.439999991151483272e+01
1.499999990891827828e+01
1.559999990632172384e+01
1.559999990632172384e+01
1.610000028336019895e+01
1.600000009419182234e+01
1.610000028336019895e+01
1.720000008899871347e+01
1.780000008640216080e+01
1.780000008640216080e+01
1.780000008640216080e+01
1.780000008640216080e+01
1.780000008640216080e+01
1.780000008640216080e+01
1.780000008640216080e+01
1.780000008640216080e+01
1.780000008640216080e+01
1.780000008640216080e+01
1.780000008640216080e+01
1.720000008899871347e+01
1.720000008899871347e+01
1.720000008899871347e+01
1.720000008899871347e+01
1.720000008899871347e+01
1.720000008899871347e+01
1.720000008899871347e+01
1.720000008899871347e+01
1.720000008899871347e+01
-2.200000206248303058e+00
-1.700000398013234104e+00
-1.700000398013234104e+00
-1.099999831806382389e+00
-1.099999831806382389e+00
-6.000000235713134344e-01
-6.000000235713134344e-01
5.999999712355785775e-01
-6.000000235713134344e-01
-6.000000235713134344e-01
-6.000000235713134344e-01
-2.616786609621613025e-08
-2.616786609621613025e-08
5.999999712355785775e-01
5.999999712355785775e-01
5.999999712355785775e-01
5.999999712355785775e-01
1.099999779470648420e+00
-6.000000235713134344e-01
-2.616786609621613025e-08
-2.616786609621613025e-08
-2.616786609621613025e-08
-2.616786609621613025e-08
1.099999779470648420e+00
-6.000000235713134344e-01
-1.099999831806382389e+00
-6.000000235713134344e-01
-1.700000398013234104e+00
-1.700000398013234104e+00
-2.200000206248303058e+00
-2.200000206248303058e+00
-2.200000206248303058e+00
2.280000044396648207e+01
2.280000044396648207e+01
2.330000025220154924e+01
2.390000024960499303e+01
2.390000024960499303e+01
2.440000005784006731e+01
2.440000005784006731e+01
2.440000005784006731e+01
2.440000005784006731e+01
2.440000005784006731e+01
2.500000005524351110e+01
2.440000005784006731e+01
2.390000024960499303e+01
2.440000005784006731e+01
2.560000005264695488e+01
2.500000005524351110e+01
2.500000005524351110e+01
2.440000005784006731e+01
2.390000024960499303e+01
2.330000025220154924e+01
2.330000025220154924e+01
2.330000025220154924e+01
2.109999950331770435e+01
2.059999969508263717e+01
1.939999970027574605e+01
2.109999950331770435e+01
2.059999969508263717e+01
2.059999969508263717e+01
2.109999950331770435e+01
2.220000044656303473e+01
2.280000044396648207e+01
2.280000044396648207e+01
2.220000044656303473e+01
2.220000044656303473e+01
2.220000044656303473e+01
2.220000044656303473e+01
2.220000044656303473e+01
2.280000044396648207e+01
2.220000044656303473e+01
2.280000044396648207e+01
2.330000025220154924e+01
2.169999950072115524e+01
2.169999950072115524e+01
2.280000044396648207e+01
2.390000024960499303e+01
2.390000024960499303e+01
2.390000024960499303e+01
2.330000025220154924e+01
2.220000044656303473e+01
2.169999950072115524e+01
2.220000044656303473e+01
2.169999950072115524e+01
2.169999950072115524e+01
2.169999950072115524e+01
2.109999950331770435e+01
2.109999950331770435e+01
2.109999950331770435e+01
2.109999950331770435e+01
2.109999950331770435e+01
2.109999950331770435e+01
1.999999969767919339e+01
2.059999969508263717e+01
1.939999970027574605e+01
1.829999989463723153e+01
1.889999989204067532e+01
1.829999989463723153e+01
1.889999989204067532e+01
1.780000008640216080e+01
1.829999989463723153e+01
1.939999970027574605e+01
2.169999950072115524e+01
2.220000044656303473e+01
2.220000044656303473e+01
2.169999950072115524e+01
2.169999950072115524e+01
2.169999950072115524e+01
2.169999950072115524e+01
2.109999950331770435e+01
2.169999950072115524e+01
2.220000044656303473e+01
2.280000044396648207e+01
2.220000044656303473e+01
2.220000044656303473e+01
2.220000044656303473e+01
2.169999950072115524e+01
2.169999950072115524e+01
2.169999950072115524e+01
2.220000044656303473e+01
2.220000044656303473e+01
2.330000025220154924e+01
2.500000005524351110e+01
2.500000005524351110e+01
2.440000005784006731e+01
2.440000005784006731e+01
2.440000005784006731e+01
2.500000005524351110e+01
2.500000005524351110e+01
2.560000005264695488e+01
2.560000005264695488e+01
2.560000005264695488e+01
2.560000005264695488e+01
2.500000005524351110e+01
2.440000005784006731e+01
2.390000024960499303e+01
2.220000044656303473e+01
2.169999950072115524e+01
2.169999950072115524e+01
2.169999950072115524e+01
2.109999950331770435e+01
2.109999950331770435e+01
2.169999950072115524e+01
2.059999969508263717e+01
1.999999969767919339e+01
1.939999970027574605e+01
1.780000008640216080e+01
1.670000028076364629e+01
1.670000028076364629e+01
1.610000028336019895e+01
1.670000028076364629e+01
1.720000008899871347e+01
1.670000028076364629e+01
1.780000008640216080e+01
1.720000008899871347e+01
1.610000028336019895e+01
1.720000008899871347e+01
1.720000008899871347e+01
1.720000008899871347e+01
1.720000008899871347e+01
1.720000008899871347e+01
1.720000008899871347e+01
1.670000028076364629e+01
1.780000008640216080e+01
1.780000008640216080e+01
1.939999970027574605e+01
2.109999950331770435e+01
1.999999969767919339e+01
1.939999970027574605e+01
1.780000008640216080e+01
1.939999970027574605e+01
1.829999989463723153e+01
1.829999989463723153e+01
1.889999989204067532e+01
1.939999970027574605e+01
1.939999970027574605e+01
1.829999989463723153e+01
1.889999989204067532e+01
1.829999989463723153e+01
1.939999970027574605e+01
1.720000008899871347e+01
1.780000008640216080e+01
1.999999969767919339e+01
1.939999970027574605e+01
2.059999969508263717e+01
1.999999969767919339e+01
1.939999970027574605e+01
1.939999970027574605e+01
1.999999969767919339e+01
1.999999969767919339e+01
1.939999970027574605e+01
1.939999970027574605e+01
1.999999969767919339e+01
1.939999970027574605e+01
1.889999989204067532e+01
1.889999989204067532e+01
1.939999970027574605e+01
1.939999970027574605e+01
1.889999989204067532e+01
1.889999989204067532e+01
1.829999989463723153e+01
1.780000008640216080e+01
1.829999989463723153e+01
1.999999969767919339e+01
1.939999970027574605e+01
1.939999970027574605e+01
2.169999950072115524e+01
2.109999950331770435e+01
2.059999969508263717e+01
2.109999950331770435e+01
2.059999969508263717e+01
2.059999969508263717e+01
2.109999950331770435e+01
2.059999969508263717e+01
2.059999969508263717e+01
2.059999969508263717e+01
2.109999950331770435e+01
2.109999950331770435e+01
1.999999969767919339e+01
1.939999970027574605e+01
1.939999970027574605e+01
2.059999969508263717e+01
2.059999969508263717e+01
2.059999969508263717e+01
2.109999950331770435e+01
2.059999969508263717e+01
1.999999969767919339e+01
2.169999950072115524e+01
2.169999950072115524e+01
2.109999950331770435e+01
2.059999969508263717e+01
2.059999969508263717e+01
1.999999969767919339e+01
1.999999969767919339e+01
1.999999969767919339e+01
1.999999969767919339e+01
2.059999969508263717e+01
2.059999969508263717e+01
2.059999969508263717e+01
2.059999969508263717e+01
2.059999969508263717e+01
2.059999969508263717e+01
2.109999950331770435e+01
2.109999950331770435e+01
2.109999950331770435e+01
2.169999950072115524e+01
2.169999950072115524e+01
2.169999950072115524e+01
2.169999950072115524e+01
2.059999969508263717e+01
2.109999950331770435e+01
2.220000044656303473e+01
2.220000044656303473e+01
2.220000044656303473e+01
2.280000044396648207e+01
2.330000025220154924e+01
2.330000025220154924e+01
2.330000025220154924e+01
2.330000025220154924e+01
2.330000025220154924e+01
2.280000044396648207e+01
2.280000044396648207e+01
2.220000044656303473e+01
2.059999969508263717e+01
1.999999969767919339e+01
1.999999969767919339e+01
1.889999989204067532e+01
2.059999969508263717e+01
2.169999950072115524e+01
2.220000044656303473e+01
2.280000044396648207e+01
2.299999968469641942e+01
2.220000044656303473e+01
2.220000044656303473e+01
2.220000044656303473e+01
2.280000044396648207e+01
2.299999968469641942e+01
2.330000025220154924e+01
2.330000025220154924e+01
2.330000025220154924e+01
2.280000044396648207e+01
2.280000044396648207e+01
2.280000044396648207e+01
2.220000044656303473e+01
2.169999950072115524e+01
1.939999970027574605e+01
1.829999989463723153e+01
1.720000008899871347e+01
1.670000028076364629e+01
1.670000028076364629e+01
1.610000028336019895e+01
1.610000028336019895e+01
1.499999990891827828e+01
1.390000010327976199e+01
1.280000001323954351e+01
1.330000010587631820e+01
1.220000001583609972e+01
1.280000001323954351e+01
1.169999992319932680e+01
1.169999992319932680e+01
1.109999992579588124e+01
1.059999997535996030e+01
9.399999980553067402e+00
8.899999994566934802e+00
8.299999997163487464e+00
8.299999997163487464e+00
8.299999997163487464e+00
7.800000011177354864e+00
7.800000011177354864e+00
9.399999980553067402e+00
8.899999994566934802e+00
8.899999994566934802e+00
9.999999977956512964e+00
1.109999992579588124e+01
1.109999992579588124e+01
9.399999980553067402e+00
9.399999980553067402e+00
9.999999977956512964e+00
9.999999977956512964e+00
9.399999980553067402e+00
9.399999980553067402e+00
1.220000001583609972e+01
1.109999992579588124e+01
1.059999997535996030e+01
1.109999992579588124e+01
1.280000001323954351e+01
1.280000001323954351e+01
1.330000010587631820e+01
1.280000001323954351e+01
1.330000010587631820e+01
1.280000001323954351e+01
1.330000010587631820e+01
1.439999991151483272e+01
1.439999991151483272e+01
1.390000010327976199e+01
1.390000010327976199e+01
1.439999991151483272e+01
1.439999991151483272e+01
1.439999991151483272e+01
1.499999990891827828e+01
1.499999990891827828e+01
1.559999990632172384e+01
1.559999990632172384e+01
1.499999990891827828e+01
1.439999991151483272e+01
1.499999990891827828e+01
1.499999990891827828e+01
1.499999990891827828e+01
1.439999991151483272e+01
1.390000010327976199e+01
1.439999991151483272e+01
1.390000010327976199e+01
1.439999991151483272e+01
1.390000010327976199e+01
1.330000010587631820e+01
1.280000001323954351e+01
1.390000010327976199e+01
1.439999991151483272e+01
1.610000028336019895e+01
1.610000028336019895e+01
1.780000008640216080e+01
1.939999970027574605e+01
1.889999989204067532e+01
1.939999970027574605e+01
1.939999970027574605e+01
1.939999970027574605e+01
1.889999989204067532e+01
1.720000008899871347e+01
1.780000008640216080e+01
1.720000008899871347e+01
1.559999990632172384e+01
1.559999990632172384e+01
1.499999990891827828e+01
1.559999990632172384e+01
1.610000028336019895e+01
1.610000028336019895e+01
1.829999989463723153e+01
1.780000008640216080e+01
1.889999989204067532e+01
1.829999989463723153e+01
1.829999989463723153e+01
1.780000008640216080e+01
1.780000008640216080e+01
1.670000028076364629e+01
1.610000028336019895e+01
1.780000008640216080e+01
1.829999989463723153e+01
1.780000008640216080e+01
1.780000008640216080e+01
1.780000008640216080e+01
1.889999989204067532e+01
1.939999970027574605e+01
1.829999989463723153e+01
1.720000008899871347e+01
1.439999991151483272e+01
1.499999990891827828e+01
1.390000010327976199e+01
1.499999990891827828e+01
1.390000010327976199e+01
1.390000010327976199e+01
1.390000010327976199e+01
1.439999991151483272e+01
1.390000010327976199e+01
1.280000001323954351e+01
1.280000001323954351e+01
1.280000001323954351e+01
1.280000001323954351e+01
1.280000001323954351e+01
1.330000010587631820e+01
1.330000010587631820e+01
1.390000010327976199e+01
1.439999991151483272e+01
1.499999990891827828e+01
1.499999990891827828e+01
1.559999990632172384e+01
1.559999990632172384e+01
1.610000028336019895e+01
1.610000028336019895e+01
1.610000028336019895e+01
1.559999990632172384e+01
1.610000028336019895e+01
1.610000028336019895e+01
1.610000028336019895e+01
1.720000008899871347e+01
1.829999989463723153e+01
1.829999989463723153e+01
1.889999989204067532e+01
1.829999989463723153e+01
1.829999989463723153e+01
1.999999969767919339e+01
1.999999969767919339e+01
2.059999969508263717e+01
2.059999969508263717e+01
2.059999969508263717e+01
2.109999950331770435e+01
2.059999969508263717e+01
2.100000045175614360e+01
2.109999950331770435e+01
2.059999969508263717e+01
2.059999969508263717e+01
2.059999969508263717e+01
2.059999969508263717e+01
2.059999969508263717e+01
2.059999969508263717e+01
1.999999969767919339e+01
2.059999969508263717e+01
1.999999969767919339e+01
1.999999969767919339e+01
1.999999969767919339e+01
1.939999970027574605e+01
1.720000008899871347e+01
1.670000028076364629e+01
1.670000028076364629e+01
1.610000028336019895e+01
1.670000028076364629e+01
1.939999970027574605e+01
1.889999989204067532e+01
1.829999989463723153e+01
1.889999989204067532e+01
1.889999989204067532e+01
1.889999989204067532e+01
1.829999989463723153e+01
-2.616786609621613025e-08
5.999999712355785775e-01
5.999999712355785775e-01
5.999999712355785775e-01
1.099999779470648420e+00
1.099999779470648420e+00
1.699999776874093982e+00
2.200000153912569978e+00
2.200000153912569978e+00
2.200000153912569978e+00
2.800000151316015540e+00
2.800000151316015540e+00
2.800000151316015540e+00
2.800000151316015540e+00
2.800000151316015540e+00
2.800000151316015540e+00
4.400000049591302975e+00
4.400000049591302975e+00
3.899999956954530944e+00
4.400000049591302975e+00
3.899999956954530944e+00
3.899999956954530944e+00
4.400000049591302975e+00
4.400000049591302975e+00
4.400000049591302975e+00
4.400000049591302975e+00
4.400000049591302975e+00
4.400000049591302975e+00
4.400000049591302975e+00
5.000000046994749425e+00
5.000000046994749425e+00
5.600000044398194987e+00
-6.099999620567295722e+00
-6.099999620567295722e+00
-5.599999812332226767e+00
-6.099999620567295722e+00
-6.099999620567295722e+00
-6.099999620567295722e+00
-6.099999620567295722e+00
-5.599999812332226767e+00
-5.599999812332226767e+00
-5.599999812332226767e+00
-6.099999620567295722e+00
-6.099999620567295722e+00
-5.599999812332226767e+00
-4.999999814928779429e+00
-4.999999814928779429e+00
-5.599999812332226767e+00
-5.599999812332226767e+00
-5.599999812332226767e+00
-5.599999812332226767e+00
-5.599999812332226767e+00
-5.599999812332226767e+00
-4.999999814928779429e+00
-4.399999817525333867e+00
-4.399999817525333867e+00
-4.399999817525333867e+00
-3.900000009290264913e+00
-3.900000009290264913e+00
-3.300000011886819351e+00
-3.300000011886819351e+00
4.400000049591302975e+00
4.400000049591302975e+00
4.400000049591302975e+00
3.899999956954530944e+00
3.899999956954530944e+00
3.899999956954530944e+00
3.899999956954530944e+00
4.400000049591302975e+00
5.000000046994749425e+00
3.899999956954530944e+00
3.899999956954530944e+00
4.400000049591302975e+00
3.299999959551085382e+00
3.899999956954530944e+00
4.400000049591302975e+00
4.400000049591302975e+00
5.000000046994749425e+00
5.000000046994749425e+00
3.299999959551085382e+00
3.899999956954530944e+00
2.200000153912569978e+00
3.299999959551085382e+00
4.400000049591302975e+00
5.600000044398194987e+00
-6.099999620567295722e+00
-7.200000563812622545e+00
-7.800000561216069883e+00
-8.300000369451137061e+00
-7.800000561216069883e+00
-6.699999617970741284e+00
-6.099999620567295722e+00
-5.599999812332226767e+00
-4.399999817525333867e+00
-2.800000203651748620e+00
-3.300000011886819351e+00
-6.000000235713134344e-01
5.999999712355785775e-01
5.999999712355785775e-01
5.999999712355785775e-01
5.999999712355785775e-01
5.999999712355785775e-01
5.999999712355785775e-01
-1.099999831806382389e+00
-1.700000398013234104e+00
-4.999999814928779429e+00
-7.200000563812622545e+00
-7.800000561216069883e+00
-6.000000235713134344e-01
-6.000000235713134344e-01
-6.000000235713134344e-01
-2.616786609621613025e-08
-2.616786609621613025e-08
-2.616786609621613025e-08
5.999999712355785775e-01
2.200000153912569978e+00
5.999999712355785775e-01
1.699999776874093982e+00
1.699999776874093982e+00
1.699999776874093982e+00
1.099999779470648420e+00
1.099999779470648420e+00
2.200000153912569978e+00
2.200000153912569978e+00
1.699999776874093982e+00
3.299999959551085382e+00
3.299999959551085382e+00
4.400000049591302975e+00
3.899999956954530944e+00
4.400000049591302975e+00
2.800000151316015540e+00
-1.700000398013234104e+00
5.600000044398194987e+00
5.000000046994749425e+00
5.600000044398194987e+00
4.400000049591302975e+00
4.400000049591302975e+00
4.400000049591302975e+00
4.400000049591302975e+00
3.899999956954530944e+00
3.899999956954530944e+00
3.899999956954530944e+00
3.299999959551085382e+00
3.899999956954530944e+00
3.299999959551085382e+00
1.999999775575816763e+00
2.800000151316015540e+00
3.299999959551085382e+00
3.299999959551085382e+00
3.299999959551085382e+00
2.999999960849362601e+00
3.299999959551085382e+00
1.699999776874093982e+00
2.200000153912569978e+00
1.699999776874093982e+00
1.099999779470648420e+00
2.200000153912569978e+00
2.200000153912569978e+00
2.200000153912569978e+00
1.099999779470648420e+00
1.699999776874093982e+00
2.200000153912569978e+00
1.700000027946536818e+01
1.720000008899871347e+01
1.720000008899871347e+01
1.670000028076364629e+01
1.670000028076364629e+01
1.670000028076364629e+01
1.670000028076364629e+01
1.670000028076364629e+01
1.670000028076364629e+01
1.610000028336019895e+01
1.610000028336019895e+01
1.559999990632172384e+01
1.610000028336019895e+01
1.559999990632172384e+01
1.670000028076364629e+01
1.670000028076364629e+01
1.670000028076364629e+01
1.780000008640216080e+01
1.829999989463723153e+01
1.780000008640216080e+01
1.780000008640216080e+01
1.780000008640216080e+01
1.829999989463723153e+01
1.829999989463723153e+01
1.829999989463723153e+01
1.780000008640216080e+01
1.780000008640216080e+01
1.829999989463723153e+01
1.780000008640216080e+01
1.829999989463723153e+01
1.829999989463723153e+01
1.829999989463723153e+01
1.829999989463723153e+01
1.829999989463723153e+01
1.829999989463723153e+01
1.829999989463723153e+01
1.829999989463723153e+01
1.720000008899871347e+01
1.670000028076364629e+01
1.610000028336019895e+01
1.610000028336019895e+01
1.720000008899871347e+01
1.720000008899871347e+01
1.829999989463723153e+01
1.720000008899871347e+01
1.610000028336019895e+01
1.670000028076364629e+01
1.559999990632172384e+01
1.499999990891827828e+01
1.559999990632172384e+01
1.330000010587631820e+01
1.390000010327976199e+01
1.439999991151483272e+01
1.499999990891827828e+01
1.559999990632172384e+01
1.610000028336019895e+01
1.780000008640216080e+01
1.939999970027574605e+01
1.939999970027574605e+01
1.999999969767919339e+01
1.999999969767919339e+01
2.109999950331770435e+01
2.059999969508263717e+01
1.999999969767919339e+01
1.999999969767919339e+01
1.999999969767919339e+01
2.059999969508263717e+01
2.059999969508263717e+01
2.059999969508263717e+01
2.059999969508263717e+01
2.109999950331770435e+01
2.059999969508263717e+01
2.109999950331770435e+01
2.059999969508263717e+01
1.999999969767919339e+01
1.939999970027574605e+01
1.999999969767919339e+01
1.999999969767919339e+01
2.059999969508263717e+01
2.059999969508263717e+01
2.109999950331770435e+01
1.999999969767919339e+01
2.059999969508263717e+01
2.169999950072115524e+01
2.280000044396648207e+01
2.280000044396648207e+01
2.280000044396648207e+01
2.330000025220154924e+01
2.330000025220154924e+01
1.720000008899871347e+01
1.720000008899871347e+01
1.670000028076364629e+01
1.670000028076364629e+01
1.670000028076364629e+01
1.670000028076364629e+01
1.670000028076364629e+01
1.670000028076364629e+01
1.700000027946536818e+01
1.670000028076364629e+01
1.610000028336019895e+01
1.499999990891827828e+01
1.280000001323954351e+01
1.280000001323954351e+01
1.220000001583609972e+01
1.220000001583609972e+01
1.220000001583609972e+01
9.999999977956512964e+00
9.999999977956512964e+00
9.999999977956512964e+00
8.299999997163487464e+00
8.899999994566934802e+00
8.899999994566934802e+00
8.899999994566934802e+00
8.899999994566934802e+00
8.899999994566934802e+00
8.899999994566934802e+00
9.399999980553067402e+00
8.899999994566934802e+00
7.800000011177354864e+00
7.199999942673482423e+00
6.699999992237561486e+00
5.000000046994749425e+00
4.400000049591302975e+00
4.400000049591302975e+00
3.899999956954530944e+00
3.299999959551085382e+00
3.299999959551085382e+00
1.099999779470648420e+00
1.099999779470648420e+00
1.699999776874093982e+00
2.200000153912569978e+00
2.200000153912569978e+00
2.200000153912569978e+00
2.800000151316015540e+00
3.299999959551085382e+00
3.899999956954530944e+00
7.199999942673482423e+00
7.800000011177354864e+00
9.999999977956512964e+00
9.999999977956512964e+00
1.109999992579588124e+01
1.059999997535996030e+01
1.059999997535996030e+01
1.059999997535996030e+01
1.059999997535996030e+01
1.059999997535996030e+01
1.059999997535996030e+01
1.059999997535996030e+01
9.999999977956512964e+00
9.399999980553067402e+00
7.800000011177354864e+00
7.800000011177354864e+00
6.699999992237561486e+00
5.600000044398194987e+00
5.600000044398194987e+00
5.600000044398194987e+00
5.000000046994749425e+00
-1.170000111314187308e+01
-1.060000016989654625e+01
-1.060000016989654625e+01
-1.109999997813161343e+01
-1.170000111314187308e+01
-1.109999997813161343e+01
-1.170000111314187308e+01
-1.170000111314187308e+01
-1.170000111314187308e+01
-1.060000016989654625e+01
1.330000010587631820e+01
1.390000010327976199e+01
1.280000001323954351e+01
1.390000010327976199e+01
1.390000010327976199e+01
1.390000010327976199e+01
1.390000010327976199e+01
1.439999991151483272e+01
1.499999990891827828e+01
1.499999990891827828e+01
1.499999990891827828e+01
1.499999990891827828e+01
1.439999991151483272e+01
1.499999990891827828e+01
1.559999990632172384e+01
1.610000028336019895e+01
1.559999990632172384e+01
1.559999990632172384e+01
1.559999990632172384e+01
1.610000028336019895e+01
1.670000028076364629e+01
1.559999990632172384e+01
1.439999991151483272e+01
1.390000010327976199e+01
1.330000010587631820e+01
1.439999991151483272e+01
1.499999990891827828e+01
1.559999990632172384e+01
1.499999990891827828e+01
1.439999991151483272e+01
1.499999990891827828e+01
1.559999990632172384e+01
1.610000028336019895e+01
1.670000028076364629e+01
1.720000008899871347e+01
1.610000028336019895e+01
1.559999990632172384e+01
1.330000010587631820e+01
1.390000010327976199e+01
1.499999990891827828e+01
1.670000028076364629e+01
2.109999950331770435e+01
2.059999969508263717e+01
1.900000008120905193e+01
1.939999970027574605e+01
1.939999970027574605e+01
1.939999970027574605e+01
1.939999970027574605e+01
1.939999970027574605e+01
1.999999969767919339e+01
1.939999970027574605e+01
1.939999970027574605e+01
1.780000008640216080e+01
1.610000028336019895e+01
1.220000001583609972e+01
1.169999992319932680e+01
9.999999977956512964e+00
8.899999994566934802e+00
9.399999980553067402e+00
8.899999994566934802e+00
8.899999994566934802e+00
8.299999997163487464e+00
8.899999994566934802e+00
7.800000011177354864e+00
6.699999992237561486e+00
6.099999994834115924e+00
6.699999992237561486e+00
7.199999942673482423e+00
7.199999942673482423e+00
7.199999942673482423e+00
6.699999992237561486e+00
6.699999992237561486e+00
7.199999942673482423e+00
1.059999997535996030e+01
1.169999992319932680e+01
1.169999992319932680e+01
1.169999992319932680e+01
1.220000001583609972e+01
1.220000001583609972e+01
1.220000001583609972e+01
1.220000001583609972e+01
1.220000001583609972e+01
1.169999992319932680e+01
1.169999992319932680e+01
1.169999992319932680e+01
1.169999992319932680e+01
1.220000001583609972e+01
1.220000001583609972e+01
1.059999997535996030e+01
1.109999992579588124e+01
1.109999992579588124e+01
1.169999992319932680e+01
1.109999992579588124e+01
1.169999992319932680e+01
1.059999997535996030e+01
1.059999997535996030e+01
1.059999997535996030e+01
1.109999992579588124e+01
1.109999992579588124e+01
1.109999992579588124e+01
1.169999992319932680e+01
1.109999992579588124e+01
1.109999992579588124e+01
1.109999992579588124e+01
1.109999992579588124e+01
1.169999992319932680e+01
1.169999992319932680e+01
1.220000001583609972e+01
1.280000001323954351e+01
1.280000001323954351e+01
1.330000010587631820e+01
1.330000010587631820e+01
1.390000010327976199e+01
1.390000010327976199e+01
1.280000001323954351e+01
1.280000001323954351e+01
1.330000010587631820e+01
1.390000010327976199e+01
1.439999991151483272e+01
1.559999990632172384e+01
1.610000028336019895e+01
1.610000028336019895e+01
1.670000028076364629e+01
1.720000008899871347e+01
1.720000008899871347e+01
1.780000008640216080e+01
1.720000008899871347e+01
1.720000008899871347e+01
1.780000008640216080e+01
1.610000028336019895e+01
1.610000028336019895e+01
1.780000008640216080e+01
1.780000008640216080e+01
1.780000008640216080e+01
1.829999989463723153e+01
1.889999989204067532e+01
1.889999989204067532e+01
1.939999970027574605e+01
1.939999970027574605e+01
1.999999969767919339e+01
1.939999970027574605e+01
1.999999969767919339e+01
1.999999969767919339e+01
2.059999969508263717e+01
1.999999969767919339e+01
1.999999969767919339e+01
2.059999969508263717e+01
2.059999969508263717e+01
2.059999969508263717e+01
2.059999969508263717e+01
2.109999950331770435e+01
2.109999950331770435e+01
2.109999950331770435e+01
2.109999950331770435e+01
2.109999950331770435e+01
2.109999950331770435e+01
2.059999969508263717e+01
2.059999969508263717e+01
2.109999950331770435e+01
2.109999950331770435e+01
2.109999950331770435e+01
2.109999950331770435e+01
2.109999950331770435e+01
2.109999950331770435e+01
2.109999950331770435e+01
2.109999950331770435e+01
2.200000006822628151e+01
2.220000044656303473e+01
2.220000044656303473e+01
2.220000044656303473e+01
2.109999950331770435e+01
2.059999969508263717e+01
2.059999969508263717e+01
2.059999969508263717e+01
1.999999969767919339e+01
1.999999969767919339e+01
2.059999969508263717e+01
2.059999969508263717e+01
2.059999969508263717e+01
2.109999950331770435e+01
2.109999950331770435e+01
2.109999950331770435e+01
2.109999950331770435e+01
2.109999950331770435e+01
2.059999969508263717e+01
2.100000045175614360e+01
2.059999969508263717e+01
2.059999969508263717e+01
1.999999969767919339e+01
1.999999969767919339e+01
1.999999969767919339e+01
1.999999969767919339e+01
1.939999970027574605e+01
1.939999970027574605e+01
1.939999970027574605e+01
1.999999969767919339e+01
1.939999970027574605e+01
1.939999970027574605e+01
1.939999970027574605e+01
1.939999970027574605e+01
1.939999970027574605e+01
1.939999970027574605e+01
1.939999970027574605e+01
1.900000008120905193e+01
1.939999970027574605e+01
1.900000008120905193e+01
1.939999970027574605e+01
1.939999970027574605e+01
1.939999970027574605e+01
1.900000008120905193e+01
1.939999970027574605e+01
1.939999970027574605e+01
1.939999970027574605e+01
1.939999970027574605e+01
1.939999970027574605e+01
1.939999970027574605e+01
1.939999970027574605e+01
1.939999970027574605e+01
1.939999970027574605e+01
1.939999970027574605e+01
1.889999989204067532e+01
1.939999970027574605e+01
1.889999989204067532e+01
1.889999989204067532e+01
1.889999989204067532e+01
1.889999989204067532e+01
1.939999970027574605e+01
1.829999989463723153e+01
1.889999989204067532e+01
1.780000008640216080e+01
1.889999989204067532e+01
1.999999969767919339e+01
1.999999969767919339e+01
1.999999969767919339e+01
1.939999970027574605e+01
1.939999970027574605e+01
1.939999970027574605e+01
1.939999970027574605e+01
1.999999969767919339e+01
1.939999970027574605e+01
1.939999970027574605e+01
1.780000008640216080e+01
1.720000008899871347e+01
1.720000008899871347e+01
1.559999990632172384e+01
1.499999990891827828e+01
1.439999991151483272e+01
1.220000001583609972e+01
1.499999990891827828e+01
1.280000001323954351e+01
9.999999977956512964e+00
8.899999994566934802e+00
8.899999994566934802e+00
8.899999994566934802e+00
7.199999942673482423e+00
8.899999994566934802e+00
9.399999980553067402e+00
1.059999997535996030e+01
9.399999980553067402e+00
9.999999977956512964e+00
1.059999997535996030e+01
1.059999997535996030e+01
1.169999992319932680e+01
1.109999992579588124e+01
1.169999992319932680e+01
1.280000001323954351e+01
1.109999992579588124e+01
1.220000001583609972e+01
1.220000001583609972e+01
1.220000001583609972e+01
1.109999992579588124e+01
1.280000001323954351e+01
1.280000001323954351e+01
1.280000001323954351e+01
8.899999994566934802e+00
8.299999997163487464e+00
8.899999994566934802e+00
9.399999980553067402e+00
8.899999994566934802e+00
9.399999980553067402e+00
7.800000011177354864e+00
6.699999992237561486e+00
8.899999994566934802e+00
1.109999992579588124e+01
1.280000001323954351e+01
1.390000010327976199e+01
1.169999992319932680e+01
1.280000001323954351e+01
1.220000001583609972e+01
1.109999992579588124e+01
1.220000001583609972e+01
1.330000010587631820e+01
1.499999990891827828e+01
1.610000028336019895e+01
1.330000010587631820e+01
1.109999992579588124e+01
1.169999992319932680e+01
1.169999992319932680e+01
1.059999997535996030e+01
1.109999992579588124e+01
1.330000010587631820e+01
1.499999990891827828e+01
1.610000028336019895e+01
1.559999990632172384e+01
1.559999990632172384e+01
1.559999990632172384e+01
1.610000028336019895e+01
1.720000008899871347e+01
1.610000028336019895e+01
1.610000028336019895e+01
1.610000028336019895e+01
1.559999990632172384e+01
1.499999990891827828e+01
1.600000009419182234e+01
1.559999990632172384e+01
1.499999990891827828e+01
1.499999990891827828e+01
1.330000010587631820e+01
1.220000001583609972e+01
1.280000001323954351e+01
1.280000001323954351e+01
1.280000001323954351e+01
1.280000001323954351e+01
1.199999992190105047e+01
1.169999992319932680e+01
1.169999992319932680e+01
1.100000002102920682e+01
1.109999992579588124e+01
1.109999992579588124e+01
1.109999992579588124e+01
1.059999997535996030e+01
8.899999994566934802e+00
7.199999942673482423e+00
6.099999994834115924e+00
6.099999994834115924e+00
5.600000044398194987e+00
5.600000044398194987e+00
6.099999994834115924e+00
7.199999942673482423e+00
6.099999994834115924e+00
6.099999994834115924e+00
6.699999992237561486e+00
6.699999992237561486e+00
6.099999994834115924e+00
6.099999994834115924e+00
5.600000044398194987e+00
5.600000044398194987e+00
5.600000044398194987e+00
3.899999956954530944e+00
4.400000049591302975e+00
5.000000046994749425e+00
5.600000044398194987e+00
5.600000044398194987e+00
5.600000044398194987e+00
3.299999959551085382e+00
1.699999776874093982e+00
2.200000153912569978e+00
1.699999776874093982e+00
1.699999776874093982e+00
1.699999776874093982e+00
1.099999779470648420e+00
2.800000151316015540e+00
2.200000153912569978e+00
3.299999959551085382e+00
4.400000049591302975e+00
3.299999959551085382e+00
5.000000046994749425e+00
3.899999956954530944e+00
3.299999959551085382e+00
4.400000049591302975e+00
3.899999956954530944e+00
6.099999994834115924e+00
4.400000049591302975e+00
7.199999942673482423e+00
7.800000011177354864e+00
7.199999942673482423e+00
6.699999992237561486e+00
7.800000011177354864e+00
9.399999980553067402e+00
8.899999994566934802e+00
9.399999980553067402e+00
9.399999980553067402e+00
1.059999997535996030e+01
9.999999977956512964e+00
9.399999980553067402e+00
9.399999980553067402e+00
9.999999977956512964e+00
1.109999992579588124e+01
1.220000001583609972e+01
1.330000010587631820e+01
1.439999991151483272e+01
1.559999990632172384e+01
1.559999990632172384e+01
1.610000028336019895e+01
1.670000028076364629e+01
1.780000008640216080e+01
1.780000008640216080e+01
1.780000008640216080e+01
1.780000008640216080e+01
1.780000008640216080e+01
1.780000008640216080e+01
1.720000008899871347e+01
1.720000008899871347e+01
1.720000008899871347e+01
1.720000008899871347e+01
1.670000028076364629e+01
1.670000028076364629e+01
1.610000028336019895e+01
1.610000028336019895e+01
1.559999990632172384e+01
1.559999990632172384e+01
1.559999990632172384e+01
1.499999990891827828e+01
1.330000010587631820e+01
1.280000001323954351e+01
1.280000001323954351e+01
1.109999992579588124e+01
9.999999977956512964e+00
1.169999992319932680e+01
1.610000028336019895e+01
1.610000028336019895e+01
1.559999990632172384e+01
1.610000028336019895e+01
1.559999990632172384e+01
1.499999990891827828e+01
1.499999990891827828e+01
1.559999990632172384e+01
1.559999990632172384e+01
1.499999990891827828e+01
1.390000010327976199e+01
1.330000010587631820e+01
1.439999991151483272e+01
1.499999990891827828e+01
1.499999990891827828e+01
1.499999990891827828e+01
1.439999991151483272e+01
1.439999991151483272e+01
1.439999991151483272e+01
1.439999991151483272e+01
1.439999991151483272e+01
1.439999991151483272e+01
1.390000010327976199e+01
1.390000010327976199e+01
1.280000001323954351e+01
1.220000001583609972e+01
1.169999992319932680e+01
1.169999992319932680e+01
1.280000001323954351e+01
1.280000001323954351e+01
1.280000001323954351e+01
1.280000001323954351e+01
1.220000001583609972e+01
1.169999992319932680e+01
1.169999992319932680e+01
1.220000001583609972e+01
1.220000001583609972e+01
1.220000001583609972e+01
1.280000001323954351e+01
1.220000001583609972e+01
1.220000001583609972e+01
1.220000001583609972e+01
1.169999992319932680e+01
1.169999992319932680e+01
1.109999992579588124e+01
1.109999992579588124e+01
1.109999992579588124e+01
1.169999992319932680e+01
1.169999992319932680e+01
1.169999992319932680e+01
1.109999992579588124e+01
1.109999992579588124e+01
1.109999992579588124e+01
1.109999992579588124e+01
1.109999992579588124e+01
1.109999992579588124e+01
1.109999992579588124e+01
1.109999992579588124e+01
1.109999992579588124e+01
1.059999997535996030e+01
1.109999992579588124e+01
1.109999992579588124e+01
9.999999977956512964e+00
9.999999977956512964e+00
9.399999980553067402e+00
9.999999977956512964e+00
9.399999980553067402e+00
9.399999980553067402e+00
9.399999980553067402e+00
9.999999977956512964e+00
9.999999977956512964e+00
1.059999997535996030e+01
1.169999992319932680e+01
1.220000001583609972e+01
1.220000001583609972e+01
1.280000001323954351e+01
1.220000001583609972e+01
1.280000001323954351e+01
1.280000001323954351e+01
1.330000010587631820e+01
1.330000010587631820e+01
1.330000010587631820e+01
1.330000010587631820e+01
1.390000010327976199e+01
1.390000010327976199e+01
1.330000010587631820e+01
1.390000010327976199e+01
1.330000010587631820e+01
1.330000010587631820e+01
1.300000010717459453e+01
1.330000010587631820e+01
1.330000010587631820e+01
1.330000010587631820e+01
1.280000001323954351e+01
1.220000001583609972e+01
1.280000001323954351e+01
1.220000001583609972e+01
1.220000001583609972e+01
1.220000001583609972e+01
5.600000044398194987e+00
5.600000044398194987e+00
5.600000044398194987e+00
5.999999947866591299e+00
5.600000044398194987e+00
5.600000044398194987e+00
5.600000044398194987e+00
5.600000044398194987e+00
5.600000044398194987e+00
5.600000044398194987e+00
5.600000044398194987e+00
5.999999947866591299e+00
5.600000044398194987e+00
5.600000044398194987e+00
6.099999994834115924e+00
5.999999947866591299e+00
6.099999994834115924e+00
7.199999942673482423e+00
8.299999997163487464e+00
8.299999997163487464e+00
8.299999997163487464e+00
9.399999980553067402e+00
1.280000001323954351e+01
1.300000010717459453e+01
1.280000001323954351e+01
1.280000001323954351e+01
1.280000001323954351e+01
1.280000001323954351e+01
1.280000001323954351e+01
1.280000001323954351e+01
1.280000001323954351e+01
1.280000001323954351e+01
1.330000010587631820e+01
1.280000001323954351e+01
1.220000001583609972e+01
1.220000001583609972e+01
1.169999992319932680e+01
1.169999992319932680e+01
6.699999992237561486e+00
6.099999994834115924e+00
4.400000049591302975e+00
2.800000151316015540e+00
-1.099999831806382389e+00
-3.900000009290264913e+00
-4.399999817525333867e+00
-4.999999814928779429e+00
-3.300000011886819351e+00
-2.800000203651748620e+00
-2.800000203651748620e+00
-2.200000206248303058e+00
-2.200000206248303058e+00
-2.200000206248303058e+00
-1.999999827911551620e+00
-1.700000398013234104e+00
-1.700000398013234104e+00
-1.999999827911551620e+00
-2.200000206248303058e+00
-2.200000206248303058e+00
-2.800000203651748620e+00
-2.800000203651748620e+00
-2.800000203651748620e+00
-2.800000203651748620e+00
-2.800000203651748620e+00
-2.800000203651748620e+00
-2.200000206248303058e+00
-2.200000206248303058e+00
-1.999999827911551620e+00
-2.200000206248303058e+00
-2.200000206248303058e+00
-2.200000206248303058e+00
-1.700000398013234104e+00
-1.700000398013234104e+00
-2.200000206248303058e+00
-2.200000206248303058e+00
-2.200000206248303058e+00
-3.300000011886819351e+00
-4.999999814928779429e+00
-4.399999817525333867e+00
-5.599999812332226767e+00
-7.200000563812622545e+00
-7.200000563812622545e+00
-7.800000561216069883e+00
-7.800000561216069883e+00
-8.300000369451137061e+00
-8.900000366854584399e+00
-8.900000366854584399e+00
-9.400000175089651577e+00
-8.900000366854584399e+00
-9.400000175089651577e+00
-1.060000016989654625e+01
6.099999994834115924e+00
6.099999994834115924e+00
6.099999994834115924e+00
6.699999992237561486e+00
6.699999992237561486e+00
6.699999992237561486e+00
6.699999992237561486e+00
7.199999942673482423e+00
7.199999942673482423e+00
6.099999994834115924e+00
6.699999992237561486e+00
6.699999992237561486e+00
7.199999942673482423e+00
7.199999942673482423e+00
6.099999994834115924e+00
6.699999992237561486e+00
7.199999942673482423e+00
7.800000011177354864e+00
8.299999997163487464e+00
8.899999994566934802e+00
9.999999977956512964e+00
1.109999992579588124e+01
1.109999992579588124e+01
1.169999992319932680e+01
-1.060000016989654625e+01
-1.109999997813161343e+01
-1.219999978377013150e+01
-1.000000017249309892e+01
-9.400000175089651577e+00
-1.000000017249309892e+01
-1.000000017249309892e+01
-9.400000175089651577e+00
-9.400000175089651577e+00
-8.900000366854584399e+00
-9.400000175089651577e+00
-1.060000016989654625e+01
-1.109999997813161343e+01
-1.060000016989654625e+01
-1.000000017249309892e+01
-9.400000175089651577e+00
-1.109999997813161343e+01
-4.999999814928779429e+00
-3.900000009290264913e+00
-2.800000203651748620e+00
-9.400000175089651577e+00
-8.300000369451137061e+00
-5.599999812332226767e+00
-3.900000009290264913e+00
-2.200000206248303058e+00
-3.300000011886819351e+00
-4.999999814928779429e+00
-4.999999814928779429e+00
-5.599999812332226767e+00
-4.399999817525333867e+00
-3.900000009290264913e+00
-3.900000009290264913e+00
-2.800000203651748620e+00
-2.800000203651748620e+00
-5.599999812332226767e+00
-4.399999817525333867e+00
-2.200000206248303058e+00
-1.099999831806382389e+00
-1.099999831806382389e+00
-6.000000235713134344e-01
-2.200000206248303058e+00
-6.000000235713134344e-01
1.699999776874093982e+00
3.299999959551085382e+00
4.400000049591302975e+00
6.099999994834115924e+00
6.099999994834115924e+00
6.099999994834115924e+00
1.699999776874093982e+00
1.099999779470648420e+00
1.699999776874093982e+00
2.200000153912569978e+00
1.699999776874093982e+00
2.200000153912569978e+00
2.800000151316015540e+00
3.299999959551085382e+00
3.299999959551085382e+00
3.299999959551085382e+00
2.800000151316015540e+00
2.200000153912569978e+00
2.800000151316015540e+00
2.800000151316015540e+00
3.299999959551085382e+00
2.200000153912569978e+00
3.299999959551085382e+00
3.299999959551085382e+00
2.800000151316015540e+00
2.200000153912569978e+00
2.800000151316015540e+00
1.699999776874093982e+00
1.699999776874093982e+00
2.800000151316015540e+00
3.299999959551085382e+00
3.299999959551085382e+00
3.299999959551085382e+00
3.299999959551085382e+00
1.829999989463723153e+01
1.829999989463723153e+01
1.829999989463723153e+01
1.889999989204067532e+01
1.889999989204067532e+01
1.889999989204067532e+01
1.900000008120905193e+01
1.829999989463723153e+01
1.829999989463723153e+01
1.829999989463723153e+01
1.829999989463723153e+01
1.780000008640216080e+01
1.780000008640216080e+01
1.780000008640216080e+01
1.889999989204067532e+01
1.829999989463723153e+01
1.829999989463723153e+01
1.829999989463723153e+01
1.829999989463723153e+01
1.780000008640216080e+01
1.720000008899871347e+01
1.889999989204067532e+01
1.670000028076364629e+01
1.670000028076364629e+01
1.610000028336019895e+01
1.670000028076364629e+01
1.610000028336019895e+01
1.670000028076364629e+01
1.670000028076364629e+01
1.499999990891827828e+01
1.499999990891827828e+01
1.499999990891827828e+01
1.439999991151483272e+01
1.439999991151483272e+01
1.499999990891827828e+01
2.109999950331770435e+01
2.109999950331770435e+01
2.169999950072115524e+01
2.109999950331770435e+01
2.169999950072115524e+01
2.220000044656303473e+01
2.169999950072115524e+01
2.169999950072115524e+01
2.220000044656303473e+01
2.220000044656303473e+01
2.220000044656303473e+01
2.280000044396648207e+01
2.280000044396648207e+01
2.280000044396648207e+01
2.280000044396648207e+01
2.280000044396648207e+01
2.330000025220154924e+01
2.330000025220154924e+01
2.390000024960499303e+01
2.390000024960499303e+01
2.440000005784006731e+01
2.440000005784006731e+01
2.560000005264695488e+01
2.500000005524351110e+01
2.390000024960499303e+01
2.440000005784006731e+01
2.390000024960499303e+01
2.280000044396648207e+01
2.280000044396648207e+01
2.220000044656303473e+01
2.220000044656303473e+01
2.169999950072115524e+01
2.220000044656303473e+01
2.169999950072115524e+01
2.280000044396648207e+01
2.330000025220154924e+01
2.330000025220154924e+01
2.330000025220154924e+01
2.280000044396648207e+01
2.280000044396648207e+01
2.280000044396648207e+01
2.280000044396648207e+01
2.109999950331770435e+01
2.169999950072115524e+01
2.169999950072115524e+01
2.280000044396648207e+01
2.280000044396648207e+01
2.390000024960499303e+01
2.390000024960499303e+01
2.500000005524351110e+01
2.280000044396648207e+01
2.330000025220154924e+01
2.330000025220154924e+01
2.280000044396648207e+01
2.220000044656303473e+01
2.220000044656303473e+01
2.169999950072115524e+01
2.220000044656303473e+01
2.800000151316015540e+00
2.800000151316015540e+00
2.200000153912569978e+00
1.699999776874093982e+00
1.699999776874093982e+00
1.699999776874093982e+00
1.699999776874093982e+00
1.099999779470648420e+00
1.099999779470648420e+00
-6.000000235713134344e-01
-6.000000235713134344e-01
-2.200000206248303058e+00
-1.099999831806382389e+00
-1.700000398013234104e+00
-1.700000398013234104e+00
-2.616786609621613025e-08
1.099999779470648420e+00
1.099999779470648420e+00
-2.616786609621613025e-08
1.699999776874093982e+00
5.999999712355785775e-01
1.099999779470648420e+00
5.999999712355785775e-01
1.699999776874093982e+00
2.800000151316015540e+00
2.200000153912569978e+00
5.999999712355785775e-01
-2.616786609621613025e-08
-2.616786609621613025e-08
-1.099999831806382389e+00
-1.099999831806382389e+00
-1.700000398013234104e+00
-1.700000398013234104e+00
-1.700000398013234104e+00
-2.800000203651748620e+00
-2.800000203651748620e+00
-2.200000206248303058e+00
-3.300000011886819351e+00
-3.900000009290264913e+00
-2.200000206248303058e+00
-1.700000398013234104e+00
-6.000000235713134344e-01
-6.000000235713134344e-01
5.999999712355785775e-01
1.099999779470648420e+00
1.699999776874093982e+00
1.699999776874093982e+00
1.099999779470648420e+00
1.099999779470648420e+00
-1.000000017249309892e+01
-1.000000017249309892e+01
-1.000000017249309892e+01
-9.400000175089651577e+00
-9.400000175089651577e+00
-9.400000175089651577e+00
-9.400000175089651577e+00
-9.400000175089651577e+00
-7.800000561216069883e+00
-7.200000563812622545e+00
-6.699999617970741284e+00
-7.800000561216069883e+00
-8.300000369451137061e+00
-8.900000366854584399e+00
-8.900000366854584399e+00
-9.400000175089651577e+00
-7.800000561216069883e+00
-7.800000561216069883e+00
-7.200000563812622545e+00
-7.200000563812622545e+00
-7.200000563812622545e+00
-7.200000563812622545e+00
-8.300000369451137061e+00
-8.900000366854584399e+00
1.220000001583609972e+01
1.280000001323954351e+01
1.330000010587631820e+01
1.280000001323954351e+01
1.169999992319932680e+01
1.169999992319932680e+01
1.169999992319932680e+01
1.169999992319932680e+01
1.169999992319932680e+01
1.109999992579588124e+01
1.169999992319932680e+01
1.280000001323954351e+01
1.280000001323954351e+01
1.280000001323954351e+01
1.280000001323954351e+01
1.280000001323954351e+01
1.220000001583609972e+01
1.330000010587631820e+01
1.280000001323954351e+01
1.280000001323954351e+01
1.280000001323954351e+01
1.280000001323954351e+01
1.220000001583609972e+01
1.220000001583609972e+01
1.220000001583609972e+01
1.059999997535996030e+01
7.800000011177354864e+00
6.699999992237561486e+00
3.899999956954530944e+00
3.299999959551085382e+00
3.299999959551085382e+00
3.899999956954530944e+00
3.899999956954530944e+00
3.299999959551085382e+00
3.299999959551085382e+00
3.299999959551085382e+00
3.299999959551085382e+00
3.299999959551085382e+00
2.800000151316015540e+00
1.699999776874093982e+00
5.999999712355785775e-01
1.099999779470648420e+00
1.699999776874093982e+00
1.699999776874093982e+00
2.200000153912569978e+00
1.699999776874093982e+00
2.800000151316015540e+00
1.699999776874093982e+00
2.800000151316015540e+00
1.699999776874093982e+00
5.999999712355785775e-01
1.699999776874093982e+00
2.800000151316015540e+00
1.099999779470648420e+00
2.200000153912569978e+00
2.200000153912569978e+00
3.899999956954530944e+00
4.400000049591302975e+00
3.899999956954530944e+00
2.800000151316015540e+00
2.800000151316015540e+00
3.299999959551085382e+00
5.000000046994749425e+00
6.099999994834115924e+00
5.000000046994749425e+00
4.400000049591302975e+00
6.099999994834115924e+00
7.800000011177354864e+00
7.199999942673482423e+00
6.699999992237561486e+00
7.199999942673482423e+00
7.199999942673482423e+00
7.199999942673482423e+00
7.800000011177354864e+00
7.800000011177354864e+00
8.299999997163487464e+00
7.800000011177354864e+00
8.299999997163487464e+00
8.299999997163487464e+00
8.899999994566934802e+00
9.399999980553067402e+00
9.399999980553067402e+00
9.999999977956512964e+00
9.399999980553067402e+00
9.399999980553067402e+00
9.399999980553067402e+00
9.399999980553067402e+00
9.999999977956512964e+00
9.999999977956512964e+00
1.109999992579588124e+01
1.169999992319932680e+01
1.220000001583609972e+01
1.280000001323954351e+01
1.280000001323954351e+01
1.280000001323954351e+01
1.280000001323954351e+01
1.280000001323954351e+01
1.330000010587631820e+01
1.330000010587631820e+01
1.330000010587631820e+01
1.330000010587631820e+01
1.330000010587631820e+01
1.330000010587631820e+01
1.330000010587631820e+01
1.390000010327976199e+01
1.390000010327976199e+01
1.390000010327976199e+01
1.390000010327976199e+01
1.439999991151483272e+01
1.439999991151483272e+01
1.499999990891827828e+01
1.559999990632172384e+01
1.499999990891827828e+01
1.559999990632172384e+01
1.559999990632172384e+01
1.559999990632172384e+01
1.499999990891827828e+01
1.559999990632172384e+01
1.559999990632172384e+01
1.559999990632172384e+01
1.499999990891827828e+01
1.499999990891827828e+01
1.499999990891827828e+01
1.499999990891827828e+01
1.559999990632172384e+01
1.559999990632172384e+01
1.559999990632172384e+01
1.559999990632172384e+01
1.559999990632172384e+01
1.559999990632172384e+01
1.499999990891827828e+01
1.499999990891827828e+01
1.499999990891827828e+01
1.559999990632172384e+01
1.610000028336019895e+01
1.670000028076364629e+01
1.670000028076364629e+01
1.670000028076364629e+01
1.670000028076364629e+01
1.720000008899871347e+01
1.720000008899871347e+01
1.670000028076364629e+01
1.670000028076364629e+01
1.720000008899871347e+01
1.720000008899871347e+01
1.720000008899871347e+01
1.720000008899871347e+01
1.670000028076364629e+01
1.720000008899871347e+01
1.720000008899871347e+01
1.720000008899871347e+01
1.720000008899871347e+01
1.720000008899871347e+01
1.720000008899871347e+01
1.670000028076364629e+01
1.670000028076364629e+01
1.670000028076364629e+01
1.670000028076364629e+01
1.720000008899871347e+01
1.720000008899871347e+01
1.720000008899871347e+01
1.670000028076364629e+01
1.670000028076364629e+01
1.439999991151483272e+01
1.390000010327976199e+01
1.220000001583609972e+01
1.169999992319932680e+01
9.999999977956512964e+00
8.299999997163487464e+00
7.800000011177354864e+00
9.399999980553067402e+00
9.399999980553067402e+00
8.899999994566934802e+00
8.899999994566934802e+00
9.399999980553067402e+00
9.399999980553067402e+00
9.399999980553067402e+00
9.399999980553067402e+00
9.999999977956512964e+00
1.109999992579588124e+01
1.109999992579588124e+01
1.220000001583609972e+01
1.220000001583609972e+01
1.280000001323954351e+01
1.280000001323954351e+01
1.330000010587631820e+01
1.390000010327976199e+01
1.439999991151483272e+01
1.559999990632172384e+01
1.559999990632172384e+01
1.559999990632172384e+01
1.610000028336019895e+01
1.670000028076364629e+01
1.670000028076364629e+01
1.610000028336019895e+01
1.610000028336019895e+01
1.670000028076364629e+01
1.720000008899871347e+01
1.720000008899871347e+01
1.780000008640216080e+01
1.829999989463723153e+01
1.829999989463723153e+01
1.829999989463723153e+01
1.829999989463723153e+01
1.780000008640216080e+01
1.780000008640216080e+01
1.780000008640216080e+01
1.720000008899871347e+01
1.720000008899871347e+01
1.780000008640216080e+01
1.780000008640216080e+01
1.780000008640216080e+01
1.829999989463723153e+01
1.889999989204067532e+01
1.889999989204067532e+01
1.889999989204067532e+01
1.889999989204067532e+01
1.889999989204067532e+01
1.889999989204067532e+01
1.889999989204067532e+01
1.889999989204067532e+01
1.889999989204067532e+01
1.889999989204067532e+01
1.889999989204067532e+01
1.829999989463723153e+01
1.889999989204067532e+01
1.829999989463723153e+01
1.800000046473891402e+01
1.829999989463723153e+01
1.889999989204067532e+01
1.889999989204067532e+01
1.889999989204067532e+01
1.889999989204067532e+01
1.889999989204067532e+01
1.939999970027574605e+01
1.889999989204067532e+01
1.889999989204067532e+01
1.889999989204067532e+01
1.829999989463723153e+01
1.889999989204067532e+01
1.889999989204067532e+01
1.829999989463723153e+01
1.780000008640216080e+01
1.829999989463723153e+01
1.780000008640216080e+01
1.780000008640216080e+01
1.780000008640216080e+01
1.780000008640216080e+01
1.720000008899871347e+01
1.780000008640216080e+01
1.780000008640216080e+01
1.780000008640216080e+01
1.720000008899871347e+01
1.720000008899871347e+01
1.780000008640216080e+01
1.780000008640216080e+01
1.780000008640216080e+01
1.780000008640216080e+01
1.780000008640216080e+01
1.780000008640216080e+01
1.610000028336019895e+01
1.559999990632172384e+01
1.330000010587631820e+01
1.220000001583609972e+01
1.059999997535996030e+01
9.399999980553067402e+00
8.899999994566934802e+00
8.899999994566934802e+00
9.399999980553067402e+00
9.399999980553067402e+00
8.899999994566934802e+00
8.899999994566934802e+00
8.299999997163487464e+00
8.299999997163487464e+00
7.800000011177354864e+00
7.800000011177354864e+00
7.800000011177354864e+00
7.199999942673482423e+00
7.199999942673482423e+00
7.199999942673482423e+00
6.099999994834115924e+00
5.600000044398194987e+00
4.400000049591302975e+00
5.000000046994749425e+00
5.000000046994749425e+00
5.000000046994749425e+00
5.000000046994749425e+00
5.000000046994749425e+00
4.400000049591302975e+00
3.899999956954530944e+00
3.299999959551085382e+00
3.899999956954530944e+00
3.299999959551085382e+00
3.299999959551085382e+00
3.299999959551085382e+00
5.999999712355785775e-01
-2.616786609621613025e-08
5.999999712355785775e-01
-2.616786609621613025e-08
-6.000000235713134344e-01
-1.700000398013234104e+00
-1.700000398013234104e+00
-2.200000206248303058e+00
-2.200000206248303058e+00
-2.200000206248303058e+00
-1.700000398013234104e+00
-6.000000235713134344e-01
-2.616786609621613025e-08
5.999999712355785775e-01
5.999999712355785775e-01
5.999999712355785775e-01
2.200000153912569978e+00
2.200000153912569978e+00
2.200000153912569978e+00
2.200000153912569978e+00
2.800000151316015540e+00
1.699999776874093982e+00
2.200000153912569978e+00
2.200000153912569978e+00
2.800000151316015540e+00
2.800000151316015540e+00
2.800000151316015540e+00
3.299999959551085382e+00
3.899999956954530944e+00
4.400000049591302975e+00
5.600000044398194987e+00
6.099999994834115924e+00
7.199999942673482423e+00
7.199999942673482423e+00
6.699999992237561486e+00
8.299999997163487464e+00
7.800000011177354864e+00
7.800000011177354864e+00
7.199999942673482423e+00
7.199999942673482423e+00
7.199999942673482423e+00
5.600000044398194987e+00
4.400000049591302975e+00
2.800000151316015540e+00
1.699999776874093982e+00
5.999999712355785775e-01
1.699999776874093982e+00
-2.616786609621613025e-08
-6.000000235713134344e-01
-1.700000398013234104e+00
-1.700000398013234104e+00
2.800000151316015540e+00
5.999999712355785775e-01
-2.616786609621613025e-08
-2.616786609621613025e-08
-6.000000235713134344e-01
-1.099999831806382389e+00
-6.000000235713134344e-01
-6.000000235713134344e-01
-6.000000235713134344e-01
-1.099999831806382389e+00
-6.000000235713134344e-01
-2.616786609621613025e-08
5.999999712355785775e-01
5.999999712355785775e-01
-2.616786609621613025e-08
5.999999712355785775e-01
5.999999712355785775e-01
1.699999776874093982e+00
5.999999712355785775e-01
-1.700000398013234104e+00
-1.700000398013234104e+00
-1.099999831806382389e+00
-2.200000206248303058e+00
-2.800000203651748620e+00
-3.300000011886819351e+00
-3.300000011886819351e+00
-2.800000203651748620e+00
-4.399999817525333867e+00
-4.999999814928779429e+00
-4.399999817525333867e+00
-3.900000009290264913e+00
-3.900000009290264913e+00
-4.399999817525333867e+00
-3.300000011886819351e+00
-3.300000011886819351e+00
-2.800000203651748620e+00
-2.800000203651748620e+00
-2.800000203651748620e+00
-2.200000206248303058e+00
-2.800000203651748620e+00
-3.300000011886819351e+00
-3.300000011886819351e+00
-4.399999817525333867e+00
-4.399999817525333867e+00
-4.399999817525333867e+00
-3.900000009290264913e+00
-4.999999814928779429e+00
-5.599999812332226767e+00
-4.999999814928779429e+00
-4.999999814928779429e+00
-4.399999817525333867e+00
-4.399999817525333867e+00
-5.599999812332226767e+00
-5.599999812332226767e+00
-5.599999812332226767e+00
-6.099999620567295722e+00
-5.599999812332226767e+00
-3.900000009290264913e+00
-3.300000011886819351e+00
-2.800000203651748620e+00
-1.099999831806382389e+00
-1.099999831806382389e+00
-1.099999831806382389e+00
5.999999712355785775e-01
1.099999779470648420e+00
2.200000153912569978e+00
1.699999776874093982e+00
2.800000151316015540e+00
3.299999959551085382e+00
3.299999959551085382e+00
3.899999956954530944e+00
4.400000049591302975e+00
5.000000046994749425e+00
5.600000044398194987e+00
5.600000044398194987e+00
6.099999994834115924e+00
6.699999992237561486e+00
6.699999992237561486e+00
7.800000011177354864e+00
7.800000011177354864e+00
7.800000011177354864e+00
8.299999997163487464e+00
8.899999994566934802e+00
8.899999994566934802e+00
8.899999994566934802e+00
1.059999997535996030e+01
1.109999992579588124e+01
1.109999992579588124e+01
1.169999992319932680e+01
1.169999992319932680e+01
1.169999992319932680e+01
1.169999992319932680e+01
1.109999992579588124e+01
1.109999992579588124e+01
1.109999992579588124e+01
1.109999992579588124e+01
1.109999992579588124e+01
1.109999992579588124e+01
1.109999992579588124e+01
1.109999992579588124e+01
1.109999992579588124e+01
1.109999992579588124e+01
1.169999992319932680e+01
1.169999992319932680e+01
1.169999992319932680e+01
9.999999977956512964e+00
9.999999977956512964e+00
9.399999980553067402e+00
9.399999980553067402e+00
8.899999994566934802e+00
8.899999994566934802e+00
6.099999994834115924e+00
6.099999994834115924e+00
5.600000044398194987e+00
5.600000044398194987e+00
4.400000049591302975e+00
2.200000153912569978e+00
2.200000153912569978e+00
-2.616786609621613025e-08
-6.000000235713134344e-01
-6.000000235713134344e-01
-1.700000398013234104e+00
-1.099999831806382389e+00
-1.700000398013234104e+00
-1.700000398013234104e+00
-1.099999831806382389e+00
-1.099999831806382389e+00
-1.099999831806382389e+00
-1.099999831806382389e+00
-6.000000235713134344e-01
-6.000000235713134344e-01
-6.000000235713134344e-01
-6.000000235713134344e-01
-6.000000235713134344e-01
-2.616786609621613025e-08
-2.616786609621613025e-08
-2.616786609621613025e-08
5.999999712355785775e-01
-2.616786609621613025e-08
-2.616786609621613025e-08
-2.616786609621613025e-08
-2.616786609621613025e-08
-2.616786609621613025e-08
-2.616786609621613025e-08
5.999999712355785775e-01
-2.616786609621613025e-08
1.699999776874093982e+00
2.200000153912569978e+00
3.899999956954530944e+00
4.400000049591302975e+00
6.099999994834115924e+00
6.699999992237561486e+00
7.199999942673482423e+00
7.800000011177354864e+00
7.800000011177354864e+00
8.299999997163487464e+00
8.899999994566934802e+00
9.399999980553067402e+00
9.999999977956512964e+00
1.059999997535996030e+01
1.059999997535996030e+01
1.109999992579588124e+01
1.169999992319932680e+01
1.169999992319932680e+01
1.169999992319932680e+01
1.169999992319932680e+01
1.169999992319932680e+01
1.220000001583609972e+01
1.280000001323954351e+01
1.330000010587631820e+01
1.390000010327976199e+01
1.439999991151483272e+01
1.439999991151483272e+01
1.439999991151483272e+01
1.439999991151483272e+01
1.499999990891827828e+01
1.439999991151483272e+01
1.499999990891827828e+01
1.499999990891827828e+01
1.439999991151483272e+01
1.499999990891827828e+01
1.439999991151483272e+01
1.439999991151483272e+01
1.330000010587631820e+01
1.330000010587631820e+01
1.330000010587631820e+01
1.280000001323954351e+01
1.220000001583609972e+01
1.169999992319932680e+01
1.109999992579588124e+01
1.109999992579588124e+01
1.109999992579588124e+01
1.059999997535996030e+01
1.059999997535996030e+01
1.059999997535996030e+01
9.399999980553067402e+00
8.299999997163487464e+00
6.699999992237561486e+00
5.600000044398194987e+00
3.899999956954530944e+00
3.299999959551085382e+00
2.200000153912569978e+00
2.200000153912569978e+00
1.699999776874093982e+00
1.099999779470648420e+00
-2.616786609621613025e-08
5.999999712355785775e-01
5.999999712355785775e-01
-2.616786609621613025e-08
-2.616786609621613025e-08
-6.000000235713134344e-01
-6.000000235713134344e-01
-1.099999831806382389e+00
-6.000000235713134344e-01
-2.616786609621613025e-08
-6.000000235713134344e-01
-6.000000235713134344e-01
-2.616786609621613025e-08
-2.616786609621613025e-08
-2.616786609621613025e-08
5.999999712355785775e-01
-6.000000235713134344e-01
-6.699999617970741284e+00
-7.800000561216069883e+00
-7.800000561216069883e+00
-9.400000175089651577e+00
-1.109999997813161343e+01
-1.170000111314187308e+01
-1.000000017249309892e+01
-1.280000091878038759e+01
-1.329999958940864602e+01
-1.390000072441890211e+01
-1.390000072441890211e+01
-1.329999958940864602e+01
-1.329999958940864602e+01
-1.439999939504716053e+01
-1.500000053005741663e+01
-1.669999919549256617e+01
-1.610000033569593469e+01
-1.610000033569593469e+01
-1.669999919549256617e+01
-1.720000014133444921e+01
-1.720000014133444921e+01
-1.669999919549256617e+01
-1.669999919549256617e+01
-1.669999919549256617e+01
-1.000000017249309892e+01
-8.300000369451137061e+00
-8.300000369451137061e+00
-9.400000175089651577e+00
-8.300000369451137061e+00
-8.300000369451137061e+00
-1.559999938985405166e+01
-1.779999900113108424e+01
-1.779999900113108424e+01
-1.779999900113108424e+01
-1.720000014133444921e+01
-1.829999994697296373e+01
-1.890000108198322337e+01
-1.939999975261147824e+01
-1.779999900113108424e+01
-1.939999975261147824e+01
-1.829999994697296373e+01
-1.779999900113108424e+01
-1.720000014133444921e+01
-1.939999975261147824e+01
-2.000000088762173789e+01
-2.110000069326025240e+01
-2.110000069326025240e+01
-2.059999974741837292e+01
-2.000000088762173789e+01
-1.939999975261147824e+01
-1.939999975261147824e+01
1.220000001583609972e+01
1.220000001583609972e+01
1.280000001323954351e+01
1.059999997535996030e+01
1.109999992579588124e+01
1.169999992319932680e+01
1.109999992579588124e+01
1.109999992579588124e+01
1.169999992319932680e+01
1.109999992579588124e+01
1.109999992579588124e+01
9.999999977956512964e+00
9.399999980553067402e+00
6.099999994834115924e+00
4.400000049591302975e+00
3.299999959551085382e+00
3.299999959551085382e+00
2.800000151316015540e+00
2.200000153912569978e+00
1.699999776874093982e+00
5.999999712355785775e-01
-2.616786609621613025e-08
-6.000000235713134344e-01
-6.000000235713134344e-01
-1.099999831806382389e+00
-6.000000235713134344e-01
-1.099999831806382389e+00
-6.000000235713134344e-01
-1.099999831806382389e+00
-2.200000206248303058e+00
-1.700000398013234104e+00
-2.200000206248303058e+00
-6.000000235713134344e-01
-6.000000235713134344e-01
-2.616786609621613025e-08
5.999999712355785775e-01
1.699999776874093982e+00
1.699999776874093982e+00
1.699999776874093982e+00
1.699999776874093982e+00
1.099999779470648420e+00
1.099999779470648420e+00
-2.616786609621613025e-08
3.899999956954530944e+00
3.899999956954530944e+00
3.899999956954530944e+00
5.000000046994749425e+00
7.199999942673482423e+00
7.199999942673482423e+00
6.699999992237561486e+00
6.699999992237561486e+00
7.199999942673482423e+00
7.199999942673482423e+00
6.099999994834115924e+00
6.099999994834115924e+00
6.099999994834115924e+00
5.600000044398194987e+00
5.600000044398194987e+00
5.600000044398194987e+00
5.000000046994749425e+00
3.899999956954530944e+00
3.299999959551085382e+00
2.800000151316015540e+00
1.699999776874093982e+00
1.099999779470648420e+00
-2.616786609621613025e-08
-2.616786609621613025e-08
-2.616786609621613025e-08
1.699999776874093982e+00
2.800000151316015540e+00
3.899999956954530944e+00
2.200000153912569978e+00
2.800000151316015540e+00
6.699999992237561486e+00
7.800000011177354864e+00
7.199999942673482423e+00
7.199999942673482423e+00
5.000000046994749425e+00
3.899999956954530944e+00
3.299999959551085382e+00
3.899999956954530944e+00
5.600000044398194987e+00
6.099999994834115924e+00
6.699999992237561486e+00
9.999999977956512964e+00
9.399999980553067402e+00
7.800000011177354864e+00
9.999999977956512964e+00
1.220000001583609972e+01
1.439999991151483272e+01
1.499999990891827828e+01
1.780000008640216080e+01
1.829999989463723153e+01
1.829999989463723153e+01
1.829999989463723153e+01
1.889999989204067532e+01
1.889999989204067532e+01
1.889999989204067532e+01
1.889999989204067532e+01
1.889999989204067532e+01
1.829999989463723153e+01
1.829999989463723153e+01
1.439999991151483272e+01
1.439999991151483272e+01
1.439999991151483272e+01
1.439999991151483272e+01
1.439999991151483272e+01
1.439999991151483272e+01
1.499999990891827828e+01
1.559999990632172384e+01
1.600000009419182234e+01
1.559999990632172384e+01
1.559999990632172384e+01
1.499999990891827828e+01
1.439999991151483272e+01
1.439999991151483272e+01
1.499999990891827828e+01
1.499999990891827828e+01
1.439999991151483272e+01
1.499999990891827828e+01
1.439999991151483272e+01
1.330000010587631820e+01
1.330000010587631820e+01
1.169999992319932680e+01
1.610000028336019895e+01
1.670000028076364629e+01
1.610000028336019895e+01
1.610000028336019895e+01
2.169999950072115524e+01
2.169999950072115524e+01
2.220000044656303473e+01
2.280000044396648207e+01
2.280000044396648207e+01
2.280000044396648207e+01
2.280000044396648207e+01
2.330000025220154924e+01
2.330000025220154924e+01
2.330000025220154924e+01
2.330000025220154924e+01
2.330000025220154924e+01
2.330000025220154924e+01
2.390000024960499303e+01
2.390000024960499303e+01
2.390000024960499303e+01
2.330000025220154924e+01
2.390000024960499303e+01
2.440000005784006731e+01
2.500000005524351110e+01
2.500000005524351110e+01
2.330000025220154924e+01
2.169999950072115524e+01
2.169999950072115524e+01
2.169999950072115524e+01
2.220000044656303473e+01
2.220000044656303473e+01
2.280000044396648207e+01
2.220000044656303473e+01
2.169999950072115524e+01
2.169999950072115524e+01
2.169999950072115524e+01
2.169999950072115524e+01
2.169999950072115524e+01
2.169999950072115524e+01
2.169999950072115524e+01
2.169999950072115524e+01
2.169999950072115524e+01
2.220000044656303473e+01
1.610000028336019895e+01
1.280000001323954351e+01
1.169999992319932680e+01
1.280000001323954351e+01
1.220000001583609972e+01
1.169999992319932680e+01
1.109999992579588124e+01
9.999999977956512964e+00
8.899999994566934802e+00
9.999999977956512964e+00
8.899999994566934802e+00
8.899999994566934802e+00
8.299999997163487464e+00
7.800000011177354864e+00
7.800000011177354864e+00
1.699999776874093982e+00
1.099999779470648420e+00
2.800000151316015540e+00
1.699999776874093982e+00
1.699999776874093982e+00
1.099999779470648420e+00
2.200000153912569978e+00
5.999999712355785775e-01
5.999999712355785775e-01
2.200000153912569978e+00
2.800000151316015540e+00
3.299999959551085382e+00
4.400000049591302975e+00
5.000000046994749425e+00
6.099999994834115924e+00
6.099999994834115924e+00
7.199999942673482423e+00
8.299999997163487464e+00
8.299999997163487464e+00
8.299999997163487464e+00
7.800000011177354864e+00
7.800000011177354864e+00
8.299999997163487464e+00
8.299999997163487464e+00
8.299999997163487464e+00
5.999999712355785775e-01
5.999999712355785775e-01
-2.616786609621613025e-08
-2.616786609621613025e-08
-6.000000235713134344e-01
-2.616786609621613025e-08
-2.616786609621613025e-08
1.099999779470648420e+00
1.699999776874093982e+00
3.299999959551085382e+00
2.800000151316015540e+00
1.699999776874093982e+00
2.200000153912569978e+00
-6.000000235713134344e-01
-1.700000398013234104e+00
-1.700000398013234104e+00
-4.999999814928779429e+00
-4.999999814928779429e+00
-4.999999814928779429e+00
-5.599999812332226767e+00
-6.099999620567295722e+00
-6.099999620567295722e+00
-6.699999617970741284e+00
-6.099999620567295722e+00
-6.099999620567295722e+00
-6.699999617970741284e+00
-8.900000366854584399e+00
-8.900000366854584399e+00
-8.900000366854584399e+00
-9.400000175089651577e+00
-1.000000017249309892e+01
-9.400000175089651577e+00
-9.400000175089651577e+00
-9.400000175089651577e+00
-8.900000366854584399e+00
-8.900000366854584399e+00
-8.300000369451137061e+00
-1.109999997813161343e+01
-1.060000016989654625e+01
-1.060000016989654625e+01
-1.000000017249309892e+01
-7.800000561216069883e+00
-5.599999812332226767e+00
-4.399999817525333867e+00
-3.900000009290264913e+00
-3.300000011886819351e+00
-2.800000203651748620e+00
-2.999999444381689528e+00
-2.800000203651748620e+00
-2.800000203651748620e+00
-2.800000203651748620e+00
-2.800000203651748620e+00
-2.800000203651748620e+00
-3.300000011886819351e+00
-2.800000203651748620e+00
-2.800000203651748620e+00
-1.700000398013234104e+00
-1.099999831806382389e+00
-4.999999814928779429e+00
-4.999999814928779429e+00
-4.999999814928779429e+00
-4.399999817525333867e+00
-3.900000009290264913e+00
-3.300000011886819351e+00
-3.300000011886819351e+00
-2.800000203651748620e+00
-2.800000203651748620e+00
-2.800000203651748620e+00
-2.800000203651748620e+00
-3.300000011886819351e+00
-4.399999817525333867e+00
-6.699999617970741284e+00
-5.599999812332226767e+00
-5.599999812332226767e+00
-6.099999620567295722e+00
-6.099999620567295722e+00
-6.099999620567295722e+00
-5.599999812332226767e+00
-6.099999620567295722e+00
-5.599999812332226767e+00
-4.999999814928779429e+00
-5.599999812332226767e+00
-6.699999617970741284e+00
-6.699999617970741284e+00
-6.699999617970741284e+00
-7.200000563812622545e+00
-7.200000563812622545e+00
-6.699999617970741284e+00
-6.699999617970741284e+00
-6.699999617970741284e+00
-6.099999620567295722e+00
-5.599999812332226767e+00
-7.200000563812622545e+00
-7.200000563812622545e+00
-7.200000563812622545e+00
-4.399999817525333867e+00
-5.599999812332226767e+00
-4.999999814928779429e+00
-6.099999620567295722e+00
-6.699999617970741284e+00
-6.099999620567295722e+00
-4.999999814928779429e+00
-4.399999817525333867e+00
-4.399999817525333867e+00
-2.800000203651748620e+00
-1.099999831806382389e+00
-6.000000235713134344e-01
1.099999779470648420e+00
1.099999779470648420e+00
7.199999942673482423e+00
7.800000011177354864e+00
8.899999994566934802e+00
8.899999994566934802e+00
9.399999980553067402e+00
8.899999994566934802e+00
8.899999994566934802e+00
8.299999997163487464e+00
8.299999997163487464e+00
7.800000011177354864e+00
7.199999942673482423e+00
7.199999942673482423e+00
7.199999942673482423e+00
7.800000011177354864e+00
7.800000011177354864e+00
7.800000011177354864e+00
7.999999998461765571e+00
7.800000011177354864e+00
7.199999942673482423e+00
7.199999942673482423e+00
7.999999998461765571e+00
7.199999942673482423e+00
7.800000011177354864e+00
7.199999942673482423e+00
7.199999942673482423e+00
7.199999942673482423e+00
7.199999942673482423e+00
7.800000011177354864e+00
7.800000011177354864e+00
7.800000011177354864e+00
7.800000011177354864e+00
7.800000011177354864e+00
7.800000011177354864e+00
7.800000011177354864e+00
8.299999997163487464e+00
7.800000011177354864e+00
7.199999942673482423e+00
6.699999992237561486e+00
7.199999942673482423e+00
6.699999992237561486e+00
6.099999994834115924e+00
6.699999992237561486e+00
6.699999992237561486e+00
6.699999992237561486e+00
6.099999994834115924e+00
5.600000044398194987e+00
5.600000044398194987e+00
5.600000044398194987e+00
4.400000049591302975e+00
4.400000049591302975e+00
3.899999956954530944e+00
3.299999959551085382e+00
3.299999959551085382e+00
2.800000151316015540e+00
2.800000151316015540e+00
2.800000151316015540e+00
2.200000153912569978e+00
1.699999776874093982e+00
1.099999779470648420e+00
1.699999776874093982e+00
1.699999776874093982e+00
1.699999776874093982e+00
2.200000153912569978e+00
3.299999959551085382e+00
2.800000151316015540e+00
2.200000153912569978e+00
2.200000153912569978e+00
2.200000153912569978e+00
2.800000151316015540e+00
2.800000151316015540e+00
2.200000153912569978e+00
2.200000153912569978e+00
2.200000153912569978e+00
2.800000151316015540e+00
3.299999959551085382e+00
4.400000049591302975e+00
5.000000046994749425e+00
5.000000046994749425e+00
5.000000046994749425e+00
5.000000046994749425e+00
5.000000046994749425e+00
4.400000049591302975e+00
5.000000046994749425e+00
3.899999956954530944e+00
3.899999956954530944e+00
3.299999959551085382e+00
3.299999959551085382e+00
3.299999959551085382e+00
3.299999959551085382e+00
3.899999956954530944e+00
3.299999959551085382e+00
3.299999959551085382e+00
3.299999959551085382e+00
3.299999959551085382e+00
2.800000151316015540e+00
3.299999959551085382e+00
2.800000151316015540e+00
3.299999959551085382e+00
3.299999959551085382e+00
3.299999959551085382e+00
3.299999959551085382e+00
2.800000151316015540e+00
2.800000151316015540e+00
2.800000151316015540e+00
2.800000151316015540e+00
2.800000151316015540e+00
3.299999959551085382e+00
3.299999959551085382e+00
3.299999959551085382e+00
2.200000153912569978e+00
2.200000153912569978e+00
3.299999959551085382e+00
2.200000153912569978e+00
3.299999959551085382e+00
5.999999712355785775e-01
1.099999779470648420e+00
2.200000153912569978e+00
1.699999776874093982e+00
2.800000151316015540e+00
2.200000153912569978e+00
3.299999959551085382e+00
5.600000044398194987e+00
4.400000049591302975e+00
5.600000044398194987e+00
5.600000044398194987e+00
4.400000049591302975e+00
5.000000046994749425e+00
5.600000044398194987e+00
6.099999994834115924e+00
7.199999942673482423e+00
7.199999942673482423e+00
6.699999992237561486e+00
7.800000011177354864e+00
8.899999994566934802e+00
9.399999980553067402e+00
8.899999994566934802e+00
8.899999994566934802e+00
8.899999994566934802e+00
8.899999994566934802e+00
9.399999980553067402e+00
9.399999980553067402e+00
9.399999980553067402e+00
9.399999980553067402e+00
9.399999980553067402e+00
9.399999980553067402e+00
9.399999980553067402e+00
8.299999997163487464e+00
7.999999998461765571e+00
8.299999997163487464e+00
7.800000011177354864e+00
7.800000011177354864e+00
6.099999994834115924e+00
6.099999994834115924e+00
1.699999776874093982e+00
1.099999779470648420e+00
1.099999779470648420e+00
1.099999779470648420e+00
1.099999779470648420e+00
1.099999779470648420e+00
5.999999712355785775e-01
-2.616786609621613025e-08
5.999999712355785775e-01
-2.616786609621613025e-08
-2.616786609621613025e-08
-2.616786609621613025e-08
1.099999779470648420e+00
1.000000159105677966e+00
5.999999712355785775e-01
5.999999712355785775e-01
-6.000000235713134344e-01
-1.099999831806382389e+00
-1.700000398013234104e+00
-1.700000398013234104e+00
-2.800000203651748620e+00
-2.800000203651748620e+00
-2.200000206248303058e+00
-1.700000398013234104e+00
-1.700000398013234104e+00
-2.200000206248303058e+00
-1.700000398013234104e+00
-4.999999814928779429e+00
-5.599999812332226767e+00
-4.999999814928779429e+00
-5.599999812332226767e+00
-6.699999617970741284e+00
-6.699999617970741284e+00
-4.999999814928779429e+00
-6.699999617970741284e+00
-7.200000563812622545e+00
-7.800000561216069883e+00
-8.300000369451137061e+00
-6.099999620567295722e+00
-7.800000561216069883e+00
-8.300000369451137061e+00
-8.900000366854584399e+00
-8.900000366854584399e+00
-8.900000366854584399e+00
-8.300000369451137061e+00
-7.800000561216069883e+00
-7.800000561216069883e+00
-7.800000561216069883e+00
-7.200000563812622545e+00
-7.200000563812622545e+00
-7.200000563812622545e+00
-7.200000563812622545e+00
-7.800000561216069883e+00
-7.800000561216069883e+00
-8.300000369451137061e+00
-8.300000369451137061e+00
-8.300000369451137061e+00
-8.900000366854584399e+00
-8.900000366854584399e+00
-8.300000369451137061e+00
-8.300000369451137061e+00
-8.300000369451137061e+00
-8.300000369451137061e+00
-7.800000561216069883e+00
-7.200000563812622545e+00
-7.200000563812622545e+00
-6.099999620567295722e+00
-4.999999814928779429e+00
-7.200000563812622545e+00
-7.800000561216069883e+00
-7.800000561216069883e+00
-7.800000561216069883e+00
-7.200000563812622545e+00
-6.699999617970741284e+00
-7.200000563812622545e+00
-7.200000563812622545e+00
-6.699999617970741284e+00
-6.699999617970741284e+00
-6.099999620567295722e+00
-6.099999620567295722e+00
-6.699999617970741284e+00
-6.099999620567295722e+00
-5.599999812332226767e+00
-4.999999814928779429e+00
-4.399999817525333867e+00
-4.399999817525333867e+00
-4.399999817525333867e+00
-4.999999814928779429e+00
-4.999999814928779429e+00
-4.999999814928779429e+00
-4.999999814928779429e+00
-4.999999814928779429e+00
-5.599999812332226767e+00
-6.099999620567295722e+00
-6.699999617970741284e+00
-6.699999617970741284e+00
-7.200000563812622545e+00
-7.200000563812622545e+00
-7.200000563812622545e+00
-6.699999617970741284e+00
-6.099999620567295722e+00
-6.099999620567295722e+00
-6.099999620567295722e+00
-5.599999812332226767e+00
-4.999999814928779429e+00
-4.999999814928779429e+00
-4.999999814928779429e+00
-4.999999814928779429e+00
-4.399999817525333867e+00
-4.399999817525333867e+00
-4.399999817525333867e+00
-4.999999814928779429e+00
-3.300000011886819351e+00
-2.800000203651748620e+00
-2.800000203651748620e+00
-2.800000203651748620e+00
-2.800000203651748620e+00
-2.200000206248303058e+00
-1.700000398013234104e+00
-6.000000235713134344e-01
1.099999779470648420e+00
1.099999779470648420e+00
1.699999776874093982e+00
3.299999959551085382e+00
3.299999959551085382e+00
4.400000049591302975e+00
4.400000049591302975e+00
5.000000046994749425e+00
6.099999994834115924e+00
6.699999992237561486e+00
6.099999994834115924e+00
6.699999992237561486e+00
6.099999994834115924e+00
6.099999994834115924e+00
5.999999947866591299e+00
5.600000044398194987e+00
5.600000044398194987e+00
5.600000044398194987e+00
5.600000044398194987e+00
5.000000046994749425e+00
5.000000046994749425e+00
5.000000046994749425e+00
5.000000046994749425e+00
5.600000044398194987e+00
5.000000046994749425e+00
5.600000044398194987e+00
5.600000044398194987e+00
5.600000044398194987e+00
5.600000044398194987e+00
5.600000044398194987e+00
6.099999994834115924e+00
6.699999992237561486e+00
6.699999992237561486e+00
6.699999992237561486e+00
7.800000011177354864e+00
7.199999942673482423e+00
7.199999942673482423e+00
7.199999942673482423e+00
7.199999942673482423e+00
6.699999992237561486e+00
6.099999994834115924e+00
5.600000044398194987e+00
5.000000046994749425e+00
5.000000046994749425e+00
4.400000049591302975e+00
3.899999956954530944e+00
4.400000049591302975e+00
4.400000049591302975e+00
4.400000049591302975e+00
4.400000049591302975e+00
3.899999956954530944e+00
3.899999956954530944e+00
2.800000151316015540e+00
1.699999776874093982e+00
1.099999779470648420e+00
1.699999776874093982e+00
1.099999779470648420e+00
5.999999712355785775e-01
5.999999712355785775e-01
5.999999712355785775e-01
5.999999712355785775e-01
5.999999712355785775e-01
5.999999712355785775e-01
5.999999712355785775e-01
5.999999712355785775e-01
5.999999712355785775e-01
-2.616786609621613025e-08
-2.616786609621613025e-08
-6.000000235713134344e-01
-6.000000235713134344e-01
-1.099999831806382389e+00
-1.099999831806382389e+00
-1.099999831806382389e+00
-1.099999831806382389e+00
-6.000000235713134344e-01
-6.000000235713134344e-01
-1.099999831806382389e+00
-1.700000398013234104e+00
-2.800000203651748620e+00
-3.300000011886819351e+00
-3.300000011886819351e+00
-3.300000011886819351e+00
-2.800000203651748620e+00
-3.300000011886819351e+00
-2.800000203651748620e+00
-2.800000203651748620e+00
-2.200000206248303058e+00
-2.200000206248303058e+00
-2.800000203651748620e+00
-3.300000011886819351e+00
-2.800000203651748620e+00
-2.800000203651748620e+00
-2.200000206248303058e+00
-2.200000206248303058e+00
-2.200000206248303058e+00
-2.200000206248303058e+00
-2.200000206248303058e+00
-1.700000398013234104e+00
-1.099999831806382389e+00
-6.000000235713134344e-01
-6.000000235713134344e-01
-1.700000398013234104e+00
-1.700000398013234104e+00
-1.700000398013234104e+00
-1.700000398013234104e+00
-1.099999831806382389e+00
-6.000000235713134344e-01
1.099999779470648420e+00
5.999999712355785775e-01
5.999999712355785775e-01
1.699999776874093982e+00
2.200000153912569978e+00
3.299999959551085382e+00
3.899999956954530944e+00
5.000000046994749425e+00
5.600000044398194987e+00
6.699999992237561486e+00
7.199999942673482423e+00
7.800000011177354864e+00
8.299999997163487464e+00
9.399999980553067402e+00
9.399999980553067402e+00
1.059999997535996030e+01
1.109999992579588124e+01
1.109999992579588124e+01
1.109999992579588124e+01
1.169999992319932680e+01
1.169999992319932680e+01
1.169999992319932680e+01
1.220000001583609972e+01
1.220000001583609972e+01
1.220000001583609972e+01
1.220000001583609972e+01
1.280000001323954351e+01
1.280000001323954351e+01
1.280000001323954351e+01
1.280000001323954351e+01
1.280000001323954351e+01
1.280000001323954351e+01
1.330000010587631820e+01
1.330000010587631820e+01
1.330000010587631820e+01
1.330000010587631820e+01
1.330000010587631820e+01
1.330000010587631820e+01
1.330000010587631820e+01
1.330000010587631820e+01
1.330000010587631820e+01
1.399999972364473422e+01
1.390000010327976199e+01
1.390000010327976199e+01
1.390000010327976199e+01
1.390000010327976199e+01
1.439999991151483272e+01
1.439999991151483272e+01
1.439999991151483272e+01
1.439999991151483272e+01
1.439999991151483272e+01
1.439999991151483272e+01
1.439999991151483272e+01
1.439999991151483272e+01
1.439999991151483272e+01
1.439999991151483272e+01
1.390000010327976199e+01
1.390000010327976199e+01
1.330000010587631820e+01
1.330000010587631820e+01
1.220000001583609972e+01
1.169999992319932680e+01
1.109999992579588124e+01
1.109999992579588124e+01
1.059999997535996030e+01
1.059999997535996030e+01
1.059999997535996030e+01
1.059999997535996030e+01
1.109999992579588124e+01
1.109999992579588124e+01
1.169999992319932680e+01
1.109999992579588124e+01
1.169999992319932680e+01
1.169999992319932680e+01
1.169999992319932680e+01
1.109999992579588124e+01
1.109999992579588124e+01
1.109999992579588124e+01
1.109999992579588124e+01
1.059999997535996030e+01
1.109999992579588124e+01
1.109999992579588124e+01
1.100000002102920682e+01
1.059999997535996030e+01
1.059999997535996030e+01
1.059999997535996030e+01
1.059999997535996030e+01
1.059999997535996030e+01
1.100000002102920682e+01
1.059999997535996030e+01
1.059999997535996030e+01
1.059999997535996030e+01
1.109999992579588124e+01
1.109999992579588124e+01
1.109999992579588124e+01
1.059999997535996030e+01
1.059999997535996030e+01
9.999999977956512964e+00
9.999999977956512964e+00
9.399999980553067402e+00
9.399999980553067402e+00
9.399999980553067402e+00
9.399999980553067402e+00
9.999999977956512964e+00
9.399999980553067402e+00
9.399999980553067402e+00
9.999999977956512964e+00
9.999999977956512964e+00
-1.610000033569593469e+01
-1.669999919549256617e+01
-1.610000033569593469e+01
-1.559999938985405166e+01
-1.439999939504716053e+01
-1.439999939504716053e+01
-1.439999939504716053e+01
-1.280000091878038759e+01
-1.170000111314187308e+01
-1.000000017249309892e+01
-7.200000563812622545e+00
-8.900000366854584399e+00
-7.800000561216069883e+00
-7.200000563812622545e+00
