-4.308774948120117188e+00
-4.293776512145996094e+00
-4.083742618560791016e+00
-1.479207515716552734e+00
2.505250215530395508e+00
2.265551328659057617e+00
5.301631927490234375e+00
5.267441749572753906e+00
5.104286670684814453e+00
5.435005664825439453e+00
3.293580770492553711e+00
2.005467891693115234e+00
-5.441522598266601562e-01
-1.330497264862060547e+00
-1.708124518394470215e+00
-2.376166582107543945e+00
-3.011022806167602539e+00
-3.820126056671142578e+00
-4.521416664123535156e+00
-5.169909954071044922e+00
-5.006046772003173828e+00
-5.493688583374023438e+00
-5.753816127777099609e+00
-6.318108081817626953e+00
-5.872089385986328125e+00
-6.173000812530517578e+00
-6.408549308776855469e+00
-6.237798213958740234e+00
-5.615441322326660156e+00
-5.251791477203369141e+00
-5.095957279205322266e+00
-5.146365642547607422e+00
-5.049762248992919922e+00
-5.015049934387207031e+00
-4.963323116302490234e+00
-5.408545494079589844e+00
-5.513226509094238281e+00
-5.864344120025634766e+00
-5.690427303314208984e+00
-6.190995693206787109e+00
-5.806002616882324219e+00
-6.400850296020507812e+00
-6.177822113037109375e+00
-6.284321308135986328e+00
-6.167426109313964844e+00
-6.440242767333984375e+00
-6.541598320007324219e+00
-6.497318744659423828e+00
-5.920153617858886719e+00
-5.414642810821533203e+00
-5.138037681579589844e+00
-5.150392532348632812e+00
-5.831928730010986328e+00
-5.828008651733398438e+00
-6.023942470550537109e+00
-5.983123302459716797e+00
-5.785945415496826172e+00
-6.024825096130371094e+00
-5.760210990905761719e+00
-5.939401626586914062e+00
-5.951089382171630859e+00
-6.088151454925537109e+00
-5.919970035552978516e+00
-5.627107620239257812e+00
-5.173898696899414062e+00
-5.081412315368652344e+00
-4.923996925354003906e+00
-4.707692146301269531e+00
-4.662758350372314453e+00
-4.704104423522949219e+00
-4.730313301086425781e+00
-4.636341094970703125e+00
-4.573710441589355469e+00
-4.438825607299804688e+00
-4.317634105682373047e+00
-3.258338928222656250e+00
4.805308282375335693e-01
9.992645382881164551e-01
1.532233357429504395e+00
2.535086572170257568e-01
1.308270450681447983e-02
-1.896909624338150024e-02
-8.389097452163696289e-01
-2.042495965957641602e+00
-3.627240419387817383e+00
-4.634114265441894531e+00
-5.006690025329589844e+00
-5.444640159606933594e+00
-5.591353893280029297e+00
-5.571645259857177734e+00
-5.522706031799316406e+00
-6.231225490570068359e+00
-6.251996994018554688e+00
-6.505683898925781250e+00
-6.571687221527099609e+00
-6.660177707672119141e+00
-5.648211479187011719e+00
-5.721788883209228516e+00
-5.313105583190917969e+00
-5.032042503356933594e+00
-4.681298732757568359e+00
-4.854992866516113281e+00
-4.618964672088623047e+00
-4.860054492950439453e+00
-4.793567657470703125e+00
-4.824645996093750000e+00
-4.820871829986572266e+00
-5.012530326843261719e+00
-5.089875698089599609e+00
-5.140955448150634766e+00
-5.368504524230957031e+00
-5.634806156158447266e+00
-5.691453456878662109e+00
-6.109174728393554688e+00
-6.197537422180175781e+00
-6.523062705993652344e+00
-6.688262939453125000e+00
-6.704624652862548828e+00
-6.547612667083740234e+00
-5.171471595764160156e+00
-4.838395595550537109e+00
-4.470047473907470703e+00
-4.287934780120849609e+00
-3.401902198791503906e+00
-2.906471252441406250e+00
-1.036495447158813477e+00
1.254489779472351074e+00
7.167666554450988770e-01
-1.198163405060768127e-01
-4.848650842905044556e-02
-5.986644625663757324e-01
-1.512728571891784668e+00
-1.669749736785888672e+00
-1.908611297607421875e+00
-2.865003108978271484e+00
-3.515223026275634766e+00
-3.862160921096801758e+00
-4.022867679595947266e+00
-4.180528163909912109e+00
-4.239424705505371094e+00
-4.476443767547607422e+00
-4.622654914855957031e+00
-4.787497997283935547e+00
-6.306213855743408203e+00
-6.685966014862060547e+00
-6.848219394683837891e+00
-6.738358497619628906e+00
-6.996229648590087891e+00
-6.505030632019042969e+00
-4.620191574096679688e+00
-4.649391651153564453e+00
-5.769974708557128906e+00
-6.330893039703369141e+00
-5.969006061553955078e+00
-7.207699298858642578e+00
-6.926318168640136719e+00
-9.311120986938476562e+00
-6.902601242065429688e+00
-1.054671382904052734e+01
-7.034275531768798828e+00
-1.115844631195068359e+01
-8.124135971069335938e+00
-1.117244911193847656e+01
-9.003440856933593750e+00
-9.645295143127441406e+00
8.247275352478027344e+00
8.442557334899902344e+00
8.598366737365722656e+00
8.613999366760253906e+00
8.479018211364746094e+00
8.193745613098144531e+00
7.381653308868408203e+00
5.792170047760009766e+00
2.811995744705200195e+00
-2.217563390731811523e+00
-4.158888816833496094e+00
-5.243807315826416016e+00
-4.876215457916259766e+00
-5.134913444519042969e+00
-6.406073093414306641e+00
-5.826787948608398438e+00
-5.884433269500732422e+00
-5.758573055267333984e+00
-5.442741870880126953e+00
-5.612310409545898438e+00
-6.703766345977783203e+00
-7.133263587951660156e+00
-7.881389141082763672e+00
-8.062025070190429688e+00
-7.913529396057128906e+00
-8.251906394958496094e+00
-7.968189239501953125e+00
-6.910106182098388672e+00
-6.795636177062988281e+00
-5.645298480987548828e+00
-5.513034343719482422e+00
-5.037015914916992188e+00
-6.665983200073242188e+00
-4.367208480834960938e+00
-4.470215320587158203e+00
-4.504206180572509766e+00
-4.641075611114501953e+00
-4.836124420166015625e+00
-5.660301208496093750e+00
-5.628474235534667969e+00
-6.242309093475341797e+00
-6.596899032592773438e+00
-7.366549491882324219e+00
-7.487422466278076172e+00
-7.706218719482421875e+00
-7.806161880493164062e+00
-8.372992515563964844e+00
-8.439546585083007812e+00
-8.223208427429199219e+00
-7.611837863922119141e+00
-5.476532936096191406e+00
-5.445443630218505859e+00
-4.546542167663574219e+00
-4.374670982360839844e+00
-4.148186206817626953e+00
-3.961504936218261719e+00
-3.314338445663452148e+00
-1.023585438728332520e+00
-5.002548694610595703e-01
-2.725793421268463135e-01
-3.647543489933013916e-01
-8.039991855621337891e-01
-1.787057042121887207e+00
-2.848392248153686523e+00
-3.514479637145996094e+00
-3.934012174606323242e+00
-4.537690162658691406e+00
-4.744504451751708984e+00
-4.961633682250976562e+00
-5.704020977020263672e+00
-6.870412826538085938e+00
-7.957339763641357422e+00
-7.974835395812988281e+00
-7.621971607208251953e+00
-5.923752784729003906e+00
-4.531800270080566406e+00
-4.402913093566894531e+00
-4.219106197357177734e+00
-2.548590421676635742e+00
5.223113894462585449e-01
8.426223397254943848e-01
2.454317569732666016e+00
3.062651872634887695e+00
3.661676645278930664e+00
2.808026075363159180e+00
3.581193208694458008e+00
1.956506371498107910e+00
1.034347653388977051e+00
5.115986466407775879e-01
-1.744727343320846558e-01
-1.868180394172668457e+00
-2.932713270187377930e+00
-3.709076881408691406e+00
-4.179168224334716797e+00
-4.550670623779296875e+00
-4.855491161346435547e+00
-5.352006912231445312e+00
-5.255659580230712891e+00
-4.584090232849121094e+00
-4.426095008850097656e+00
-4.037287712097167969e+00
6.720905900001525879e-01
2.702912092208862305e+00
3.097613096237182617e+00
4.890047550201416016e+00
5.025604724884033203e+00
5.255367279052734375e+00
6.148636341094970703e+00
6.263105392456054688e+00
4.983188152313232422e+00
5.019514560699462891e+00
3.578294515609741211e+00
4.273759841918945312e+00
6.324926018714904785e-01
-1.735258549451828003e-01
-1.260640263557434082e+00
-2.391133785247802734e+00
-3.064369440078735352e+00
-3.541172266006469727e+00
-3.994523525238037109e+00
-4.446080207824707031e+00
-4.474754333496093750e+00
-4.247848987579345703e+00
-4.021262645721435547e+00
-2.360968828201293945e+00
1.975417971611022949e+00
3.750442266464233398e+00
5.747792243957519531e+00
5.831979274749755859e+00
6.492038249969482422e+00
6.151710033416748047e+00
7.077929973602294922e+00
6.267759799957275391e+00
5.774531841278076172e+00
5.601700782775878906e+00
4.295727729797363281e+00
3.744816064834594727e+00
3.073263883590698242e+00
6.353473067283630371e-01
-2.708989679813385010e-01
-1.448189258575439453e+00
-2.301653861999511719e+00
-2.912843942642211914e+00
-3.602746725082397461e+00
-4.086201667785644531e+00
-4.085197448730468750e+00
-3.770674467086791992e+00
-1.783060312271118164e+00
1.045586466789245605e+00
3.068234682083129883e+00
5.611017704010009766e+00
5.283461570739746094e+00
6.450610637664794922e+00
7.661712169647216797e+00
6.769880771636962891e+00
8.003865242004394531e+00
7.297763347625732422e+00
7.181560039520263672e+00
5.851776123046875000e+00
3.733774900436401367e+00
2.834378004074096680e+00
1.876646637916564941e+00
6.823459267616271973e-01
-8.069829940795898438e-01
-2.010708332061767578e+00
-2.854786396026611328e+00
-3.369953870773315430e+00
-3.793867111206054688e+00
-4.228506088256835938e+00
-4.342954158782958984e+00
-4.182596206665039062e+00
-3.944945812225341797e+00
7.612999528646469116e-02
3.143148183822631836e+00
3.842667818069458008e+00
6.100738048553466797e+00
5.358717918395996094e+00
7.748194217681884766e+00
5.942326068878173828e+00
6.924251079559326172e+00
3.522587537765502930e+00
6.017933845520019531e+00
1.295989394187927246e+00
2.839608907699584961e+00
1.423082947731018066e+00
7.072351574897766113e-01
-1.263479232788085938e+00
-2.091867923736572266e+00
-2.610649585723876953e+00
-3.074206590652465820e+00
-3.574305057525634766e+00
-4.128565311431884766e+00
-4.551959514617919922e+00
-4.729772090911865234e+00
-4.374005794525146484e+00
-4.201914310455322266e+00
-1.012067079544067383e+00
2.079111337661743164e+00
2.670015335083007812e+00
3.760720014572143555e+00
5.267988204956054688e+00
5.837218761444091797e+00
5.718037605285644531e+00
5.925621509552001953e+00
5.475149631500244141e+00
4.762324333190917969e+00
4.916376590728759766e+00
2.421990394592285156e+00
-5.235774517059326172e-01
-1.482591748237609863e+00
-1.879067420959472656e+00
-2.223353624343872070e+00
-3.080999612808227539e+00
-3.751703977584838867e+00
-4.118416309356689453e+00
-4.421535491943359375e+00
-4.772769451141357422e+00
-5.065731525421142578e+00
-4.515331268310546875e+00
-4.378205299377441406e+00
-3.341927289962768555e+00
-5.266773104667663574e-01
1.617325425148010254e+00
-5.265133380889892578e-01
-1.794280052185058594e+00
-1.962739825248718262e+00
-1.344578504562377930e+00
-8.637325763702392578e-01
-1.093658566474914551e+00
-1.500371813774108887e+00
-1.745051383972167969e+00
-2.784349679946899414e+00
-3.755504131317138672e+00
-4.829853057861328125e+00
-5.892018318176269531e+00
-7.158566951751708984e+00
-7.569132328033447266e+00
-7.929042816162109375e+00
-8.516081809997558594e+00
-8.498934745788574219e+00
-8.884183883666992188e+00
-6.598308563232421875e+00
-5.918841361999511719e+00
-5.855823040008544922e+00
-4.911746978759765625e+00
-4.270447254180908203e+00
-3.535403251647949219e+00
-9.673222899436950684e-01
1.546718239784240723e+00
2.594995260238647461e+00
4.538346767425537109e+00
4.055955410003662109e+00
4.052517890930175781e+00
2.952082395553588867e+00
2.284041881561279297e+00
3.729375451803207397e-02
-9.992077946662902832e-01
-1.921829223632812500e+00
-2.757273674011230469e+00
-3.901379585266113281e+00
-5.533689975738525391e+00
-6.163777351379394531e+00
-6.956363201141357422e+00
-7.299765110015869141e+00
-8.054171562194824219e+00
-7.383432388305664062e+00
-7.372658252716064453e+00
-6.377117633819580078e+00
-5.251073837280273438e+00
-4.610073089599609375e+00
-4.390008926391601562e+00
-2.726316213607788086e+00
2.088222265243530273e+00
2.527993917465209961e+00
2.884829759597778320e+00
2.820473909378051758e+00
4.979832649230957031e+00
3.473080873489379883e+00
2.609048843383789062e+00
8.466168045997619629e-01
-7.441631555557250977e-01
-2.088828563690185547e+00
-3.124169826507568359e+00
-3.769101142883300781e+00
-4.532867431640625000e+00
-5.781047821044921875e+00
-6.698238849639892578e+00
-6.495289325714111328e+00
-7.007823944091796875e+00
-5.218239784240722656e+00
-4.745698451995849609e+00
-4.487922191619873047e+00
-3.589917421340942383e+00
9.985271096229553223e-01
2.614073276519775391e+00
3.625124692916870117e+00
5.175233364105224609e+00
5.571345806121826172e+00
5.763976573944091797e+00
5.373130321502685547e+00
5.721587181091308594e+00
4.013515949249267578e+00
3.621169328689575195e+00
2.118583917617797852e+00
1.238771557807922363e+00
-2.188204973936080933e-01
-1.047459006309509277e+00
-1.523752927780151367e+00
-2.255967855453491211e+00
-3.130581140518188477e+00
-3.771123409271240234e+00
-4.262109279632568359e+00
-4.966862678527832031e+00
-5.187697887420654297e+00
-4.713803768157958984e+00
-4.387812137603759766e+00
-4.140409469604492188e+00
-1.094852089881896973e+00
1.983312726020812988e+00
1.802284598350524902e+00
3.235621690750122070e+00
2.404930591583251953e+00
4.398694038391113281e+00
3.773209333419799805e+00
3.691918611526489258e+00
1.502573370933532715e+00
6.722491383552551270e-01
-4.324924647808074951e-01
-8.655720949172973633e-01
-1.478329896926879883e+00
-2.178151845932006836e+00
-2.748730182647705078e+00
-3.182714700698852539e+00
-3.507098913192749023e+00
-3.773186206817626953e+00
-4.007626533508300781e+00
-4.158782958984375000e+00
-4.221859455108642578e+00
-4.236052036285400391e+00
-4.251039028167724609e+00
-4.178956031799316406e+00
-4.088017940521240234e+00
-3.962338209152221680e+00
-3.861062288284301758e+00
-3.572167873382568359e+00
-2.851604461669921875e+00
-1.009034395217895508e+00
1.990699321031570435e-01
-1.069209933280944824e+00
-1.807440042495727539e+00
-2.214825868606567383e+00
-2.582147598266601562e+00
-2.996441841125488281e+00
-3.385918140411376953e+00
-3.940138339996337891e+00
-4.485523700714111328e+00
-4.846418857574462891e+00
-5.350666999816894531e+00
-5.736014366149902344e+00
-6.108727931976318359e+00
-6.133032321929931641e+00
-5.694046497344970703e+00
-4.779423713684082031e+00
-4.536231517791748047e+00
-4.409078121185302734e+00
-4.196373939514160156e+00
-2.667932510375976562e+00
1.778466254472732544e-01
1.329112410545349121e+00
3.063468694686889648e+00
2.175065517425537109e+00
2.523727893829345703e+00
1.094618201255798340e+00
6.066424250602722168e-01
-8.560981750488281250e-01
-1.755214691162109375e+00
-2.328053474426269531e+00
-2.777842283248901367e+00
-3.180488586425781250e+00
-3.539335012435913086e+00
-3.603991985321044922e+00
-3.683110237121582031e+00
-3.835786104202270508e+00
-4.031255722045898438e+00
-4.092751026153564453e+00
-4.152609348297119141e+00
-4.163315773010253906e+00
-3.965736150741577148e+00
-2.008194208145141602e+00
1.134457707405090332e+00
1.102921128273010254e+00
3.525981664657592773e+00
2.719860792160034180e+00
5.034586906433105469e+00
4.479400157928466797e+00
5.399206638336181641e+00
4.145740985870361328e+00
3.875090360641479492e+00
3.199950933456420898e+00
1.469625353813171387e+00
7.206433415412902832e-01
-1.922406405210494995e-01
-1.025692105293273926e+00
-1.299783349037170410e+00
-1.465744614601135254e+00
-2.065874099731445312e+00
-2.660382270812988281e+00
-3.495292663574218750e+00
-4.068686008453369141e+00
-4.100401401519775391e+00
-3.831786394119262695e+00
-2.362678050994873047e+00
6.717996001243591309e-01
2.332549333572387695e+00
3.865862607955932617e+00
4.441739082336425781e+00
6.804883480072021484e+00
6.590197086334228516e+00
6.563633441925048828e+00
7.174980640411376953e+00
6.392262935638427734e+00
4.940808296203613281e+00
3.831783533096313477e+00
1.376189351081848145e+00
-1.074948683381080627e-01
-1.599941134452819824e+00
-2.889135360717773438e+00
-3.768936634063720703e+00
-4.522747993469238281e+00
-5.799037933349609375e+00
-6.299054622650146484e+00
-6.986839294433593750e+00
-6.633235931396484375e+00
-6.672412872314453125e+00
-6.029200077056884766e+00
-5.392275333404541016e+00
-4.499280929565429688e+00
-4.357244968414306641e+00
7.902901768684387207e-01
3.413069963455200195e+00
4.295022964477539062e+00
5.722866535186767578e+00
6.376691341400146484e+00
7.425742626190185547e+00
6.482374191284179688e+00
6.933011531829833984e+00
4.972241878509521484e+00
4.252106666564941406e+00
2.618054151535034180e+00
3.371827304363250732e-01
-1.530039191246032715e+00
-2.808506011962890625e+00
-3.350371599197387695e+00
-3.875703334808349609e+00
-4.449694633483886719e+00
-4.424740314483642578e+00
-4.961382865905761719e+00
-4.584496498107910156e+00
-4.393978595733642578e+00
-4.246890068054199219e+00
-1.921020001173019409e-01
4.431090831756591797e+00
4.688960075378417969e+00
6.329481124877929688e+00
7.088448047637939453e+00
8.160559654235839844e+00
8.614757537841796875e+00
8.658691406250000000e+00
8.637582778930664062e+00
8.614049911499023438e+00
7.820315837860107422e+00
4.961046695709228516e+00
3.428678750991821289e+00
1.324654936790466309e+00
-3.625515401363372803e-01
-1.806393623352050781e+00
-2.896876573562622070e+00
-3.530358076095581055e+00
-4.010663986206054688e+00
-5.014318943023681641e+00
-5.060470104217529297e+00
-4.686291694641113281e+00
-4.464882373809814453e+00
-4.337979316711425781e+00
-2.097072124481201172e+00
1.310587048530578613e+00
2.264257907867431641e+00
5.507909297943115234e+00
5.473530769348144531e+00
7.539927005767822266e+00
8.190638542175292969e+00
8.408446311950683594e+00
8.600956916809082031e+00
8.363721847534179688e+00
8.200555801391601562e+00
6.117136955261230469e+00
5.766497611999511719e+00
4.389091968536376953e+00
3.584648847579956055e+00
1.754016518592834473e+00
3.330955207347869873e-01
-1.063309907913208008e+00
-1.012984991073608398e+00
-1.872606873512268066e+00
-3.192353010177612305e+00
-2.761143922805786133e+00
7.474191784858703613e-01
4.443027973175048828e+00
4.995308399200439453e+00
6.869989871978759766e+00
8.521438598632812500e+00
8.665685653686523438e+00
8.457608222961425781e+00
7.731890201568603516e+00
7.113922595977783203e+00
6.696988582611083984e+00
6.990462779998779297e+00
7.559317111968994141e+00
8.093743324279785156e+00
6.398904800415039062e+00
5.763873577117919922e+00
4.884410858154296875e+00
2.534451246261596680e+00
2.274084568023681641e+00
-4.374770075082778931e-02
-9.549275636672973633e-01
-2.247349977493286133e+00
-3.191750526428222656e+00
-3.768521547317504883e+00
-3.893265485763549805e+00
-3.870080471038818359e+00
-3.528863430023193359e+00
-1.088398814201354980e+00
1.842220425605773926e+00
3.685974359512329102e+00
6.165164947509765625e+00
7.270905017852783203e+00
8.300954818725585938e+00
8.204858779907226562e+00
8.161290168762207031e+00
7.335820674896240234e+00
4.322060108184814453e+00
2.723446130752563477e+00
1.090455174446105957e+00
-1.117601394653320312e+00
-3.853192806243896484e+00
-5.982450485229492188e+00
-5.268651962280273438e+00
-6.611747741699218750e+00
-6.401739120483398438e+00
-6.787374019622802734e+00
-6.962492942810058594e+00
-7.317748546600341797e+00
-7.198049545288085938e+00
-6.290365695953369141e+00
-5.692904472351074219e+00
-5.592532634735107422e+00
-5.044231891632080078e+00
-4.663577079772949219e+00
-4.645944118499755859e+00
-4.428988456726074219e+00
-4.281722068786621094e+00
-3.675681829452514648e+00
-3.343604803085327148e+00
-3.516548871994018555e+00
-3.674487829208374023e+00
-3.954570531845092773e+00
-4.320490837097167969e+00
-4.377577781677246094e+00
-4.766704559326171875e+00
-5.439239025115966797e+00
-6.177421092987060547e+00
-6.461398124694824219e+00
-6.830304145812988281e+00
-7.460632801055908203e+00
-7.720812797546386719e+00
-8.899431228637695312e+00
-8.726883888244628906e+00
-6.931988239288330078e+00
-5.926593303680419922e+00
-5.444191932678222656e+00
-5.336392402648925781e+00
-4.696481704711914062e+00
-4.436693191528320312e+00
-4.205533504486083984e+00
-3.921611785888671875e+00
-3.748136758804321289e+00
-3.698254108428955078e+00
-3.621793270111083984e+00
-3.794047594070434570e+00
-4.014795780181884766e+00
-4.226032733917236328e+00
-4.392915248870849609e+00
-4.704671859741210938e+00
-4.786054134368896484e+00
-5.059004306793212891e+00
-5.462928295135498047e+00
-5.984984874725341797e+00
-6.134088993072509766e+00
-6.989971160888671875e+00
-6.596774101257324219e+00
-6.916480064392089844e+00
-5.319603443145751953e+00
-5.157747268676757812e+00
-4.491274833679199219e+00
-4.466426849365234375e+00
-4.318975925445556641e+00
-4.055692672729492188e+00
-2.389390468597412109e+00
-7.376639246940612793e-01
1.326024085283279419e-01
2.198997288942337036e-01
-9.672442674636840820e-01
-1.405618637800216675e-01
-1.324861407279968262e+00
-2.590212106704711914e+00
-3.478631734848022461e+00
-4.166010379791259766e+00
-5.213292121887207031e+00
-5.603378772735595703e+00
-6.535235881805419922e+00
-7.315575122833251953e+00
-7.976612091064453125e+00
-8.805037498474121094e+00
-8.706937789916992188e+00
-7.679302215576171875e+00
-8.070625305175781250e+00
-5.386680126190185547e+00
-5.028435707092285156e+00
-4.377773284912109375e+00
-3.564566850662231445e+00
-1.465188980102539062e+00
1.350417017936706543e+00
8.193390965461730957e-01
2.056132555007934570e+00
2.061135768890380859e+00
2.010727405548095703e+00
6.690450310707092285e-01
9.365447610616683960e-02
-4.265599548816680908e-01
-1.215892910957336426e+00
-2.026511907577514648e+00
-2.681231975555419922e+00
-3.392367362976074219e+00
-4.063348293304443359e+00
-5.069576263427734375e+00
-5.120349407196044922e+00
-5.283825874328613281e+00
-5.634266853332519531e+00
-5.578622341156005859e+00
-5.447564601898193359e+00
-4.766328334808349609e+00
-4.470485210418701172e+00
-4.022231578826904297e+00
1.256963133811950684e+00
2.118651866912841797e+00
2.592631816864013672e+00
4.420323848724365234e+00
2.778346776962280273e+00
4.898718833923339844e+00
2.508302927017211914e+00
3.029075384140014648e+00
1.977100491523742676e+00
1.244015574455261230e+00
4.020103067159652710e-02
-4.806567728519439697e-01
-1.342560887336730957e+00
-2.973464727401733398e+00
-3.965044736862182617e+00
-4.511831760406494141e+00
-4.922564506530761719e+00
-5.442816734313964844e+00
-5.626995086669921875e+00
-5.218129634857177734e+00
-4.632988929748535156e+00
-4.497760772705078125e+00
-1.978039979934692383e+00
2.809207677841186523e+00
3.545209169387817383e+00
4.699112892150878906e+00
5.466039657592773438e+00
6.024980068206787109e+00
6.275014400482177734e+00
7.028857707977294922e+00
6.214491367340087891e+00
7.063207149505615234e+00
5.526949882507324219e+00
4.881115913391113281e+00
3.267600297927856445e+00
2.417736053466796875e+00
1.453219532966613770e+00
5.512363314628601074e-01
-1.155167818069458008e+00
-2.334752321243286133e+00
-3.127781152725219727e+00
-3.641750335693359375e+00
-3.982771158218383789e+00
-4.099102973937988281e+00
-3.720803737640380859e+00
2.443431168794631958e-01
2.846958875656127930e+00
2.654466867446899414e+00
3.269061803817749023e+00
6.068260192871093750e+00
5.393122673034667969e+00
6.956597805023193359e+00
6.965763568878173828e+00
7.484209537506103516e+00
6.819942951202392578e+00
6.956853389739990234e+00
5.751610279083251953e+00
4.180872917175292969e+00
3.488684415817260742e+00
1.949403882026672363e+00
1.403243899345397949e+00
4.737055003643035889e-01
-8.423753380775451660e-01
-2.527121543884277344e+00
-3.157736301422119141e+00
-3.536894798278808594e+00
-3.812267780303955078e+00
-4.075648784637451172e+00
-4.167621612548828125e+00
-4.074018001556396484e+00
-3.611118316650390625e+00
-1.629748106002807617e+00
7.991197705268859863e-01
5.024660229682922363e-01
1.522816061973571777e+00
1.162358164787292480e+00
2.592158555984497070e+00
2.391060113906860352e+00
2.479041099548339844e+00
6.864722818136215210e-02
-9.461084604263305664e-01
-2.472241163253784180e+00
-3.470296859741210938e+00
-4.223201274871826172e+00
-5.297993183135986328e+00
-5.788080215454101562e+00
-6.288603782653808594e+00
-6.941409111022949219e+00
-6.605121612548828125e+00
-7.059385299682617188e+00
-6.851859569549560547e+00
-5.958420276641845703e+00
-5.193682670593261719e+00
-4.653313636779785156e+00
-4.420816421508789062e+00
-4.240094661712646484e+00
-3.254527330398559570e+00
-6.412695050239562988e-01
1.097119688987731934e+00
1.840281367301940918e+00
3.329470396041870117e+00
4.033030986785888672e+00
2.361524343490600586e+00
1.340828537940979004e+00
1.226434350013732910e+00
-3.454953134059906006e-01
-1.776295781135559082e+00
-3.027883529663085938e+00
-4.294421195983886719e+00
-5.688224792480468750e+00
-6.195569515228271484e+00
-7.219906330108642578e+00
-7.349368095397949219e+00
-7.786470413208007812e+00
-8.100508689880371094e+00
-6.720147609710693359e+00
-6.543513774871826172e+00
-5.075636386871337891e+00
-4.561864376068115234e+00
-4.372816085815429688e+00
-1.848095655441284180e+00
1.573445916175842285e+00
1.625132203102111816e+00
4.818692207336425781e+00
4.577654838562011719e+00
5.580912590026855469e+00
5.123103618621826172e+00
5.276241302490234375e+00
4.509494781494140625e+00
2.089099407196044922e+00
8.967888951301574707e-01
-3.574637472629547119e-01
-1.937680602073669434e+00
-3.135903120040893555e+00
-3.798063278198242188e+00
-4.160840988159179688e+00
-4.513463497161865234e+00
-4.685495853424072266e+00
-5.168437957763671875e+00
-4.888940811157226562e+00
-4.491462707519531250e+00
-4.265439510345458984e+00
1.499887347221374512e+00
2.653969764709472656e+00
4.224535942077636719e+00
4.865671157836914062e+00
7.022210597991943359e+00
5.185090065002441406e+00
7.029437541961669922e+00
5.513250827789306641e+00
6.975240230560302734e+00
5.066651821136474609e+00
3.817201852798461914e+00
2.059191226959228516e+00
1.011163353919982910e+00
-6.341427564620971680e-01
-2.239164113998413086e+00
-3.434953689575195312e+00
-4.219316005706787109e+00
-4.959997653961181641e+00
-5.481057643890380859e+00
-5.695629596710205078e+00
-6.730409145355224609e+00
-5.794057846069335938e+00
-5.642584800720214844e+00
-4.824075698852539062e+00
-4.479545116424560547e+00
-4.332159042358398438e+00
-3.284389674663543701e-01
3.327709913253784180e+00
2.643444538116455078e+00
4.970839500427246094e+00
3.534135580062866211e+00
4.652885913848876953e+00
2.515294790267944336e+00
1.036915183067321777e+00
-1.294017285108566284e-01
-1.685422897338867188e+00
-2.730501651763916016e+00
-3.568906307220458984e+00
-4.853334903717041016e+00
-5.833996772766113281e+00
-6.870854854583740234e+00
-7.477879047393798828e+00
-8.168506622314453125e+00
-8.608507156372070312e+00
-8.743151664733886719e+00
-7.870142459869384766e+00
-6.988990306854248047e+00
-5.505396366119384766e+00
-4.759247779846191406e+00
-4.391773700714111328e+00
-4.005802631378173828e+00
-1.439611792564392090e+00
1.380781292915344238e+00
2.553271532058715820e+00
4.766676425933837891e+00
4.599743843078613281e+00
5.220864295959472656e+00
4.531402111053466797e+00
3.798809766769409180e+00
1.311203122138977051e+00
1.303605586290359497e-01
-1.693961501121520996e+00
-3.135719537734985352e+00
-3.877580881118774414e+00
-4.247050762176513672e+00
-4.622061252593994141e+00
-5.230830192565917969e+00
-5.653690338134765625e+00
-5.570469856262207031e+00
-5.205978393554687500e+00
-4.739026546478271484e+00
-4.460098743438720703e+00
-4.138131141662597656e+00
1.046472430229187012e+00
2.416049003601074219e+00
4.202215671539306641e+00
5.403610706329345703e+00
7.184258937835693359e+00
6.905478954315185547e+00
8.011640548706054688e+00
7.558634281158447266e+00
7.952010631561279297e+00
7.075024127960205078e+00
5.577829837799072266e+00
4.145412445068359375e+00
2.570927858352661133e+00
1.384089827537536621e+00
-1.725605875253677368e-02
-1.185153365135192871e+00
-2.386706590652465820e+00
-3.112359285354614258e+00
-3.533858776092529297e+00
-3.993157148361206055e+00
-3.971507310867309570e+00
-3.723574399948120117e+00
-9.711889624595642090e-01
1.953520417213439941e+00
3.510349035263061523e+00
5.912796497344970703e+00
7.004379749298095703e+00
7.862824916839599609e+00
7.667383670806884766e+00
8.087690353393554688e+00
8.389255523681640625e+00
8.105026245117187500e+00
8.489602088928222656e+00
8.208170890808105469e+00
6.631648063659667969e+00
5.877493858337402344e+00
3.499513387680053711e+00
2.881274938583374023e+00
1.252985835075378418e+00
-3.729888498783111572e-01
-1.912434339523315430e+00
-2.808873176574707031e+00
-3.321340799331665039e+00
-3.675000667572021484e+00
-3.532206773757934570e+00
-3.095684051513671875e+00
-3.912409245967864990e-01
1.747874379158020020e+00
3.447810411453247070e+00
5.001976013183593750e+00
7.587578296661376953e+00
7.806883335113525391e+00
8.629029273986816406e+00
8.631091117858886719e+00
8.666984558105468750e+00
8.513346672058105469e+00
8.493923187255859375e+00
8.479721069335937500e+00
7.767226696014404297e+00
7.241406917572021484e+00
5.664875507354736328e+00
4.003994941711425781e+00
3.414006948471069336e+00
1.564872384071350098e+00
-9.312931448221206665e-02
-1.319319725036621094e+00
-2.071388959884643555e+00
-2.673804283142089844e+00
-2.773043870925903320e+00
-1.777620434761047363e+00
5.885053277015686035e-01
2.570218563079833984e+00
4.630528926849365234e+00
6.484607219696044922e+00
7.612162113189697266e+00
8.723883628845214844e+00
8.609496116638183594e+00
8.378124237060546875e+00
8.102330207824707031e+00
7.996037960052490234e+00
8.207776069641113281e+00
8.357587814331054688e+00
7.774012088775634766e+00
7.340910434722900391e+00
6.666262149810791016e+00
5.181434631347656250e+00
4.273433208465576172e+00
3.527797937393188477e+00
1.852699160575866699e+00
-5.015889555215835571e-02
-7.724556326866149902e-01
-1.545957922935485840e+00
-1.965560078620910645e+00
-4.063245356082916260e-01
2.699465513229370117e+00
3.270764589309692383e+00
6.435316085815429688e+00
7.381774425506591797e+00
8.286532402038574219e+00
8.169132232666015625e+00
8.622644424438476562e+00
8.562925338745117188e+00
8.660019874572753906e+00
8.614121437072753906e+00
8.542035102844238281e+00
8.043371200561523438e+00
7.147195339202880859e+00
6.373898029327392578e+00
5.297474861145019531e+00
4.513920783996582031e+00
3.022137880325317383e+00
2.168546199798583984e+00
6.748967766761779785e-01
-1.389357924461364746e+00
-2.304462671279907227e+00
-3.027239084243774414e+00
-2.779622793197631836e+00
-1.522647619247436523e+00
3.385392129421234131e-01
1.173261284828186035e+00
2.454379081726074219e+00
3.783869028091430664e+00
4.709220409393310547e+00
4.977472305297851562e+00
5.241094112396240234e+00
5.857171058654785156e+00
6.128398418426513672e+00
5.062531948089599609e+00
3.773132085800170898e+00
2.508811950683593750e+00
7.270818352699279785e-01
5.155747532844543457e-01
-3.687400519847869873e-01
-1.518490433692932129e+00
-2.570372581481933594e+00
-3.626084566116333008e+00
-4.251187324523925781e+00
-4.709912300109863281e+00
-6.003700256347656250e+00
-6.879006862640380859e+00
-6.150250911712646484e+00
-6.741914272308349609e+00
-5.742623805999755859e+00
-5.431635379791259766e+00
-4.850878238677978516e+00
-4.632602691650390625e+00
-4.426269531250000000e+00
-4.246690750122070312e+00
-3.673056364059448242e+00
-1.929412841796875000e+00
-9.479306340217590332e-01
-1.602920055389404297e+00
-2.075387001037597656e+00
-2.670101881027221680e+00
-3.191112756729125977e+00
-3.686417341232299805e+00
-4.033049583435058594e+00
-4.462453365325927734e+00
-4.875252723693847656e+00
-5.433505058288574219e+00
-5.791449069976806641e+00
-6.442325592041015625e+00
-6.523087024688720703e+00
-7.058781623840332031e+00
-5.883963108062744141e+00
-5.735342025756835938e+00
-5.040009498596191406e+00
-4.751162052154541016e+00
-4.498601913452148438e+00
-4.364578723907470703e+00
-3.980696201324462891e+00
-1.644370675086975098e+00
-3.165864050388336182e-01
1.058802485466003418e+00
1.034144043922424316e+00
1.129885792732238770e+00
7.173636555671691895e-01
-2.220486849546432495e-01
-1.305882573127746582e+00
-2.324091911315917969e+00
-2.928643941879272461e+00
-3.336117744445800781e+00
-4.468778610229492188e+00
-5.107316493988037109e+00
-5.525176525115966797e+00
-8.299800872802734375e+00
-7.920762538909912109e+00
-9.492169380187988281e+00
-7.390061855316162109e+00
-8.368848800659179688e+00
-5.937808513641357422e+00
-6.312703609466552734e+00
-5.328513622283935547e+00
-4.820101737976074219e+00
-4.396407604217529297e+00
-4.042081832885742188e+00
-3.715445995330810547e+00
-2.497436523437500000e+00
-1.292187571525573730e+00
-1.093519449234008789e+00
-8.259051442146301270e-01
-5.854563713073730469e-01
-2.107054710388183594e+00
-3.215223789215087891e+00
-4.210561752319335938e+00
-4.941752910614013672e+00
-5.214403629302978516e+00
-5.762224197387695312e+00
-6.296944141387939453e+00
-7.202789783477783203e+00
-7.228148460388183594e+00
-8.434666633605957031e+00
-6.154797554016113281e+00
-5.875404834747314453e+00
-4.636862277984619141e+00
-4.423915386199951172e+00
-3.550142049789428711e+00
2.033020019531250000e+00
1.440497756004333496e+00
3.595434904098510742e+00
4.293200492858886719e+00
6.487249374389648438e+00
5.440811634063720703e+00
5.930865287780761719e+00
4.551911354064941406e+00
4.071890830993652344e+00
2.040700912475585938e+00
-7.872489839792251587e-02
