7.403893554687500000e+03
7.399926757812500000e+03
7.406670898437500000e+03
7.405333984375000000e+03
7.407336914062500000e+03
7.407949707031250000e+03
7.401460937500000000e+03
7.402847656250000000e+03
7.401217773437500000e+03
7.403845214843750000e+03
7.401616699218750000e+03
7.395955078125000000e+03
7.397512207031250000e+03
7.395495117187500000e+03
7.389922851562500000e+03
7.390411621093750000e+03
7.390802734375000000e+03
7.388788574218750000e+03
7.383807128906250000e+03
7.381796875000000000e+03
7.378472656250000000e+03
7.373803710937500000e+03
7.375695800781250000e+03
7.381491699218750000e+03
7.388775878906250000e+03
7.393138671875000000e+03
7.397609863281250000e+03
7.424531250000000000e+03
7.423391601562500000e+03
7.433844238281250000e+03
7.441173339843750000e+03
7.450399902343750000e+03
7.460081542968750000e+03
7.478061523437500000e+03
7.463761230468750000e+03
7.476704101562500000e+03
7.467103515625000000e+03
7.465112304687500000e+03
7.464046875000000000e+03
7.462136718750000000e+03
7.459078125000000000e+03
7.456619140625000000e+03
7.450207031250000000e+03
7.448368652343750000e+03
7.449101074218750000e+03
7.438953125000000000e+03
7.442423339843750000e+03
7.440732910156250000e+03
7.444235839843750000e+03
7.443950683593750000e+03
7.447417968750000000e+03
7.445697753906250000e+03
7.447033203125000000e+03
7.451022949218750000e+03
7.440841308593750000e+03
7.440421386718750000e+03
7.442426269531250000e+03
7.442122070312500000e+03
7.442035156250000000e+03
7.442669921875000000e+03
7.441719238281250000e+03
7.442636230468750000e+03
7.446523437500000000e+03
7.441375488281250000e+03
7.439635253906250000e+03
7.439969238281250000e+03
7.442134277343750000e+03
7.445625488281250000e+03
7.487966308593750000e+03
7.477306152343750000e+03
7.488947753906250000e+03
7.494442382812500000e+03
7.496341308593750000e+03
7.480219238281250000e+03
7.480212890625000000e+03
7.473741210937500000e+03
7.472820800781250000e+03
7.471759765625000000e+03
7.471308593750000000e+03
7.467137207031250000e+03
7.462872558593750000e+03
7.479915039062500000e+03
7.471434082031250000e+03
7.471600097656250000e+03
7.468392089843750000e+03
7.471036132812500000e+03
7.486554687500000000e+03
7.496350097656250000e+03
7.499002929687500000e+03
7.494311523437500000e+03
7.495943847656250000e+03
7.498119140625000000e+03
7.495551269531250000e+03
7.493020019531250000e+03
7.492803222656250000e+03
7.496382324218750000e+03
7.482671386718750000e+03
7.476320312500000000e+03
7.479278808593750000e+03
7.489762207031250000e+03
7.490667480468750000e+03
7.488990234375000000e+03
7.484535156250000000e+03
7.480146972656250000e+03
7.478446777343750000e+03
7.475123046875000000e+03
7.474054687500000000e+03
7.476083496093750000e+03
7.463343261718750000e+03
7.455686523437500000e+03
7.454307128906250000e+03
7.454670410156250000e+03
7.452250000000000000e+03
7.448863281250000000e+03
7.463191406250000000e+03
7.468048339843750000e+03
7.468361816406250000e+03
7.487826171875000000e+03
7.491874511718750000e+03
7.508350585937500000e+03
7.503351074218750000e+03
7.506117675781250000e+03
7.504989746093750000e+03
7.493701171875000000e+03
7.487891113281250000e+03
7.492267089843750000e+03
7.482014648437500000e+03
7.486616699218750000e+03
7.490552246093750000e+03
7.489562500000000000e+03
7.493358398437500000e+03
7.500711425781250000e+03
7.495918945312500000e+03
7.488838867187500000e+03
7.490018554687500000e+03
7.519973144531250000e+03
7.528764160156250000e+03
7.521809082031250000e+03
7.513002929687500000e+03
7.515870605468750000e+03
7.521322265625000000e+03
7.526484375000000000e+03
7.536610351562500000e+03
7.535809570312500000e+03
7.564520019531250000e+03
7.564408691406250000e+03
7.556799316406250000e+03
7.555881835937500000e+03
7.552916015625000000e+03
7.547184570312500000e+03
7.550142578125000000e+03
7.548028320312500000e+03
7.550767089843750000e+03
7.544947265625000000e+03
7.555653808593750000e+03
7.559895996093750000e+03
7.555947753906250000e+03
7.548812011718750000e+03
7.547342773437500000e+03
7.544714843750000000e+03
7.549251464843750000e+03
7.550897460937500000e+03
7.551789550781250000e+03
7.556710449218750000e+03
7.562357421875000000e+03
7.561242187500000000e+03
7.560252441406250000e+03
7.552352539062500000e+03
7.552945800781250000e+03
7.552520019531250000e+03
7.561457519531250000e+03
7.531729492187500000e+03
7.531864257812500000e+03
7.538374023437500000e+03
7.541003906250000000e+03
7.539526367187500000e+03
7.538826171875000000e+03
7.547873535156250000e+03
7.561965332031250000e+03
7.558083496093750000e+03
7.590179199218750000e+03
7.584753906250000000e+03
7.591188964843750000e+03
7.599577636718750000e+03
7.598308593750000000e+03
7.592496093750000000e+03
7.594790527343750000e+03
7.599752441406250000e+03
7.588489746093750000e+03
7.607581542968750000e+03
7.617146484375000000e+03
7.619223632812500000e+03
7.629301269531250000e+03
7.637523925781250000e+03
7.648823242187500000e+03
7.654283203125000000e+03
7.650272949218750000e+03
7.654504394531250000e+03
7.658202148437500000e+03
7.646416015625000000e+03
7.645888183593750000e+03
7.648558105468750000e+03
7.650265136718750000e+03
7.644373535156250000e+03
7.638677246093750000e+03
7.631667968750000000e+03
7.624875976562500000e+03
7.601708496093750000e+03
7.604675292968750000e+03
7.609616210937500000e+03
7.609123535156250000e+03
7.609338378906250000e+03
7.604784667968750000e+03
7.627229003906250000e+03
7.626926269531250000e+03
7.624804687500000000e+03
7.631787597656250000e+03
7.638573730468750000e+03
7.643431640625000000e+03
7.644949218750000000e+03
7.640148925781250000e+03
7.651543945312500000e+03
7.649331542968750000e+03
7.643371093750000000e+03
7.642980957031250000e+03
7.626250000000000000e+03
7.622510742187500000e+03
7.613395507812500000e+03
7.610128417968750000e+03
7.608104003906250000e+03
7.602260742187500000e+03
7.617977050781250000e+03
7.607543457031250000e+03
7.601109375000000000e+03
7.606124511718750000e+03
7.593186035156250000e+03
7.580932617187500000e+03
7.586743652343750000e+03
7.583613769531250000e+03
7.591334960937500000e+03
7.593915527343750000e+03
7.596595214843750000e+03
7.581236328125000000e+03
7.563790039062500000e+03
7.561405273437500000e+03
7.560200195312500000e+03
7.563083984375000000e+03
7.559308105468750000e+03
7.567422851562500000e+03
7.560645996093750000e+03
7.560610351562500000e+03
7.556800781250000000e+03
7.556199218750000000e+03
7.557960449218750000e+03
7.561792480468750000e+03
7.550825195312500000e+03
7.554960937500000000e+03
7.547830078125000000e+03
7.559554199218750000e+03
7.554031250000000000e+03
7.553399902343750000e+03
7.540770507812500000e+03
7.547048828125000000e+03
7.548726562500000000e+03
7.547923828125000000e+03
7.539067871093750000e+03
7.533234375000000000e+03
7.535408691406250000e+03
7.532117675781250000e+03
7.533131835937500000e+03
7.535759277343750000e+03
7.539431640625000000e+03
7.545262695312500000e+03
7.551122070312500000e+03
7.553848144531250000e+03
7.586020996093750000e+03
7.608434570312500000e+03
7.578800292968750000e+03
7.571489257812500000e+03
7.557494628906250000e+03
7.552179199218750000e+03
7.558427246093750000e+03
7.559859863281250000e+03
7.554937011718750000e+03
7.569330566406250000e+03
7.568289550781250000e+03
7.563178710937500000e+03
7.568538574218750000e+03
7.548452636718750000e+03
7.534578125000000000e+03
7.545925292968750000e+03
7.544289550781250000e+03
7.546427734375000000e+03
7.534163574218750000e+03
7.522456054687500000e+03
7.537093261718750000e+03
7.523441406250000000e+03
7.503768554687500000e+03
7.500850097656250000e+03
7.475573242187500000e+03
7.468627441406250000e+03
7.470406250000000000e+03
7.461386230468750000e+03
7.465989257812500000e+03
7.461255371093750000e+03
7.464946289062500000e+03
7.479402343750000000e+03
7.477943847656250000e+03
7.482180175781250000e+03
7.482481933593750000e+03
7.480848144531250000e+03
7.482815917968750000e+03
7.485795898437500000e+03
7.484615722656250000e+03
7.483294921875000000e+03
7.472690429687500000e+03
7.476453613281250000e+03
7.476091796875000000e+03
7.476661621093750000e+03
7.478476074218750000e+03
7.480321289062500000e+03
7.480469238281250000e+03
7.491081542968750000e+03
7.484207031250000000e+03
7.497173828125000000e+03
7.503977050781250000e+03
7.508118164062500000e+03
7.524395019531250000e+03
7.528878417968750000e+03
7.526288085937500000e+03
7.538112304687500000e+03
7.560036621093750000e+03
7.566877441406250000e+03
7.594776367187500000e+03
7.593395996093750000e+03
7.593123535156250000e+03
7.594877929687500000e+03
7.593486328125000000e+03
7.586597656250000000e+03
7.573625976562500000e+03
7.554084960937500000e+03
7.547291503906250000e+03
7.554342285156250000e+03
7.558780273437500000e+03
7.561942871093750000e+03
7.556164062500000000e+03
7.551720214843750000e+03
7.591337890625000000e+03
7.598097656250000000e+03
7.599248046875000000e+03
7.606477539062500000e+03
7.605393554687500000e+03
7.599729003906250000e+03
7.589930175781250000e+03
7.578476074218750000e+03
7.574700195312500000e+03
7.546231445312500000e+03
7.552993164062500000e+03
7.561714355468750000e+03
7.561274414062500000e+03
7.558502929687500000e+03
7.567940917968750000e+03
7.572305175781250000e+03
7.578267578125000000e+03
7.578181152343750000e+03
7.570106445312500000e+03
7.567078613281250000e+03
7.566225097656250000e+03
7.555544433593750000e+03
7.553297363281250000e+03
7.642472656250000000e+03
7.672629394531250000e+03
7.671618652343750000e+03
7.639242675781250000e+03
7.620435546875000000e+03
7.626916992187500000e+03
7.627847167968750000e+03
7.643989257812500000e+03
7.631563476562500000e+03
7.642555664062500000e+03
7.643029785156250000e+03
7.658690429687500000e+03
7.665715820312500000e+03
7.654685058593750000e+03
7.661123535156250000e+03
7.648416015625000000e+03
7.644618652343750000e+03
7.647153320312500000e+03
7.669740234375000000e+03
7.681607910156250000e+03
7.688348144531250000e+03
7.688063964843750000e+03
7.698542968750000000e+03
7.703608398437500000e+03
7.721333984375000000e+03
7.725616699218750000e+03
7.726559082031250000e+03
7.737973632812500000e+03
7.736996582031250000e+03
7.738227050781250000e+03
7.741346679687500000e+03
7.746846679687500000e+03
7.780453613281250000e+03
7.775671875000000000e+03
7.790300781250000000e+03
7.802124511718750000e+03
7.822028808593750000e+03
7.810647460937500000e+03
7.809458496093750000e+03
7.804842285156250000e+03
7.807830566406250000e+03
7.814893554687500000e+03
7.824293457031250000e+03
7.834677246093750000e+03
7.839782226562500000e+03
7.822657714843750000e+03
7.825006347656250000e+03
7.826348632812500000e+03
7.828926757812500000e+03
7.824226562500000000e+03
7.816982421875000000e+03
7.810546875000000000e+03
7.812636230468750000e+03
7.805034667968750000e+03
7.841697753906250000e+03
7.865849121093750000e+03
7.860091796875000000e+03
7.870588867187500000e+03
7.873449218750000000e+03
7.893917968750000000e+03
7.887288085937500000e+03
7.867606933593750000e+03
7.860206054687500000e+03
7.898733886718750000e+03
7.908898925781250000e+03
7.907478027343750000e+03
7.919247070312500000e+03
7.920469238281250000e+03
7.928912109375000000e+03
7.912514648437500000e+03
7.945075683593750000e+03
7.949490722656250000e+03
7.982116210937500000e+03
7.983633300781250000e+03
7.977046386718750000e+03
7.983422851562500000e+03
7.969225585937500000e+03
7.983600097656250000e+03
7.995987792968750000e+03
8.002497070312500000e+03
7.999024414062500000e+03
8.004605957031250000e+03
8.003627441406250000e+03
8.006179199218750000e+03
8.009562011718750000e+03
8.006563476562500000e+03
8.005596679687500000e+03
8.006045410156250000e+03
8.012655761718750000e+03
8.011717285156250000e+03
8.003664062500000000e+03
8.001129882812500000e+03
7.997057617187500000e+03
7.991364746093750000e+03
7.994425292968750000e+03
7.996930175781250000e+03
8.002415527343750000e+03
7.997293457031250000e+03
7.997515136718750000e+03
8.006630371093750000e+03
8.012168457031250000e+03
8.013185058593750000e+03
8.004972656250000000e+03
8.006979492187500000e+03
8.004268554687500000e+03
8.001781250000000000e+03
7.991147949218750000e+03
7.984602539062500000e+03
7.945395019531250000e+03
7.934504882812500000e+03
7.920155273437500000e+03
7.898111816406250000e+03
7.874779296875000000e+03
7.881681640625000000e+03
7.889984863281250000e+03
7.896181640625000000e+03
7.886451660156250000e+03
7.915439941406250000e+03
7.909334960937500000e+03
7.910685058593750000e+03
7.892842773437500000e+03
7.903517578125000000e+03
7.894635253906250000e+03
7.896175292968750000e+03
7.902189453125000000e+03
7.905863281250000000e+03
7.925518066406250000e+03
7.922439453125000000e+03
7.930298339843750000e+03
7.934314453125000000e+03
7.940663085937500000e+03
7.941066406250000000e+03
7.934340332031250000e+03
7.935879882812500000e+03
7.937412109375000000e+03
7.904978027343750000e+03
7.895740722656250000e+03
7.903525390625000000e+03
7.900381347656250000e+03
7.904992187500000000e+03
7.892543945312500000e+03
7.887122070312500000e+03
7.904169921875000000e+03
7.903188476562500000e+03
7.907987304687500000e+03
7.890159179687500000e+03
7.884812988281250000e+03
7.891388183593750000e+03
7.877657714843750000e+03
7.855468261718750000e+03
7.851119140625000000e+03
7.855980957031250000e+03
7.867991210937500000e+03
7.898342285156250000e+03
7.889472167968750000e+03
7.895451660156250000e+03
7.887870117187500000e+03
7.901667968750000000e+03
7.915386718750000000e+03
7.901535156250000000e+03
7.897959960937500000e+03
7.900029785156250000e+03
7.904954589843750000e+03
7.912037109375000000e+03
7.909810546875000000e+03
7.912214355468750000e+03
7.900723144531250000e+03
7.895645507812500000e+03
7.898652343750000000e+03
7.889380859375000000e+03
7.895717773437500000e+03
7.887462402343750000e+03
7.896117187500000000e+03
7.897134277343750000e+03
7.902199218750000000e+03
7.910336425781250000e+03
7.905063964843750000e+03
7.913361328125000000e+03
7.920844726562500000e+03
7.927233886718750000e+03
7.889428222656250000e+03
7.876471679687500000e+03
7.856075683593750000e+03
7.847605468750000000e+03
7.860281738281250000e+03
7.875712890625000000e+03
7.878642578125000000e+03
7.904270996093750000e+03
7.907822265625000000e+03
7.923906250000000000e+03
7.916795410156250000e+03
7.915919433593750000e+03
7.925341796875000000e+03
7.929211425781250000e+03
7.926435546875000000e+03
7.921080078125000000e+03
7.894830078125000000e+03
7.900116210937500000e+03
7.942461914062500000e+03
7.940143066406250000e+03
7.952729492187500000e+03
7.951498046875000000e+03
7.953959472656250000e+03
7.980160644531250000e+03
7.959792968750000000e+03
7.954276855468750000e+03
7.968470703125000000e+03
7.974889648437500000e+03
7.986440429687500000e+03
7.983749511718750000e+03
7.986409667968750000e+03
8.002640625000000000e+03
8.006662597656250000e+03
8.032554199218750000e+03
8.042537597656250000e+03
8.047513671875000000e+03
8.016064453125000000e+03
7.992456054687500000e+03
7.991271484375000000e+03
7.987872070312500000e+03
8.001866210937500000e+03
7.991842285156250000e+03
7.988050781250000000e+03
7.982939941406250000e+03
7.989214843750000000e+03
8.025409179687500000e+03
8.020956054687500000e+03
8.030652832031250000e+03
8.026495605468750000e+03
8.029878417968750000e+03
8.021604492187500000e+03
8.015232910156250000e+03
8.006191894531250000e+03
8.015839843750000000e+03
8.058428222656250000e+03
8.064925292968750000e+03
8.072934570312500000e+03
8.066592285156250000e+03
8.067251464843750000e+03
8.062942382812500000e+03
8.059216308593750000e+03
8.048754882812500000e+03
8.040170898437500000e+03
8.079073242187500000e+03
8.086912597656250000e+03
8.084684082031250000e+03
8.087325195312500000e+03
8.087974121093750000e+03
8.085667480468750000e+03
8.074933105468750000e+03
8.072289062500000000e+03
8.066727539062500000e+03
8.052038085937500000e+03
8.043796875000000000e+03
8.033710937500000000e+03
8.015502441406250000e+03
8.012604003906250000e+03
8.019548828125000000e+03
8.014753417968750000e+03
8.019004394531250000e+03
8.027116699218750000e+03
8.047022460937500000e+03
8.052022949218750000e+03
8.053550292968750000e+03
8.057885253906250000e+03
8.063010253906250000e+03
8.062598632812500000e+03
8.070927246093750000e+03
8.082796386718750000e+03
8.084441894531250000e+03
8.115797363281250000e+03
8.116952636718750000e+03
8.115729003906250000e+03
8.115037109375000000e+03
8.110477539062500000e+03
8.108310546875000000e+03
8.114073730468750000e+03
8.106554687500000000e+03
8.105566406250000000e+03
8.091736328125000000e+03
8.098190917968750000e+03
8.094372558593750000e+03
8.099739746093750000e+03
8.100766601562500000e+03
8.101288085937500000e+03
8.115667968750000000e+03
8.121749511718750000e+03
8.127471191406250000e+03
8.143121582031250000e+03
8.140256835937500000e+03
8.134667968750000000e+03
8.133377441406250000e+03
8.134856445312500000e+03
8.126494140625000000e+03
8.118984375000000000e+03
8.129534179687500000e+03
8.134417968750000000e+03
8.116323242187500000e+03
8.123446777343750000e+03
8.124356933593750000e+03
8.118513183593750000e+03
8.125716308593750000e+03
8.122912597656250000e+03
8.123950195312500000e+03
8.126662597656250000e+03
8.124888671875000000e+03
8.135335937500000000e+03
8.128661132812500000e+03
8.131214355468750000e+03
8.129721191406250000e+03
8.127868652343750000e+03
8.137694824218750000e+03
8.138241699218750000e+03
8.136237792968750000e+03
8.136128417968750000e+03
8.107159667968750000e+03
8.128227050781250000e+03
8.126497558593750000e+03
8.128579101562500000e+03
8.124768066406250000e+03
8.120767089843750000e+03
8.119780761718750000e+03
8.116796875000000000e+03
8.113369628906250000e+03
8.068155273437500000e+03
8.063544433593750000e+03
8.045496582031250000e+03
8.045650878906250000e+03
8.063123046875000000e+03
8.073187011718750000e+03
8.066763183593750000e+03
8.069771972656250000e+03
8.071222167968750000e+03
8.059194824218750000e+03
8.050684082031250000e+03
8.048927734375000000e+03
8.059769531250000000e+03
8.061509277343750000e+03
8.068402832031250000e+03
8.076781250000000000e+03
8.067630371093750000e+03
8.063740722656250000e+03
8.075569335937500000e+03
8.077223632812500000e+03
8.080531738281250000e+03
8.073221679687500000e+03
8.071446777343750000e+03
8.055889648437500000e+03
8.043305175781250000e+03
8.036853515625000000e+03
8.040105468750000000e+03
8.079684570312500000e+03
8.083063476562500000e+03
8.084639160156250000e+03
8.083143554687500000e+03
8.079534667968750000e+03
8.084878417968750000e+03
8.079155761718750000e+03
8.083539550781250000e+03
8.081104492187500000e+03
8.061641601562500000e+03
8.055686035156250000e+03
8.060999023437500000e+03
8.050694824218750000e+03
8.052344238281250000e+03
8.048547851562500000e+03
8.020553222656250000e+03
8.031862304687500000e+03
8.031863769531250000e+03
8.058074707031250000e+03
8.058209472656250000e+03
8.078210449218750000e+03
8.086885253906250000e+03
8.087242187500000000e+03
8.078316406250000000e+03
8.087573242187500000e+03
8.087062988281250000e+03
8.067337402343750000e+03
8.063957031250000000e+03
8.050148437500000000e+03
8.049660156250000000e+03
8.054209472656250000e+03
8.057112792968750000e+03
8.054856933593750000e+03
8.074144531250000000e+03
8.083411621093750000e+03
8.085086425781250000e+03
8.105840820312500000e+03
8.099939941406250000e+03
8.100492675781250000e+03
8.097491699218750000e+03
8.090496582031250000e+03
8.075752929687500000e+03
8.089842285156250000e+03
8.085424316406250000e+03
8.092269531250000000e+03
8.082376464843750000e+03
8.068192871093750000e+03
8.069888183593750000e+03
8.056757812500000000e+03
8.052044921875000000e+03
8.061867187500000000e+03
8.066071777343750000e+03
8.068023925781250000e+03
8.071269042968750000e+03
8.081808105468750000e+03
8.081487792968750000e+03
8.088642089843750000e+03
8.090384765625000000e+03
8.092952148437500000e+03
8.097216796875000000e+03
8.083418457031250000e+03
8.072907226562500000e+03
8.068982910156250000e+03
8.051685546875000000e+03
8.051446777343750000e+03
8.060266601562500000e+03
8.061346679687500000e+03
8.057973144531250000e+03
8.073026367187500000e+03
8.082336425781250000e+03
8.076777343750000000e+03
8.078683593750000000e+03
8.045493652343750000e+03
8.025870117187500000e+03
8.034460937500000000e+03
8.037300781250000000e+03
8.029462890625000000e+03
8.039289550781250000e+03
8.043785156250000000e+03
8.037117675781250000e+03
8.034783691406250000e+03
7.915639648437500000e+03
7.892821289062500000e+03
7.873562011718750000e+03
7.885729003906250000e+03
7.879010742187500000e+03
7.897449707031250000e+03
7.873020019531250000e+03
7.867883300781250000e+03
7.869398437500000000e+03
7.781872558593750000e+03
7.692001953125000000e+03
7.711901855468750000e+03
7.686875488281250000e+03
7.650553710937500000e+03
7.678262695312500000e+03
7.665927246093750000e+03
7.651719238281250000e+03
7.630925781250000000e+03
7.611099121093750000e+03
7.594433105468750000e+03
7.602146972656250000e+03
7.620150390625000000e+03
7.646595214843750000e+03
7.672207519531250000e+03
7.677992675781250000e+03
7.700192871093750000e+03
7.700613281250000000e+03
7.669186035156250000e+03
7.610895996093750000e+03
7.546162109375000000e+03
7.534675292968750000e+03
7.513354980468750000e+03
7.510220214843750000e+03
7.510051757812500000e+03
7.498566894531250000e+03
7.478261230468750000e+03
7.515159667968750000e+03
7.505127441406250000e+03
7.518451171875000000e+03
7.510920898437500000e+03
7.493327636718750000e+03
7.497981445312500000e+03
7.512276367187500000e+03
7.516770996093750000e+03
7.511579589843750000e+03
7.561125488281250000e+03
7.555113769531250000e+03
7.540018554687500000e+03
7.516388183593750000e+03
7.487287597656250000e+03
7.479957031250000000e+03
7.469003906250000000e+03
7.468062011718750000e+03
7.467178222656250000e+03
7.447058593750000000e+03
7.466000488281250000e+03
7.478012207031250000e+03
7.480422363281250000e+03
7.488579101562500000e+03
7.489700683593750000e+03
7.501299804687500000e+03
7.510963867187500000e+03
7.503489746093750000e+03
7.568792968750000000e+03
7.574614257812500000e+03
7.579996582031250000e+03
7.583688964843750000e+03
7.597530273437500000e+03
7.610945312500000000e+03
7.600236816406250000e+03
7.599292480468750000e+03
7.604598144531250000e+03
7.594139648437500000e+03
7.591059082031250000e+03
7.602578125000000000e+03
7.607245117187500000e+03
7.613871093750000000e+03
7.621288085937500000e+03
7.641812500000000000e+03
7.635329101562500000e+03
7.631460449218750000e+03
7.605729492187500000e+03
7.581001953125000000e+03
7.566838867187500000e+03
7.575567382812500000e+03
7.585640136718750000e+03
7.578472167968750000e+03
7.588434570312500000e+03
7.590754882812500000e+03
7.578570312500000000e+03
7.524134277343750000e+03
7.490259277343750000e+03
7.482447753906250000e+03
7.481068847656250000e+03
7.500287597656250000e+03
7.502824218750000000e+03
7.497391601562500000e+03
7.508021972656250000e+03
7.504481445312500000e+03
7.535014648437500000e+03
7.530906250000000000e+03
7.538016601562500000e+03
7.552133300781250000e+03
7.549156738281250000e+03
7.559753906250000000e+03
7.557313964843750000e+03
7.552996093750000000e+03
7.555496582031250000e+03
7.576099609375000000e+03
7.571748535156250000e+03
7.561943847656250000e+03
7.556386230468750000e+03
7.555144531250000000e+03
7.550562988281250000e+03
7.556067871093750000e+03
7.560970214843750000e+03
7.562238281250000000e+03
7.581185058593750000e+03
7.595579101562500000e+03
7.601290527343750000e+03
7.607033691406250000e+03
7.610100585937500000e+03
7.616306152343750000e+03
7.624434570312500000e+03
7.619995605468750000e+03
7.621127441406250000e+03
7.657024414062500000e+03
7.673027343750000000e+03
7.680285156250000000e+03
7.701533203125000000e+03
7.705985839843750000e+03
7.694560546875000000e+03
7.694233398437500000e+03
7.690909179687500000e+03
7.697045898437500000e+03
7.703915039062500000e+03
7.707670410156250000e+03
7.711957519531250000e+03
7.715628906250000000e+03
7.716581054687500000e+03
7.722773437500000000e+03
7.716109863281250000e+03
7.726199218750000000e+03
7.721447753906250000e+03
7.768892578125000000e+03
7.782163085937500000e+03
7.782814453125000000e+03
7.795169921875000000e+03
7.785314941406250000e+03
7.774173339843750000e+03
7.792958984375000000e+03
7.781493164062500000e+03
7.771687011718750000e+03
7.797179199218750000e+03
7.781124511718750000e+03
7.782282226562500000e+03
7.779344238281250000e+03
7.776144531250000000e+03
7.785021484375000000e+03
7.773263183593750000e+03
7.752508300781250000e+03
7.734004394531250000e+03
7.743027343750000000e+03
7.742255371093750000e+03
7.747389160156250000e+03
7.759485351562500000e+03
7.755409667968750000e+03
7.754708496093750000e+03
7.766840332031250000e+03
7.747454589843750000e+03
7.745475585937500000e+03
7.799343261718750000e+03
7.806428222656250000e+03
7.814839355468750000e+03
7.832623046875000000e+03
7.837720214843750000e+03
7.852131835937500000e+03
7.851012695312500000e+03
7.862211425781250000e+03
7.864261718750000000e+03
7.909973632812500000e+03
7.909852050781250000e+03
7.910575683593750000e+03
7.900379882812500000e+03
7.899633300781250000e+03
7.901986328125000000e+03
7.918425781250000000e+03
7.921046386718750000e+03
7.924299316406250000e+03
7.959298339843750000e+03
7.974844726562500000e+03
7.985907714843750000e+03
7.979712890625000000e+03
7.984880859375000000e+03
7.993586425781250000e+03
7.989508789062500000e+03
7.974050781250000000e+03
7.974624511718750000e+03
7.978652343750000000e+03
7.971419921875000000e+03
7.975099121093750000e+03
7.977733886718750000e+03
7.977970214843750000e+03
7.994399902343750000e+03
7.984299804687500000e+03
7.990779785156250000e+03
7.995599609375000000e+03
8.009665527343750000e+03
8.012609863281250000e+03
8.020058593750000000e+03
8.026658203125000000e+03
8.039289550781250000e+03
8.040361328125000000e+03
8.047404296875000000e+03
8.035313964843750000e+03
8.028883789062500000e+03
8.055427734375000000e+03
8.059001464843750000e+03
8.055380859375000000e+03
8.051214355468750000e+03
8.043368164062500000e+03
8.035396972656250000e+03
8.037271484375000000e+03
8.034722656250000000e+03
8.033273437500000000e+03
8.049961914062500000e+03
8.045611328125000000e+03
8.047418457031250000e+03
8.048916015625000000e+03
8.039681640625000000e+03
8.048359375000000000e+03
8.055408203125000000e+03
8.056062011718750000e+03
8.057731933593750000e+03
8.043183105468750000e+03
8.038535156250000000e+03
8.033763671875000000e+03
8.034623535156250000e+03
8.043380859375000000e+03
8.040840820312500000e+03
8.043833984375000000e+03
8.047515625000000000e+03
8.048086425781250000e+03
8.036895507812500000e+03
8.037624023437500000e+03
8.035095703125000000e+03
8.040869628906250000e+03
8.035251953125000000e+03
8.038305175781250000e+03
8.036171875000000000e+03
8.050032714843750000e+03
8.048539062500000000e+03
8.053495605468750000e+03
8.070648925781250000e+03
8.069599121093750000e+03
8.061715332031250000e+03
8.061234863281250000e+03
8.063779296875000000e+03
8.054777343750000000e+03
8.057207519531250000e+03
8.055812500000000000e+03
8.051940429687500000e+03
8.051766601562500000e+03
8.059038574218750000e+03
8.057293945312500000e+03
8.058629394531250000e+03
8.053198730468750000e+03
8.063374511718750000e+03
8.063152832031250000e+03
8.061101074218750000e+03
8.039005859375000000e+03
8.047398925781250000e+03
8.040033203125000000e+03
8.037587402343750000e+03
8.045121093750000000e+03
8.046206542968750000e+03
8.036863281250000000e+03
8.036851074218750000e+03
8.043860839843750000e+03
8.012667480468750000e+03
8.022854492187500000e+03
8.017777343750000000e+03
8.018116699218750000e+03
8.017353515625000000e+03
8.020282226562500000e+03
8.005774414062500000e+03
7.998031738281250000e+03
8.006215820312500000e+03
8.006249511718750000e+03
8.007083007812500000e+03
8.007187500000000000e+03
8.004665527343750000e+03
8.001647460937500000e+03
8.006511230468750000e+03
8.001773437500000000e+03
7.986603515625000000e+03
7.983680175781250000e+03
7.980042968750000000e+03
7.954067382812500000e+03
7.970793457031250000e+03
7.961438476562500000e+03
7.973266113281250000e+03
7.984462402343750000e+03
7.993564941406250000e+03
8.000059570312500000e+03
8.011551269531250000e+03
8.028100097656250000e+03
8.017641601562500000e+03
8.023167480468750000e+03
8.019709960937500000e+03
8.019301269531250000e+03
8.011520996093750000e+03
7.991692382812500000e+03
7.952473632812500000e+03
7.933959472656250000e+03
7.959663085937500000e+03
7.943395019531250000e+03
7.939997070312500000e+03
7.934825195312500000e+03
7.937570800781250000e+03
7.937442871093750000e+03
7.939000488281250000e+03
7.939778320312500000e+03
7.936050781250000000e+03
7.914877441406250000e+03
7.897199707031250000e+03
7.880397949218750000e+03
7.858801757812500000e+03
7.856030273437500000e+03
7.858081054687500000e+03
7.861694824218750000e+03
7.833351562500000000e+03
7.833107910156250000e+03
7.867532226562500000e+03
7.866319824218750000e+03
7.857511718750000000e+03
7.863242675781250000e+03
7.870519042968750000e+03
7.873226074218750000e+03
7.890473144531250000e+03
7.906921875000000000e+03
7.915155273437500000e+03
7.909558105468750000e+03
7.901567382812500000e+03
7.892888183593750000e+03
7.883512207031250000e+03
7.878554687500000000e+03
7.870920898437500000e+03
7.893085449218750000e+03
7.894246093750000000e+03
7.889647460937500000e+03
7.891417480468750000e+03
7.886429687500000000e+03
7.882435058593750000e+03
7.884984863281250000e+03
7.887345214843750000e+03
7.902157714843750000e+03
7.882301757812500000e+03
7.870654296875000000e+03
7.872389160156250000e+03
7.913045898437500000e+03
7.897375488281250000e+03
7.882360839843750000e+03
7.879425292968750000e+03
7.852068847656250000e+03
7.831232910156250000e+03
7.811327148437500000e+03
7.832888183593750000e+03
7.846245117187500000e+03
7.877075195312500000e+03
7.893165039062500000e+03
7.896913085937500000e+03
7.886892578125000000e+03
7.876723632812500000e+03
7.878977050781250000e+03
7.893517578125000000e+03
7.888282714843750000e+03
7.885558105468750000e+03
7.915259277343750000e+03
7.908580078125000000e+03
7.923001953125000000e+03
7.931537597656250000e+03
7.931619140625000000e+03
7.920398437500000000e+03
7.913699218750000000e+03
7.913798828125000000e+03
7.915636230468750000e+03
7.935920410156250000e+03
7.934729003906250000e+03
7.927069824218750000e+03
7.931321777343750000e+03
7.921713867187500000e+03
7.920279785156250000e+03
7.894286621093750000e+03
7.886197265625000000e+03
7.888448730468750000e+03
7.869839843750000000e+03
7.890774902343750000e+03
7.887868164062500000e+03
7.881655761718750000e+03
7.875901855468750000e+03
7.877583007812500000e+03
7.866194335937500000e+03
7.849103515625000000e+03
7.846351562500000000e+03
7.890633789062500000e+03
7.901743652343750000e+03
7.903704589843750000e+03
7.907016601562500000e+03
7.899710449218750000e+03
7.893564453125000000e+03
7.874948242187500000e+03
7.877818847656250000e+03
7.877730468750000000e+03
7.898425292968750000e+03
7.908761230468750000e+03
7.912422851562500000e+03
7.911119628906250000e+03
7.914766113281250000e+03
7.914419921875000000e+03
7.925050292968750000e+03
7.925899902343750000e+03
7.914157226562500000e+03
7.921799804687500000e+03
7.921192871093750000e+03
7.916887695312500000e+03
7.901992675781250000e+03
7.900181152343750000e+03
7.891096679687500000e+03
7.904909667968750000e+03
7.904258789062500000e+03
7.910765136718750000e+03
7.904212402343750000e+03
7.913953125000000000e+03
7.922486816406250000e+03
7.933519531250000000e+03
7.933008789062500000e+03
7.940464843750000000e+03
7.916143554687500000e+03
7.907126953125000000e+03
7.902608398437500000e+03
7.808494628906250000e+03
7.781777343750000000e+03
7.753721191406250000e+03
7.727711425781250000e+03
7.716493652343750000e+03
7.711473144531250000e+03
7.687227050781250000e+03
7.699582519531250000e+03
7.693350097656250000e+03
7.669879882812500000e+03
7.680770019531250000e+03
7.688973632812500000e+03
7.683853027343750000e+03
7.678046386718750000e+03
7.681865722656250000e+03
7.654687011718750000e+03
7.660085449218750000e+03
7.651526855468750000e+03
7.661544433593750000e+03
7.647164550781250000e+03
7.631738769531250000e+03
7.650913085937500000e+03
7.656694824218750000e+03
7.659123046875000000e+03
7.683677734375000000e+03
7.706998046875000000e+03
7.706736816406250000e+03
7.696091796875000000e+03
7.690902343750000000e+03
7.679493164062500000e+03
7.662169921875000000e+03
7.657922363281250000e+03
7.652439453125000000e+03
7.633459960937500000e+03
7.614745605468750000e+03
7.596112304687500000e+03
7.571645996093750000e+03
7.579927246093750000e+03
7.579636718750000000e+03
7.580104980468750000e+03
7.580809570312500000e+03
7.575801757812500000e+03
7.565310058593750000e+03
7.544635742187500000e+03
7.536220214843750000e+03
7.559673339843750000e+03
7.565593261718750000e+03
7.559890136718750000e+03
7.554023925781250000e+03
7.551287597656250000e+03
7.546854003906250000e+03
7.536095214843750000e+03
7.565530273437500000e+03
7.568003906250000000e+03
7.599448730468750000e+03
7.609770996093750000e+03
7.620609863281250000e+03
7.624246582031250000e+03
7.623029296875000000e+03
7.633216796875000000e+03
7.646671875000000000e+03
7.661051269531250000e+03
7.676614746093750000e+03
7.709903808593750000e+03
7.722097167968750000e+03
7.722220703125000000e+03
7.727045898437500000e+03
7.727476562500000000e+03
7.727643554687500000e+03
7.715062500000000000e+03
7.690970214843750000e+03
7.676715820312500000e+03
7.667913574218750000e+03
7.636495605468750000e+03
7.648921875000000000e+03
7.644580078125000000e+03
7.647316406250000000e+03
7.662488281250000000e+03
7.674943847656250000e+03
7.691548339843750000e+03
7.702671875000000000e+03
7.695671386718750000e+03
7.701049316406250000e+03
7.702855468750000000e+03
7.712765625000000000e+03
7.717465332031250000e+03
7.713189941406250000e+03
7.713805175781250000e+03
7.701077148437500000e+03
7.703655761718750000e+03
7.699413085937500000e+03
7.681327148437500000e+03
7.686798828125000000e+03
7.694120117187500000e+03
7.699085449218750000e+03
7.695531738281250000e+03
7.674409667968750000e+03
7.674608398437500000e+03
7.670983398437500000e+03
7.678466308593750000e+03
7.671796875000000000e+03
7.654648925781250000e+03
7.639647949218750000e+03
7.626723632812500000e+03
7.626973144531250000e+03
7.627071777343750000e+03
7.639008300781250000e+03
7.629020019531250000e+03
7.651711914062500000e+03
7.649442871093750000e+03
7.636712402343750000e+03
7.632024414062500000e+03
7.635564453125000000e+03
7.636147949218750000e+03
7.643770019531250000e+03
7.636078613281250000e+03
7.632594726562500000e+03
7.648313964843750000e+03
7.649487792968750000e+03
7.642136718750000000e+03
7.632367187500000000e+03
7.629568359375000000e+03
7.649863769531250000e+03
7.667504882812500000e+03
7.666342773437500000e+03
7.664098144531250000e+03
7.671726074218750000e+03
7.677629882812500000e+03
7.688055175781250000e+03
7.706262207031250000e+03
7.708480468750000000e+03
7.692227050781250000e+03
7.693946777343750000e+03
7.682876953125000000e+03
7.684691894531250000e+03
7.669415039062500000e+03
7.672011230468750000e+03
7.685227050781250000e+03
7.678650390625000000e+03
7.678998046875000000e+03
7.678604492187500000e+03
7.685312500000000000e+03
7.690742675781250000e+03
7.703849121093750000e+03
7.743460449218750000e+03
7.767247558593750000e+03
7.748791015625000000e+03
7.747487304687500000e+03
7.739390625000000000e+03
7.747882812500000000e+03
7.738542968750000000e+03
7.738402832031250000e+03
7.730909667968750000e+03
7.703487792968750000e+03
7.691215820312500000e+03
7.696848632812500000e+03
7.682960449218750000e+03
7.681164062500000000e+03
7.678249511718750000e+03
7.670968261718750000e+03
7.660604492187500000e+03
7.655434570312500000e+03
7.668423828125000000e+03
7.663290039062500000e+03
7.658186035156250000e+03
7.658455566406250000e+03
7.662548339843750000e+03
7.665747558593750000e+03
7.662690429687500000e+03
7.647073730468750000e+03
7.636720703125000000e+03
7.619648925781250000e+03
7.627061523437500000e+03
7.639160156250000000e+03
7.630750488281250000e+03
7.621597167968750000e+03
7.607278320312500000e+03
7.614187011718750000e+03
7.626833007812500000e+03
7.625798828125000000e+03
7.568475585937500000e+03
7.570507324218750000e+03
7.568871582031250000e+03
7.565369140625000000e+03
7.554796875000000000e+03
7.565231445312500000e+03
7.562659667968750000e+03
7.566225097656250000e+03
7.565815429687500000e+03
7.550968261718750000e+03
7.563576171875000000e+03
7.563753417968750000e+03
7.555422363281250000e+03
7.556110839843750000e+03
7.539765625000000000e+03
7.540420898437500000e+03
7.554523437500000000e+03
7.544714843750000000e+03
7.534723144531250000e+03
7.513657226562500000e+03
7.527626953125000000e+03
7.532395996093750000e+03
7.540449707031250000e+03
7.538188964843750000e+03
7.542131347656250000e+03
7.540719238281250000e+03
7.536264648437500000e+03
7.550000976562500000e+03
7.542193847656250000e+03
7.535384277343750000e+03
7.537737792968750000e+03
7.526805175781250000e+03
7.527628906250000000e+03
7.528801269531250000e+03
7.540949707031250000e+03
7.543913574218750000e+03
7.558729003906250000e+03
7.565176757812500000e+03
7.572633300781250000e+03
7.580311523437500000e+03
7.578440429687500000e+03
7.580092773437500000e+03
7.573683593750000000e+03
7.573153320312500000e+03
7.573896972656250000e+03
7.564281250000000000e+03
7.565712402343750000e+03
7.559850585937500000e+03
7.560567382812500000e+03
7.555514160156250000e+03
7.551021484375000000e+03
7.550623535156250000e+03
7.553916503906250000e+03
7.551729980468750000e+03
7.569722656250000000e+03
7.577062500000000000e+03
7.589056152343750000e+03
7.591338867187500000e+03
7.591099121093750000e+03
7.599539550781250000e+03
7.606920410156250000e+03
7.606985839843750000e+03
7.602518554687500000e+03
7.615146972656250000e+03
7.617665039062500000e+03
7.616261718750000000e+03
7.620730468750000000e+03
7.621023437500000000e+03
7.606287109375000000e+03
7.592052734375000000e+03
7.598704101562500000e+03
7.596484863281250000e+03
7.594980468750000000e+03
7.598250488281250000e+03
7.609500488281250000e+03
7.607621582031250000e+03
7.603919433593750000e+03
7.598416503906250000e+03
7.593071777343750000e+03
7.589749511718750000e+03
7.587550781250000000e+03
7.565618164062500000e+03
7.558672363281250000e+03
7.555703613281250000e+03
7.555276855468750000e+03
7.552764648437500000e+03
7.547083496093750000e+03
7.539941406250000000e+03
7.530936523437500000e+03
7.530411621093750000e+03
7.493817382812500000e+03
7.481682617187500000e+03
7.475986816406250000e+03
7.470421875000000000e+03
7.471316894531250000e+03
7.460280273437500000e+03
7.453000488281250000e+03
7.442936035156250000e+03
7.438988769531250000e+03
7.429785156250000000e+03
7.428598632812500000e+03
7.431101562500000000e+03
7.430072753906250000e+03
7.428876464843750000e+03
7.432322753906250000e+03
7.430540527343750000e+03
7.431521972656250000e+03
7.428333007812500000e+03
7.430255371093750000e+03
7.431341308593750000e+03
7.433455078125000000e+03
7.433654785156250000e+03
7.441041015625000000e+03
7.441304199218750000e+03
7.446603027343750000e+03
7.441221191406250000e+03
7.437712402343750000e+03
7.435039550781250000e+03
7.428869628906250000e+03
7.430731933593750000e+03
7.430263183593750000e+03
7.428734863281250000e+03
7.433955078125000000e+03
7.433702636718750000e+03
7.433804199218750000e+03
7.436966308593750000e+03
7.457177246093750000e+03
7.468556152343750000e+03
7.474770996093750000e+03
7.479238281250000000e+03
7.488761718750000000e+03
7.496649414062500000e+03
7.498621582031250000e+03
7.508581054687500000e+03
7.513435546875000000e+03
7.523667480468750000e+03
7.520428710937500000e+03
7.523480468750000000e+03
7.529901367187500000e+03
7.528901855468750000e+03
7.531126953125000000e+03
7.536277343750000000e+03
7.531552246093750000e+03
7.529011230468750000e+03
7.531518066406250000e+03
7.533551269531250000e+03
7.530896972656250000e+03
7.535236816406250000e+03
7.538968261718750000e+03
7.553740722656250000e+03
7.544263183593750000e+03
7.531180664062500000e+03
7.528708496093750000e+03
7.522486328125000000e+03
7.511963378906250000e+03
7.508790039062500000e+03
7.511271972656250000e+03
7.510816894531250000e+03
7.511574707031250000e+03
7.513570800781250000e+03
7.512240722656250000e+03
7.510098144531250000e+03
7.513035644531250000e+03
7.513820312500000000e+03
7.515585449218750000e+03
7.510104980468750000e+03
7.507695312500000000e+03
7.505839843750000000e+03
7.521731933593750000e+03
7.531878906250000000e+03
7.537826660156250000e+03
7.601163574218750000e+03
7.620569824218750000e+03
7.622995117187500000e+03
7.635363281250000000e+03
7.637600585937500000e+03
7.641832519531250000e+03
7.670669433593750000e+03
7.665898925781250000e+03
7.664638183593750000e+03
7.702255859375000000e+03
7.714401367187500000e+03
7.717311035156250000e+03
7.721252929687500000e+03
7.727157226562500000e+03
7.719403808593750000e+03
7.742693847656250000e+03
7.734359863281250000e+03
7.736561035156250000e+03
7.735678222656250000e+03
7.743202148437500000e+03
7.736699707031250000e+03
7.740664550781250000e+03
7.746079101562500000e+03
7.762030761718750000e+03
7.748645507812500000e+03
7.751817382812500000e+03
7.751726562500000000e+03
7.745208496093750000e+03
7.757950195312500000e+03
7.764985351562500000e+03
7.754107421875000000e+03
7.740566894531250000e+03
7.742543457031250000e+03
7.752001464843750000e+03
7.769180664062500000e+03
7.779652832031250000e+03
7.788194824218750000e+03
7.794330566406250000e+03
7.794341308593750000e+03
7.791816894531250000e+03
7.800890136718750000e+03
7.797128417968750000e+03
7.798116210937500000e+03
7.802602539062500000e+03
7.800975585937500000e+03
7.794701171875000000e+03
7.779743652343750000e+03
7.763699707031250000e+03
7.744501464843750000e+03
7.736964355468750000e+03
7.729062500000000000e+03
7.735745605468750000e+03
7.751312988281250000e+03
7.764640625000000000e+03
7.784685546875000000e+03
7.802421386718750000e+03
7.799187500000000000e+03
7.801637695312500000e+03
7.805564453125000000e+03
7.815699218750000000e+03
7.817665527343750000e+03
7.812968261718750000e+03
7.813888671875000000e+03
7.824126953125000000e+03
7.829352050781250000e+03
7.825035156250000000e+03
7.814452148437500000e+03
7.806825195312500000e+03
7.820018066406250000e+03
7.813474609375000000e+03
7.809634765625000000e+03
7.812723632812500000e+03
7.789367187500000000e+03
7.795937011718750000e+03
7.797453613281250000e+03
7.798814941406250000e+03
7.802759765625000000e+03
7.813066406250000000e+03
7.829365234375000000e+03
7.828000000000000000e+03
7.820235351562500000e+03
7.817600585937500000e+03
7.806162109375000000e+03
7.777117187500000000e+03
7.796665527343750000e+03
7.791730468750000000e+03
7.780704101562500000e+03
7.793072265625000000e+03
7.780427246093750000e+03
7.768694824218750000e+03
7.675703613281250000e+03
7.620634277343750000e+03
7.626988281250000000e+03
7.655863769531250000e+03
7.657834960937500000e+03
7.651772949218750000e+03
7.658050292968750000e+03
7.623898925781250000e+03
7.617856933593750000e+03
7.555185058593750000e+03
7.538918457031250000e+03
7.560681640625000000e+03
7.573440917968750000e+03
7.577658691406250000e+03
7.580458984375000000e+03
7.584957031250000000e+03
7.584241210937500000e+03
7.588124023437500000e+03
7.604760742187500000e+03
7.605000488281250000e+03
7.602414550781250000e+03
7.584742187500000000e+03
7.570642578125000000e+03
7.576386230468750000e+03
7.594958007812500000e+03
7.620666992187500000e+03
7.626829589843750000e+03
7.615792968750000000e+03
7.598656250000000000e+03
7.596133300781250000e+03
7.587864746093750000e+03
7.597119140625000000e+03
7.607604980468750000e+03
7.600225097656250000e+03
7.612499511718750000e+03
7.618284667968750000e+03
7.613821289062500000e+03
7.609063964843750000e+03
7.594444824218750000e+03
7.581751464843750000e+03
7.576247558593750000e+03
7.578347167968750000e+03
7.587542480468750000e+03
7.588156250000000000e+03
7.591557128906250000e+03
7.638925781250000000e+03
7.647036621093750000e+03
7.657166503906250000e+03
7.655064453125000000e+03
7.650445800781250000e+03
7.636279785156250000e+03
7.655927734375000000e+03
7.656941894531250000e+03
7.648364746093750000e+03
7.658788085937500000e+03
7.660206542968750000e+03
7.654099609375000000e+03
7.651503906250000000e+03
7.654289550781250000e+03
7.663600097656250000e+03
7.678539550781250000e+03
7.682043945312500000e+03
7.686257324218750000e+03
7.650550781250000000e+03
7.618916503906250000e+03
7.608297363281250000e+03
7.605559082031250000e+03
7.602433593750000000e+03
7.586456542968750000e+03
7.591802246093750000e+03
7.598171875000000000e+03
7.592604980468750000e+03
7.592262207031250000e+03
7.584093261718750000e+03
7.578641113281250000e+03
7.576717285156250000e+03
7.569757812500000000e+03
7.564854492187500000e+03
7.566034667968750000e+03
7.575648437500000000e+03
7.572078613281250000e+03
7.534235351562500000e+03
7.519607910156250000e+03
7.510901855468750000e+03
7.501362792968750000e+03
7.506360351562500000e+03
7.510913574218750000e+03
7.509629882812500000e+03
7.492263183593750000e+03
7.494317871093750000e+03
7.492521484375000000e+03
7.492174316406250000e+03
7.484984863281250000e+03
7.480677246093750000e+03
7.478525878906250000e+03
7.472627929687500000e+03
7.475471679687500000e+03
7.477131347656250000e+03
7.475654296875000000e+03
7.465591796875000000e+03
7.464879882812500000e+03
7.468432128906250000e+03
7.470960937500000000e+03
7.468718750000000000e+03
7.465897949218750000e+03
7.459163085937500000e+03
7.459657226562500000e+03
7.452820800781250000e+03
7.437368164062500000e+03
7.434572753906250000e+03
7.431002441406250000e+03
7.429199707031250000e+03
7.424715820312500000e+03
7.419641601562500000e+03
7.416486328125000000e+03
7.428496582031250000e+03
7.429591308593750000e+03
7.439171386718750000e+03
7.442492187500000000e+03
7.450855468750000000e+03
7.448120117187500000e+03
7.445971679687500000e+03
7.439963867187500000e+03
7.435571289062500000e+03
7.433005371093750000e+03
7.430249023437500000e+03
7.438056640625000000e+03
7.440310546875000000e+03
7.447401855468750000e+03
7.448437988281250000e+03
7.448068847656250000e+03
7.446929199218750000e+03
7.438998046875000000e+03
7.437850585937500000e+03
7.436287109375000000e+03
7.445945312500000000e+03
7.454282714843750000e+03
7.467039550781250000e+03
7.459122070312500000e+03
7.458860839843750000e+03
7.455249511718750000e+03
7.452455078125000000e+03
7.457690429687500000e+03
7.457769042968750000e+03
7.476276855468750000e+03
7.472055175781250000e+03
7.469331054687500000e+03
7.473069824218750000e+03
7.468333007812500000e+03
7.467439941406250000e+03
7.476755859375000000e+03
7.468340820312500000e+03
7.466466308593750000e+03
7.474195800781250000e+03
7.475357910156250000e+03
7.477080078125000000e+03
7.481214843750000000e+03
7.483243164062500000e+03
7.489644042968750000e+03
7.478404785156250000e+03
7.468127441406250000e+03
7.470529296875000000e+03
7.523021972656250000e+03
7.520894042968750000e+03
7.535440917968750000e+03
7.530582519531250000e+03
7.529411132812500000e+03
7.529969726562500000e+03
7.539845703125000000e+03
7.543112792968750000e+03
7.546854492187500000e+03
7.573594238281250000e+03
7.558234863281250000e+03
7.549656250000000000e+03
7.562024902343750000e+03
7.566247558593750000e+03
7.565903808593750000e+03
7.564609375000000000e+03
7.556253906250000000e+03
7.552927246093750000e+03
7.556829589843750000e+03
7.553390136718750000e+03
7.550102539062500000e+03
7.553157226562500000e+03
7.560382324218750000e+03
7.563979492187500000e+03
7.559009765625000000e+03
7.546654296875000000e+03
7.536806152343750000e+03
7.553802734375000000e+03
7.552389160156250000e+03
7.552081542968750000e+03
7.559933105468750000e+03
7.559001464843750000e+03
7.555049316406250000e+03
7.553435546875000000e+03
7.553963867187500000e+03
7.548614746093750000e+03
7.577984863281250000e+03
7.584272949218750000e+03
7.575619140625000000e+03
7.571115722656250000e+03
7.567144531250000000e+03
7.562854980468750000e+03
7.555244140625000000e+03
7.539556640625000000e+03
7.536594726562500000e+03
7.512957519531250000e+03
7.529307128906250000e+03
7.540716796875000000e+03
7.543674316406250000e+03
7.549841308593750000e+03
7.546924316406250000e+03
7.549555175781250000e+03
7.536572753906250000e+03
7.529083984375000000e+03
7.498520019531250000e+03
7.492988769531250000e+03
7.494558105468750000e+03
7.495411132812500000e+03
7.496723144531250000e+03
7.507461425781250000e+03
7.522342285156250000e+03
7.522063964843750000e+03
7.517007812500000000e+03
7.513293457031250000e+03
7.524599609375000000e+03
7.530535644531250000e+03
7.535558593750000000e+03
7.528291992187500000e+03
7.525592285156250000e+03
7.531327636718750000e+03
7.527697265625000000e+03
7.529166015625000000e+03
7.536024414062500000e+03
7.517036621093750000e+03
7.509591796875000000e+03
7.525244628906250000e+03
7.522899902343750000e+03
7.531959960937500000e+03
7.534767578125000000e+03
7.549809082031250000e+03
7.553511718750000000e+03
7.593863281250000000e+03
7.574449218750000000e+03
7.573397949218750000e+03
7.568778808593750000e+03
7.558938964843750000e+03
7.556717285156250000e+03
7.554064941406250000e+03
7.573208007812500000e+03
7.570574707031250000e+03
7.588457031250000000e+03
7.598398925781250000e+03
7.596776367187500000e+03
7.604415527343750000e+03
7.593400390625000000e+03
7.599134277343750000e+03
7.600201660156250000e+03
7.596692871093750000e+03
7.598632324218750000e+03
7.596783691406250000e+03
7.582217773437500000e+03
7.589405761718750000e+03
7.577419921875000000e+03
7.575930175781250000e+03
7.591846191406250000e+03
7.603156250000000000e+03
7.605819335937500000e+03
7.603348144531250000e+03
7.614024414062500000e+03
7.619820800781250000e+03
7.638814453125000000e+03
7.672133300781250000e+03
7.653035644531250000e+03
7.684840332031250000e+03
7.712634765625000000e+03
7.752458496093750000e+03
7.770886718750000000e+03
7.824839843750000000e+03
7.844964843750000000e+03
7.839960937500000000e+03
7.856833496093750000e+03
7.856712402343750000e+03
7.849521484375000000e+03
7.857209472656250000e+03
7.852446777343750000e+03
7.851314453125000000e+03
7.839344238281250000e+03
7.826790527343750000e+03
7.806836425781250000e+03
7.802735351562500000e+03
7.789215820312500000e+03
7.787063476562500000e+03
7.757005371093750000e+03
7.752005859375000000e+03
7.742289062500000000e+03
7.763173339843750000e+03
7.768734863281250000e+03
7.759457519531250000e+03
7.758962890625000000e+03
7.751419433593750000e+03
7.747574218750000000e+03
7.756641601562500000e+03
7.743190429687500000e+03
7.748426269531250000e+03
7.798648437500000000e+03
7.812823242187500000e+03
7.823588867187500000e+03
7.832789550781250000e+03
7.832639648437500000e+03
7.841764160156250000e+03
7.852915527343750000e+03
7.856302734375000000e+03
7.860496093750000000e+03
7.823654296875000000e+03
7.815424316406250000e+03
7.801671386718750000e+03
7.794899414062500000e+03
7.830603515625000000e+03
7.825353027343750000e+03
7.834845703125000000e+03
7.810397460937500000e+03
7.794089843750000000e+03
7.790184570312500000e+03
7.815246093750000000e+03
7.836463378906250000e+03
7.849265625000000000e+03
7.843468750000000000e+03
7.843593750000000000e+03
7.819394531250000000e+03
7.817813964843750000e+03
7.804611816406250000e+03
7.787171386718750000e+03
7.738985351562500000e+03
7.740543457031250000e+03
7.730796875000000000e+03
7.709891601562500000e+03
7.688776855468750000e+03
7.676064453125000000e+03
7.668831054687500000e+03
7.688647460937500000e+03
7.701733886718750000e+03
7.713604003906250000e+03
7.700606445312500000e+03
7.705640136718750000e+03
7.710328613281250000e+03
7.715993652343750000e+03
7.728687011718750000e+03
7.720770019531250000e+03
7.714718261718750000e+03
7.715321777343750000e+03
7.712109863281250000e+03
7.694693359375000000e+03
7.684743164062500000e+03
7.695790527343750000e+03
7.699358886718750000e+03
7.697040527343750000e+03
7.664336914062500000e+03
7.662358398437500000e+03
7.645320800781250000e+03
7.617284179687500000e+03
7.619818359375000000e+03
7.637515625000000000e+03
7.626979980468750000e+03
7.636870605468750000e+03
7.637014160156250000e+03
7.655022460937500000e+03
7.666271484375000000e+03
7.712022460937500000e+03
7.727375000000000000e+03
7.746239257812500000e+03
7.752534179687500000e+03
7.742323730468750000e+03
7.738819335937500000e+03
7.733505859375000000e+03
7.723585449218750000e+03
7.710540527343750000e+03
7.704002441406250000e+03
7.684878906250000000e+03
7.654504882812500000e+03
7.648475585937500000e+03
7.651523925781250000e+03
7.636899902343750000e+03
7.606805664062500000e+03
7.578194335937500000e+03
7.580370605468750000e+03
7.579794433593750000e+03
7.605206054687500000e+03
7.597360839843750000e+03
7.594410644531250000e+03
7.578038574218750000e+03
7.565133300781250000e+03
7.574563964843750000e+03
7.560444335937500000e+03
7.554466308593750000e+03
7.551783203125000000e+03
7.554776855468750000e+03
7.560212402343750000e+03
7.551136230468750000e+03
7.551710449218750000e+03
7.544205566406250000e+03
7.527390625000000000e+03
7.504147949218750000e+03
7.509535156250000000e+03
7.518723144531250000e+03
7.518604003906250000e+03
7.521599121093750000e+03
7.530738769531250000e+03
7.537143554687500000e+03
7.536219238281250000e+03
7.558658691406250000e+03
7.547414550781250000e+03
7.538377441406250000e+03
7.553892578125000000e+03
7.550016601562500000e+03
7.555443359375000000e+03
7.556584472656250000e+03
7.557639648437500000e+03
7.546414062500000000e+03
7.551703613281250000e+03
7.547520019531250000e+03
7.567291015625000000e+03
7.576023437500000000e+03
7.595800781250000000e+03
7.587919921875000000e+03
7.583258789062500000e+03
7.576563476562500000e+03
7.573128906250000000e+03
7.585386718750000000e+03
7.568925292968750000e+03
7.566970214843750000e+03
7.637897949218750000e+03
7.660576171875000000e+03
7.664587402343750000e+03
7.670597167968750000e+03
7.673598144531250000e+03
7.679919921875000000e+03
7.684131347656250000e+03
7.696927734375000000e+03
7.707241210937500000e+03
7.709919433593750000e+03
7.718040039062500000e+03
7.710841796875000000e+03
7.715512207031250000e+03
7.722541503906250000e+03
7.724687011718750000e+03
7.722769042968750000e+03
7.713886230468750000e+03
7.705606445312500000e+03
7.735831542968750000e+03
7.767946289062500000e+03
7.774764160156250000e+03
7.773395019531250000e+03
7.769788085937500000e+03
7.765329101562500000e+03
7.744093261718750000e+03
7.741219238281250000e+03
7.737225097656250000e+03
7.738791992187500000e+03
7.721122558593750000e+03
7.685749023437500000e+03
7.693157714843750000e+03
7.694480957031250000e+03
7.709946777343750000e+03
7.723729492187500000e+03
7.693302246093750000e+03
7.675468261718750000e+03
7.683521484375000000e+03
7.684574218750000000e+03
7.699541503906250000e+03
7.710043457031250000e+03
7.702373046875000000e+03
7.708393066406250000e+03
7.695434082031250000e+03
7.724900390625000000e+03
7.717568847656250000e+03
7.748870605468750000e+03
7.744837890625000000e+03
7.753129394531250000e+03
7.753960449218750000e+03
7.754059570312500000e+03
7.745026367187500000e+03
7.744301269531250000e+03
7.770579589843750000e+03
7.774758300781250000e+03
7.756458496093750000e+03
7.777949707031250000e+03
7.753318847656250000e+03
7.721433105468750000e+03
7.717932128906250000e+03
7.699541992187500000e+03
7.690412109375000000e+03
7.669881835937500000e+03
7.659916503906250000e+03
7.594200195312500000e+03
7.575006835937500000e+03
7.597874023437500000e+03
7.600485839843750000e+03
7.590006835937500000e+03
7.582436523437500000e+03
7.582916503906250000e+03
7.571660156250000000e+03
7.577402832031250000e+03
7.556288085937500000e+03
7.554459472656250000e+03
7.539611816406250000e+03
7.528465820312500000e+03
7.525884277343750000e+03
7.513655761718750000e+03
7.519414550781250000e+03
7.510679687500000000e+03
7.505611816406250000e+03
7.487786621093750000e+03
7.493233398437500000e+03
7.476961914062500000e+03
7.479977050781250000e+03
7.478450195312500000e+03
7.484660644531250000e+03
7.482499023437500000e+03
7.485838867187500000e+03
7.487850585937500000e+03
7.479440917968750000e+03
7.475055664062500000e+03
7.481620605468750000e+03
7.485185058593750000e+03
7.483950683593750000e+03
7.484548339843750000e+03
7.487151367187500000e+03
7.500991210937500000e+03
7.494794921875000000e+03
7.493734863281250000e+03
7.498815917968750000e+03
7.496851074218750000e+03
7.499975585937500000e+03
7.504672851562500000e+03
7.502876464843750000e+03
7.499603515625000000e+03
7.507549804687500000e+03
7.512897460937500000e+03
7.488555175781250000e+03
7.477980957031250000e+03
7.486882324218750000e+03
7.483573242187500000e+03
7.478797363281250000e+03
7.494990234375000000e+03
7.488313964843750000e+03
7.482571777343750000e+03
7.477909179687500000e+03
7.480044921875000000e+03
7.487151367187500000e+03
7.483182617187500000e+03
7.483173828125000000e+03
7.467316406250000000e+03
7.472829101562500000e+03
7.460928710937500000e+03
7.448925292968750000e+03
7.448445800781250000e+03
7.471790039062500000e+03
7.471750488281250000e+03
7.471740234375000000e+03
7.473419921875000000e+03
7.471522949218750000e+03
7.474396972656250000e+03
7.463402832031250000e+03
7.462835449218750000e+03
7.461267089843750000e+03
7.472631835937500000e+03
7.481518554687500000e+03
7.482005371093750000e+03
7.480353515625000000e+03
7.474240234375000000e+03
7.466814941406250000e+03
7.467450195312500000e+03
7.462093261718750000e+03
7.456893554687500000e+03
7.463695800781250000e+03
7.460100585937500000e+03
7.455750976562500000e+03
7.454277832031250000e+03
7.470044433593750000e+03
7.484337402343750000e+03
7.480693847656250000e+03
7.478496093750000000e+03
7.471433593750000000e+03
7.518211914062500000e+03
7.523379394531250000e+03
7.522378417968750000e+03
7.521048339843750000e+03
7.523723144531250000e+03
7.535098144531250000e+03
7.544058593750000000e+03
7.537036132812500000e+03
7.531823730468750000e+03
7.553360351562500000e+03
7.543475097656250000e+03
7.532528320312500000e+03
7.529776855468750000e+03
7.528331054687500000e+03
7.528167480468750000e+03
7.515226074218750000e+03
7.505760253906250000e+03
7.505705566406250000e+03
7.515288574218750000e+03
7.512078125000000000e+03
7.508432617187500000e+03
7.509847167968750000e+03
7.515514648437500000e+03
7.526897460937500000e+03
7.519686523437500000e+03
7.521973632812500000e+03
7.517705566406250000e+03
7.514433593750000000e+03
7.506619140625000000e+03
7.516993652343750000e+03
7.512669921875000000e+03
7.512140625000000000e+03
7.516554687500000000e+03
7.516268066406250000e+03
7.515780273437500000e+03
7.510478515625000000e+03
7.515127441406250000e+03
7.506741699218750000e+03
7.506281738281250000e+03
7.510502929687500000e+03
7.511579101562500000e+03
7.510919921875000000e+03
7.524609375000000000e+03
7.510979003906250000e+03
7.507230957031250000e+03
7.505440429687500000e+03
7.500829589843750000e+03
7.511759765625000000e+03
7.516289062500000000e+03
7.523333496093750000e+03
7.530708007812500000e+03
7.538760253906250000e+03
7.535674316406250000e+03
7.539420410156250000e+03
7.512881347656250000e+03
7.501487304687500000e+03
7.486422851562500000e+03
7.479725097656250000e+03
7.480196289062500000e+03
7.480439453125000000e+03
7.472937988281250000e+03
7.466072265625000000e+03
7.477336914062500000e+03
7.504918457031250000e+03
7.507421875000000000e+03
7.507267089843750000e+03
7.504734375000000000e+03
7.502430175781250000e+03
7.499793945312500000e+03
7.501979003906250000e+03
7.510063476562500000e+03
7.516189941406250000e+03
7.516419433593750000e+03
7.512076171875000000e+03
7.502906250000000000e+03
7.499708984375000000e+03
7.500126953125000000e+03
7.524947265625000000e+03
7.529217773437500000e+03
7.530995605468750000e+03
7.531006835937500000e+03
7.588443847656250000e+03
7.574936035156250000e+03
7.576408691406250000e+03
7.587069824218750000e+03
7.587671386718750000e+03
7.584349121093750000e+03
7.570848632812500000e+03
7.569282226562500000e+03
7.560861328125000000e+03
7.560126464843750000e+03
7.544473632812500000e+03
7.535753906250000000e+03
7.542442382812500000e+03
7.531407714843750000e+03
7.530636230468750000e+03
7.523295898437500000e+03
7.517101074218750000e+03
7.510622070312500000e+03
7.544941406250000000e+03
7.550925781250000000e+03
7.558354980468750000e+03
7.551749511718750000e+03
7.546292968750000000e+03
7.559460937500000000e+03
7.564534179687500000e+03
7.573856445312500000e+03
7.572915527343750000e+03
7.560178222656250000e+03
7.562484863281250000e+03
7.568577148437500000e+03
7.564661132812500000e+03
7.556690917968750000e+03
7.561291503906250000e+03
7.565105468750000000e+03
7.569260253906250000e+03
7.567894531250000000e+03
7.554018554687500000e+03
7.541723144531250000e+03
7.540917968750000000e+03
7.539642089843750000e+03
7.537902832031250000e+03
7.536730468750000000e+03
7.553962890625000000e+03
7.558079589843750000e+03
7.555583496093750000e+03
7.568666503906250000e+03
7.556713867187500000e+03
7.557113281250000000e+03
7.552652343750000000e+03
7.551875000000000000e+03
7.552844238281250000e+03
7.545157226562500000e+03
7.547561523437500000e+03
7.547335937500000000e+03
7.563231445312500000e+03
7.549505859375000000e+03
7.543163574218750000e+03
7.538623046875000000e+03
7.543142578125000000e+03
7.547776855468750000e+03
7.555574218750000000e+03
7.562877929687500000e+03
7.562514160156250000e+03
7.542895996093750000e+03
7.544932128906250000e+03
7.552043457031250000e+03
7.548282714843750000e+03
7.545428710937500000e+03
7.545146972656250000e+03
7.551979492187500000e+03
7.559556152343750000e+03
7.564072265625000000e+03
7.555791015625000000e+03
7.542032226562500000e+03
7.553220214843750000e+03
7.548841796875000000e+03
7.546943359375000000e+03
7.550663085937500000e+03
7.547938476562500000e+03
7.547271972656250000e+03
7.543891113281250000e+03
7.520497558593750000e+03
7.522038085937500000e+03
7.521351074218750000e+03
7.520624023437500000e+03
7.521897460937500000e+03
7.524042968750000000e+03
7.532292480468750000e+03
7.538801269531250000e+03
7.539315429687500000e+03
7.524233398437500000e+03
7.531250488281250000e+03
7.531780761718750000e+03
7.533380371093750000e+03
7.536639160156250000e+03
7.532665039062500000e+03
7.521478515625000000e+03
7.520138183593750000e+03
7.519425292968750000e+03
7.509097167968750000e+03
7.534360839843750000e+03
7.541155273437500000e+03
7.543207519531250000e+03
7.552702636718750000e+03
7.563217773437500000e+03
7.556185058593750000e+03
7.544141113281250000e+03
7.535358886718750000e+03
7.580549804687500000e+03
7.577958496093750000e+03
7.576364746093750000e+03
7.575458496093750000e+03
7.571098144531250000e+03
7.567035156250000000e+03
7.584075683593750000e+03
7.598751953125000000e+03
7.597373046875000000e+03
7.583603515625000000e+03
7.573879882812500000e+03
7.579781738281250000e+03
7.575086914062500000e+03
7.570759765625000000e+03
7.569657226562500000e+03
7.585550292968750000e+03
7.581694824218750000e+03
7.578134765625000000e+03
7.563444335937500000e+03
7.566280761718750000e+03
7.551345214843750000e+03
7.547021972656250000e+03
7.555127441406250000e+03
7.552061035156250000e+03
7.552823730468750000e+03
7.559523437500000000e+03
7.564248046875000000e+03
7.583271484375000000e+03
7.584485351562500000e+03
7.587108398437500000e+03
7.590827148437500000e+03
7.592669433593750000e+03
7.593698730468750000e+03
7.589137695312500000e+03
7.598138183593750000e+03
7.596577636718750000e+03
7.570051757812500000e+03
7.573529785156250000e+03
7.576003906250000000e+03
7.579322753906250000e+03
7.581402343750000000e+03
7.585041015625000000e+03
7.578251464843750000e+03
7.579644531250000000e+03
7.587161621093750000e+03
7.599579101562500000e+03
7.612998535156250000e+03
7.611555664062500000e+03
7.602233398437500000e+03
7.593964355468750000e+03
7.606420898437500000e+03
7.632741210937500000e+03
7.635653808593750000e+03
7.625017578125000000e+03
7.603591796875000000e+03
7.598408691406250000e+03
7.584361328125000000e+03
7.578839843750000000e+03
7.585200195312500000e+03
7.583862304687500000e+03
7.606533203125000000e+03
7.614048828125000000e+03
7.615576660156250000e+03
7.642511718750000000e+03
7.659754882812500000e+03
7.640761718750000000e+03
7.642705566406250000e+03
7.633632812500000000e+03
7.625599121093750000e+03
7.618845703125000000e+03
7.617536621093750000e+03
7.614795410156250000e+03
7.629897460937500000e+03
7.631303222656250000e+03
7.629141113281250000e+03
7.629192871093750000e+03
7.629810058593750000e+03
7.638860839843750000e+03
7.632954589843750000e+03
7.629524902343750000e+03
7.623131835937500000e+03
7.747334960937500000e+03
7.769274902343750000e+03
7.809487792968750000e+03
7.804604492187500000e+03
7.781382812500000000e+03
7.775890625000000000e+03
7.752896972656250000e+03
7.732660644531250000e+03
7.742643554687500000e+03
7.751235351562500000e+03
7.734964843750000000e+03
7.717391601562500000e+03
7.695789550781250000e+03
7.683452636718750000e+03
7.661255859375000000e+03
7.650361328125000000e+03
7.649109375000000000e+03
7.644228515625000000e+03
7.667700683593750000e+03
7.681055664062500000e+03
7.675719726562500000e+03
7.689808105468750000e+03
7.691431640625000000e+03
7.698738769531250000e+03
7.687807617187500000e+03
7.683531250000000000e+03
7.690569335937500000e+03
7.699416992187500000e+03
7.702032714843750000e+03
7.694734375000000000e+03
7.688952636718750000e+03
7.684882324218750000e+03
7.690608398437500000e+03
7.698709960937500000e+03
7.712676269531250000e+03
7.717830078125000000e+03
7.809216796875000000e+03
7.792961425781250000e+03
7.784474609375000000e+03
7.786817871093750000e+03
7.788235839843750000e+03
7.814552734375000000e+03
7.812522460937500000e+03
7.827317382812500000e+03
7.838488769531250000e+03
7.819614746093750000e+03
7.816983398437500000e+03
7.795386230468750000e+03
7.788763183593750000e+03
7.783291503906250000e+03
7.789004882812500000e+03
7.797463378906250000e+03
7.798394042968750000e+03
7.804898925781250000e+03
7.794539550781250000e+03
7.813494140625000000e+03
7.823416992187500000e+03
7.815208007812500000e+03
7.872000976562500000e+03
7.865138671875000000e+03
7.867372070312500000e+03
7.868733398437500000e+03
7.872765136718750000e+03
7.865088867187500000e+03
7.853049804687500000e+03
7.847067871093750000e+03
7.850645996093750000e+03
7.855256835937500000e+03
7.842020996093750000e+03
7.847497070312500000e+03
7.839104980468750000e+03
7.840636718750000000e+03
7.854420898437500000e+03
7.858073242187500000e+03
7.849378417968750000e+03
7.849369140625000000e+03
7.857491699218750000e+03
7.867543457031250000e+03
7.860983398437500000e+03
7.865195800781250000e+03
7.885670898437500000e+03
7.867822753906250000e+03
7.864261230468750000e+03
7.843971679687500000e+03
7.825759765625000000e+03
7.820987792968750000e+03
7.831193847656250000e+03
7.836765136718750000e+03
7.830595703125000000e+03
7.848925292968750000e+03
7.817874023437500000e+03
7.799213378906250000e+03
7.772869628906250000e+03
7.777277343750000000e+03
7.776250488281250000e+03
7.775970703125000000e+03
7.775678222656250000e+03
7.779469238281250000e+03
7.805411132812500000e+03
7.798884765625000000e+03
7.799651367187500000e+03
7.802532226562500000e+03
7.809000000000000000e+03
7.802420410156250000e+03
7.820930175781250000e+03
7.832810546875000000e+03
7.843497558593750000e+03
7.798541015625000000e+03
7.771374023437500000e+03
7.756199707031250000e+03
7.752497070312500000e+03
7.749962402343750000e+03
7.766429687500000000e+03
7.789832519531250000e+03
7.801652832031250000e+03
7.795694335937500000e+03
7.775650878906250000e+03
7.763223144531250000e+03
7.762963867187500000e+03
7.763063964843750000e+03
7.777517089843750000e+03
7.777934570312500000e+03
7.782187500000000000e+03
7.785070312500000000e+03
7.788289062500000000e+03
7.808764160156250000e+03
7.801476562500000000e+03
7.806963378906250000e+03
7.796004882812500000e+03
7.801045410156250000e+03
7.797000488281250000e+03
7.792641113281250000e+03
7.791137695312500000e+03
7.791399414062500000e+03
7.775180664062500000e+03
7.780164062500000000e+03
7.764097167968750000e+03
7.755031738281250000e+03
7.759611816406250000e+03
7.757351074218750000e+03
7.753229492187500000e+03
7.745969726562500000e+03
7.743767578125000000e+03
7.779078613281250000e+03
7.759150390625000000e+03
7.744939453125000000e+03
7.736378417968750000e+03
7.727757324218750000e+03
7.721960937500000000e+03
7.711370605468750000e+03
7.673997558593750000e+03
7.656977050781250000e+03
7.713396972656250000e+03
7.708229003906250000e+03
7.709570312500000000e+03
7.699667968750000000e+03
7.702182617187500000e+03
7.715201171875000000e+03
7.723089843750000000e+03
7.707775390625000000e+03
7.705029296875000000e+03
7.690081054687500000e+03
7.691009277343750000e+03
7.682809082031250000e+03
7.678300781250000000e+03
7.675485839843750000e+03
7.660022949218750000e+03
7.660153808593750000e+03
7.657480957031250000e+03
7.657338378906250000e+03
7.637016113281250000e+03
7.627144042968750000e+03
7.620514648437500000e+03
7.632582519531250000e+03
7.637991210937500000e+03
7.628775878906250000e+03
7.626737792968750000e+03
7.632615722656250000e+03
7.623281250000000000e+03
7.556545898437500000e+03
7.529364746093750000e+03
7.532032226562500000e+03
7.521531738281250000e+03
7.521048828125000000e+03
7.519185058593750000e+03
7.509780761718750000e+03
7.521049804687500000e+03
7.527739257812500000e+03
7.528033691406250000e+03
7.532331054687500000e+03
7.536320312500000000e+03
7.539497070312500000e+03
7.544726562500000000e+03
7.537047851562500000e+03
7.540733886718750000e+03
7.537928710937500000e+03
7.542221679687500000e+03
7.575475097656250000e+03
7.569972656250000000e+03
7.563875976562500000e+03
7.563368652343750000e+03
7.562786132812500000e+03
7.558456542968750000e+03
7.550787597656250000e+03
7.546130371093750000e+03
7.546068847656250000e+03
7.560009277343750000e+03
7.552646972656250000e+03
7.547398925781250000e+03
7.550647460937500000e+03
7.546016113281250000e+03
7.553193847656250000e+03
7.557868652343750000e+03
7.567853515625000000e+03
7.566105957031250000e+03
7.572336425781250000e+03
7.558136230468750000e+03
7.551473144531250000e+03
7.555526367187500000e+03
7.564698730468750000e+03
7.561565429687500000e+03
7.567053222656250000e+03
7.566933593750000000e+03
7.568089843750000000e+03
7.588429199218750000e+03
7.580083007812500000e+03
7.576806152343750000e+03
7.582642089843750000e+03
7.581684570312500000e+03
7.584730468750000000e+03
7.597482421875000000e+03
7.594518554687500000e+03
7.598916503906250000e+03
7.594933593750000000e+03
7.602539062500000000e+03
7.587789550781250000e+03
7.584573730468750000e+03
7.580815917968750000e+03
7.595314453125000000e+03
7.603857421875000000e+03
7.595302734375000000e+03
7.599881835937500000e+03
7.652172363281250000e+03
7.681031738281250000e+03
7.685731933593750000e+03
7.687325683593750000e+03
7.711824218750000000e+03
7.722896484375000000e+03
7.722285156250000000e+03
7.717045898437500000e+03
7.724231445312500000e+03
7.740524902343750000e+03
7.733421875000000000e+03
7.733291503906250000e+03
7.738475097656250000e+03
7.728894531250000000e+03
7.725464843750000000e+03
7.726732910156250000e+03
7.720097656250000000e+03
7.715646484375000000e+03
7.752489257812500000e+03
7.760239257812500000e+03
7.769910156250000000e+03
7.771798828125000000e+03
7.776345703125000000e+03
7.776359375000000000e+03
7.780771972656250000e+03
7.769352539062500000e+03
7.770099121093750000e+03
7.761180175781250000e+03
7.756689941406250000e+03
7.763670898437500000e+03
7.766116210937500000e+03
7.772653320312500000e+03
7.781235351562500000e+03
7.774530273437500000e+03
7.749411621093750000e+03
7.742468261718750000e+03
7.745434570312500000e+03
7.752599121093750000e+03
7.758079589843750000e+03
7.765463867187500000e+03
7.748989746093750000e+03
7.736183105468750000e+03
7.735690429687500000e+03
7.711000000000000000e+03
7.696191894531250000e+03
7.744333496093750000e+03
7.742956542968750000e+03
7.727348632812500000e+03
7.729909667968750000e+03
7.746669921875000000e+03
7.727089843750000000e+03
7.712497070312500000e+03
7.708672851562500000e+03
7.695593261718750000e+03
7.726208984375000000e+03
7.710755859375000000e+03
7.722643554687500000e+03
7.737631835937500000e+03
7.747035156250000000e+03
7.718595703125000000e+03
7.707721191406250000e+03
7.693915039062500000e+03
7.686033691406250000e+03
7.743441406250000000e+03
7.728391113281250000e+03
7.734979003906250000e+03
7.737291992187500000e+03
7.741848632812500000e+03
7.751536132812500000e+03
7.756024414062500000e+03
7.774751464843750000e+03
7.785426757812500000e+03
7.779681152343750000e+03
7.767178710937500000e+03
7.746731933593750000e+03
7.745420410156250000e+03
7.747164062500000000e+03
7.742999023437500000e+03
7.731818359375000000e+03
7.721580078125000000e+03
7.710798828125000000e+03
7.722770996093750000e+03
7.734264648437500000e+03
7.717544433593750000e+03
7.707990722656250000e+03
7.704435546875000000e+03
7.701171875000000000e+03
7.696105468750000000e+03
7.681533203125000000e+03
7.669959960937500000e+03
7.669450683593750000e+03
7.675016601562500000e+03
7.673611816406250000e+03
7.667577636718750000e+03
7.673921386718750000e+03
7.670885742187500000e+03
7.651935058593750000e+03
7.640440429687500000e+03
7.640297851562500000e+03
7.639210937500000000e+03
7.630498535156250000e+03
7.630977050781250000e+03
7.625583496093750000e+03
7.627407226562500000e+03
7.626761718750000000e+03
7.648122070312500000e+03
7.641434082031250000e+03
7.639261230468750000e+03
7.632971679687500000e+03
7.638596679687500000e+03
7.628260253906250000e+03
7.619377929687500000e+03
7.617377929687500000e+03
7.607604980468750000e+03
7.583312988281250000e+03
7.574294433593750000e+03
7.579489257812500000e+03
7.605641113281250000e+03
7.623058105468750000e+03
7.639329101562500000e+03
7.640540039062500000e+03
7.646462890625000000e+03
7.639678710937500000e+03
7.636188476562500000e+03
7.635140136718750000e+03
7.627284179687500000e+03
7.655620605468750000e+03
7.643064941406250000e+03
7.634094726562500000e+03
7.634608398437500000e+03
7.640786132812500000e+03
7.641626464843750000e+03
7.662434082031250000e+03
7.672978027343750000e+03
7.668264160156250000e+03
7.719991699218750000e+03
7.724719238281250000e+03
7.744227539062500000e+03
7.765624511718750000e+03
7.789154785156250000e+03
7.802453613281250000e+03
7.799884277343750000e+03
7.822998535156250000e+03
7.825107421875000000e+03
7.822167968750000000e+03
7.833192382812500000e+03
7.835562988281250000e+03
7.844992675781250000e+03
7.846054687500000000e+03
7.845657714843750000e+03
7.850198730468750000e+03
7.854712890625000000e+03
7.853695800781250000e+03
7.849655761718750000e+03
7.851994628906250000e+03
7.856485351562500000e+03
7.866599609375000000e+03
7.871227050781250000e+03
7.855644531250000000e+03
7.847878906250000000e+03
7.842316894531250000e+03
7.841663574218750000e+03
7.794438964843750000e+03
7.763520507812500000e+03
7.757263671875000000e+03
7.750379882812500000e+03
7.755541503906250000e+03
7.742386230468750000e+03
7.753328613281250000e+03
7.750125488281250000e+03
7.751622558593750000e+03
7.771766113281250000e+03
7.755074707031250000e+03
7.766577148437500000e+03
7.776810546875000000e+03
7.763774902343750000e+03
7.778738281250000000e+03
7.785822753906250000e+03
7.786209472656250000e+03
7.793509277343750000e+03
7.805693359375000000e+03
7.796159667968750000e+03
7.787649902343750000e+03
7.792631835937500000e+03
7.792522460937500000e+03
7.792003417968750000e+03
7.806876464843750000e+03
7.818446289062500000e+03
7.820486328125000000e+03
7.816608886718750000e+03
7.795164062500000000e+03
7.794732910156250000e+03
7.792429199218750000e+03
7.792141113281250000e+03
7.801944824218750000e+03
7.810510742187500000e+03
7.793172363281250000e+03
7.792759277343750000e+03
7.790252929687500000e+03
7.791422851562500000e+03
7.790870117187500000e+03
7.785481445312500000e+03
7.793394531250000000e+03
7.780738769531250000e+03
7.783439453125000000e+03
7.792685546875000000e+03
7.789163574218750000e+03
7.764195312500000000e+03
7.739270996093750000e+03
7.724040039062500000e+03
7.713972656250000000e+03
7.708695800781250000e+03
7.704959960937500000e+03
7.712362792968750000e+03
7.716819335937500000e+03
7.709517089843750000e+03
7.727204101562500000e+03
7.720831542968750000e+03
7.720553222656250000e+03
7.734603027343750000e+03
7.732882812500000000e+03
7.752443847656250000e+03
7.760453125000000000e+03
7.741789062500000000e+03
7.734560058593750000e+03
7.760184570312500000e+03
7.784652832031250000e+03
7.772280761718750000e+03
7.782149414062500000e+03
7.782798828125000000e+03
7.767293945312500000e+03
7.750359863281250000e+03
7.782551269531250000e+03
7.789272949218750000e+03
7.762325195312500000e+03
7.762671386718750000e+03
7.753417480468750000e+03
7.742241699218750000e+03
7.728968261718750000e+03
7.726282226562500000e+03
7.722197265625000000e+03
7.718777343750000000e+03
7.718093261718750000e+03
7.688779296875000000e+03
7.694301757812500000e+03
7.713963867187500000e+03
7.720924804687500000e+03
7.716538085937500000e+03
7.723798828125000000e+03
7.726395996093750000e+03
7.729647460937500000e+03
7.728824218750000000e+03
7.752379882812500000e+03
7.759729980468750000e+03
7.758185058593750000e+03
7.765854492187500000e+03
7.771093750000000000e+03
7.776372070312500000e+03
7.796077636718750000e+03
7.779253417968750000e+03
7.782677246093750000e+03
7.757950195312500000e+03
7.752741210937500000e+03
7.755893066406250000e+03
7.758100097656250000e+03
7.777715332031250000e+03
7.789098632812500000e+03
7.813640625000000000e+03
7.804207519531250000e+03
7.807780273437500000e+03
7.786893066406250000e+03
7.784691406250000000e+03
7.762338867187500000e+03
7.764593750000000000e+03
7.747940917968750000e+03
7.757465332031250000e+03
7.754795410156250000e+03
7.763915527343750000e+03
7.757447753906250000e+03
7.743143066406250000e+03
7.733722167968750000e+03
7.712663085937500000e+03
7.710564453125000000e+03
7.712232421875000000e+03
7.726847167968750000e+03
7.721315429687500000e+03
7.740952148437500000e+03
7.754700683593750000e+03
7.829519042968750000e+03
7.842893554687500000e+03
7.867365722656250000e+03
7.878840332031250000e+03
7.883382812500000000e+03
7.891228027343750000e+03
7.884570312500000000e+03
7.889326171875000000e+03
7.882628906250000000e+03
7.886110351562500000e+03
7.899174804687500000e+03
7.892876464843750000e+03
7.883019531250000000e+03
7.881956054687500000e+03
7.908754394531250000e+03
7.904466308593750000e+03
7.917806152343750000e+03
7.911927734375000000e+03
7.915514648437500000e+03
7.912167480468750000e+03
7.907799316406250000e+03
7.908557128906250000e+03
7.903664062500000000e+03
7.891644531250000000e+03
7.861591308593750000e+03
7.865742187500000000e+03
7.870346191406250000e+03
7.869254882812500000e+03
7.886351074218750000e+03
7.875245117187500000e+03
7.891634765625000000e+03
7.887167480468750000e+03
7.871095214843750000e+03
7.868082031250000000e+03
7.867313476562500000e+03
7.860357910156250000e+03
7.866964843750000000e+03
7.865175781250000000e+03
7.865073730468750000e+03
7.875120117187500000e+03
7.870347656250000000e+03
7.861796875000000000e+03
7.849879882812500000e+03
7.856098632812500000e+03
7.852070800781250000e+03
7.844649902343750000e+03
7.843248046875000000e+03
7.833120605468750000e+03
7.828220214843750000e+03
7.829226074218750000e+03
7.843481445312500000e+03
7.841648925781250000e+03
7.858682128906250000e+03
7.859785156250000000e+03
7.855614746093750000e+03
7.845838867187500000e+03
7.849781738281250000e+03
7.850093750000000000e+03
7.851613769531250000e+03
7.867859375000000000e+03
7.871365234375000000e+03
7.873311035156250000e+03
7.870040039062500000e+03
7.955404296875000000e+03
7.946299316406250000e+03
7.952194824218750000e+03
7.976996093750000000e+03
7.995701660156250000e+03
8.019180175781250000e+03
8.029922851562500000e+03
8.040487304687500000e+03
8.035997558593750000e+03
8.072465820312500000e+03
8.086900390625000000e+03
8.087288085937500000e+03
8.070986328125000000e+03
8.072018554687500000e+03
8.072617187500000000e+03
8.078171875000000000e+03
8.079855957031250000e+03
8.078674316406250000e+03
8.074949707031250000e+03
8.062884277343750000e+03
8.056083984375000000e+03
8.047505371093750000e+03
8.049267089843750000e+03
8.060540527343750000e+03
8.071392578125000000e+03
8.068149902343750000e+03
8.066745117187500000e+03
8.056533203125000000e+03
8.063555175781250000e+03
8.066161132812500000e+03
8.068048339843750000e+03
8.077250488281250000e+03
8.068051269531250000e+03
8.070517089843750000e+03
8.068548828125000000e+03
8.078189453125000000e+03
8.060535156250000000e+03
8.059340820312500000e+03
8.056832031250000000e+03
8.059913085937500000e+03
8.049612304687500000e+03
8.062914550781250000e+03
8.072484863281250000e+03
8.074893554687500000e+03
8.074963867187500000e+03
8.094482421875000000e+03
8.106467773437500000e+03
8.095932617187500000e+03
8.094413085937500000e+03
8.094765625000000000e+03
8.101790527343750000e+03
8.107666992187500000e+03
8.102461914062500000e+03
8.099985839843750000e+03
8.127736816406250000e+03
8.116895996093750000e+03
8.115155273437500000e+03
8.113647460937500000e+03
8.107841308593750000e+03
8.104178710937500000e+03
8.090061523437500000e+03
8.084959960937500000e+03
8.083786621093750000e+03
8.050895019531250000e+03
8.048867675781250000e+03
8.055408691406250000e+03
8.054883789062500000e+03
8.061705078125000000e+03
8.055057617187500000e+03
8.069101074218750000e+03
8.072727050781250000e+03
8.077029296875000000e+03
8.094734863281250000e+03
8.101722167968750000e+03
8.104541015625000000e+03
8.107996093750000000e+03
8.109165039062500000e+03
8.108388671875000000e+03
8.115366210937500000e+03
8.109147949218750000e+03
8.109085937500000000e+03
8.065178710937500000e+03
8.055797363281250000e+03
8.057349609375000000e+03
8.050221191406250000e+03
8.045621093750000000e+03
8.056411132812500000e+03
8.051818847656250000e+03
8.055613769531250000e+03
8.053967773437500000e+03
8.063209472656250000e+03
8.057026855468750000e+03
8.068710937500000000e+03
8.069437988281250000e+03
8.071921386718750000e+03
8.082604492187500000e+03
8.084338867187500000e+03
8.080630859375000000e+03
8.087013671875000000e+03
8.087871093750000000e+03
8.098008300781250000e+03
8.094162109375000000e+03
8.089159179687500000e+03
8.095566894531250000e+03
8.094970703125000000e+03
8.089701171875000000e+03
8.080306640625000000e+03
8.078962402343750000e+03
8.111773437500000000e+03
8.111270507812500000e+03
8.113250000000000000e+03
8.115845703125000000e+03
8.123258789062500000e+03
8.098010253906250000e+03
8.080254882812500000e+03
8.103342773437500000e+03
8.098774902343750000e+03
8.098138671875000000e+03
8.088661621093750000e+03
8.093421386718750000e+03
8.086635742187500000e+03
8.081945800781250000e+03
8.088989257812500000e+03
8.083690429687500000e+03
8.059739257812500000e+03
8.071247558593750000e+03
8.122450683593750000e+03
8.138387695312500000e+03
8.139114257812500000e+03
8.134541992187500000e+03
8.149108886718750000e+03
8.139418945312500000e+03
8.142362792968750000e+03
8.130424316406250000e+03
8.124759277343750000e+03
8.106553710937500000e+03
8.102355468750000000e+03
8.099499511718750000e+03
8.101225585937500000e+03
8.117251953125000000e+03
8.125183105468750000e+03
8.128175781250000000e+03
8.110171875000000000e+03
8.101587402343750000e+03
8.039467773437500000e+03
8.019488769531250000e+03
8.007931640625000000e+03
8.007952148437500000e+03
8.021752441406250000e+03
8.008375488281250000e+03
7.976319335937500000e+03
7.971557128906250000e+03
7.969515625000000000e+03
7.982791015625000000e+03
8.006323730468750000e+03
8.005788574218750000e+03
8.010886230468750000e+03
8.022306640625000000e+03
8.023771484375000000e+03
8.029966796875000000e+03
8.012144531250000000e+03
8.014604003906250000e+03
8.041549316406250000e+03
8.030662109375000000e+03
8.024060058593750000e+03
8.017160644531250000e+03
8.021471191406250000e+03
8.013885253906250000e+03
8.018145019531250000e+03
8.027456542968750000e+03
8.032543945312500000e+03
7.995165039062500000e+03
7.982555175781250000e+03
7.991588867187500000e+03
7.986926269531250000e+03
7.989833007812500000e+03
7.996406738281250000e+03
8.004303710937500000e+03
8.037592773437500000e+03
8.042637207031250000e+03
8.102815429687500000e+03
8.115960937500000000e+03
8.128667480468750000e+03
8.134396484375000000e+03
8.144067382812500000e+03
8.149195312500000000e+03
8.143967285156250000e+03
8.148111816406250000e+03
8.147153320312500000e+03
8.163171386718750000e+03
8.157105957031250000e+03
8.158434570312500000e+03
8.169862792968750000e+03
8.156176269531250000e+03
8.151963867187500000e+03
8.151659179687500000e+03
8.156174316406250000e+03
8.155941894531250000e+03
8.173013671875000000e+03
8.174582519531250000e+03
8.177043945312500000e+03
8.177444824218750000e+03
8.177832519531250000e+03
8.172866210937500000e+03
8.164905273437500000e+03
8.154690917968750000e+03
8.153028320312500000e+03
8.172900390625000000e+03
8.181090332031250000e+03
8.181643554687500000e+03
8.178666992187500000e+03
8.182345703125000000e+03
8.171540039062500000e+03
8.160172851562500000e+03
8.167266601562500000e+03
8.172102539062500000e+03
8.192502929687500000e+03
8.187936035156250000e+03
8.191261230468750000e+03
8.190788574218750000e+03
8.191534667968750000e+03
8.194362304687500000e+03
8.197405273437500000e+03
8.201279296875000000e+03
8.203335937500000000e+03
8.214735351562500000e+03
8.215953125000000000e+03
8.216631835937500000e+03
8.217275390625000000e+03
8.215047851562500000e+03
8.211558593750000000e+03
8.209440429687500000e+03
8.208790039062500000e+03
8.206197265625000000e+03
8.212353515625000000e+03
8.213509765625000000e+03
8.216555664062500000e+03
8.221442382812500000e+03
8.220300781250000000e+03
8.217329101562500000e+03
8.214015625000000000e+03
8.212485351562500000e+03
8.206155273437500000e+03
8.210308593750000000e+03
8.210880859375000000e+03
8.207192382812500000e+03
8.203676757812500000e+03
8.202888671875000000e+03
8.203276367187500000e+03
8.200216796875000000e+03
8.194381835937500000e+03
8.193966796875000000e+03
8.206794921875000000e+03
8.206153320312500000e+03
8.204824218750000000e+03
8.206345703125000000e+03
8.206131835937500000e+03
8.207016601562500000e+03
8.209115234375000000e+03
8.214461914062500000e+03
8.215152343750000000e+03
8.220850585937500000e+03
8.223290039062500000e+03
8.225110351562500000e+03
8.226655273437500000e+03
8.226484375000000000e+03
8.231673828125000000e+03
8.231119140625000000e+03
8.227547851562500000e+03
8.227058593750000000e+03
8.240201171875000000e+03
8.246167968750000000e+03
8.247402343750000000e+03
8.248119140625000000e+03
8.248663085937500000e+03
8.250989257812500000e+03
8.251702148437500000e+03
8.250608398437500000e+03
8.251349609375000000e+03
8.254360351562500000e+03
8.255522460937500000e+03
8.257060546875000000e+03
8.256945312500000000e+03
8.255713867187500000e+03
8.254747070312500000e+03
8.256444335937500000e+03
8.257487304687500000e+03
8.257600585937500000e+03
8.257445312500000000e+03
8.258012695312500000e+03
8.257908203125000000e+03
8.258504882812500000e+03
8.259798828125000000e+03
8.260298828125000000e+03
8.260774414062500000e+03
8.261804687500000000e+03
8.261726562500000000e+03
8.263064453125000000e+03
8.265443359375000000e+03
8.266788085937500000e+03
8.267378906250000000e+03
8.267470703125000000e+03
8.267494140625000000e+03
8.267167968750000000e+03
8.266977539062500000e+03
8.267070312500000000e+03
8.267027343750000000e+03
8.266864257812500000e+03
8.266722656250000000e+03
8.266388671875000000e+03
8.266013671875000000e+03
8.265241210937500000e+03
8.265202148437500000e+03
8.265495117187500000e+03
8.265056640625000000e+03
8.264945312500000000e+03
8.265189453125000000e+03
8.265636718750000000e+03
8.265737304687500000e+03
8.265865234375000000e+03
8.266335937500000000e+03
8.266694335937500000e+03
8.266371093750000000e+03
8.266259765625000000e+03
8.266782226562500000e+03
8.268267578125000000e+03
8.267983398437500000e+03
8.267886718750000000e+03
8.267660156250000000e+03
8.267085937500000000e+03
8.267277343750000000e+03
8.267474609375000000e+03
8.267446289062500000e+03
8.266268554687500000e+03
8.264874023437500000e+03
8.264824218750000000e+03
8.265461914062500000e+03
8.266317382812500000e+03
8.267234375000000000e+03
8.267219726562500000e+03
8.267032226562500000e+03
8.266653320312500000e+03
8.265918945312500000e+03
8.264978515625000000e+03
8.264449218750000000e+03
8.264119140625000000e+03
8.263978515625000000e+03
8.264379882812500000e+03
8.265060546875000000e+03
8.265533203125000000e+03
8.265468750000000000e+03
8.266071289062500000e+03
8.266937500000000000e+03
8.267009765625000000e+03
8.267178710937500000e+03
8.267175781250000000e+03
8.266737304687500000e+03
8.266387695312500000e+03
8.266253906250000000e+03
8.266149414062500000e+03
8.264014648437500000e+03
8.262389648437500000e+03
8.261628906250000000e+03
8.261796875000000000e+03
8.262336914062500000e+03
8.262260742187500000e+03
8.262651367187500000e+03
8.263815429687500000e+03
8.264689453125000000e+03
8.262865234375000000e+03
8.261996093750000000e+03
8.262402343750000000e+03
8.262213867187500000e+03
8.260649414062500000e+03
8.259214843750000000e+03
8.259205078125000000e+03
8.258505859375000000e+03
8.258933593750000000e+03
8.258623046875000000e+03
8.258167968750000000e+03
8.259007812500000000e+03
8.259727539062500000e+03
8.259370117187500000e+03
8.259310546875000000e+03
8.257326171875000000e+03
8.255411132812500000e+03
8.255554687500000000e+03
8.251087890625000000e+03
8.250048828125000000e+03
8.250236328125000000e+03
8.249898437500000000e+03
8.250034179687500000e+03
8.250179687500000000e+03
8.250914062500000000e+03
8.252005859375000000e+03
8.252358398437500000e+03
8.250734375000000000e+03
8.250166015625000000e+03
8.249786132812500000e+03
8.248804687500000000e+03
8.247639648437500000e+03
8.245013671875000000e+03
8.242191406250000000e+03
8.239381835937500000e+03
8.239745117187500000e+03
8.235602539062500000e+03
8.234628906250000000e+03
8.231762695312500000e+03
8.233144531250000000e+03
8.231234375000000000e+03
8.226854492187500000e+03
8.223939453125000000e+03
8.221577148437500000e+03
8.219062500000000000e+03
8.218025390625000000e+03
8.224053710937500000e+03
8.224705078125000000e+03
8.224951171875000000e+03
8.227669921875000000e+03
8.227034179687500000e+03
8.229590820312500000e+03
8.231070312500000000e+03
8.233075195312500000e+03
8.235471679687500000e+03
8.238963867187500000e+03
8.238690429687500000e+03
8.240995117187500000e+03
8.242541992187500000e+03
8.244308593750000000e+03
8.242407226562500000e+03
8.243331054687500000e+03
8.244074218750000000e+03
8.245980468750000000e+03
8.247839843750000000e+03
8.247616210937500000e+03
8.245813476562500000e+03
8.246671875000000000e+03
8.248835937500000000e+03
8.248680664062500000e+03
8.244277343750000000e+03
8.242095703125000000e+03
8.233586914062500000e+03
8.228314453125000000e+03
8.226941406250000000e+03
8.227599609375000000e+03
8.232369140625000000e+03
8.234582031250000000e+03
8.235359375000000000e+03
8.233482421875000000e+03
8.233172851562500000e+03
8.237098632812500000e+03
8.236042968750000000e+03
8.235921875000000000e+03
8.238499023437500000e+03
8.239954101562500000e+03
8.241799804687500000e+03
8.239622070312500000e+03
8.239078125000000000e+03
8.239163085937500000e+03
8.239900390625000000e+03
8.240999023437500000e+03
8.242469726562500000e+03
8.243687500000000000e+03
8.245107421875000000e+03
8.244046875000000000e+03
8.244180664062500000e+03
8.243570312500000000e+03
8.245175781250000000e+03
8.242351562500000000e+03
8.237039062500000000e+03
