7.629789062500000000e+03
7.633852539062500000e+03
7.633819335937500000e+03
7.628291015625000000e+03
7.618710937500000000e+03
7.610175292968750000e+03
7.599751464843750000e+03
7.588667968750000000e+03
7.576606445312500000e+03
7.568792480468750000e+03
7.564174316406250000e+03
7.561772460937500000e+03
7.558888183593750000e+03
7.561063476562500000e+03
7.560737792968750000e+03
7.558854980468750000e+03
7.559252441406250000e+03
7.560234375000000000e+03
7.560457031250000000e+03
7.558095214843750000e+03
7.561373535156250000e+03
7.558808593750000000e+03
7.560623535156250000e+03
7.568284179687500000e+03
7.575778320312500000e+03
7.585561035156250000e+03
7.596696289062500000e+03
7.631466308593750000e+03
7.636366210937500000e+03
7.642816406250000000e+03
7.648259277343750000e+03
7.647525390625000000e+03
7.648307128906250000e+03
7.659182617187500000e+03
7.634272949218750000e+03
7.631544433593750000e+03
7.613835449218750000e+03
7.608756347656250000e+03
7.603205566406250000e+03
7.598895507812500000e+03
7.594168457031250000e+03
7.588612304687500000e+03
7.586337890625000000e+03
7.580222656250000000e+03
7.584114746093750000e+03
7.573707519531250000e+03
7.572296386718750000e+03
7.574716796875000000e+03
7.579907226562500000e+03
7.582071289062500000e+03
7.588952636718750000e+03
7.587714843750000000e+03
7.588778808593750000e+03
7.596458007812500000e+03
7.586105957031250000e+03
7.578136230468750000e+03
7.579972167968750000e+03
7.581362304687500000e+03
7.579986816406250000e+03
7.582240722656250000e+03
7.582057617187500000e+03
7.583025390625000000e+03
7.589254882812500000e+03
7.584148925781250000e+03
7.579419921875000000e+03
7.578572753906250000e+03
7.582536132812500000e+03
7.587020996093750000e+03
7.642656250000000000e+03
7.627578613281250000e+03
7.638418457031250000e+03
7.645916503906250000e+03
7.644840820312500000e+03
7.625717773437500000e+03
7.618682617187500000e+03
7.610247070312500000e+03
7.601548828125000000e+03
7.606677734375000000e+03
7.602411621093750000e+03
7.597698730468750000e+03
7.594627929687500000e+03
7.616772460937500000e+03
7.607225585937500000e+03
7.606814941406250000e+03
7.603072753906250000e+03
7.605661132812500000e+03
7.626235839843750000e+03
7.639230957031250000e+03
7.640773925781250000e+03
7.630776855468750000e+03
7.633811035156250000e+03
7.635265136718750000e+03
7.631596191406250000e+03
7.626281250000000000e+03
7.623252929687500000e+03
7.627181152343750000e+03
7.612940917968750000e+03
7.604916503906250000e+03
7.607903808593750000e+03
7.623489257812500000e+03
7.624450683593750000e+03
7.622519042968750000e+03
7.616952636718750000e+03
7.612929687500000000e+03
7.612482910156250000e+03
7.607887207031250000e+03
7.604551757812500000e+03
7.605470214843750000e+03
7.594031738281250000e+03
7.583312500000000000e+03
7.583225097656250000e+03
7.584289062500000000e+03
7.583179687500000000e+03
7.580541015625000000e+03
7.597292480468750000e+03
7.606923828125000000e+03
7.610235839843750000e+03
7.634817382812500000e+03
7.638832031250000000e+03
7.655259765625000000e+03
7.648458496093750000e+03
7.648941894531250000e+03
7.643056640625000000e+03
7.628312988281250000e+03
7.618890136718750000e+03
7.621096679687500000e+03
7.610849609375000000e+03
7.613545410156250000e+03
7.622374511718750000e+03
7.620827636718750000e+03
7.626471679687500000e+03
7.637855468750000000e+03
7.630753417968750000e+03
7.620776367187500000e+03
7.624161132812500000e+03
7.658685546875000000e+03
7.666197753906250000e+03
7.656311523437500000e+03
7.644800781250000000e+03
7.648047363281250000e+03
7.657196777343750000e+03
7.661857910156250000e+03
7.670073730468750000e+03
7.664221191406250000e+03
7.699647460937500000e+03
7.697018066406250000e+03
7.686752929687500000e+03
7.684061523437500000e+03
7.680260742187500000e+03
7.673650878906250000e+03
7.676976074218750000e+03
7.674921386718750000e+03
7.676600097656250000e+03
7.672067382812500000e+03
7.686084472656250000e+03
7.688626464843750000e+03
7.683977539062500000e+03
7.676742187500000000e+03
7.674716308593750000e+03
7.672771484375000000e+03
7.677961914062500000e+03
7.680543945312500000e+03
7.678806640625000000e+03
7.684570800781250000e+03
7.691722656250000000e+03
7.690037597656250000e+03
7.687595214843750000e+03
7.678797851562500000e+03
7.679304687500000000e+03
7.679600585937500000e+03
7.689850585937500000e+03
7.657175781250000000e+03
7.655878417968750000e+03
7.666272949218750000e+03
7.669802246093750000e+03
7.668799316406250000e+03
7.667399414062500000e+03
7.678242187500000000e+03
7.693505371093750000e+03
7.692338867187500000e+03
7.720341308593750000e+03
7.709555664062500000e+03
7.716467773437500000e+03
7.724392578125000000e+03
7.721315429687500000e+03
7.713301269531250000e+03
7.716235351562500000e+03
7.721992187500000000e+03
7.707815429687500000e+03
7.730661132812500000e+03
7.735608886718750000e+03
7.738226074218750000e+03
7.748328613281250000e+03
7.754020996093750000e+03
7.761569335937500000e+03
7.763756347656250000e+03
7.759900878906250000e+03
7.761174316406250000e+03
7.764328125000000000e+03
7.752698242187500000e+03
7.754382324218750000e+03
7.758194335937500000e+03
7.759744628906250000e+03
7.754300781250000000e+03
7.750243164062500000e+03
7.744126953125000000e+03
7.740106933593750000e+03
7.719526855468750000e+03
7.724691406250000000e+03
7.730340332031250000e+03
7.730545410156250000e+03
7.731282714843750000e+03
7.725279296875000000e+03
7.748494628906250000e+03
7.744293945312500000e+03
7.744059082031250000e+03
7.746963867187500000e+03
7.752231445312500000e+03
7.755662597656250000e+03
7.756746582031250000e+03
7.752826171875000000e+03
7.761753906250000000e+03
7.758160156250000000e+03
7.753509765625000000e+03
7.753715820312500000e+03
7.738808593750000000e+03
7.737092773437500000e+03
7.730068359375000000e+03
7.729441894531250000e+03
7.727474609375000000e+03
7.723608886718750000e+03
7.739245117187500000e+03
7.726508789062500000e+03
7.723369140625000000e+03
7.724785156250000000e+03
7.712780761718750000e+03
7.702339355468750000e+03
7.710852539062500000e+03
7.707866210937500000e+03
7.715326660156250000e+03
7.719251464843750000e+03
7.720561523437500000e+03
7.704326660156250000e+03
7.687571777343750000e+03
7.686173339843750000e+03
7.684600585937500000e+03
7.689847656250000000e+03
7.685048828125000000e+03
7.694893554687500000e+03
7.688078613281250000e+03
7.690045410156250000e+03
7.685297851562500000e+03
7.681780273437500000e+03
7.684524414062500000e+03
7.688723144531250000e+03
7.676811035156250000e+03
7.681964355468750000e+03
7.674322753906250000e+03
7.687606445312500000e+03
7.680864746093750000e+03
7.681714355468750000e+03
7.666994140625000000e+03
7.675357421875000000e+03
7.679271484375000000e+03
7.676162597656250000e+03
7.668466308593750000e+03
7.659995117187500000e+03
7.664606445312500000e+03
7.660493652343750000e+03
7.663757812500000000e+03
7.663243164062500000e+03
7.668238281250000000e+03
7.675327636718750000e+03
7.682817382812500000e+03
7.684689453125000000e+03
7.717704101562500000e+03
7.737804199218750000e+03
7.701386718750000000e+03
7.695170410156250000e+03
7.680941406250000000e+03
7.676377441406250000e+03
7.684917480468750000e+03
7.686265625000000000e+03
7.680054199218750000e+03
7.699358886718750000e+03
7.700835449218750000e+03
7.690721679687500000e+03
7.698642089843750000e+03
7.672144531250000000e+03
7.657310058593750000e+03
7.672422851562500000e+03
7.671698242187500000e+03
7.673292480468750000e+03
7.661225097656250000e+03
7.649195312500000000e+03
7.666826171875000000e+03
7.655674804687500000e+03
7.631901367187500000e+03
7.624609863281250000e+03
7.602532714843750000e+03
7.588492187500000000e+03
7.595714843750000000e+03
7.588615234375000000e+03
7.589830078125000000e+03
7.591626464843750000e+03
7.598571777343750000e+03
7.616248535156250000e+03
7.621250488281250000e+03
7.623614257812500000e+03
7.622990234375000000e+03
7.622202636718750000e+03
7.621493164062500000e+03
7.625386718750000000e+03
7.621118652343750000e+03
7.615800292968750000e+03
7.602465332031250000e+03
7.606422851562500000e+03
7.607222656250000000e+03
7.608712890625000000e+03
7.610813476562500000e+03
7.613704101562500000e+03
7.614997070312500000e+03
7.628573242187500000e+03
7.623580078125000000e+03
7.635173339843750000e+03
7.642636718750000000e+03
7.645741210937500000e+03
7.663665039062500000e+03
7.666415039062500000e+03
7.661773437500000000e+03
7.673009765625000000e+03
7.698529296875000000e+03
7.698759765625000000e+03
7.727135742187500000e+03
7.719477539062500000e+03
7.716921875000000000e+03
7.719473144531250000e+03
7.717037109375000000e+03
7.706802246093750000e+03
7.693294921875000000e+03
7.675979003906250000e+03
7.670262695312500000e+03
7.682261230468750000e+03
7.686560546875000000e+03
7.689833496093750000e+03
7.683958496093750000e+03
7.680963867187500000e+03
7.724329101562500000e+03
7.727200195312500000e+03
7.723902832031250000e+03
7.729482910156250000e+03
7.726863281250000000e+03
7.720989257812500000e+03
7.711339355468750000e+03
7.699907714843750000e+03
7.695468261718750000e+03
7.668802246093750000e+03
7.678443359375000000e+03
7.688577148437500000e+03
7.689082519531250000e+03
7.686832031250000000e+03
7.698517578125000000e+03
7.702189453125000000e+03
7.707242187500000000e+03
7.709051757812500000e+03
7.693556152343750000e+03
7.691400390625000000e+03
7.691836914062500000e+03
7.680483886718750000e+03
7.678304199218750000e+03
7.779852050781250000e+03
7.789649902343750000e+03
7.779637695312500000e+03
7.747874511718750000e+03
7.732717773437500000e+03
7.742364746093750000e+03
7.741566894531250000e+03
7.756339843750000000e+03
7.737372558593750000e+03
7.756729003906250000e+03
7.757479003906250000e+03
7.771879394531250000e+03
7.772442871093750000e+03
7.759033203125000000e+03
7.768387207031250000e+03
7.754586425781250000e+03
7.755036621093750000e+03
7.756607421875000000e+03
7.776965332031250000e+03
7.781758789062500000e+03
7.786305175781250000e+03
7.785145507812500000e+03
7.791356933593750000e+03
7.793889648437500000e+03
7.805714355468750000e+03
7.803431152343750000e+03
7.803580566406250000e+03
7.810392089843750000e+03
7.810049804687500000e+03
7.809683593750000000e+03
7.812481933593750000e+03
7.816469726562500000e+03
7.838407714843750000e+03
7.830011230468750000e+03
7.839632812500000000e+03
7.845937988281250000e+03
7.856445800781250000e+03
7.845841796875000000e+03
7.845281738281250000e+03
7.841937011718750000e+03
7.845666992187500000e+03
7.850960937500000000e+03
7.855932617187500000e+03
7.862543457031250000e+03
7.864871582031250000e+03
7.851067382812500000e+03
7.852331542968750000e+03
7.854538085937500000e+03
7.856975097656250000e+03
7.853610839843750000e+03
7.849315917968750000e+03
7.845544921875000000e+03
7.848926269531250000e+03
7.844257812500000000e+03
7.868084472656250000e+03
7.881661621093750000e+03
7.875100097656250000e+03
7.880325683593750000e+03
7.880838378906250000e+03
7.892148925781250000e+03
7.886357910156250000e+03
7.872980957031250000e+03
7.870300292968750000e+03
7.895912597656250000e+03
7.903146484375000000e+03
7.900918945312500000e+03
7.907049804687500000e+03
7.908116699218750000e+03
7.911231445312500000e+03
7.899206542968750000e+03
7.918213867187500000e+03
7.925201660156250000e+03
7.942791992187500000e+03
7.944720703125000000e+03
7.940025878906250000e+03
7.943423339843750000e+03
7.935150390625000000e+03
7.943186035156250000e+03
7.952934570312500000e+03
7.957641601562500000e+03
7.958498535156250000e+03
7.960441894531250000e+03
7.959725585937500000e+03
7.961550781250000000e+03
7.963705566406250000e+03
7.963304687500000000e+03
7.963578613281250000e+03
7.964517089843750000e+03
7.967336425781250000e+03
7.967905761718750000e+03
7.962898437500000000e+03
7.960774414062500000e+03
7.958891113281250000e+03
7.954871093750000000e+03
7.957051269531250000e+03
7.958959472656250000e+03
7.963052246093750000e+03
7.957655761718750000e+03
7.958100097656250000e+03
7.962331054687500000e+03
7.965972167968750000e+03
7.966715332031250000e+03
7.962365722656250000e+03
7.963192871093750000e+03
7.962140625000000000e+03
7.960250488281250000e+03
7.954149902343750000e+03
7.951009765625000000e+03
7.925494140625000000e+03
7.918910156250000000e+03
7.911990234375000000e+03
7.898391601562500000e+03
7.885006347656250000e+03
7.892447265625000000e+03
7.898144531250000000e+03
7.899718261718750000e+03
7.891169433593750000e+03
7.906422363281250000e+03
7.902336425781250000e+03
7.900192382812500000e+03
7.889257812500000000e+03
7.896335937500000000e+03
7.891683593750000000e+03
7.893105957031250000e+03
7.897834472656250000e+03
7.901625000000000000e+03
7.912526855468750000e+03
7.909766113281250000e+03
7.913437988281250000e+03
7.915458984375000000e+03
7.918961914062500000e+03
7.917859375000000000e+03
7.914546386718750000e+03
7.915614746093750000e+03
7.917766601562500000e+03
7.894287109375000000e+03
7.890573242187500000e+03
7.898638671875000000e+03
7.898513183593750000e+03
7.901063476562500000e+03
7.892981933593750000e+03
7.889053222656250000e+03
7.900432128906250000e+03
7.899579101562500000e+03
7.901107910156250000e+03
7.888518554687500000e+03
7.885813476562500000e+03
7.891285644531250000e+03
7.881978027343750000e+03
7.867090332031250000e+03
7.866463867187500000e+03
7.873163574218750000e+03
7.881000000000000000e+03
7.897259765625000000e+03
7.891989257812500000e+03
7.894246093750000000e+03
7.888190429687500000e+03
7.896007812500000000e+03
7.904240234375000000e+03
7.893965332031250000e+03
7.891743652343750000e+03
7.895285644531250000e+03
7.898396484375000000e+03
7.902908203125000000e+03
7.902034179687500000e+03
7.903313964843750000e+03
7.896344726562500000e+03
7.892367187500000000e+03
7.894966796875000000e+03
7.887812988281250000e+03
7.893805664062500000e+03
7.888626464843750000e+03
7.893043457031250000e+03
7.894814941406250000e+03
7.897719238281250000e+03
7.902290527343750000e+03
7.899158691406250000e+03
7.903598632812500000e+03
7.908511230468750000e+03
7.912803710937500000e+03
7.885614746093750000e+03
7.877562988281250000e+03
7.867290527343750000e+03
7.865287109375000000e+03
7.875852050781250000e+03
7.886541015625000000e+03
7.888205566406250000e+03
7.902572265625000000e+03
7.903435546875000000e+03
7.909214355468750000e+03
7.904293945312500000e+03
7.902080078125000000e+03
7.908468750000000000e+03
7.912072753906250000e+03
7.910252441406250000e+03
7.907769531250000000e+03
7.889471679687500000e+03
7.894742675781250000e+03
7.920800781250000000e+03
7.921518066406250000e+03
7.927214355468750000e+03
7.925934082031250000e+03
7.926838378906250000e+03
7.940684082031250000e+03
7.928131347656250000e+03
7.924561035156250000e+03
7.935883300781250000e+03
7.941270996093750000e+03
7.947413574218750000e+03
7.946948242187500000e+03
7.948917968750000000e+03
7.958731445312500000e+03
7.960980957031250000e+03
7.973092773437500000e+03
7.980656250000000000e+03
7.985472656250000000e+03
7.966858886718750000e+03
7.950524902343750000e+03
7.951125976562500000e+03
7.953399902343750000e+03
7.964047851562500000e+03
7.962236816406250000e+03
7.960562011718750000e+03
7.956216308593750000e+03
7.955175292968750000e+03
7.972321777343750000e+03
7.971742187500000000e+03
7.976064941406250000e+03
7.974523925781250000e+03
7.975945800781250000e+03
7.971170410156250000e+03
7.967553710937500000e+03
7.963358398437500000e+03
7.971751953125000000e+03
7.994910644531250000e+03
8.002479980468750000e+03
8.007251953125000000e+03
8.003704589843750000e+03
8.002594238281250000e+03
7.999816894531250000e+03
7.997382812500000000e+03
7.993589843750000000e+03
7.993936523437500000e+03
8.016419433593750000e+03
8.024517578125000000e+03
8.024268554687500000e+03
8.024530761718750000e+03
8.023749023437500000e+03
8.021702636718750000e+03
8.014258789062500000e+03
8.013312500000000000e+03
8.015043457031250000e+03
8.011058105468750000e+03
8.003390625000000000e+03
7.998544433593750000e+03
7.987954101562500000e+03
7.984592285156250000e+03
7.987120117187500000e+03
7.982926757812500000e+03
7.982837890625000000e+03
7.985079101562500000e+03
7.993152343750000000e+03
7.995211914062500000e+03
7.994360351562500000e+03
7.996050781250000000e+03
7.999424316406250000e+03
8.000083984375000000e+03
8.004836914062500000e+03
8.012910644531250000e+03
8.017871093750000000e+03
8.033968750000000000e+03
8.037392578125000000e+03
8.038417480468750000e+03
8.039465820312500000e+03
8.038640625000000000e+03
8.038150390625000000e+03
8.044070800781250000e+03
8.043766113281250000e+03
8.048877929687500000e+03
8.048526367187500000e+03
8.049711914062500000e+03
8.047746093750000000e+03
8.049020019531250000e+03
8.048897949218750000e+03
8.049636718750000000e+03
8.054951660156250000e+03
8.056069824218750000e+03
8.057169921875000000e+03
8.062456054687500000e+03
8.063111816406250000e+03
8.062029296875000000e+03
8.063137695312500000e+03
8.065414062500000000e+03
8.064942382812500000e+03
8.065376953125000000e+03
8.072986816406250000e+03
8.080458496093750000e+03
8.075583007812500000e+03
8.075016113281250000e+03
8.073947265625000000e+03
8.071109375000000000e+03
8.072375976562500000e+03
8.069008300781250000e+03
8.069417968750000000e+03
8.072541015625000000e+03
8.070682617187500000e+03
8.072454101562500000e+03
8.070281738281250000e+03
8.071424804687500000e+03
8.071344238281250000e+03
8.071631835937500000e+03
8.075573242187500000e+03
8.077194824218750000e+03
8.077703613281250000e+03
8.079109863281250000e+03
8.065411621093750000e+03
8.071467773437500000e+03
8.072728515625000000e+03
8.074370605468750000e+03
8.074752929687500000e+03
8.075586425781250000e+03
8.073688964843750000e+03
8.069808105468750000e+03
8.064038574218750000e+03
8.035538574218750000e+03
8.032902343750000000e+03
8.023752441406250000e+03
8.022693359375000000e+03
8.030703125000000000e+03
8.036254882812500000e+03
8.031632812500000000e+03
8.028524902343750000e+03
8.020727050781250000e+03
8.007196289062500000e+03
7.997953613281250000e+03
7.997528808593750000e+03
8.006058105468750000e+03
8.010724609375000000e+03
8.014642578125000000e+03
8.018972656250000000e+03
8.013686035156250000e+03
8.009004394531250000e+03
8.012395019531250000e+03
8.014364257812500000e+03
8.018230957031250000e+03
8.016258300781250000e+03
8.016058105468750000e+03
8.008476562500000000e+03
7.998718750000000000e+03
7.993838867187500000e+03
7.997594238281250000e+03
8.018844238281250000e+03
8.024679687500000000e+03
8.025204589843750000e+03
8.022794433593750000e+03
8.017760253906250000e+03
8.017831054687500000e+03
8.014357910156250000e+03
8.017726074218750000e+03
8.022938476562500000e+03
8.016198242187500000e+03
8.010979003906250000e+03
8.013518066406250000e+03
8.008272460937500000e+03
8.008701660156250000e+03
8.007117187500000000e+03
7.989268554687500000e+03
7.992518066406250000e+03
7.991221679687500000e+03
8.002581542968750000e+03
8.004235351562500000e+03
8.013261230468750000e+03
8.018518554687500000e+03
8.018443359375000000e+03
8.011452636718750000e+03
8.015311523437500000e+03
8.017435058593750000e+03
8.010549804687500000e+03
8.010802246093750000e+03
8.005226074218750000e+03
8.007724121093750000e+03
8.011043457031250000e+03
8.012992187500000000e+03
8.012064941406250000e+03
8.020228027343750000e+03
8.023340332031250000e+03
8.022486816406250000e+03
8.029580078125000000e+03
8.027598632812500000e+03
8.028310058593750000e+03
8.027645996093750000e+03
8.025721679687500000e+03
8.020702148437500000e+03
8.029787597656250000e+03
8.031679687500000000e+03
8.038091796875000000e+03
8.035834472656250000e+03
8.025780273437500000e+03
8.024096191406250000e+03
8.015128906250000000e+03
8.009596679687500000e+03
8.014902343750000000e+03
8.018979980468750000e+03
8.019893066406250000e+03
8.020239746093750000e+03
8.022335937500000000e+03
8.020598632812500000e+03
8.022054199218750000e+03
8.023248046875000000e+03
8.025989746093750000e+03
8.030115234375000000e+03
8.024013671875000000e+03
8.018690917968750000e+03
8.017650390625000000e+03
8.009700683593750000e+03
8.009540039062500000e+03
8.016067382812500000e+03
8.017933593750000000e+03
8.016609863281250000e+03
8.020607910156250000e+03
8.023211914062500000e+03
8.017777343750000000e+03
8.016414550781250000e+03
7.996870605468750000e+03
7.984113281250000000e+03
7.989876464843750000e+03
7.994078125000000000e+03
7.992589355468750000e+03
7.999893066406250000e+03
8.002661621093750000e+03
7.996212890625000000e+03
7.989473632812500000e+03
7.906213867187500000e+03
7.886865722656250000e+03
7.887374023437500000e+03
7.900990722656250000e+03
7.900558593750000000e+03
7.912260742187500000e+03
7.891914062500000000e+03
7.884759277343750000e+03
7.881297363281250000e+03
7.815975097656250000e+03
7.761392578125000000e+03
7.792209472656250000e+03
7.775536621093750000e+03
7.757083007812500000e+03
7.784823730468750000e+03
7.770595703125000000e+03
7.761157714843750000e+03
7.747381347656250000e+03
7.730036132812500000e+03
7.712687500000000000e+03
7.726280761718750000e+03
7.743650878906250000e+03
7.764582031250000000e+03
7.784600097656250000e+03
7.782790527343750000e+03
7.800449707031250000e+03
7.794864746093750000e+03
7.765132324218750000e+03
7.719310546875000000e+03
7.671116699218750000e+03
7.658947753906250000e+03
7.640240722656250000e+03
7.636510742187500000e+03
7.637583007812500000e+03
7.628229003906250000e+03
7.609980957031250000e+03
7.650848632812500000e+03
7.642116210937500000e+03
7.654012695312500000e+03
7.645986816406250000e+03
7.625354980468750000e+03
7.626825683593750000e+03
7.646783691406250000e+03
7.654732910156250000e+03
7.641309570312500000e+03
7.703353515625000000e+03
7.688739746093750000e+03
7.673955566406250000e+03
7.651103027343750000e+03
7.618267089843750000e+03
7.603357910156250000e+03
7.593599121093750000e+03
7.588748046875000000e+03
7.587527832031250000e+03
7.574887207031250000e+03
7.591767578125000000e+03
7.616817382812500000e+03
7.623991210937500000e+03
7.631074218750000000e+03
7.634163085937500000e+03
7.646778808593750000e+03
7.658224609375000000e+03
7.652284667968750000e+03
7.727627441406250000e+03
7.714179687500000000e+03
7.716520019531250000e+03
7.716154785156250000e+03
7.728803222656250000e+03
7.737688476562500000e+03
7.720960937500000000e+03
7.721856445312500000e+03
7.720031738281250000e+03
7.714513671875000000e+03
7.712474121093750000e+03
7.724972656250000000e+03
7.728180664062500000e+03
7.734868164062500000e+03
7.743208007812500000e+03
7.759099121093750000e+03
7.748447753906250000e+03
7.747497070312500000e+03
7.720711914062500000e+03
7.699026367187500000e+03
7.688288085937500000e+03
7.700154785156250000e+03
7.710681152343750000e+03
7.702504394531250000e+03
7.716123535156250000e+03
7.717022460937500000e+03
7.706100097656250000e+03
7.655628417968750000e+03
7.614759277343750000e+03
7.598460449218750000e+03
7.601173828125000000e+03
7.628222656250000000e+03
7.631791503906250000e+03
7.627541992187500000e+03
7.643998046875000000e+03
7.648000000000000000e+03
7.679849609375000000e+03
7.669887207031250000e+03
7.675197753906250000e+03
7.687141113281250000e+03
7.682751464843750000e+03
7.694849121093750000e+03
7.687648437500000000e+03
7.682875976562500000e+03
7.681944335937500000e+03
7.704530761718750000e+03
7.697238769531250000e+03
7.686046875000000000e+03
7.682381835937500000e+03
7.680694335937500000e+03
7.677621093750000000e+03
7.684181640625000000e+03
7.688294921875000000e+03
7.688970703125000000e+03
7.711450195312500000e+03
7.724247070312500000e+03
7.727222167968750000e+03
7.730823730468750000e+03
7.732367675781250000e+03
7.736282226562500000e+03
7.742661621093750000e+03
7.736013671875000000e+03
7.736842285156250000e+03
7.771497558593750000e+03
7.779965820312500000e+03
7.781935546875000000e+03
7.797222656250000000e+03
7.795368164062500000e+03
7.783723144531250000e+03
7.785851562500000000e+03
7.781333496093750000e+03
7.786539550781250000e+03
7.792321289062500000e+03
7.795012695312500000e+03
7.797299316406250000e+03
7.800388183593750000e+03
7.800790527343750000e+03
7.802770507812500000e+03
7.797569335937500000e+03
7.805533203125000000e+03
7.801082519531250000e+03
7.835172851562500000e+03
7.837997070312500000e+03
7.834474609375000000e+03
7.841841308593750000e+03
7.832577636718750000e+03
7.825055664062500000e+03
7.838458007812500000e+03
7.828803222656250000e+03
7.824441406250000000e+03
7.839468750000000000e+03
7.831029785156250000e+03
7.832589355468750000e+03
7.831804687500000000e+03
7.829831542968750000e+03
7.836213378906250000e+03
7.826689941406250000e+03
7.811954101562500000e+03
7.803087402343750000e+03
7.812986816406250000e+03
7.812176269531250000e+03
7.816248535156250000e+03
7.824578613281250000e+03
7.820394531250000000e+03
7.820708007812500000e+03
7.827767578125000000e+03
7.811468750000000000e+03
7.811992187500000000e+03
7.849956054687500000e+03
7.849181640625000000e+03
7.852608398437500000e+03
7.862096191406250000e+03
7.863105468750000000e+03
7.870835449218750000e+03
7.867975585937500000e+03
7.873963867187500000e+03
7.875849121093750000e+03
7.900795898437500000e+03
7.902865722656250000e+03
7.901413574218750000e+03
7.893390625000000000e+03
7.893097167968750000e+03
7.895479980468750000e+03
7.905381835937500000e+03
7.907983398437500000e+03
7.911743652343750000e+03
7.931645996093750000e+03
7.939824218750000000e+03
7.945627929687500000e+03
7.940783691406250000e+03
7.943322265625000000e+03
7.947746093750000000e+03
7.946897460937500000e+03
7.937585937500000000e+03
7.940746093750000000e+03
7.945180664062500000e+03
7.941217285156250000e+03
7.943237304687500000e+03
7.946261718750000000e+03
7.946784667968750000e+03
7.955390625000000000e+03
7.947994140625000000e+03
7.950878906250000000e+03
7.954723144531250000e+03
7.962432617187500000e+03
7.965097167968750000e+03
7.969375000000000000e+03
7.973759765625000000e+03
7.981412109375000000e+03
7.982153808593750000e+03
7.986406738281250000e+03
7.980505859375000000e+03
7.977876953125000000e+03
7.991773437500000000e+03
7.997752929687500000e+03
7.998070312500000000e+03
7.997180175781250000e+03
7.993091796875000000e+03
7.988379882812500000e+03
7.988259765625000000e+03
7.987558105468750000e+03
7.989457519531250000e+03
7.998849121093750000e+03
7.997532714843750000e+03
7.996716308593750000e+03
7.996075195312500000e+03
7.989755859375000000e+03
7.993158203125000000e+03
7.997549316406250000e+03
7.999742187500000000e+03
8.002392089843750000e+03
7.994290527343750000e+03
7.990193359375000000e+03
7.987477050781250000e+03
7.988052246093750000e+03
7.993813964843750000e+03
7.994474609375000000e+03
7.996076171875000000e+03
7.997753906250000000e+03
7.996589843750000000e+03
7.988669433593750000e+03
7.986986816406250000e+03
7.986382812500000000e+03
7.990621582031250000e+03
7.988390625000000000e+03
7.990162597656250000e+03
7.989754882812500000e+03
7.996243652343750000e+03
7.995665527343750000e+03
7.996903320312500000e+03
8.005468261718750000e+03
8.006606933593750000e+03
8.002827148437500000e+03
8.002140136718750000e+03
8.004367187500000000e+03
8.000623535156250000e+03
8.002017089843750000e+03
8.003715332031250000e+03
8.003968750000000000e+03
8.003710449218750000e+03
8.006824707031250000e+03
8.006115234375000000e+03
8.006456054687500000e+03
8.002745605468750000e+03
8.007123535156250000e+03
8.007128906250000000e+03
8.006672851562500000e+03
7.993224609375000000e+03
7.995880859375000000e+03
7.994203125000000000e+03
7.992786621093750000e+03
7.996897949218750000e+03
7.999100097656250000e+03
7.992900878906250000e+03
7.991770996093750000e+03
7.993343750000000000e+03
7.974056152343750000e+03
7.976452148437500000e+03
7.975606933593750000e+03
7.976712402343750000e+03
7.977051757812500000e+03
7.978559082031250000e+03
7.968763183593750000e+03
7.963364257812500000e+03
7.965689941406250000e+03
7.966180175781250000e+03
7.966124023437500000e+03
7.966541992187500000e+03
7.964787597656250000e+03
7.963161132812500000e+03
7.964605468750000000e+03
7.961633300781250000e+03
7.951260253906250000e+03
7.950319824218750000e+03
7.946997558593750000e+03
7.931500000000000000e+03
7.941055175781250000e+03
7.937398925781250000e+03
7.944737792968750000e+03
7.951481445312500000e+03
7.955343750000000000e+03
7.957595214843750000e+03
7.963754394531250000e+03
7.970548339843750000e+03
7.967633789062500000e+03
7.968870117187500000e+03
7.968977539062500000e+03
7.969483398437500000e+03
7.966795898437500000e+03
7.954579101562500000e+03
7.929547851562500000e+03
7.919904785156250000e+03
7.937381347656250000e+03
7.930370605468750000e+03
7.928385742187500000e+03
7.924159179687500000e+03
7.924531250000000000e+03
7.921801757812500000e+03
7.920484375000000000e+03
7.920123046875000000e+03
7.919020996093750000e+03
7.903658203125000000e+03
7.890161132812500000e+03
7.881423828125000000e+03
7.870028808593750000e+03
7.871594238281250000e+03
7.874781738281250000e+03
7.878486328125000000e+03
7.857270996093750000e+03
7.858862304687500000e+03
7.879823242187500000e+03
7.879701660156250000e+03
7.871170898437500000e+03
7.874227050781250000e+03
7.880092773437500000e+03
7.882049804687500000e+03
7.892134277343750000e+03
7.901094726562500000e+03
7.906350585937500000e+03
7.900246093750000000e+03
7.894017578125000000e+03
7.888049316406250000e+03
7.883696777343750000e+03
7.882070312500000000e+03
7.878988281250000000e+03
7.894659179687500000e+03
7.895757324218750000e+03
7.890953613281250000e+03
7.889852050781250000e+03
7.888104003906250000e+03
7.885085937500000000e+03
7.887078125000000000e+03
7.889024902343750000e+03
7.898456054687500000e+03
7.883395996093750000e+03
7.875686035156250000e+03
7.879594238281250000e+03
7.905160644531250000e+03
7.893858398437500000e+03
7.883371582031250000e+03
7.882723144531250000e+03
7.865098632812500000e+03
7.851720214843750000e+03
7.843269531250000000e+03
7.861289550781250000e+03
7.871805175781250000e+03
7.888987792968750000e+03
7.897290527343750000e+03
7.896463378906250000e+03
7.887833007812500000e+03
7.879577636718750000e+03
7.881341308593750000e+03
7.891474121093750000e+03
7.888511230468750000e+03
7.887956054687500000e+03
7.905722656250000000e+03
7.902333007812500000e+03
7.909212402343750000e+03
7.914169433593750000e+03
7.913712402343750000e+03
7.905672851562500000e+03
7.901517089843750000e+03
7.902058105468750000e+03
7.905332031250000000e+03
7.917086914062500000e+03
7.917163085937500000e+03
7.911803710937500000e+03
7.914110839843750000e+03
7.907543457031250000e+03
7.906342773437500000e+03
7.889566406250000000e+03
7.886119628906250000e+03
7.891405761718750000e+03
7.879308105468750000e+03
7.892538085937500000e+03
7.892016601562500000e+03
7.886980957031250000e+03
7.882736328125000000e+03
7.883991210937500000e+03
7.875053222656250000e+03
7.864565917968750000e+03
7.865525878906250000e+03
7.894002441406250000e+03
7.900687500000000000e+03
7.900317382812500000e+03
7.900150878906250000e+03
7.894097167968750000e+03
7.890043457031250000e+03
7.877377929687500000e+03
7.880737304687500000e+03
7.883905761718750000e+03
7.897999511718750000e+03
7.903936523437500000e+03
7.904947753906250000e+03
7.902481445312500000e+03
7.904098632812500000e+03
7.903337402343750000e+03
7.909184570312500000e+03
7.910171386718750000e+03
7.902530273437500000e+03
7.907323730468750000e+03
7.907764648437500000e+03
7.905093750000000000e+03
7.895595703125000000e+03
7.895536621093750000e+03
7.890641601562500000e+03
7.899019042968750000e+03
7.900192382812500000e+03
7.904222656250000000e+03
7.899641601562500000e+03
7.903430664062500000e+03
7.909053710937500000e+03
7.915487792968750000e+03
7.915058593750000000e+03
7.919168457031250000e+03
7.902446289062500000e+03
7.896825683593750000e+03
7.896403808593750000e+03
7.832261718750000000e+03
7.820741210937500000e+03
7.811598144531250000e+03
7.801005859375000000e+03
7.799447753906250000e+03
7.798500976562500000e+03
7.782293457031250000e+03
7.795825683593750000e+03
7.789902343750000000e+03
7.766297851562500000e+03
7.780788085937500000e+03
7.785519531250000000e+03
7.780387695312500000e+03
7.777402832031250000e+03
7.781495117187500000e+03
7.757022460937500000e+03
7.767077148437500000e+03
7.759393554687500000e+03
7.763802734375000000e+03
7.754397460937500000e+03
7.743991699218750000e+03
7.763616210937500000e+03
7.766443847656250000e+03
7.769377929687500000e+03
7.785842285156250000e+03
7.802394042968750000e+03
7.795824707031250000e+03
7.787032226562500000e+03
7.781886718750000000e+03
7.771716308593750000e+03
7.761602539062500000e+03
7.761979003906250000e+03
7.757988281250000000e+03
7.744056152343750000e+03
7.730915527343750000e+03
7.717498535156250000e+03
7.694917968750000000e+03
7.705668945312500000e+03
7.705420410156250000e+03
7.706660644531250000e+03
7.708052734375000000e+03
7.703902343750000000e+03
7.692666015625000000e+03
7.671658691406250000e+03
7.664709472656250000e+03
7.688795410156250000e+03
7.693706542968750000e+03
7.686231933593750000e+03
7.681038085937500000e+03
7.679964843750000000e+03
7.676343750000000000e+03
7.665337402343750000e+03
7.697547363281250000e+03
7.693912597656250000e+03
7.729775878906250000e+03
7.736345703125000000e+03
7.743757324218750000e+03
7.745019531250000000e+03
7.742561523437500000e+03
7.751041015625000000e+03
7.756856445312500000e+03
7.770092773437500000e+03
7.778767089843750000e+03
7.803630371093750000e+03
7.807407714843750000e+03
7.803319335937500000e+03
7.805900390625000000e+03
7.804229003906250000e+03
7.803576171875000000e+03
7.793317382812500000e+03
7.776895996093750000e+03
7.770561035156250000e+03
7.768109375000000000e+03
7.744031250000000000e+03
7.759699707031250000e+03
7.755656738281250000e+03
7.760050292968750000e+03
7.773262207031250000e+03
7.781231933593750000e+03
7.791795410156250000e+03
7.797274902343750000e+03
7.789271484375000000e+03
7.789899414062500000e+03
7.791576660156250000e+03
7.798140136718750000e+03
7.799892089843750000e+03
7.796078613281250000e+03
7.796623046875000000e+03
7.787649414062500000e+03
7.791977050781250000e+03
7.786679199218750000e+03
7.774790527343750000e+03
7.782383300781250000e+03
7.788174804687500000e+03
7.792028808593750000e+03
7.787774902343750000e+03
7.770814453125000000e+03
7.773889160156250000e+03
7.772447753906250000e+03
7.777865234375000000e+03
7.771628417968750000e+03
7.757210937500000000e+03
7.748506835937500000e+03
7.740730957031250000e+03
7.744414550781250000e+03
7.743070312500000000e+03
7.754769042968750000e+03
7.743910156250000000e+03
7.766197753906250000e+03
7.761206542968750000e+03
7.748739257812500000e+03
7.746221191406250000e+03
7.749154785156250000e+03
7.749919921875000000e+03
7.756251953125000000e+03
7.748886230468750000e+03
7.745292480468750000e+03
7.761589843750000000e+03
7.761224121093750000e+03
7.751740234375000000e+03
7.744537109375000000e+03
7.744009765625000000e+03
7.763122070312500000e+03
7.775644042968750000e+03
7.770379394531250000e+03
7.768233398437500000e+03
7.774777832031250000e+03
7.779364746093750000e+03
7.785177734375000000e+03
7.797915527343750000e+03
7.795000000000000000e+03
7.781257324218750000e+03
7.785410156250000000e+03
7.776936523437500000e+03
7.780870117187500000e+03
7.768730957031250000e+03
7.772582031250000000e+03
7.784093261718750000e+03
7.777255371093750000e+03
7.779189453125000000e+03
7.777410156250000000e+03
7.783629882812500000e+03
7.786490234375000000e+03
7.796280761718750000e+03
7.822620605468750000e+03
7.832806640625000000e+03
7.813664550781250000e+03
7.813062988281250000e+03
7.807393554687500000e+03
7.814863769531250000e+03
7.806633300781250000e+03
7.808253417968750000e+03
7.804775390625000000e+03
7.786238281250000000e+03
7.782095703125000000e+03
7.787870117187500000e+03
7.777738769531250000e+03
7.779483886718750000e+03
7.778269531250000000e+03
7.772647460937500000e+03
7.765534179687500000e+03
7.764077636718750000e+03
7.773981933593750000e+03
7.766127441406250000e+03
7.764170410156250000e+03
7.765025878906250000e+03
7.769186035156250000e+03
7.771603515625000000e+03
7.767098144531250000e+03
7.753790039062500000e+03
7.747526855468750000e+03
7.734041503906250000e+03
7.742665039062500000e+03
7.753731445312500000e+03
7.744406738281250000e+03
7.738261718750000000e+03
7.726604492187500000e+03
7.735909667968750000e+03
7.746983886718750000e+03
7.744474609375000000e+03
7.690553222656250000e+03
7.691791015625000000e+03
7.694432128906250000e+03
7.691492187500000000e+03
7.681050292968750000e+03
7.692567382812500000e+03
7.689910156250000000e+03
7.697228515625000000e+03
7.700917968750000000e+03
7.675336425781250000e+03
7.691094726562500000e+03
7.690937988281250000e+03
7.682421875000000000e+03
7.681950683593750000e+03
7.665754394531250000e+03
7.666770996093750000e+03
7.684849121093750000e+03
7.674628417968750000e+03
7.658817871093750000e+03
7.638859863281250000e+03
7.656313964843750000e+03
7.662289062500000000e+03
7.673421386718750000e+03
7.667781250000000000e+03
7.671769042968750000e+03
7.673344238281250000e+03
7.669342285156250000e+03
7.683730957031250000e+03
7.669010742187500000e+03
7.662810546875000000e+03
7.665743652343750000e+03
7.654251953125000000e+03
7.655333496093750000e+03
7.657872070312500000e+03
7.672136230468750000e+03
7.673685058593750000e+03
7.690635253906250000e+03
7.696176757812500000e+03
7.702671875000000000e+03
7.711195800781250000e+03
7.705078125000000000e+03
7.706017578125000000e+03
7.696892089843750000e+03
7.697871093750000000e+03
7.698095214843750000e+03
7.687858398437500000e+03
7.690760742187500000e+03
7.684837402343750000e+03
7.687624023437500000e+03
7.681883789062500000e+03
7.678347656250000000e+03
7.677621093750000000e+03
7.681597167968750000e+03
7.680584472656250000e+03
7.699449707031250000e+03
7.706176269531250000e+03
7.716714355468750000e+03
7.718068847656250000e+03
7.716641113281250000e+03
7.724229003906250000e+03
7.729727539062500000e+03
7.727417968750000000e+03
7.721047851562500000e+03
7.734656250000000000e+03
7.735752929687500000e+03
7.734328613281250000e+03
7.738739746093750000e+03
7.738002441406250000e+03
7.723336425781250000e+03
7.711984863281250000e+03
7.721109863281250000e+03
7.717429687500000000e+03
7.717722656250000000e+03
7.721623535156250000e+03
7.732421875000000000e+03
7.729388671875000000e+03
7.726831542968750000e+03
7.720767089843750000e+03
7.714372558593750000e+03
7.712694824218750000e+03
7.710888183593750000e+03
7.687748535156250000e+03
7.682333984375000000e+03
7.681938476562500000e+03
7.682445800781250000e+03
7.680244628906250000e+03
7.674192871093750000e+03
7.666876953125000000e+03
7.658000976562500000e+03
7.660887695312500000e+03
7.623685058593750000e+03
7.601238769531250000e+03
7.597549804687500000e+03
7.593061523437500000e+03
7.596673339843750000e+03
7.587200683593750000e+03
7.578086425781250000e+03
7.569890136718750000e+03
7.569223632812500000e+03
7.560379394531250000e+03
7.553447753906250000e+03
7.560804687500000000e+03
7.561614746093750000e+03
7.566164550781250000e+03
7.572338378906250000e+03
7.574284179687500000e+03
7.578333984375000000e+03
7.577366699218750000e+03
7.578077148437500000e+03
7.578216796875000000e+03
7.579513183593750000e+03
7.580335449218750000e+03
7.588114257812500000e+03
7.590972656250000000e+03
7.594901855468750000e+03
7.591187988281250000e+03
7.583303710937500000e+03
7.578792968750000000e+03
7.570385742187500000e+03
7.567943847656250000e+03
7.568573730468750000e+03
7.567907226562500000e+03
7.572510742187500000e+03
7.577393066406250000e+03
7.578544433593750000e+03
7.583766113281250000e+03
7.610569824218750000e+03
7.626726562500000000e+03
7.631622070312500000e+03
7.634271972656250000e+03
7.642643066406250000e+03
7.649468750000000000e+03
7.647937011718750000e+03
7.654740722656250000e+03
7.653635742187500000e+03
7.661514648437500000e+03
7.655926269531250000e+03
7.657401855468750000e+03
7.663187011718750000e+03
7.660990722656250000e+03
7.662762207031250000e+03
7.666908691406250000e+03
7.660953613281250000e+03
7.657707519531250000e+03
7.661350585937500000e+03
7.663050781250000000e+03
7.659193359375000000e+03
7.665499023437500000e+03
7.669080566406250000e+03
7.685676757812500000e+03
7.673860839843750000e+03
7.658368164062500000e+03
7.656596191406250000e+03
7.648244140625000000e+03
7.638436523437500000e+03
7.633378906250000000e+03
7.637898925781250000e+03
7.638862792968750000e+03
7.643300781250000000e+03
7.646248535156250000e+03
7.643518554687500000e+03
7.642926269531250000e+03
7.645928222656250000e+03
7.646465820312500000e+03
7.646431640625000000e+03
7.640402343750000000e+03
7.637497070312500000e+03
7.635447753906250000e+03
7.655183593750000000e+03
7.666098632812500000e+03
7.671056640625000000e+03
7.741750976562500000e+03
7.751470703125000000e+03
7.748416992187500000e+03
7.757845703125000000e+03
7.753624511718750000e+03
7.754092773437500000e+03
7.778957031250000000e+03
7.765749023437500000e+03
7.763673339843750000e+03
7.799327636718750000e+03
7.802600097656250000e+03
7.801292480468750000e+03
7.803271972656250000e+03
7.805232421875000000e+03
7.797914062500000000e+03
7.817585937500000000e+03
7.805850097656250000e+03
7.808502929687500000e+03
7.807800781250000000e+03
7.814651367187500000e+03
7.807441406250000000e+03
7.812416992187500000e+03
7.816224609375000000e+03
7.826285156250000000e+03
7.814230468750000000e+03
7.816322753906250000e+03
7.817678222656250000e+03
7.812241699218750000e+03
7.821523437500000000e+03
7.824983398437500000e+03
7.816282226562500000e+03
7.808298828125000000e+03
7.812924316406250000e+03
7.818963378906250000e+03
7.830398925781250000e+03
7.836031738281250000e+03
7.837807128906250000e+03
7.841272460937500000e+03
7.840210449218750000e+03
7.837727050781250000e+03
7.842952636718750000e+03
7.839213867187500000e+03
7.840648437500000000e+03
7.843489746093750000e+03
7.842837890625000000e+03
7.837029785156250000e+03
7.827555175781250000e+03
7.818251464843750000e+03
7.807918457031250000e+03
7.807073730468750000e+03
7.803246582031250000e+03
7.810941406250000000e+03
7.821462890625000000e+03
7.829615234375000000e+03
7.840074707031250000e+03
7.848660156250000000e+03
7.842999023437500000e+03
7.842518066406250000e+03
7.844328125000000000e+03
7.850875488281250000e+03
7.851278808593750000e+03
7.846860839843750000e+03
7.849049804687500000e+03
7.855461425781250000e+03
7.857743164062500000e+03
7.854069824218750000e+03
7.846823730468750000e+03
7.842882324218750000e+03
7.853701171875000000e+03
7.848355957031250000e+03
7.845542480468750000e+03
7.848406738281250000e+03
7.832686035156250000e+03
7.839301757812500000e+03
7.840381347656250000e+03
7.842686035156250000e+03
7.845304687500000000e+03
7.851842285156250000e+03
7.861394531250000000e+03
7.857558105468750000e+03
7.851363769531250000e+03
7.848356933593750000e+03
7.841490722656250000e+03
7.822043945312500000e+03
7.839507324218750000e+03
7.836256835937500000e+03
7.830543945312500000e+03
7.840960937500000000e+03
7.829714843750000000e+03
7.824202636718750000e+03
7.761863281250000000e+03
7.728736328125000000e+03
7.741993164062500000e+03
7.769802246093750000e+03
7.767769042968750000e+03
7.762653320312500000e+03
7.770278808593750000e+03
7.739421875000000000e+03
7.741381835937500000e+03
7.684878906250000000e+03
7.660031250000000000e+03
7.688080078125000000e+03
7.702247558593750000e+03
7.705616210937500000e+03
7.708640136718750000e+03
7.716005371093750000e+03
7.712718750000000000e+03
7.722752441406250000e+03
7.731019042968750000e+03
7.723125488281250000e+03
7.722298339843750000e+03
7.705279785156250000e+03
7.693231933593750000e+03
7.701094238281250000e+03
7.720371093750000000e+03
7.744459472656250000e+03
7.745645996093750000e+03
7.733967773437500000e+03
7.717524902343750000e+03
7.719284179687500000e+03
7.709612792968750000e+03
7.718802734375000000e+03
7.728306640625000000e+03
7.719384277343750000e+03
7.735534179687500000e+03
7.740641601562500000e+03
7.734369140625000000e+03
7.727200683593750000e+03
7.713390625000000000e+03
7.701129394531250000e+03
7.698646972656250000e+03
7.703403320312500000e+03
7.711649414062500000e+03
7.712596679687500000e+03
7.718072753906250000e+03
7.766563476562500000e+03
7.765576171875000000e+03
7.771272460937500000e+03
7.764217285156250000e+03
7.759010742187500000e+03
7.744809570312500000e+03
7.765892089843750000e+03
7.761843261718750000e+03
7.753469238281250000e+03
7.766550781250000000e+03
7.766289062500000000e+03
7.761453613281250000e+03
7.760175292968750000e+03
7.763402832031250000e+03
7.768819824218750000e+03
7.782027343750000000e+03
7.781103515625000000e+03
7.783447265625000000e+03
7.751961914062500000e+03
7.730348632812500000e+03
7.724666503906250000e+03
7.724571289062500000e+03
7.724008300781250000e+03
7.708686035156250000e+03
7.716992675781250000e+03
7.723609375000000000e+03
7.719728027343750000e+03
7.717331542968750000e+03
7.706705566406250000e+03
7.701925292968750000e+03
7.701817871093750000e+03
7.696143554687500000e+03
7.689425781250000000e+03
7.691726562500000000e+03
7.703410644531250000e+03
7.698865722656250000e+03
7.662683593750000000e+03
7.641806640625000000e+03
7.635442871093750000e+03
7.625791992187500000e+03
7.632779785156250000e+03
7.639552246093750000e+03
7.638542968750000000e+03
7.622899414062500000e+03
7.628646972656250000e+03
7.624038085937500000e+03
7.623833007812500000e+03
7.615836425781250000e+03
7.608789062500000000e+03
7.606918945312500000e+03
7.602472167968750000e+03
7.608128906250000000e+03
7.608143066406250000e+03
7.608432128906250000e+03
7.597133789062500000e+03
7.595224121093750000e+03
7.600299316406250000e+03
7.605288574218750000e+03
7.603637695312500000e+03
7.599174316406250000e+03
7.591998046875000000e+03
7.592300781250000000e+03
7.587243652343750000e+03
7.571898437500000000e+03
7.559060546875000000e+03
7.556825195312500000e+03
7.557597167968750000e+03
7.555769042968750000e+03
7.552982421875000000e+03
7.550998046875000000e+03
7.565511718750000000e+03
7.578663085937500000e+03
7.590737792968750000e+03
7.596444335937500000e+03
7.607232421875000000e+03
7.605633300781250000e+03
7.601804687500000000e+03
7.593453125000000000e+03
7.580914062500000000e+03
7.573458984375000000e+03
7.567625976562500000e+03
7.574198242187500000e+03
7.578531250000000000e+03
7.589415527343750000e+03
7.593173828125000000e+03
7.594750976562500000e+03
7.594520996093750000e+03
7.585594726562500000e+03
7.580226562500000000e+03
7.574829589843750000e+03
7.584522460937500000e+03
7.595618164062500000e+03
7.611836425781250000e+03
7.604565429687500000e+03
7.601131347656250000e+03
7.600496093750000000e+03
7.595290527343750000e+03
7.598583984375000000e+03
7.597254882812500000e+03
7.616854003906250000e+03
7.611232421875000000e+03
7.609746582031250000e+03
7.612993652343750000e+03
7.608176269531250000e+03
7.605000488281250000e+03
7.614191894531250000e+03
7.605224609375000000e+03
7.597320312500000000e+03
7.608870117187500000e+03
7.612097656250000000e+03
7.613085449218750000e+03
7.619477050781250000e+03
7.621411132812500000e+03
7.627856933593750000e+03
7.617117675781250000e+03
7.601650390625000000e+03
7.599777343750000000e+03
7.666229980468750000e+03
7.660170898437500000e+03
7.674817871093750000e+03
7.667808105468750000e+03
7.665797363281250000e+03
7.668992187500000000e+03
7.679055175781250000e+03
7.676842285156250000e+03
7.673944824218750000e+03
7.709084472656250000e+03
7.684212890625000000e+03
7.677738281250000000e+03
7.691244628906250000e+03
7.694612304687500000e+03
7.692401367187500000e+03
7.691127929687500000e+03
7.681219726562500000e+03
7.677980468750000000e+03
7.687029785156250000e+03
7.680599121093750000e+03
7.675381835937500000e+03
7.680597656250000000e+03
7.689359863281250000e+03
7.692532714843750000e+03
7.686850097656250000e+03
7.672714843750000000e+03
7.662549316406250000e+03
7.683069335937500000e+03
7.680203613281250000e+03
7.678682617187500000e+03
7.687682128906250000e+03
7.687419921875000000e+03
7.683922851562500000e+03
7.682183105468750000e+03
7.681877929687500000e+03
7.673972167968750000e+03
7.709428710937500000e+03
7.711515625000000000e+03
7.699755371093750000e+03
7.696896972656250000e+03
7.693841308593750000e+03
7.689547851562500000e+03
7.680846679687500000e+03
7.664351074218750000e+03
7.660203613281250000e+03
7.638605468750000000e+03
7.657343750000000000e+03
7.670920898437500000e+03
7.673629394531250000e+03
7.680974121093750000e+03
7.677678222656250000e+03
7.681794433593750000e+03
7.665569824218750000e+03
7.661050781250000000e+03
7.624508300781250000e+03
7.613542968750000000e+03
7.619026855468750000e+03
7.622076660156250000e+03
7.625975585937500000e+03
7.639734863281250000e+03
7.659881347656250000e+03
7.658110351562500000e+03
7.655990234375000000e+03
7.645968261718750000e+03
7.658088867187500000e+03
7.663414062500000000e+03
7.667900878906250000e+03
7.657334960937500000e+03
7.654190917968750000e+03
7.662665527343750000e+03
7.658336914062500000e+03
7.660574707031250000e+03
7.665416503906250000e+03
7.644292968750000000e+03
7.635529785156250000e+03
7.657171875000000000e+03
7.653499023437500000e+03
7.662924316406250000e+03
7.666812988281250000e+03
7.683250976562500000e+03
7.685906250000000000e+03
7.731859375000000000e+03
7.701508789062500000e+03
7.698416503906250000e+03
7.695150390625000000e+03
7.682945312500000000e+03
7.681773925781250000e+03
7.678119140625000000e+03
7.701440429687500000e+03
7.695328613281250000e+03
7.719190917968750000e+03
7.723139160156250000e+03
7.721464843750000000e+03
7.729624511718750000e+03
7.714664062500000000e+03
7.722006347656250000e+03
7.719748535156250000e+03
7.718306640625000000e+03
7.719214843750000000e+03
7.717592285156250000e+03
7.703473144531250000e+03
7.712798828125000000e+03
7.701271484375000000e+03
7.699718750000000000e+03
7.718003906250000000e+03
7.727736816406250000e+03
7.727818847656250000e+03
7.725629882812500000e+03
7.736108886718750000e+03
7.738826660156250000e+03
7.758050292968750000e+03
7.783684082031250000e+03
7.756088378906250000e+03
7.788166015625000000e+03
7.805615722656250000e+03
7.829738769531250000e+03
7.833719726562500000e+03
7.864134765625000000e+03
7.870407714843750000e+03
7.861454589843750000e+03
7.873744140625000000e+03
7.868474609375000000e+03
7.864260253906250000e+03
7.870390625000000000e+03
7.867142089843750000e+03
7.868884277343750000e+03
7.861962890625000000e+03
7.852589355468750000e+03
7.841243164062500000e+03
7.841786132812500000e+03
7.833984863281250000e+03
7.834328125000000000e+03
7.814592773437500000e+03
7.814767089843750000e+03
7.811705566406250000e+03
7.827775390625000000e+03
7.828536621093750000e+03
7.821484863281250000e+03
7.820819824218750000e+03
7.816438964843750000e+03
7.815404785156250000e+03
7.820167480468750000e+03
7.810534667968750000e+03
7.815951171875000000e+03
7.849489746093750000e+03
7.854700683593750000e+03
7.858270996093750000e+03
7.861556640625000000e+03
7.858856445312500000e+03
7.864160644531250000e+03
7.870582031250000000e+03
7.870539062500000000e+03
7.873657714843750000e+03
7.847370605468750000e+03
7.843208496093750000e+03
7.838390625000000000e+03
7.837105468750000000e+03
7.858664062500000000e+03
7.858432617187500000e+03
7.861777343750000000e+03
7.844487792968750000e+03
7.835857910156250000e+03
7.833524414062500000e+03
7.850381347656250000e+03
7.864368164062500000e+03
7.871737304687500000e+03
7.866312500000000000e+03
7.864175292968750000e+03
7.847503417968750000e+03
7.846698242187500000e+03
7.841908691406250000e+03
7.830812988281250000e+03
7.797818847656250000e+03
7.808101074218750000e+03
7.804303710937500000e+03
7.790537109375000000e+03
7.780297363281250000e+03
7.774512207031250000e+03
7.770960449218750000e+03
7.789933105468750000e+03
7.796295898437500000e+03
7.801015625000000000e+03
7.789096191406250000e+03
7.795535644531250000e+03
7.797171875000000000e+03
7.800629394531250000e+03
7.808074218750000000e+03
7.798871582031250000e+03
7.795575195312500000e+03
7.797745605468750000e+03
7.794306640625000000e+03
7.781428710937500000e+03
7.778044921875000000e+03
7.788723632812500000e+03
7.791555175781250000e+03
7.788571289062500000e+03
7.762033203125000000e+03
7.765786621093750000e+03
7.751741699218750000e+03
7.731404296875000000e+03
7.736986816406250000e+03
7.752901367187500000e+03
7.742657714843750000e+03
7.753411621093750000e+03
7.753865234375000000e+03
7.768081054687500000e+03
7.776411132812500000e+03
7.809891601562500000e+03
7.811709472656250000e+03
7.820629882812500000e+03
7.821549316406250000e+03
7.808972656250000000e+03
7.807687500000000000e+03
7.803805664062500000e+03
7.797262207031250000e+03
7.790123046875000000e+03
7.789504394531250000e+03
7.776043457031250000e+03
7.756514160156250000e+03
7.757136230468750000e+03
7.760415039062500000e+03
7.749585449218750000e+03
7.724443359375000000e+03
7.700928222656250000e+03
7.706036621093750000e+03
7.706209472656250000e+03
7.733479492187500000e+03
7.719183593750000000e+03
7.717662109375000000e+03
7.703166992187500000e+03
7.692959960937500000e+03
7.702926269531250000e+03
7.683607421875000000e+03
7.679768554687500000e+03
7.674945800781250000e+03
7.683213378906250000e+03
7.688442382812500000e+03
7.679402343750000000e+03
7.680129882812500000e+03
7.670504394531250000e+03
7.655480468750000000e+03
7.629945800781250000e+03
7.634838867187500000e+03
7.647827148437500000e+03
7.647209960937500000e+03
7.652742187500000000e+03
7.663381835937500000e+03
7.672109375000000000e+03
7.672113281250000000e+03
7.697952636718750000e+03
7.676761718750000000e+03
7.665833007812500000e+03
7.684931640625000000e+03
7.677944824218750000e+03
7.683586425781250000e+03
7.684155761718750000e+03
7.685752441406250000e+03
7.671261230468750000e+03
7.680681640625000000e+03
7.673907714843750000e+03
7.695816894531250000e+03
7.702487792968750000e+03
7.723683105468750000e+03
7.711556640625000000e+03
7.708349609375000000e+03
7.703254394531250000e+03
7.697912597656250000e+03
7.712145996093750000e+03
7.690073730468750000e+03
7.691486328125000000e+03
7.772528320312500000e+03
7.779780761718750000e+03
7.776000488281250000e+03
7.778405273437500000e+03
7.776841308593750000e+03
7.780499023437500000e+03
7.784143066406250000e+03
7.788543945312500000e+03
7.791047851562500000e+03
7.795439453125000000e+03
7.800706054687500000e+03
7.793279785156250000e+03
7.798359863281250000e+03
7.802937500000000000e+03
7.803821289062500000e+03
7.800792968750000000e+03
7.794939453125000000e+03
7.790511230468750000e+03
7.812913574218750000e+03
7.833970703125000000e+03
7.832566894531250000e+03
7.829132324218750000e+03
7.826135742187500000e+03
7.822542480468750000e+03
7.808073242187500000e+03
7.809030273437500000e+03
7.807263183593750000e+03
7.810898925781250000e+03
7.796989746093750000e+03
7.773796386718750000e+03
7.785816406250000000e+03
7.786893554687500000e+03
7.800096191406250000e+03
7.806576660156250000e+03
7.780291503906250000e+03
7.771538085937500000e+03
7.779080566406250000e+03
7.782314941406250000e+03
7.791685058593750000e+03
7.798777343750000000e+03
7.790443847656250000e+03
7.797067871093750000e+03
7.786545898437500000e+03
7.809004882812500000e+03
7.798142089843750000e+03
7.821859375000000000e+03
7.811942382812500000e+03
7.818650390625000000e+03
7.819403320312500000e+03
7.818223144531250000e+03
7.811090820312500000e+03
7.810597167968750000e+03
7.831736328125000000e+03
7.831620605468750000e+03
7.817561035156250000e+03
7.831649902343750000e+03
7.812723632812500000e+03
7.792800781250000000e+03
7.796517089843750000e+03
7.783355468750000000e+03
7.779947265625000000e+03
7.768330078125000000e+03
7.765909179687500000e+03
7.714483398437500000e+03
7.700447265625000000e+03
7.725592285156250000e+03
7.724678222656250000e+03
7.714716308593750000e+03
7.708236816406250000e+03
7.710666503906250000e+03
7.699034179687500000e+03
7.710273437500000000e+03
7.679165527343750000e+03
7.677425781250000000e+03
7.664297363281250000e+03
7.654945312500000000e+03
7.652517578125000000e+03
7.639774902343750000e+03
7.648246582031250000e+03
7.637738769531250000e+03
7.636476562500000000e+03
7.615535156250000000e+03
7.620781738281250000e+03
7.605655761718750000e+03
7.605364257812500000e+03
7.607802734375000000e+03
7.614230957031250000e+03
7.615000488281250000e+03
7.620041503906250000e+03
7.625488769531250000e+03
7.613281738281250000e+03
7.609115234375000000e+03
7.615346191406250000e+03
7.619988281250000000e+03
7.617991699218750000e+03
7.619391113281250000e+03
7.621320800781250000e+03
7.638534667968750000e+03
7.633143066406250000e+03
7.629448730468750000e+03
7.633296875000000000e+03
7.630004882812500000e+03
7.633674316406250000e+03
7.639406250000000000e+03
7.636365234375000000e+03
7.630749511718750000e+03
7.641391113281250000e+03
7.647771972656250000e+03
7.619761718750000000e+03
7.604400878906250000e+03
7.614112792968750000e+03
7.612866210937500000e+03
7.607338867187500000e+03
7.628333984375000000e+03
7.621135253906250000e+03
7.613821777343750000e+03
7.614556640625000000e+03
7.613687988281250000e+03
7.620739257812500000e+03
7.617384277343750000e+03
7.616878417968750000e+03
7.598568847656250000e+03
7.602863281250000000e+03
7.594229003906250000e+03
7.577638671875000000e+03
7.573441406250000000e+03
7.603345703125000000e+03
7.609429687500000000e+03
7.609039550781250000e+03
7.614771972656250000e+03
7.611642578125000000e+03
7.618317382812500000e+03
7.607001953125000000e+03
7.598359863281250000e+03
7.593095703125000000e+03
7.606807128906250000e+03
7.619613281250000000e+03
7.619835449218750000e+03
7.618149902343750000e+03
7.610937011718750000e+03
7.603343750000000000e+03
7.601759765625000000e+03
7.595139648437500000e+03
7.585602050781250000e+03
7.594756347656250000e+03
7.591714355468750000e+03
7.587125488281250000e+03
7.587351562500000000e+03
7.608419433593750000e+03
7.628038574218750000e+03
7.624007812500000000e+03
7.618375000000000000e+03
7.609760742187500000e+03
7.668215332031250000e+03
7.670543945312500000e+03
7.664573730468750000e+03
7.658418945312500000e+03
7.659268066406250000e+03
7.673665527343750000e+03
7.681632324218750000e+03
7.671139160156250000e+03
7.656680664062500000e+03
7.686292968750000000e+03
7.672663085937500000e+03
7.660432128906250000e+03
7.657495117187500000e+03
7.655400878906250000e+03
7.656231933593750000e+03
7.643610839843750000e+03
7.631819824218750000e+03
7.630873046875000000e+03
7.648638183593750000e+03
7.643298828125000000e+03
7.638362792968750000e+03
7.640778808593750000e+03
7.648017578125000000e+03
7.664154296875000000e+03
7.652836425781250000e+03
7.652676757812500000e+03
7.647185058593750000e+03
7.643709960937500000e+03
7.636110839843750000e+03
7.646774902343750000e+03
7.641872070312500000e+03
7.641061035156250000e+03
7.649171875000000000e+03
7.646987792968750000e+03
7.647213867187500000e+03
7.641680175781250000e+03
7.645937988281250000e+03
7.635270996093750000e+03
7.635384277343750000e+03
7.641197265625000000e+03
7.642251953125000000e+03
7.642645507812500000e+03
7.658829101562500000e+03
7.643543457031250000e+03
7.637494140625000000e+03
7.635572753906250000e+03
7.629343750000000000e+03
7.642306640625000000e+03
7.648212890625000000e+03
7.656505859375000000e+03
7.663379394531250000e+03
7.675649902343750000e+03
7.668953125000000000e+03
7.673474121093750000e+03
7.643496582031250000e+03
7.624693359375000000e+03
7.610929687500000000e+03
7.600652832031250000e+03
7.603936035156250000e+03
7.606015625000000000e+03
7.601473632812500000e+03
7.591709960937500000e+03
7.612009277343750000e+03
7.647618652343750000e+03
7.650320312500000000e+03
7.646504882812500000e+03
7.642029785156250000e+03
7.639235839843750000e+03
7.637278808593750000e+03
7.638138183593750000e+03
7.643206542968750000e+03
7.647170898437500000e+03
7.648439941406250000e+03
7.643360351562500000e+03
7.633347656250000000e+03
7.629509277343750000e+03
7.630697753906250000e+03
7.659639160156250000e+03
7.662134765625000000e+03
7.663022949218750000e+03
7.664737792968750000e+03
7.733195312500000000e+03
7.705813964843750000e+03
7.706120117187500000e+03
7.715759765625000000e+03
7.711368164062500000e+03
7.708202636718750000e+03
7.694121582031250000e+03
7.693214843750000000e+03
7.681842285156250000e+03
7.689406738281250000e+03
7.668810546875000000e+03
7.660356933593750000e+03
7.671070312500000000e+03
7.659460449218750000e+03
7.659125488281250000e+03
7.650226562500000000e+03
7.645383300781250000e+03
7.638448242187500000e+03
7.682609863281250000e+03
7.683843750000000000e+03
7.689303710937500000e+03
7.683367187500000000e+03
7.675911621093750000e+03
7.692029296875000000e+03
7.694867187500000000e+03
7.703179199218750000e+03
7.696278320312500000e+03
7.684820312500000000e+03
7.688257812500000000e+03
7.697027343750000000e+03
7.691219238281250000e+03
7.680715820312500000e+03
7.688248535156250000e+03
7.691761230468750000e+03
7.697200683593750000e+03
7.696783203125000000e+03
7.678740234375000000e+03
7.666375488281250000e+03
7.668306640625000000e+03
7.667878417968750000e+03
7.664890136718750000e+03
7.664361328125000000e+03
7.684842773437500000e+03
7.688234375000000000e+03
7.686686523437500000e+03
7.699895019531250000e+03
7.682864257812500000e+03
7.684564941406250000e+03
7.679632324218750000e+03
7.678851074218750000e+03
7.678426757812500000e+03
7.671196289062500000e+03
7.674941894531250000e+03
7.674576171875000000e+03
7.695372070312500000e+03
7.675878417968750000e+03
7.670528808593750000e+03
7.665777832031250000e+03
7.672123535156250000e+03
7.678396484375000000e+03
7.685160156250000000e+03
7.692285156250000000e+03
7.690253417968750000e+03
7.671447753906250000e+03
7.672688964843750000e+03
7.681029785156250000e+03
7.674763671875000000e+03
7.672026855468750000e+03
7.671785156250000000e+03
7.680336425781250000e+03
7.689672363281250000e+03
7.695786132812500000e+03
7.681634765625000000e+03
7.667159179687500000e+03
7.681520019531250000e+03
7.676271972656250000e+03
7.674498046875000000e+03
7.678542480468750000e+03
7.675158203125000000e+03
7.675494140625000000e+03
7.674102050781250000e+03
7.648540039062500000e+03
7.646368164062500000e+03
7.649034179687500000e+03
7.648475097656250000e+03
7.650064453125000000e+03
7.654128906250000000e+03
7.664096679687500000e+03
7.672169433593750000e+03
7.675280273437500000e+03
7.652253417968750000e+03
7.660520996093750000e+03
7.661018066406250000e+03
7.662690429687500000e+03
7.666333007812500000e+03
7.660725097656250000e+03
7.648541015625000000e+03
7.648742187500000000e+03
7.651412109375000000e+03
7.635513183593750000e+03
7.666169921875000000e+03
7.672077636718750000e+03
7.674106445312500000e+03
7.686579589843750000e+03
7.697403808593750000e+03
7.685667480468750000e+03
7.672260253906250000e+03
7.664463867187500000e+03
7.712972167968750000e+03
7.703827148437500000e+03
7.701833007812500000e+03
7.700764648437500000e+03
7.697015625000000000e+03
7.694795410156250000e+03
7.713685546875000000e+03
7.725055175781250000e+03
7.716708007812500000e+03
7.706035644531250000e+03
7.696128417968750000e+03
7.704058593750000000e+03
7.699675292968750000e+03
7.695672363281250000e+03
7.693556640625000000e+03
7.711075195312500000e+03
7.707780273437500000e+03
7.706232910156250000e+03
7.688796386718750000e+03
7.691139648437500000e+03
7.676109375000000000e+03
7.672873535156250000e+03
7.682891113281250000e+03
7.678298339843750000e+03
7.681191894531250000e+03
7.689230468750000000e+03
7.695506835937500000e+03
7.712458496093750000e+03
7.713429687500000000e+03
7.713048828125000000e+03
7.715131835937500000e+03
7.717645507812500000e+03
7.717123046875000000e+03
7.710338867187500000e+03
7.720294433593750000e+03
7.717841308593750000e+03
7.691254394531250000e+03
7.697910644531250000e+03
7.700637207031250000e+03
7.704839843750000000e+03
7.706982910156250000e+03
7.711238281250000000e+03
7.701865234375000000e+03
7.705599121093750000e+03
7.715419433593750000e+03
7.723353515625000000e+03
7.735498535156250000e+03
7.730991210937500000e+03
7.721868164062500000e+03
7.715028808593750000e+03
7.729794921875000000e+03
7.752361816406250000e+03
7.749649902343750000e+03
7.738073242187500000e+03
7.719206542968750000e+03
7.718520019531250000e+03
7.705936523437500000e+03
7.702170898437500000e+03
7.708844238281250000e+03
7.707810058593750000e+03
7.734203613281250000e+03
7.738816406250000000e+03
7.738717285156250000e+03
7.761984863281250000e+03
7.773271972656250000e+03
7.749379882812500000e+03
7.752327148437500000e+03
7.744353515625000000e+03
7.736252929687500000e+03
7.733840332031250000e+03
7.734670898437500000e+03
7.732446289062500000e+03
7.748927734375000000e+03
7.749408691406250000e+03
7.744408203125000000e+03
7.746011230468750000e+03
7.746291992187500000e+03
7.754357910156250000e+03
7.745458007812500000e+03
7.743789062500000000e+03
7.737430175781250000e+03
7.847283203125000000e+03
7.841802734375000000e+03
7.860741210937500000e+03
7.846254394531250000e+03
7.826787597656250000e+03
7.825103515625000000e+03
7.809386230468750000e+03
7.797568847656250000e+03
7.808409179687500000e+03
7.820213867187500000e+03
7.807948242187500000e+03
7.796708007812500000e+03
7.783778808593750000e+03
7.777712890625000000e+03
7.763609375000000000e+03
7.758280761718750000e+03
7.758375488281250000e+03
7.755788574218750000e+03
7.777885253906250000e+03
7.783805664062500000e+03
7.776933593750000000e+03
7.787991210937500000e+03
7.787114746093750000e+03
7.791315429687500000e+03
7.779872558593750000e+03
7.778738769531250000e+03
7.784744628906250000e+03
7.790357910156250000e+03
7.792559082031250000e+03
7.784830566406250000e+03
7.782536621093750000e+03
7.780482910156250000e+03
7.786238281250000000e+03
7.791559082031250000e+03
7.800541015625000000e+03
7.802511718750000000e+03
7.860749511718750000e+03
7.841384277343750000e+03
7.832353515625000000e+03
7.833423828125000000e+03
7.834557128906250000e+03
7.851168457031250000e+03
7.847258789062500000e+03
7.857387207031250000e+03
7.865398925781250000e+03
7.851479003906250000e+03
7.847140625000000000e+03
7.833965820312500000e+03
7.832718750000000000e+03
7.831816406250000000e+03
7.837323242187500000e+03
7.842446289062500000e+03
7.843926269531250000e+03
7.846997558593750000e+03
7.838853515625000000e+03
7.850754394531250000e+03
7.856293457031250000e+03
7.848367187500000000e+03
7.884398437500000000e+03
7.877321289062500000e+03
7.876324218750000000e+03
7.877349121093750000e+03
7.879858886718750000e+03
7.873663085937500000e+03
7.866479003906250000e+03
7.864026367187500000e+03
7.869702148437500000e+03
7.871351562500000000e+03
7.863588867187500000e+03
7.867648925781250000e+03
7.861942382812500000e+03
7.863744628906250000e+03
7.872367675781250000e+03
7.874112792968750000e+03
7.867064453125000000e+03
7.867615234375000000e+03
7.872731445312500000e+03
7.878493164062500000e+03
7.873982421875000000e+03
7.876014648437500000e+03
7.888632324218750000e+03
7.875955566406250000e+03
7.873711425781250000e+03
7.859309082031250000e+03
7.849230957031250000e+03
7.850586914062500000e+03
7.859264648437500000e+03
7.862131347656250000e+03
7.859912597656250000e+03
7.870093750000000000e+03
7.847951171875000000e+03
7.836931152343750000e+03
7.820236816406250000e+03
7.828126953125000000e+03
7.829041015625000000e+03
7.830750976562500000e+03
7.830669921875000000e+03
7.834501953125000000e+03
7.849135742187500000e+03
7.842998046875000000e+03
7.843291503906250000e+03
7.843399414062500000e+03
7.847026367187500000e+03
7.841394042968750000e+03
7.853429687500000000e+03
7.861134277343750000e+03
7.867540039062500000e+03
7.833461914062500000e+03
7.817305664062500000e+03
7.812805664062500000e+03
7.815298339843750000e+03
7.815920410156250000e+03
7.828588867187500000e+03
7.843932617187500000e+03
7.849223144531250000e+03
7.842583984375000000e+03
7.825929687500000000e+03
7.818365722656250000e+03
7.819003906250000000e+03
7.821805175781250000e+03
7.832686035156250000e+03
7.832092773437500000e+03
7.835619628906250000e+03
7.836536621093750000e+03
7.838447265625000000e+03
7.848938476562500000e+03
7.843181640625000000e+03
7.845259277343750000e+03
7.837438476562500000e+03
7.842122558593750000e+03
7.839909667968750000e+03
7.836396972656250000e+03
7.836098144531250000e+03
7.837969726562500000e+03
7.826998046875000000e+03
7.831213867187500000e+03
7.820538574218750000e+03
7.816014648437500000e+03
7.821327148437500000e+03
7.820157226562500000e+03
7.818033203125000000e+03
7.813364746093750000e+03
7.813454101562500000e+03
7.837302734375000000e+03
7.819134765625000000e+03
7.809296875000000000e+03
7.806073730468750000e+03
7.801803710937500000e+03
7.798416015625000000e+03
7.790830078125000000e+03
7.766506347656250000e+03
7.759905273437500000e+03
7.808875488281250000e+03
7.796126464843750000e+03
7.797114746093750000e+03
7.788382812500000000e+03
7.791895507812500000e+03
7.803088867187500000e+03
7.805498046875000000e+03
7.791005859375000000e+03
7.790334960937500000e+03
7.779956542968750000e+03
7.783483398437500000e+03
7.778171875000000000e+03
7.775965332031250000e+03
7.774707031250000000e+03
7.763435546875000000e+03
7.767164550781250000e+03
7.764079101562500000e+03
7.766055664062500000e+03
7.745702636718750000e+03
7.740488281250000000e+03
7.736812011718750000e+03
7.749760253906250000e+03
7.753827636718750000e+03
7.742647460937500000e+03
7.742964355468750000e+03
7.749481933593750000e+03
7.741385253906250000e+03
7.683437011718750000e+03
7.651679687500000000e+03
7.656748046875000000e+03
7.647687011718750000e+03
7.649115234375000000e+03
7.647534179687500000e+03
7.638426757812500000e+03
7.654395507812500000e+03
7.668233886718750000e+03
7.661962402343750000e+03
7.663705566406250000e+03
7.669384277343750000e+03
7.671473632812500000e+03
7.676916015625000000e+03
7.668208007812500000e+03
7.669321777343750000e+03
7.666312988281250000e+03
7.672176757812500000e+03
7.708008300781250000e+03
7.697219238281250000e+03
7.690266601562500000e+03
7.690318847656250000e+03
7.691574218750000000e+03
7.684811523437500000e+03
7.676610839843750000e+03
7.670873046875000000e+03
7.670516601562500000e+03
7.689116699218750000e+03
7.680458007812500000e+03
7.674461425781250000e+03
7.679137207031250000e+03
7.674543945312500000e+03
7.683430175781250000e+03
7.687275878906250000e+03
7.696630859375000000e+03
7.692897949218750000e+03
7.699193847656250000e+03
7.684022949218750000e+03
7.677334960937500000e+03
7.683466796875000000e+03
7.692214843750000000e+03
7.687716308593750000e+03
7.693689941406250000e+03
7.693859863281250000e+03
7.695749511718750000e+03
7.717247558593750000e+03
7.704443359375000000e+03
7.700910644531250000e+03
7.707064453125000000e+03
7.706836914062500000e+03
7.709478027343750000e+03
7.722527832031250000e+03
7.716924316406250000e+03
7.721588378906250000e+03
7.718080566406250000e+03
7.725232421875000000e+03
7.707612304687500000e+03
7.707134765625000000e+03
7.703641601562500000e+03
7.719509765625000000e+03
7.727534179687500000e+03
7.716560546875000000e+03
7.723712890625000000e+03
7.775353027343750000e+03
7.792425781250000000e+03
7.787101074218750000e+03
7.784104980468750000e+03
7.801187988281250000e+03
7.806001953125000000e+03
7.802657714843750000e+03
7.795858886718750000e+03
7.800828613281250000e+03
7.813812988281250000e+03
7.806896484375000000e+03
7.807211914062500000e+03
7.810822753906250000e+03
7.803299316406250000e+03
7.802624511718750000e+03
7.804257324218750000e+03
7.798966796875000000e+03
7.797800292968750000e+03
7.825277343750000000e+03
7.825043457031250000e+03
7.830513671875000000e+03
7.830248046875000000e+03
7.830796875000000000e+03
7.829904785156250000e+03
7.832809082031250000e+03
7.822303222656250000e+03
7.825126953125000000e+03
7.818844238281250000e+03
7.816875488281250000e+03
7.824480957031250000e+03
7.825583984375000000e+03
7.830126953125000000e+03
7.835595703125000000e+03
7.828437500000000000e+03
7.810452148437500000e+03
7.808668457031250000e+03
7.813553710937500000e+03
7.816625488281250000e+03
7.822153320312500000e+03
7.826902343750000000e+03
7.813330078125000000e+03
7.806833007812500000e+03
7.808064453125000000e+03
7.788985839843750000e+03
7.784123535156250000e+03
7.820796386718750000e+03
7.815031250000000000e+03
7.802889648437500000e+03
7.807482421875000000e+03
7.818574707031250000e+03
7.801180664062500000e+03
7.792620117187500000e+03
7.791278320312500000e+03
7.783240234375000000e+03
7.809479980468750000e+03
7.793804199218750000e+03
7.803618164062500000e+03
7.814574707031250000e+03
7.819338867187500000e+03
7.795006835937500000e+03
7.789935058593750000e+03
7.781791992187500000e+03
7.777835937500000000e+03
7.821077148437500000e+03
7.803617675781250000e+03
7.811114746093750000e+03
7.812107421875000000e+03
7.815095703125000000e+03
7.819594238281250000e+03
7.821641601562500000e+03
7.832893554687500000e+03
7.836721191406250000e+03
7.831365722656250000e+03
7.821782226562500000e+03
7.808036621093750000e+03
7.810988769531250000e+03
7.814032226562500000e+03
7.812029785156250000e+03
7.804676757812500000e+03
7.799896484375000000e+03
7.794573730468750000e+03
7.803805664062500000e+03
7.812576660156250000e+03
7.796007812500000000e+03
7.792053710937500000e+03
7.790758789062500000e+03
7.789551757812500000e+03
7.784517089843750000e+03
7.775592773437500000e+03
7.769004394531250000e+03
7.771584960937500000e+03
7.778148437500000000e+03
7.775421386718750000e+03
7.770136230468750000e+03
7.776629394531250000e+03
7.773708007812500000e+03
7.757016113281250000e+03
7.750222656250000000e+03
7.751399414062500000e+03
7.750203125000000000e+03
7.744614746093750000e+03
7.746553222656250000e+03
7.741488281250000000e+03
7.745135742187500000e+03
7.745261718750000000e+03
7.763911132812500000e+03
7.752754394531250000e+03
7.752563964843750000e+03
7.745382812500000000e+03
7.752399414062500000e+03
7.741197265625000000e+03
7.734655761718750000e+03
7.734796386718750000e+03
7.724468750000000000e+03
7.704938964843750000e+03
7.697935058593750000e+03
7.705738281250000000e+03
7.730795410156250000e+03
7.747262695312500000e+03
7.758556152343750000e+03
7.756417968750000000e+03
7.761890625000000000e+03
7.753054687500000000e+03
7.748666992187500000e+03
7.746306152343750000e+03
7.738882812500000000e+03
7.765590820312500000e+03
7.752609863281250000e+03
7.746581542968750000e+03
7.748830566406250000e+03
7.755645996093750000e+03
7.754425781250000000e+03
7.772456054687500000e+03
7.777613769531250000e+03
7.770186523437500000e+03
7.814105957031250000e+03
7.808059570312500000e+03
7.817906250000000000e+03
7.829633300781250000e+03
7.842031250000000000e+03
7.846584472656250000e+03
7.840936035156250000e+03
7.855504394531250000e+03
7.854616210937500000e+03
7.852563964843750000e+03
7.858479492187500000e+03
7.860484375000000000e+03
7.866313964843750000e+03
7.866817382812500000e+03
7.866324707031250000e+03
7.869086425781250000e+03
7.871769042968750000e+03
7.870608398437500000e+03
7.867698730468750000e+03
7.867733398437500000e+03
7.871410644531250000e+03
7.878241210937500000e+03
7.880426757812500000e+03
7.869202148437500000e+03
7.864544921875000000e+03
7.861947265625000000e+03
7.863281250000000000e+03
7.829838867187500000e+03
7.813279785156250000e+03
7.816873535156250000e+03
7.815807128906250000e+03
7.821786621093750000e+03
7.812151367187500000e+03
7.821722656250000000e+03
7.818613769531250000e+03
7.820545410156250000e+03
7.829162597656250000e+03
7.817372070312500000e+03
7.826156738281250000e+03
7.831771972656250000e+03
7.821569824218750000e+03
7.832795410156250000e+03
7.836056152343750000e+03
7.835689453125000000e+03
7.840141113281250000e+03
7.846255371093750000e+03
7.838638183593750000e+03
7.832934570312500000e+03
7.838494140625000000e+03
7.838181152343750000e+03
7.837371582031250000e+03
7.848446289062500000e+03
7.853843261718750000e+03
7.854685058593750000e+03
7.850471191406250000e+03
7.833895996093750000e+03
7.836590820312500000e+03
7.836680664062500000e+03
7.837843261718750000e+03
7.845186035156250000e+03
7.850367187500000000e+03
7.836312011718750000e+03
7.838092285156250000e+03
7.835511230468750000e+03
7.836776855468750000e+03
7.837206054687500000e+03
7.834024414062500000e+03
7.839658691406250000e+03
7.830567382812500000e+03
7.833692382812500000e+03
7.839418945312500000e+03
7.836987304687500000e+03
7.817243164062500000e+03
7.803282714843750000e+03
7.797517089843750000e+03
7.794385253906250000e+03
7.793968261718750000e+03
7.791986816406250000e+03
7.799142578125000000e+03
7.802685546875000000e+03
7.795775390625000000e+03
7.809145996093750000e+03
7.800822265625000000e+03
7.801134277343750000e+03
7.811102050781250000e+03
7.807817382812500000e+03
7.821583496093750000e+03
7.824237792968750000e+03
7.808876953125000000e+03
7.805533203125000000e+03
7.824829101562500000e+03
7.838413085937500000e+03
7.825937011718750000e+03
7.833780273437500000e+03
7.833693359375000000e+03
7.821779296875000000e+03
7.810971679687500000e+03
7.836132812500000000e+03
7.838732421875000000e+03
7.818904785156250000e+03
7.821953125000000000e+03
7.815881347656250000e+03
7.809998046875000000e+03
7.802364746093750000e+03
7.803270019531250000e+03
7.800541992187500000e+03
7.800581054687500000e+03
7.800664550781250000e+03
7.776701660156250000e+03
7.785975097656250000e+03
7.802188964843750000e+03
7.804535644531250000e+03
7.799732910156250000e+03
7.805421386718750000e+03
7.806439453125000000e+03
7.806812988281250000e+03
7.806810058593750000e+03
7.820525878906250000e+03
7.823329101562500000e+03
7.820548828125000000e+03
7.826186523437500000e+03
7.828434082031250000e+03
7.831490722656250000e+03
7.842506347656250000e+03
7.827936523437500000e+03
7.832487792968750000e+03
7.814572265625000000e+03
7.814579101562500000e+03
7.818357421875000000e+03
7.821328613281250000e+03
7.834790039062500000e+03
7.840619628906250000e+03
7.855503906250000000e+03
7.844440917968750000e+03
7.847078613281250000e+03
7.830384277343750000e+03
7.830244140625000000e+03
7.816218750000000000e+03
7.820983398437500000e+03
7.812022949218750000e+03
7.821406250000000000e+03
7.819283203125000000e+03
7.826582519531250000e+03
7.820414062500000000e+03
7.809763183593750000e+03
7.803833984375000000e+03
7.790917480468750000e+03
7.793283691406250000e+03
7.796714355468750000e+03
7.806890625000000000e+03
7.802560546875000000e+03
7.817289062500000000e+03
7.824875000000000000e+03
7.871794921875000000e+03
7.871822753906250000e+03
7.882191406250000000e+03
7.885785156250000000e+03
7.885418457031250000e+03
7.888492187500000000e+03
7.882386718750000000e+03
7.886522460937500000e+03
7.884460449218750000e+03
7.887288574218750000e+03
7.896467773437500000e+03
7.892488769531250000e+03
7.885940917968750000e+03
7.885873046875000000e+03
7.901652343750000000e+03
7.899014160156250000e+03
7.905936035156250000e+03
7.902595703125000000e+03
7.904737304687500000e+03
7.901738769531250000e+03
7.898817871093750000e+03
7.899805175781250000e+03
7.898217285156250000e+03
7.889222656250000000e+03
7.870027832031250000e+03
7.875715820312500000e+03
7.881228515625000000e+03
7.879728515625000000e+03
7.891200683593750000e+03
7.882787597656250000e+03
7.892209960937500000e+03
7.889441406250000000e+03
7.876910156250000000e+03
7.875242675781250000e+03
7.876458496093750000e+03
7.873700195312500000e+03
7.878835449218750000e+03
7.877889648437500000e+03
7.877907714843750000e+03
7.883729003906250000e+03
7.879790039062500000e+03
7.872697265625000000e+03
7.864846191406250000e+03
7.870756835937500000e+03
7.869136230468750000e+03
7.863554199218750000e+03
7.864611816406250000e+03
7.857910156250000000e+03
7.856469726562500000e+03
7.857853515625000000e+03
7.866288574218750000e+03
7.864992187500000000e+03
7.875065917968750000e+03
7.875278808593750000e+03
7.870564453125000000e+03
7.863796875000000000e+03
7.866702148437500000e+03
7.867854980468750000e+03
7.869674804687500000e+03
7.879588867187500000e+03
7.881673339843750000e+03
7.881908203125000000e+03
7.878955078125000000e+03
7.927489257812500000e+03
7.923099121093750000e+03
7.924072753906250000e+03
7.937716796875000000e+03
7.948185546875000000e+03
7.961579589843750000e+03
7.968783203125000000e+03
7.975833496093750000e+03
7.978476562500000000e+03
7.995809570312500000e+03
8.005300781250000000e+03
8.009003417968750000e+03
8.003556152343750000e+03
8.006219726562500000e+03
8.008458007812500000e+03
8.013079101562500000e+03
8.016498046875000000e+03
8.021501953125000000e+03
8.023807617187500000e+03
8.017338867187500000e+03
8.010428710937500000e+03
8.003651855468750000e+03
8.004265136718750000e+03
8.011240234375000000e+03
8.018335449218750000e+03
8.016901367187500000e+03
8.014437011718750000e+03
8.006337402343750000e+03
8.006625488281250000e+03
8.007808593750000000e+03
8.009880371093750000e+03
8.016554687500000000e+03
8.014495605468750000e+03
8.015005859375000000e+03
8.013778808593750000e+03
8.017250000000000000e+03
8.008606933593750000e+03
8.007531250000000000e+03
8.007538085937500000e+03
8.010238281250000000e+03
8.004552246093750000e+03
8.010027832031250000e+03
8.015630859375000000e+03
8.018063964843750000e+03
8.017360351562500000e+03
8.024547851562500000e+03
8.031110351562500000e+03
8.027034667968750000e+03
8.026034667968750000e+03
8.028146484375000000e+03
8.033103027343750000e+03
8.038768554687500000e+03
8.038410644531250000e+03
8.040610839843750000e+03
8.056523437500000000e+03
8.052289550781250000e+03
8.050030761718750000e+03
8.050147460937500000e+03
8.049216308593750000e+03
8.048368652343750000e+03
8.041472656250000000e+03
8.037811035156250000e+03
8.041283691406250000e+03
8.025960449218750000e+03
8.019802734375000000e+03
8.021834960937500000e+03
8.021187011718750000e+03
8.022324707031250000e+03
8.015458007812500000e+03
8.018281250000000000e+03
8.018097167968750000e+03
8.016505859375000000e+03
8.023051757812500000e+03
8.027767578125000000e+03
8.030933105468750000e+03
8.034142578125000000e+03
8.035898437500000000e+03
8.037587402343750000e+03
8.042366699218750000e+03
8.042556640625000000e+03
8.045934570312500000e+03
8.024048339843750000e+03
8.018092773437500000e+03
8.020895019531250000e+03
8.018804199218750000e+03
8.016679199218750000e+03
8.021898437500000000e+03
8.019546386718750000e+03
8.017621582031250000e+03
8.009287109375000000e+03
8.007541992187500000e+03
8.002670410156250000e+03
8.007668945312500000e+03
8.009516601562500000e+03
8.012101562500000000e+03
8.018097656250000000e+03
8.019622558593750000e+03
8.018911621093750000e+03
8.022384765625000000e+03
8.024151367187500000e+03
8.029815917968750000e+03
8.029838378906250000e+03
8.028333007812500000e+03
8.032953613281250000e+03
8.034806640625000000e+03
8.031998046875000000e+03
8.026885742187500000e+03
8.027231445312500000e+03
8.043699707031250000e+03
8.047055175781250000e+03
8.047947753906250000e+03
8.049735839843750000e+03
8.053422363281250000e+03
8.039136230468750000e+03
8.027185546875000000e+03
8.037133789062500000e+03
8.043126953125000000e+03
8.048430664062500000e+03
8.044104003906250000e+03
8.046126464843750000e+03
8.043570312500000000e+03
8.036898925781250000e+03
8.033540527343750000e+03
8.030949218750000000e+03
8.019920898437500000e+03
8.022980468750000000e+03
8.047008300781250000e+03
8.057298339843750000e+03
8.058971191406250000e+03
8.056414550781250000e+03
8.062641113281250000e+03
8.058282714843750000e+03
8.057612792968750000e+03
8.054818847656250000e+03
8.062313964843750000e+03
8.065703125000000000e+03
8.066753906250000000e+03
8.065163085937500000e+03
8.066643554687500000e+03
8.075918945312500000e+03
8.076827148437500000e+03
8.075958984375000000e+03
8.061401367187500000e+03
8.051015625000000000e+03
8.007474609375000000e+03
7.991224609375000000e+03
7.987163574218750000e+03
7.992994628906250000e+03
8.007507324218750000e+03
8.001987304687500000e+03
7.974615722656250000e+03
7.961500000000000000e+03
7.950868164062500000e+03
7.953029296875000000e+03
7.963933593750000000e+03
7.965974609375000000e+03
7.968616699218750000e+03
7.973095214843750000e+03
7.972441406250000000e+03
7.973497070312500000e+03
7.964145019531250000e+03
7.966757812500000000e+03
7.983054687500000000e+03
7.979092773437500000e+03
7.975723144531250000e+03
7.972900390625000000e+03
7.975842285156250000e+03
7.971996582031250000e+03
7.972934082031250000e+03
7.978760253906250000e+03
7.984707031250000000e+03
7.961242675781250000e+03
7.948884277343750000e+03
7.954492187500000000e+03
7.954695800781250000e+03
7.956580078125000000e+03
7.961379394531250000e+03
7.966237792968750000e+03
7.983098632812500000e+03
7.985369628906250000e+03
8.011393066406250000e+03
8.022438476562500000e+03
8.030050781250000000e+03
8.035172363281250000e+03
8.041748535156250000e+03
8.047661621093750000e+03
8.050428222656250000e+03
8.057602050781250000e+03
8.067707519531250000e+03
8.084954589843750000e+03
8.087914062500000000e+03
8.093360351562500000e+03
8.102043945312500000e+03
8.099861816406250000e+03
8.099101074218750000e+03
8.097862792968750000e+03
8.101856933593750000e+03
8.105458007812500000e+03
8.117727050781250000e+03
8.116930175781250000e+03
8.120815429687500000e+03
8.123174316406250000e+03
8.116311523437500000e+03
8.111859375000000000e+03
8.109759765625000000e+03
8.108290039062500000e+03
8.111924804687500000e+03
8.128533691406250000e+03
8.134267089843750000e+03
8.136756835937500000e+03
8.135497070312500000e+03
8.135354003906250000e+03
8.124470214843750000e+03
8.113017089843750000e+03
8.112410156250000000e+03
8.119402832031250000e+03
8.139955566406250000e+03
8.143066406250000000e+03
8.144437011718750000e+03
8.142793945312500000e+03
8.142088867187500000e+03
8.134662109375000000e+03
8.132303710937500000e+03
8.139581542968750000e+03
8.149118652343750000e+03
8.167717285156250000e+03
8.164012695312500000e+03
8.166680175781250000e+03
8.166996582031250000e+03
8.168051269531250000e+03
8.170687500000000000e+03
8.174177734375000000e+03
8.179255371093750000e+03
8.183298828125000000e+03
8.199721679687500000e+03
8.200313476562500000e+03
8.202715820312500000e+03
8.204391601562500000e+03
8.199017578125000000e+03
8.192584960937500000e+03
8.189329101562500000e+03
8.188000000000000000e+03
8.184743164062500000e+03
8.195400390625000000e+03
8.196975585937500000e+03
8.200877929687500000e+03
8.205891601562500000e+03
8.201522460937500000e+03
8.196342773437500000e+03
8.189910644531250000e+03
8.184841796875000000e+03
8.178377441406250000e+03
8.188410644531250000e+03
8.186996582031250000e+03
8.181331542968750000e+03
8.178156250000000000e+03
8.177313964843750000e+03
8.177023925781250000e+03
8.172765136718750000e+03
8.170422851562500000e+03
8.173672851562500000e+03
8.189235839843750000e+03
8.188094726562500000e+03
8.187803222656250000e+03
8.190060546875000000e+03
8.190451660156250000e+03
8.194007812500000000e+03
8.198282226562500000e+03
8.203914062500000000e+03
8.206274414062500000e+03
8.219394531250000000e+03
8.222591796875000000e+03
8.225622070312500000e+03
8.228426757812500000e+03
8.228410156250000000e+03
8.240234375000000000e+03
8.234189453125000000e+03
8.229745117187500000e+03
8.232426757812500000e+03
8.271017578125000000e+03
8.282186523437500000e+03
8.280714843750000000e+03
8.282358398437500000e+03
8.282940429687500000e+03
8.293400390625000000e+03
8.296261718750000000e+03
8.289385742187500000e+03
8.292863281250000000e+03
8.309996093750000000e+03
8.307786132812500000e+03
8.317762695312500000e+03
8.312738281250000000e+03
8.305844726562500000e+03
8.300075195312500000e+03
8.314091796875000000e+03
8.315614257812500000e+03
8.314072265625000000e+03
8.311472656250000000e+03
8.313590820312500000e+03
8.307691406250000000e+03
8.310085937500000000e+03
8.320583984375000000e+03
8.320039062500000000e+03
8.320291015625000000e+03
8.332905273437500000e+03
8.323946289062500000e+03
8.349818359375000000e+03
8.357873046875000000e+03
8.366720703125000000e+03
8.365750976562500000e+03
8.366568359375000000e+03
8.366051757812500000e+03
8.362299804687500000e+03
8.363342773437500000e+03
8.362739257812500000e+03
8.366068359375000000e+03
8.358503906250000000e+03
8.360740234375000000e+03
8.355585937500000000e+03
8.353942382812500000e+03
8.345015625000000000e+03
8.351013671875000000e+03
8.350366210937500000e+03
8.345155273437500000e+03
8.343922851562500000e+03
8.346353515625000000e+03
8.349261718750000000e+03
8.346645507812500000e+03
8.348691406250000000e+03
8.357377929687500000e+03
8.354023437500000000e+03
8.353656250000000000e+03
8.350922851562500000e+03
8.377006835937500000e+03
8.375658203125000000e+03
8.368305664062500000e+03
8.371744140625000000e+03
8.363514648437500000e+03
8.363698242187500000e+03
8.363786132812500000e+03
8.359262695312500000e+03
8.362527343750000000e+03
8.350470703125000000e+03
8.344510742187500000e+03
8.351985351562500000e+03
8.355670898437500000e+03
8.369438476562500000e+03
8.370327148437500000e+03
8.365088867187500000e+03
8.364519531250000000e+03
8.355638671875000000e+03
8.350362304687500000e+03
8.340609375000000000e+03
8.342843750000000000e+03
8.337938476562500000e+03
8.338836914062500000e+03
8.344748046875000000e+03
8.351088867187500000e+03
8.355558593750000000e+03
8.348667968750000000e+03
8.369033203125000000e+03
8.367224609375000000e+03
8.367529296875000000e+03
8.368727539062500000e+03
8.368550781250000000e+03
8.362455078125000000e+03
8.359705078125000000e+03
8.356895507812500000e+03
8.355920898437500000e+03
8.337122070312500000e+03
8.334694335937500000e+03
8.332872070312500000e+03
8.336420898437500000e+03
8.339388671875000000e+03
8.338059570312500000e+03
8.345753906250000000e+03
8.354783203125000000e+03
8.358155273437500000e+03
8.334807617187500000e+03
8.339893554687500000e+03
8.340054687500000000e+03
8.337907226562500000e+03
8.326394531250000000e+03
8.318950195312500000e+03
8.323946289062500000e+03
8.316708984375000000e+03
8.325455078125000000e+03
8.323643554687500000e+03
8.320778320312500000e+03
8.329351562500000000e+03
8.331191406250000000e+03
8.327462890625000000e+03
8.328148437500000000e+03
8.313380859375000000e+03
8.305343750000000000e+03
8.309490234375000000e+03
8.282327148437500000e+03
8.287647460937500000e+03
8.288177734375000000e+03
8.288379882812500000e+03
8.286479492187500000e+03
8.289330078125000000e+03
8.292570312500000000e+03
8.297066406250000000e+03
8.298443359375000000e+03
8.289049804687500000e+03
8.287256835937500000e+03
8.284423828125000000e+03
8.279804687500000000e+03
8.275117187500000000e+03
8.264909179687500000e+03
8.257745117187500000e+03
8.248539062500000000e+03
8.249698242187500000e+03
8.238811523437500000e+03
8.240777343750000000e+03
8.233673828125000000e+03
8.236621093750000000e+03
8.231262695312500000e+03
8.221617187500000000e+03
8.217192382812500000e+03
8.213740234375000000e+03
8.211360351562500000e+03
8.211253906250000000e+03
8.223092773437500000e+03
8.223196289062500000e+03
8.225547851562500000e+03
8.231013671875000000e+03
8.229487304687500000e+03
8.235023437500000000e+03
8.239384765625000000e+03
8.244103515625000000e+03
8.245485351562500000e+03
8.256767578125000000e+03
8.254850585937500000e+03
8.262129882812500000e+03
8.265688476562500000e+03
8.272822265625000000e+03
8.263631835937500000e+03
8.267276367187500000e+03
8.269613281250000000e+03
8.280993164062500000e+03
8.281571289062500000e+03
8.277188476562500000e+03
8.271666015625000000e+03
8.277342773437500000e+03
8.283619140625000000e+03
8.280418945312500000e+03
8.262117187500000000e+03
8.256780273437500000e+03
8.235430664062500000e+03
8.227477539062500000e+03
8.227389648437500000e+03
8.231871093750000000e+03
8.242189453125000000e+03
8.245509765625000000e+03
8.245056640625000000e+03
8.242084960937500000e+03
8.241890625000000000e+03
8.253396484375000000e+03
8.248361328125000000e+03
8.249209960937500000e+03
8.256653320312500000e+03
8.259282226562500000e+03
8.263800781250000000e+03
8.256614257812500000e+03
8.255528320312500000e+03
8.257172851562500000e+03
8.257711914062500000e+03
8.260731445312500000e+03
