7.573012207031250000e+03
7.556915039062500000e+03
7.570760742187500000e+03
7.559894531250000000e+03
7.566443359375000000e+03
7.567298339843750000e+03
7.549374023437500000e+03
7.560001464843750000e+03
7.554690429687500000e+03
7.561801269531250000e+03
7.551124023437500000e+03
7.542910156250000000e+03
7.550760253906250000e+03
7.546660644531250000e+03
7.536436035156250000e+03
7.540931152343750000e+03
7.545001464843750000e+03
7.539678222656250000e+03
7.519829101562500000e+03
7.535104003906250000e+03
7.523360839843750000e+03
7.518849121093750000e+03
7.525607910156250000e+03
7.537276855468750000e+03
7.545436035156250000e+03
7.551746093750000000e+03
7.556696289062500000e+03
7.600129394531250000e+03
7.581344238281250000e+03
7.603097167968750000e+03
7.604459960937500000e+03
7.610367187500000000e+03
7.627654296875000000e+03
7.644308593750000000e+03
7.607122558593750000e+03
7.646033691406250000e+03
7.599770507812500000e+03
7.632372070312500000e+03
7.610578613281250000e+03
7.619151367187500000e+03
7.609233886718750000e+03
7.607746093750000000e+03
7.597000000000000000e+03
7.601531250000000000e+03
7.601271972656250000e+03
7.576378417968750000e+03
7.601940429687500000e+03
7.589448242187500000e+03
7.603204101562500000e+03
7.594773925781250000e+03
7.608301757812500000e+03
7.595389160156250000e+03
7.606747558593750000e+03
7.606428710937500000e+03
7.586430175781250000e+03
7.596357421875000000e+03
7.596923828125000000e+03
7.598343261718750000e+03
7.595416992187500000e+03
7.598436523437500000e+03
7.596497558593750000e+03
7.599703125000000000e+03
7.603103027343750000e+03
7.585826171875000000e+03
7.598674804687500000e+03
7.589491210937500000e+03
7.600832031250000000e+03
7.602221679687500000e+03
7.666221679687500000e+03
7.608433593750000000e+03
7.665541992187500000e+03
7.635718261718750000e+03
7.650506347656250000e+03
7.618428222656250000e+03
7.637259765625000000e+03
7.619129882812500000e+03
7.628068847656250000e+03
7.620364257812500000e+03
7.621856445312500000e+03
7.614178222656250000e+03
7.609564941406250000e+03
7.640378417968750000e+03
7.612170898437500000e+03
7.630034667968750000e+03
7.614238769531250000e+03
7.628672363281250000e+03
7.643848144531250000e+03
7.650624023437500000e+03
7.651213378906250000e+03
7.640610839843750000e+03
7.648146484375000000e+03
7.648090820312500000e+03
7.643126953125000000e+03
7.643001953125000000e+03
7.642868652343750000e+03
7.644940917968750000e+03
7.620354492187500000e+03
7.625797851562500000e+03
7.628069335937500000e+03
7.648389160156250000e+03
7.636142089843750000e+03
7.639638671875000000e+03
7.628237304687500000e+03
7.628874023437500000e+03
7.624409179687500000e+03
7.623420410156250000e+03
7.626229492187500000e+03
7.628334472656250000e+03
7.602375976562500000e+03
7.604077148437500000e+03
7.604365722656250000e+03
7.605540527343750000e+03
7.601931152343750000e+03
7.598448730468750000e+03
7.625318359375000000e+03
7.621533691406250000e+03
7.622414550781250000e+03
7.651798339843750000e+03
7.643675292968750000e+03
7.669265625000000000e+03
7.646865234375000000e+03
7.664292480468750000e+03
7.651250488281250000e+03
7.637105468750000000e+03
7.637268066406250000e+03
7.644978027343750000e+03
7.618058593750000000e+03
7.644621582031250000e+03
7.635923828125000000e+03
7.639227050781250000e+03
7.643998046875000000e+03
7.651584960937500000e+03
7.635806640625000000e+03
7.635031250000000000e+03
7.640389648437500000e+03
7.680215332031250000e+03
7.672753417968750000e+03
7.663746582031250000e+03
7.653925781250000000e+03
7.665322265625000000e+03
7.666848632812500000e+03
7.670354492187500000e+03
7.685769042968750000e+03
7.673894531250000000e+03
7.719762695312500000e+03
7.689843261718750000e+03
7.694764648437500000e+03
7.689284667968750000e+03
7.690056640625000000e+03
7.678772460937500000e+03
7.692623535156250000e+03
7.680562988281250000e+03
7.692838378906250000e+03
7.672165039062500000e+03
7.703886230468750000e+03
7.690872070312500000e+03
7.692935546875000000e+03
7.680666015625000000e+03
7.687445800781250000e+03
7.679306152343750000e+03
7.692315917968750000e+03
7.687031250000000000e+03
7.690112304687500000e+03
7.696746582031250000e+03
7.699201660156250000e+03
7.696030761718750000e+03
7.696131835937500000e+03
7.683074707031250000e+03
7.691577636718750000e+03
7.686865234375000000e+03
7.703991210937500000e+03
7.641110351562500000e+03
7.686543945312500000e+03
7.668833007812500000e+03
7.687265136718750000e+03
7.673560546875000000e+03
7.680075683593750000e+03
7.689821777343750000e+03
7.704463378906250000e+03
7.689079101562500000e+03
7.739000976562500000e+03
7.700142578125000000e+03
7.734607421875000000e+03
7.721356445312500000e+03
7.727945800781250000e+03
7.712710937500000000e+03
7.725749023437500000e+03
7.726923339843750000e+03
7.708432617187500000e+03
7.747173828125000000e+03
7.738282714843750000e+03
7.744919433593750000e+03
7.752963378906250000e+03
7.757965820312500000e+03
7.767677734375000000e+03
7.766509277343750000e+03
7.758810546875000000e+03
7.768827636718750000e+03
7.765291503906250000e+03
7.751224121093750000e+03
7.761095214843750000e+03
7.759619628906250000e+03
7.762388671875000000e+03
7.752684570312500000e+03
7.750364746093750000e+03
7.743061523437500000e+03
7.740815429687500000e+03
7.707891113281250000e+03
7.738222656250000000e+03
7.729363281250000000e+03
7.736269531250000000e+03
7.731830078125000000e+03
7.722893066406250000e+03
7.758600585937500000e+03
7.739386230468750000e+03
7.748254882812500000e+03
7.749918457031250000e+03
7.757193359375000000e+03
7.759715820312500000e+03
7.759477050781250000e+03
7.751661132812500000e+03
7.770838867187500000e+03
7.756270507812500000e+03
7.756154785156250000e+03
7.756549804687500000e+03
7.729715332031250000e+03
7.745688476562500000e+03
7.724168457031250000e+03
7.736780273437500000e+03
7.728290527343750000e+03
7.724607910156250000e+03
7.749636230468750000e+03
7.716837402343750000e+03
7.730380859375000000e+03
7.725687500000000000e+03
7.713167480468750000e+03
7.705053710937500000e+03
7.721499023437500000e+03
7.708047363281250000e+03
7.728646484375000000e+03
7.718701660156250000e+03
7.725324707031250000e+03
7.698663085937500000e+03
7.688845214843750000e+03
7.696222167968750000e+03
7.692076171875000000e+03
7.700154785156250000e+03
7.690364257812500000e+03
7.709519531250000000e+03
7.684125488281250000e+03
7.700614746093750000e+03
7.684789062500000000e+03
7.691906738281250000e+03
7.691612792968750000e+03
7.700333496093750000e+03
7.676534667968750000e+03
7.698846679687500000e+03
7.667439453125000000e+03
7.709140625000000000e+03
7.675256347656250000e+03
7.699173339843750000e+03
7.661932617187500000e+03
7.696763671875000000e+03
7.679437011718750000e+03
7.689336914062500000e+03
7.668278808593750000e+03
7.673158203125000000e+03
7.675230957031250000e+03
7.668741210937500000e+03
7.675992675781250000e+03
7.672259277343750000e+03
7.683535156250000000e+03
7.683525878906250000e+03
7.693418945312500000e+03
7.691073242187500000e+03
7.732444824218750000e+03
7.739905273437500000e+03
7.684566406250000000e+03
7.711496093750000000e+03
7.671953613281250000e+03
7.694872558593750000e+03
7.691770996093750000e+03
7.696836425781250000e+03
7.686270996093750000e+03
7.714458984375000000e+03
7.695791503906250000e+03
7.697313476562500000e+03
7.705887695312500000e+03
7.660446289062500000e+03
7.672077636718750000e+03
7.685771972656250000e+03
7.679547851562500000e+03
7.686650878906250000e+03
7.660034179687500000e+03
7.660023437500000000e+03
7.680968750000000000e+03
7.649030273437500000e+03
7.636636230468750000e+03
7.646429199218750000e+03
7.595565429687500000e+03
7.617284667968750000e+03
7.608044921875000000e+03
7.602730957031250000e+03
7.615878906250000000e+03
7.599322265625000000e+03
7.621121582031250000e+03
7.633132812500000000e+03
7.626412597656250000e+03
7.639250488281250000e+03
7.633564941406250000e+03
7.634357910156250000e+03
7.637233398437500000e+03
7.640645996093750000e+03
7.636223632812500000e+03
7.635740722656250000e+03
7.605702636718750000e+03
7.639124023437500000e+03
7.618345703125000000e+03
7.633677246093750000e+03
7.628182128906250000e+03
7.635048339843750000e+03
7.629270507812500000e+03
7.649729980468750000e+03
7.625316894531250000e+03
7.660728515625000000e+03
7.651152343750000000e+03
7.662459960937500000e+03
7.677323242187500000e+03
7.673444824218750000e+03
7.670983886718750000e+03
7.687067871093750000e+03
7.707486328125000000e+03
7.703541992187500000e+03
7.740742675781250000e+03
7.714079589843750000e+03
7.727329589843750000e+03
7.719368164062500000e+03
7.722464355468750000e+03
7.708752441406250000e+03
7.697986328125000000e+03
7.677281738281250000e+03
7.685002441406250000e+03
7.692511230468750000e+03
7.694611816406250000e+03
7.700717285156250000e+03
7.686414062500000000e+03
7.688719238281250000e+03
7.742139160156250000e+03
7.720270019531250000e+03
7.733393066406250000e+03
7.732895507812500000e+03
7.730418457031250000e+03
7.722676757812500000e+03
7.712625000000000000e+03
7.701496582031250000e+03
7.707030761718750000e+03
7.655534179687500000e+03
7.705290527343750000e+03
7.690045898437500000e+03
7.701988769531250000e+03
7.689504394531250000e+03
7.711269531250000000e+03
7.702389160156250000e+03
7.717862304687500000e+03
7.706943359375000000e+03
7.695940917968750000e+03
7.702124511718750000e+03
7.698311035156250000e+03
7.684270507812500000e+03
7.692362304687500000e+03
7.793776855468750000e+03
7.793869140625000000e+03
7.777985351562500000e+03
7.731797851562500000e+03
7.736052734375000000e+03
7.744361816406250000e+03
7.744492675781250000e+03
7.761914550781250000e+03
7.734798828125000000e+03
7.765882812500000000e+03
7.748490234375000000e+03
7.778819824218750000e+03
7.770715332031250000e+03
7.759267578125000000e+03
7.773275390625000000e+03
7.747693847656250000e+03
7.758198730468750000e+03
7.758109375000000000e+03
7.784143066406250000e+03
7.784669921875000000e+03
7.789983398437500000e+03
7.783380859375000000e+03
7.797193359375000000e+03
7.792422363281250000e+03
7.812877441406250000e+03
7.805248046875000000e+03
7.807822753906250000e+03
7.814951660156250000e+03
7.808666992187500000e+03
7.811730468750000000e+03
7.812710449218750000e+03
7.817572265625000000e+03
7.847033691406250000e+03
7.825168945312500000e+03
7.845739746093750000e+03
7.848354980468750000e+03
7.864487792968750000e+03
7.841967285156250000e+03
7.846378417968750000e+03
7.839533203125000000e+03
7.845439941406250000e+03
7.849630371093750000e+03
7.856956054687500000e+03
7.863252441406250000e+03
7.864043945312500000e+03
7.840700195312500000e+03
7.850189453125000000e+03
7.851513671875000000e+03
7.854999023437500000e+03
7.848516113281250000e+03
7.842325195312500000e+03
7.838299804687500000e+03
7.842815917968750000e+03
7.834585937500000000e+03
7.873886230468750000e+03
7.887879394531250000e+03
7.873923828125000000e+03
7.883311523437500000e+03
7.882801757812500000e+03
7.901875976562500000e+03
7.889745605468750000e+03
7.866917968750000000e+03
7.866321777343750000e+03
7.903337402343750000e+03
7.909695800781250000e+03
7.903653320312500000e+03
7.913706542968750000e+03
7.912584472656250000e+03
7.918573730468750000e+03
7.896375976562500000e+03
7.931713378906250000e+03
7.938582031250000000e+03
7.962319335937500000e+03
7.968029296875000000e+03
7.955257812500000000e+03
7.959717285156250000e+03
7.944582519531250000e+03
7.956845703125000000e+03
7.973532714843750000e+03
7.979834472656250000e+03
7.974712402343750000e+03
7.977661132812500000e+03
7.978095214843750000e+03
7.980261718750000000e+03
7.984652343750000000e+03
7.981012695312500000e+03
7.978732421875000000e+03
7.979609863281250000e+03
7.986638183593750000e+03
7.986271972656250000e+03
7.976734863281250000e+03
7.971869628906250000e+03
7.968904296875000000e+03
7.962999023437500000e+03
7.966365234375000000e+03
7.971126464843750000e+03
7.977050292968750000e+03
7.971708496093750000e+03
7.968224121093750000e+03
7.981999511718750000e+03
7.986987304687500000e+03
7.988548828125000000e+03
7.978540039062500000e+03
7.978546875000000000e+03
7.977551757812500000e+03
7.973331542968750000e+03
7.961055175781250000e+03
7.953785156250000000e+03
7.909074218750000000e+03
7.903218261718750000e+03
7.897456054687500000e+03
7.877070800781250000e+03
7.860817871093750000e+03
7.878202636718750000e+03
7.888194335937500000e+03
7.893680175781250000e+03
7.881337402343750000e+03
7.910609863281250000e+03
7.902361816406250000e+03
7.902269042968750000e+03
7.882360351562500000e+03
7.899026855468750000e+03
7.888205566406250000e+03
7.891211914062500000e+03
7.897785644531250000e+03
7.901105468750000000e+03
7.919533691406250000e+03
7.912591308593750000e+03
7.919049316406250000e+03
7.922212402343750000e+03
7.927267089843750000e+03
7.926277832031250000e+03
7.917014648437500000e+03
7.919643066406250000e+03
7.921202636718750000e+03
7.879736328125000000e+03
7.880751464843750000e+03
7.895019531250000000e+03
7.892068359375000000e+03
7.897742187500000000e+03
7.883834472656250000e+03
7.881192871093750000e+03
7.900256347656250000e+03
7.897799316406250000e+03
7.899623535156250000e+03
7.882334472656250000e+03
7.879222167968750000e+03
7.889521484375000000e+03
7.873828125000000000e+03
7.853297363281250000e+03
7.858370117187500000e+03
7.865449707031250000e+03
7.878042968750000000e+03
7.905116210937500000e+03
7.888696289062500000e+03
7.895886230468750000e+03
7.884698242187500000e+03
7.900172851562500000e+03
7.912999023437500000e+03
7.893820312500000000e+03
7.890173339843750000e+03
7.894680175781250000e+03
7.898896484375000000e+03
7.905334960937500000e+03
7.901978027343750000e+03
7.904267089843750000e+03
7.890920898437500000e+03
7.887348144531250000e+03
7.892660156250000000e+03
7.883039062500000000e+03
7.891027832031250000e+03
7.883029296875000000e+03
7.890388671875000000e+03
7.892645019531250000e+03
7.897459960937500000e+03
7.905074707031250000e+03
7.897996093750000000e+03
7.906373046875000000e+03
7.913144531250000000e+03
7.918086914062500000e+03
7.869938476562500000e+03
7.867772949218750000e+03
7.852619628906250000e+03
7.853335937500000000e+03
7.870559570312500000e+03
7.884288574218750000e+03
7.883643066406250000e+03
7.906565917968750000e+03
7.905776367187500000e+03
7.918616210937500000e+03
7.908837890625000000e+03
7.907664062500000000e+03
7.917224121093750000e+03
7.919844238281250000e+03
7.914457519531250000e+03
7.907591308593750000e+03
7.877823730468750000e+03
7.890029296875000000e+03
7.932404296875000000e+03
7.929537597656250000e+03
7.937393554687500000e+03
7.934796875000000000e+03
7.934954589843750000e+03
7.960145507812500000e+03
7.938525390625000000e+03
7.927958496093750000e+03
7.947123535156250000e+03
7.954481445312500000e+03
7.963850097656250000e+03
7.961476074218750000e+03
7.962508300781250000e+03
7.978351074218750000e+03
7.984918945312500000e+03
8.006770019531250000e+03
8.021861816406250000e+03
8.026948730468750000e+03
7.990437500000000000e+03
7.949626464843750000e+03
7.956856933593750000e+03
7.958312011718750000e+03
7.974930175781250000e+03
7.967112792968750000e+03
7.960116699218750000e+03
7.955680175781250000e+03
7.962517578125000000e+03
7.997904296875000000e+03
8.002662109375000000e+03
8.006526367187500000e+03
8.002947265625000000e+03
8.003727539062500000e+03
7.996041015625000000e+03
7.985305664062500000e+03
7.975097656250000000e+03
7.985527343750000000e+03
8.029326171875000000e+03
8.049613769531250000e+03
8.058425781250000000e+03
8.052750488281250000e+03
8.047479492187500000e+03
8.043288085937500000e+03
8.036691406250000000e+03
8.023488281250000000e+03
8.011055175781250000e+03
8.049890136718750000e+03
8.073862304687500000e+03
8.076125488281250000e+03
8.074576660156250000e+03
8.075908203125000000e+03
8.073480468750000000e+03
8.060072753906250000e+03
8.050826660156250000e+03
8.045965332031250000e+03
8.028210937500000000e+03
8.014631835937500000e+03
8.003279296875000000e+03
7.985483886718750000e+03
7.981240722656250000e+03
7.992441406250000000e+03
7.990178222656250000e+03
7.992485839843750000e+03
8.002818359375000000e+03
8.024832031250000000e+03
8.033916992187500000e+03
8.034948730468750000e+03
8.036972167968750000e+03
8.042882812500000000e+03
8.044488769531250000e+03
8.050049316406250000e+03
8.064129394531250000e+03
8.070657226562500000e+03
8.099398437500000000e+03
8.114548828125000000e+03
8.113763671875000000e+03
8.111903808593750000e+03
8.107398925781250000e+03
8.101651855468750000e+03
8.105585449218750000e+03
8.102452148437500000e+03
8.095801757812500000e+03
8.083062500000000000e+03
8.085483398437500000e+03
8.086179687500000000e+03
8.090840820312500000e+03
8.094028320312500000e+03
8.095120117187500000e+03
8.107872070312500000e+03
8.118978515625000000e+03
8.127463867187500000e+03
8.138624511718750000e+03
8.146229980468750000e+03
8.142363769531250000e+03
8.138509765625000000e+03
8.138940917968750000e+03
8.133603515625000000e+03
8.121816406250000000e+03
8.126962402343750000e+03
8.136759765625000000e+03
8.128805175781250000e+03
8.121091796875000000e+03
8.124810058593750000e+03
8.122393066406250000e+03
8.126165039062500000e+03
8.126777343750000000e+03
8.125570312500000000e+03
8.128496582031250000e+03
8.128914550781250000e+03
8.136979980468750000e+03
8.137079101562500000e+03
8.135143066406250000e+03
8.134536621093750000e+03
8.133149902343750000e+03
8.139552246093750000e+03
8.145409179687500000e+03
8.145238769531250000e+03
8.143568847656250000e+03
8.118175781250000000e+03
8.118565429687500000e+03
8.128849609375000000e+03
8.131623535156250000e+03
8.129648925781250000e+03
8.125562988281250000e+03
8.121824707031250000e+03
8.117729980468750000e+03
8.114862792968750000e+03
8.058445312500000000e+03
8.030609863281250000e+03
8.020293457031250000e+03
8.017953613281250000e+03
8.040592285156250000e+03
8.058610351562500000e+03
8.056193847656250000e+03
8.054281250000000000e+03
8.056049316406250000e+03
8.042582031250000000e+03
8.024023437500000000e+03
8.021752441406250000e+03
8.035079589843750000e+03
8.042768554687500000e+03
8.050212890625000000e+03
8.060241699218750000e+03
8.053610839843750000e+03
8.042872070312500000e+03
8.051459960937500000e+03
8.059996093750000000e+03
8.064916992187500000e+03
8.059262207031250000e+03
8.052306640625000000e+03
8.036515136718750000e+03
8.013774414062500000e+03
8.005190917968750000e+03
8.011717773437500000e+03
8.049838867187500000e+03
8.072048828125000000e+03
8.074801757812500000e+03
8.071956054687500000e+03
8.066228027343750000e+03
8.067523437500000000e+03
8.065057617187500000e+03
8.064613769531250000e+03
8.064539550781250000e+03
8.045448242187500000e+03
8.028865722656250000e+03
8.036073730468750000e+03
8.030168945312500000e+03
8.027961425781250000e+03
8.027363769531250000e+03
7.991802734375000000e+03
7.998584472656250000e+03
8.007533691406250000e+03
8.031325195312500000e+03
8.041259765625000000e+03
8.058788085937500000e+03
8.073460937500000000e+03
8.077161621093750000e+03
8.066824218750000000e+03
8.067131835937500000e+03
8.072045898437500000e+03
8.051152832031250000e+03
8.039833984375000000e+03
8.024170410156250000e+03
8.021607421875000000e+03
8.030520507812500000e+03
8.037012695312500000e+03
8.035663574218750000e+03
8.053470703125000000e+03
8.069957031250000000e+03
8.073196289062500000e+03
8.090676757812500000e+03
8.094429687500000000e+03
8.090588378906250000e+03
8.087927246093750000e+03
8.079026367187500000e+03
8.060177734375000000e+03
8.069140136718750000e+03
8.073581542968750000e+03
8.078527832031250000e+03
8.072346679687500000e+03
8.052355468750000000e+03
8.048360839843750000e+03
8.037855957031250000e+03
8.027354980468750000e+03
8.038098144531250000e+03
8.048572753906250000e+03
8.051473144531250000e+03
8.055345703125000000e+03
8.067726074218750000e+03
8.067972167968750000e+03
8.073656250000000000e+03
8.077738281250000000e+03
8.080952636718750000e+03
8.086416992187500000e+03
8.074720703125000000e+03
8.054128906250000000e+03
8.046593261718750000e+03
8.030177734375000000e+03
8.023822265625000000e+03
8.037549316406250000e+03
8.043458496093750000e+03
8.040338867187500000e+03
8.053298828125000000e+03
8.067193847656250000e+03
8.064390625000000000e+03
8.061645996093750000e+03
8.022718261718750000e+03
7.986512207031250000e+03
8.001596191406250000e+03
8.012115722656250000e+03
8.004968750000000000e+03
8.013927734375000000e+03
8.023248046875000000e+03
8.016134765625000000e+03
8.009456542968750000e+03
7.837166015625000000e+03
7.862923828125000000e+03
7.855521484375000000e+03
7.883151855468750000e+03
7.875942871093750000e+03
7.896830566406250000e+03
7.863316894531250000e+03
7.865415527343750000e+03
7.871294433593750000e+03
7.769676269531250000e+03
7.728109375000000000e+03
7.789803710937500000e+03
7.747604980468750000e+03
7.741371582031250000e+03
7.777890625000000000e+03
7.747268554687500000e+03
7.752443359375000000e+03
7.727900390625000000e+03
7.719413574218750000e+03
7.709387207031250000e+03
7.733054687500000000e+03
7.745826660156250000e+03
7.769214355468750000e+03
7.789190429687500000e+03
7.781529785156250000e+03
7.807133300781250000e+03
7.790473144531250000e+03
7.754060058593750000e+03
7.700254882812500000e+03
7.650675292968750000e+03
7.677909179687500000e+03
7.630409667968750000e+03
7.658969726562500000e+03
7.641671875000000000e+03
7.636117187500000000e+03
7.601015136718750000e+03
7.684882324218750000e+03
7.619670898437500000e+03
7.686334472656250000e+03
7.630903320312500000e+03
7.636437988281250000e+03
7.634737792968750000e+03
7.654419921875000000e+03
7.661702636718750000e+03
7.652863769531250000e+03
7.726360839843750000e+03
7.674316406250000000e+03
7.678350097656250000e+03
7.638675781250000000e+03
7.616293457031250000e+03
7.624294433593750000e+03
7.602434082031250000e+03
7.616052734375000000e+03
7.613649902343750000e+03
7.558032226562500000e+03
7.634509277343750000e+03
7.616534667968750000e+03
7.635931640625000000e+03
7.637236328125000000e+03
7.639417968750000000e+03
7.657125000000000000e+03
7.663904785156250000e+03
7.644087402343750000e+03
7.739395996093750000e+03
7.698013671875000000e+03
7.726962402343750000e+03
7.708327148437500000e+03
7.738016113281250000e+03
7.735256347656250000e+03
7.717321289062500000e+03
7.728648437500000000e+03
7.728854003906250000e+03
7.711774902343750000e+03
7.721837890625000000e+03
7.731553222656250000e+03
7.733887695312500000e+03
7.741882324218750000e+03
7.745108398437500000e+03
7.769458496093750000e+03
7.742765625000000000e+03
7.753666992187500000e+03
7.706419921875000000e+03
7.704072265625000000e+03
7.687963867187500000e+03
7.716568847656250000e+03
7.714181640625000000e+03
7.706156738281250000e+03
7.725188964843750000e+03
7.717447265625000000e+03
7.703063964843750000e+03
7.621145507812500000e+03
7.622656250000000000e+03
7.613052734375000000e+03
7.623815429687500000e+03
7.651518066406250000e+03
7.642755859375000000e+03
7.636341308593750000e+03
7.655554687500000000e+03
7.641516601562500000e+03
7.697860839843750000e+03
7.660442382812500000e+03
7.693807617187500000e+03
7.692921875000000000e+03
7.687385253906250000e+03
7.703787109375000000e+03
7.688538574218750000e+03
7.691172363281250000e+03
7.692202636718750000e+03
7.720148925781250000e+03
7.696440917968750000e+03
7.695322753906250000e+03
7.687502929687500000e+03
7.692622558593750000e+03
7.682442382812500000e+03
7.697876464843750000e+03
7.695989746093750000e+03
7.699750488281250000e+03
7.723111816406250000e+03
7.729223632812500000e+03
7.731709472656250000e+03
7.735027832031250000e+03
7.735053710937500000e+03
7.743085937500000000e+03
7.747697753906250000e+03
7.737079589843750000e+03
7.744891113281250000e+03
7.786649414062500000e+03
7.781244140625000000e+03
7.788975585937500000e+03
7.805701660156250000e+03
7.797890625000000000e+03
7.782725097656250000e+03
7.788729980468750000e+03
7.781521972656250000e+03
7.793986328125000000e+03
7.793870117187500000e+03
7.796024902343750000e+03
7.798256835937500000e+03
7.799881347656250000e+03
7.798367675781250000e+03
7.805624023437500000e+03
7.793501464843750000e+03
7.810582031250000000e+03
7.795921386718750000e+03
7.847038085937500000e+03
7.839690917968750000e+03
7.837416015625000000e+03
7.846363281250000000e+03
7.828708984375000000e+03
7.821889160156250000e+03
7.844405761718750000e+03
7.822776855468750000e+03
7.821764648437500000e+03
7.847089355468750000e+03
7.817804199218750000e+03
7.832550781250000000e+03
7.823385253906250000e+03
7.825315917968750000e+03
7.834349121093750000e+03
7.816584960937500000e+03
7.802132812500000000e+03
7.793182617187500000e+03
7.810336914062500000e+03
7.805340820312500000e+03
7.814401367187500000e+03
7.822501953125000000e+03
7.813858398437500000e+03
7.815556152343750000e+03
7.827346679687500000e+03
7.800324218750000000e+03
7.813120605468750000e+03
7.861186523437500000e+03
7.849261230468750000e+03
7.856345703125000000e+03
7.866967773437500000e+03
7.866128906250000000e+03
7.877882324218750000e+03
7.869455566406250000e+03
7.881796875000000000e+03
7.880447753906250000e+03
7.919168945312500000e+03
7.911526855468750000e+03
7.909145019531250000e+03
7.893675292968750000e+03
7.894333984375000000e+03
7.897456054687500000e+03
7.913555664062500000e+03
7.913793457031250000e+03
7.915394042968750000e+03
7.947436035156250000e+03
7.962087402343750000e+03
7.969541992187500000e+03
7.960471679687500000e+03
7.961734863281250000e+03
7.971037109375000000e+03
7.965020019531250000e+03
7.945743652343750000e+03
7.946015136718750000e+03
7.954430175781250000e+03
7.945520996093750000e+03
7.949346679687500000e+03
7.954107421875000000e+03
7.954609375000000000e+03
7.970731445312500000e+03
7.960967773437500000e+03
7.963108886718750000e+03
7.971252929687500000e+03
7.984874511718750000e+03
7.990197753906250000e+03
7.996305664062500000e+03
8.003443359375000000e+03
8.015716796875000000e+03
8.018805175781250000e+03
8.023556640625000000e+03
8.012202636718750000e+03
7.998923339843750000e+03
8.025418457031250000e+03
8.039572265625000000e+03
8.036445312500000000e+03
8.028996582031250000e+03
8.019281738281250000e+03
8.008187011718750000e+03
8.009815917968750000e+03
8.009084472656250000e+03
8.007447753906250000e+03
8.024151367187500000e+03
8.026126464843750000e+03
8.025064453125000000e+03
8.026774414062500000e+03
8.016857421875000000e+03
8.021585937500000000e+03
8.033079101562500000e+03
8.036065917968750000e+03
8.036942382812500000e+03
8.021826660156250000e+03
8.009284179687500000e+03
8.005701171875000000e+03
8.007583984375000000e+03
8.018104003906250000e+03
8.019024414062500000e+03
8.020689453125000000e+03
8.025421386718750000e+03
8.027186035156250000e+03
8.013368652343750000e+03
8.009047851562500000e+03
8.008981445312500000e+03
8.015499023437500000e+03
8.012078613281250000e+03
8.012631347656250000e+03
8.012577148437500000e+03
8.025533691406250000e+03
8.028823730468750000e+03
8.029604003906250000e+03
8.048137207031250000e+03
8.053768066406250000e+03
8.043589843750000000e+03
8.038765625000000000e+03
8.042161132812500000e+03
8.033821289062500000e+03
8.031908691406250000e+03
8.033254882812500000e+03
8.033888671875000000e+03
8.027482910156250000e+03
8.036255371093750000e+03
8.038046875000000000e+03
8.038259277343750000e+03
8.033118652343750000e+03
8.040477050781250000e+03
8.044554687500000000e+03
8.041455078125000000e+03
8.014936035156250000e+03
8.015372070312500000e+03
8.015524902343750000e+03
8.012603515625000000e+03
8.020321289062500000e+03
8.024529296875000000e+03
8.013903320312500000e+03
8.009930664062500000e+03
8.019275878906250000e+03
7.982768554687500000e+03
7.987001953125000000e+03
7.990046386718750000e+03
7.989545898437500000e+03
7.991069335937500000e+03
7.994601074218750000e+03
7.978619628906250000e+03
7.965513671875000000e+03
7.977512695312500000e+03
7.979566894531250000e+03
7.979389648437500000e+03
7.980379394531250000e+03
7.977877929687500000e+03
7.974151367187500000e+03
7.979910156250000000e+03
7.975471191406250000e+03
7.955676269531250000e+03
7.952412109375000000e+03
7.952079101562500000e+03
7.920574218750000000e+03
7.943000000000000000e+03
7.937801757812500000e+03
7.949258300781250000e+03
7.963526855468750000e+03
7.972101074218750000e+03
7.977233886718750000e+03
7.988143554687500000e+03
8.006283691406250000e+03
7.994767578125000000e+03
7.996516113281250000e+03
7.993684082031250000e+03
7.992352050781250000e+03
7.983882812500000000e+03
7.958871582031250000e+03
7.908980468750000000e+03
7.899719726562500000e+03
7.934826660156250000e+03
7.922069335937500000e+03
7.918304687500000000e+03
7.915750488281250000e+03
7.919217773437500000e+03
7.920522460937500000e+03
7.921285644531250000e+03
7.922454101562500000e+03
7.918805664062500000e+03
7.892937988281250000e+03
7.877717773437500000e+03
7.868090332031250000e+03
7.852486816406250000e+03
7.860174316406250000e+03
7.865207031250000000e+03
7.868874511718750000e+03
7.836062500000000000e+03
7.849142089843750000e+03
7.881057128906250000e+03
7.874925292968750000e+03
7.865237792968750000e+03
7.873381347656250000e+03
7.880168945312500000e+03
7.880651367187500000e+03
7.896404296875000000e+03
7.910207031250000000e+03
7.915152832031250000e+03
7.902745605468750000e+03
7.892415039062500000e+03
7.885566406250000000e+03
7.878193359375000000e+03
7.877000488281250000e+03
7.871223144531250000e+03
7.895426757812500000e+03
7.893029296875000000e+03
7.886340820312500000e+03
7.891194824218750000e+03
7.881445800781250000e+03
7.881858886718750000e+03
7.884753417968750000e+03
7.888064453125000000e+03
7.902120117187500000e+03
7.874875976562500000e+03
7.867197753906250000e+03
7.874284179687500000e+03
7.914001953125000000e+03
7.892484375000000000e+03
7.875476074218750000e+03
7.878217773437500000e+03
7.848149414062500000e+03
7.837502441406250000e+03
7.826420410156250000e+03
7.858052246093750000e+03
7.865872070312500000e+03
7.893308105468750000e+03
7.900325195312500000e+03
7.899960937500000000e+03
7.884778808593750000e+03
7.876194824218750000e+03
7.882660644531250000e+03
7.898417968750000000e+03
7.888249511718750000e+03
7.885148437500000000e+03
7.914554199218750000e+03
7.902397949218750000e+03
7.916191406250000000e+03
7.923020507812500000e+03
7.921134765625000000e+03
7.906246582031250000e+03
7.899164062500000000e+03
7.902351562500000000e+03
7.905144042968750000e+03
7.925838867187500000e+03
7.920897949218750000e+03
7.911363281250000000e+03
7.915893554687500000e+03
7.906126953125000000e+03
7.905597167968750000e+03
7.877964355468750000e+03
7.876523925781250000e+03
7.884297363281250000e+03
7.863721679687500000e+03
7.890546386718750000e+03
7.886094238281250000e+03
7.880071289062500000e+03
7.875169433593750000e+03
7.879466308593750000e+03
7.867202148437500000e+03
7.852444824218750000e+03
7.857389160156250000e+03
7.900964355468750000e+03
7.906133300781250000e+03
7.902875976562500000e+03
7.903664062500000000e+03
7.893565429687500000e+03
7.887822753906250000e+03
7.869260253906250000e+03
7.878490722656250000e+03
7.880147949218750000e+03
7.899708496093750000e+03
7.907105468750000000e+03
7.907498046875000000e+03
7.903602539062500000e+03
7.906572265625000000e+03
7.905962402343750000e+03
7.916422363281250000e+03
7.915854003906250000e+03
7.901171386718750000e+03
7.906037597656250000e+03
7.910066406250000000e+03
7.904143066406250000e+03
7.888726074218750000e+03
7.890436523437500000e+03
7.883243164062500000e+03
7.899311523437500000e+03
7.897373535156250000e+03
7.904582031250000000e+03
7.894772949218750000e+03
7.905646972656250000e+03
7.913478027343750000e+03
7.923886230468750000e+03
7.921230468750000000e+03
7.927380859375000000e+03
7.897558593750000000e+03
7.890865722656250000e+03
7.891799316406250000e+03
7.776733398437500000e+03
7.809412597656250000e+03
7.782499511718750000e+03
7.782839355468750000e+03
7.781443847656250000e+03
7.784945800781250000e+03
7.759880859375000000e+03
7.789784667968750000e+03
7.771436035156250000e+03
7.756991699218750000e+03
7.781425781250000000e+03
7.782810058593750000e+03
7.777784179687500000e+03
7.774017089843750000e+03
7.781469238281250000e+03
7.741973632812500000e+03
7.773886718750000000e+03
7.748034179687500000e+03
7.776891601562500000e+03
7.743715332031250000e+03
7.745307128906250000e+03
7.768853515625000000e+03
7.764664062500000000e+03
7.769417968750000000e+03
7.794843261718750000e+03
7.806731933593750000e+03
7.795440429687500000e+03
7.781755371093750000e+03
7.783248046875000000e+03
7.770307128906250000e+03
7.759435058593750000e+03
7.762272949218750000e+03
7.757479492187500000e+03
7.736807128906250000e+03
7.727516601562500000e+03
7.710918945312500000e+03
7.684539550781250000e+03
7.720146484375000000e+03
7.701861328125000000e+03
7.716447265625000000e+03
7.709723632812500000e+03
7.705598632812500000e+03
7.691325195312500000e+03
7.668515625000000000e+03
7.674877929687500000e+03
7.705011230468750000e+03
7.698536621093750000e+03
7.692696289062500000e+03
7.687736328125000000e+03
7.686968261718750000e+03
7.680999511718750000e+03
7.668186035156250000e+03
7.718127441406250000e+03
7.693591308593750000e+03
7.749772460937500000e+03
7.731483886718750000e+03
7.754720703125000000e+03
7.742186035156250000e+03
7.745579101562500000e+03
7.753336914062500000e+03
7.765422851562500000e+03
7.775395019531250000e+03
7.787762695312500000e+03
7.816307128906250000e+03
7.811552246093750000e+03
7.807202636718750000e+03
7.810820800781250000e+03
7.806970214843750000e+03
7.807511718750000000e+03
7.790514160156250000e+03
7.769748046875000000e+03
7.768969726562500000e+03
7.762453613281250000e+03
7.730346191406250000e+03
7.767962890625000000e+03
7.745255371093750000e+03
7.763835449218750000e+03
7.771716796875000000e+03
7.782062011718750000e+03
7.794711425781250000e+03
7.799295898437500000e+03
7.782044921875000000e+03
7.797974609375000000e+03
7.791112792968750000e+03
7.805272460937500000e+03
7.801816406250000000e+03
7.796162597656250000e+03
7.798090820312500000e+03
7.780196289062500000e+03
7.793746093750000000e+03
7.782874023437500000e+03
7.769359375000000000e+03
7.785038085937500000e+03
7.786559082031250000e+03
7.791020019531250000e+03
7.783366699218750000e+03
7.760646972656250000e+03
7.777093750000000000e+03
7.766719726562500000e+03
7.781206054687500000e+03
7.765353515625000000e+03
7.753573730468750000e+03
7.745315429687500000e+03
7.736910644531250000e+03
7.744962402343750000e+03
7.741727050781250000e+03
7.761538085937500000e+03
7.736016601562500000e+03
7.779163085937500000e+03
7.750668945312500000e+03
7.750720703125000000e+03
7.744759277343750000e+03
7.755022460937500000e+03
7.750826171875000000e+03
7.763362304687500000e+03
7.743255371093750000e+03
7.751867675781250000e+03
7.767989746093750000e+03
7.758594726562500000e+03
7.753469238281250000e+03
7.743932128906250000e+03
7.747386718750000000e+03
7.770489746093750000e+03
7.779694824218750000e+03
7.770707031250000000e+03
7.771465332031250000e+03
7.776741699218750000e+03
7.780343750000000000e+03
7.790676269531250000e+03
7.804331054687500000e+03
7.797327148437500000e+03
7.776927246093750000e+03
7.789899414062500000e+03
7.770184570312500000e+03
7.785904785156250000e+03
7.757494628906250000e+03
7.779843261718750000e+03
7.783354980468750000e+03
7.772699707031250000e+03
7.779132812500000000e+03
7.774620117187500000e+03
7.786047363281250000e+03
7.785831542968750000e+03
7.800527832031250000e+03
7.833247070312500000e+03
7.840589355468750000e+03
7.804651855468750000e+03
7.817826171875000000e+03
7.803512695312500000e+03
7.820053710937500000e+03
7.801023925781250000e+03
7.810906250000000000e+03
7.798584472656250000e+03
7.772130859375000000e+03
7.776280761718750000e+03
7.785552734375000000e+03
7.768263671875000000e+03
7.778728027343750000e+03
7.771542968750000000e+03
7.768369628906250000e+03
7.759379882812500000e+03
7.760594238281250000e+03
7.774900878906250000e+03
7.762050781250000000e+03
7.764578613281250000e+03
7.765105957031250000e+03
7.771215332031250000e+03
7.770989746093750000e+03
7.765812500000000000e+03
7.748882324218750000e+03
7.748882324218750000e+03
7.723642089843750000e+03
7.754117187500000000e+03
7.754392089843750000e+03
7.743760253906250000e+03
7.738424316406250000e+03
7.722299316406250000e+03
7.742994140625000000e+03
7.748671386718750000e+03
7.743743164062500000e+03
7.657889160156250000e+03
7.720742187500000000e+03
7.685993652343750000e+03
7.706716308593750000e+03
7.675483398437500000e+03
7.713260742187500000e+03
7.687169921875000000e+03
7.710129394531250000e+03
7.693834472656250000e+03
7.674898437500000000e+03
7.709884277343750000e+03
7.690096679687500000e+03
7.690530761718750000e+03
7.692478027343750000e+03
7.664231933593750000e+03
7.684484863281250000e+03
7.695134765625000000e+03
7.672994140625000000e+03
7.665921386718750000e+03
7.639506347656250000e+03
7.681521484375000000e+03
7.665786621093750000e+03
7.690333007812500000e+03
7.670993652343750000e+03
7.688435546875000000e+03
7.674126953125000000e+03
7.676744140625000000e+03
7.696293945312500000e+03
7.672020019531250000e+03
7.678032714843750000e+03
7.677667480468750000e+03
7.658077148437500000e+03
7.674429199218750000e+03
7.667301269531250000e+03
7.689045898437500000e+03
7.680734863281250000e+03
7.706448242187500000e+03
7.699307617187500000e+03
7.712986328125000000e+03
7.714822265625000000e+03
7.709085449218750000e+03
7.714638671875000000e+03
7.698877929687500000e+03
7.709831542968750000e+03
7.704562500000000000e+03
7.692305175781250000e+03
7.704032714843750000e+03
7.687421875000000000e+03
7.701040527343750000e+03
7.684457031250000000e+03
7.688270019531250000e+03
7.684842773437500000e+03
7.693480957031250000e+03
7.686191894531250000e+03
7.715536132812500000e+03
7.709198242187500000e+03
7.728809570312500000e+03
7.718387695312500000e+03
7.722991210937500000e+03
7.730613769531250000e+03
7.735477539062500000e+03
7.730599121093750000e+03
7.726556640625000000e+03
7.745402832031250000e+03
7.736790039062500000e+03
7.740237304687500000e+03
7.744505371093750000e+03
7.742223632812500000e+03
7.720744140625000000e+03
7.714744628906250000e+03
7.729391113281250000e+03
7.719600097656250000e+03
7.723823242187500000e+03
7.727424804687500000e+03
7.740477539062500000e+03
7.728564941406250000e+03
7.730592773437500000e+03
7.721151855468750000e+03
7.719528320312500000e+03
7.717471191406250000e+03
7.716941406250000000e+03
7.681825683593750000e+03
7.696911132812500000e+03
7.684576171875000000e+03
7.694867187500000000e+03
7.685628906250000000e+03
7.681994628906250000e+03
7.673514160156250000e+03
7.664663574218750000e+03
7.672410644531250000e+03
7.603749511718750000e+03
7.630394531250000000e+03
7.609948242187500000e+03
7.615336425781250000e+03
7.617812011718750000e+03
7.594916992187500000e+03
7.597146484375000000e+03
7.578482910156250000e+03
7.584730957031250000e+03
7.565192382812500000e+03
7.579035644531250000e+03
7.585359863281250000e+03
7.580323242187500000e+03
7.582382812500000000e+03
7.587339843750000000e+03
7.580213378906250000e+03
7.591296386718750000e+03
7.579148925781250000e+03
7.586053222656250000e+03
7.590606933593750000e+03
7.590712402343750000e+03
7.590149902343750000e+03
7.603457031250000000e+03
7.598174804687500000e+03
7.604577148437500000e+03
7.593109375000000000e+03
7.591995605468750000e+03
7.589515625000000000e+03
7.578109375000000000e+03
7.586401367187500000e+03
7.585970214843750000e+03
7.582474121093750000e+03
7.592621093750000000e+03
7.587043457031250000e+03
7.589571289062500000e+03
7.596646972656250000e+03
7.625566406250000000e+03
7.630387207031250000e+03
7.636711914062500000e+03
7.637242187500000000e+03
7.649675781250000000e+03
7.653165039062500000e+03
7.652255859375000000e+03
7.665841796875000000e+03
7.664989746093750000e+03
7.675277343750000000e+03
7.662739257812500000e+03
7.674660644531250000e+03
7.674527832031250000e+03
7.672839355468750000e+03
7.675675292968750000e+03
7.679292480468750000e+03
7.669613281250000000e+03
7.671739257812500000e+03
7.669966308593750000e+03
7.678110839843750000e+03
7.668531738281250000e+03
7.681892089843750000e+03
7.677923828125000000e+03
7.701609863281250000e+03
7.669935058593750000e+03
7.668416992187500000e+03
7.668640625000000000e+03
7.653330078125000000e+03
7.651612792968750000e+03
7.648623535156250000e+03
7.657458496093750000e+03
7.652855957031250000e+03
7.656774902343750000e+03
7.656887695312500000e+03
7.654557617187500000e+03
7.654554199218750000e+03
7.656774902343750000e+03
7.660416015625000000e+03
7.660756835937500000e+03
7.651011230468750000e+03
7.654829101562500000e+03
7.648320312500000000e+03
7.675744140625000000e+03
7.675124023437500000e+03
7.684710449218750000e+03
7.758715332031250000e+03
7.742809570312500000e+03
7.751463378906250000e+03
7.756480468750000000e+03
7.750384765625000000e+03
7.757058593750000000e+03
7.787111328125000000e+03
7.760560058593750000e+03
7.773349121093750000e+03
7.809769042968750000e+03
7.806012207031250000e+03
7.804797851562500000e+03
7.806176757812500000e+03
7.809246582031250000e+03
7.796626953125000000e+03
7.825564453125000000e+03
7.799614257812500000e+03
7.814846679687500000e+03
7.803906250000000000e+03
7.815926269531250000e+03
7.802116210937500000e+03
7.813167480468750000e+03
7.814085937500000000e+03
7.829868652343750000e+03
7.803617675781250000e+03
7.818817871093750000e+03
7.812697265625000000e+03
7.807560058593750000e+03
7.822240722656250000e+03
7.823947753906250000e+03
7.810491699218750000e+03
7.801840332031250000e+03
7.809248046875000000e+03
7.817484863281250000e+03
7.831728515625000000e+03
7.835244140625000000e+03
7.839074707031250000e+03
7.841052246093750000e+03
7.838023437500000000e+03
7.835244140625000000e+03
7.845691894531250000e+03
7.836946777343750000e+03
7.839430664062500000e+03
7.841912109375000000e+03
7.838429687500000000e+03
7.830883300781250000e+03
7.817909667968750000e+03
7.809270996093750000e+03
7.796879882812500000e+03
7.799849609375000000e+03
7.794522949218750000e+03
7.806657714843750000e+03
7.818313964843750000e+03
7.826566406250000000e+03
7.840859375000000000e+03
7.850546386718750000e+03
7.840760742187500000e+03
7.844694335937500000e+03
7.846231933593750000e+03
7.855175292968750000e+03
7.851957519531250000e+03
7.845252441406250000e+03
7.846646972656250000e+03
7.853082519531250000e+03
7.856412109375000000e+03
7.849743164062500000e+03
7.840477539062500000e+03
7.836487792968750000e+03
7.852483398437500000e+03
7.839824218750000000e+03
7.839663085937500000e+03
7.844567871093750000e+03
7.816920410156250000e+03
7.837200195312500000e+03
7.834057617187500000e+03
7.838312500000000000e+03
7.841425781250000000e+03
7.849785644531250000e+03
7.861873535156250000e+03
7.854667968750000000e+03
7.846058105468750000e+03
7.845390625000000000e+03
7.834511230468750000e+03
7.806873046875000000e+03
7.840901855468750000e+03
7.827268066406250000e+03
7.822508789062500000e+03
7.836876464843750000e+03
7.818070800781250000e+03
7.815546386718750000e+03
7.710924804687500000e+03
7.725651367187500000e+03
7.737704589843750000e+03
7.771044433593750000e+03
7.758569335937500000e+03
7.758706542968750000e+03
7.766065917968750000e+03
7.715509277343750000e+03
7.743798339843750000e+03
7.639251953125000000e+03
7.690559082031250000e+03
7.692517578125000000e+03
7.715810546875000000e+03
7.708289062500000000e+03
7.712697265625000000e+03
7.716095703125000000e+03
7.712270996093750000e+03
7.722089355468750000e+03
7.735731445312500000e+03
7.726606445312500000e+03
7.729321777343750000e+03
7.700160156250000000e+03
7.699685546875000000e+03
7.710046875000000000e+03
7.731664550781250000e+03
7.753027343750000000e+03
7.748291503906250000e+03
7.730024902343750000e+03
7.715982421875000000e+03
7.722489257812500000e+03
7.707554687500000000e+03
7.732857421875000000e+03
7.731963378906250000e+03
7.722609375000000000e+03
7.744492675781250000e+03
7.740309082031250000e+03
7.730273925781250000e+03
7.729539062500000000e+03
7.708298828125000000e+03
7.707528808593750000e+03
7.701630859375000000e+03
7.711047363281250000e+03
7.719604492187500000e+03
7.716087402343750000e+03
7.724227050781250000e+03
7.780739257812500000e+03
7.758349121093750000e+03
7.780227050781250000e+03
7.759668457031250000e+03
7.763085937500000000e+03
7.740102050781250000e+03
7.778724609375000000e+03
7.759455078125000000e+03
7.759126464843750000e+03
7.771614257812500000e+03
7.765485351562500000e+03
7.760429687500000000e+03
7.761225097656250000e+03
7.765243164062500000e+03
7.773386718750000000e+03
7.786359863281250000e+03
7.780272460937500000e+03
7.787211914062500000e+03
7.733878417968750000e+03
7.729776367187500000e+03
7.724395996093750000e+03
7.729890625000000000e+03
7.725340332031250000e+03
7.704939453125000000e+03
7.727106933593750000e+03
7.722388671875000000e+03
7.718541503906250000e+03
7.715482910156250000e+03
7.709147949218750000e+03
7.706840820312500000e+03
7.708689941406250000e+03
7.696914550781250000e+03
7.696354492187500000e+03
7.699526367187500000e+03
7.712849609375000000e+03
7.699255371093750000e+03
7.643969238281250000e+03
7.659276367187500000e+03
7.641111328125000000e+03
7.637789062500000000e+03
7.651643066406250000e+03
7.654796386718750000e+03
7.650772460937500000e+03
7.621606933593750000e+03
7.646656250000000000e+03
7.627511718750000000e+03
7.644888671875000000e+03
7.622614746093750000e+03
7.632420410156250000e+03
7.623377929687500000e+03
7.618393066406250000e+03
7.626198730468750000e+03
7.625965820312500000e+03
7.625787597656250000e+03
7.604664550781250000e+03
7.620339355468750000e+03
7.617375000000000000e+03
7.627467285156250000e+03
7.616943847656250000e+03
7.618168945312500000e+03
7.605160644531250000e+03
7.614375976562500000e+03
7.597817871093750000e+03
7.574060058593750000e+03
7.586717285156250000e+03
7.573819335937500000e+03
7.582646972656250000e+03
7.569496582031250000e+03
7.567130859375000000e+03
7.565316406250000000e+03
7.588246093750000000e+03
7.585445312500000000e+03
7.601147949218750000e+03
7.600196777343750000e+03
7.615345703125000000e+03
7.601514648437500000e+03
7.604831054687500000e+03
7.590486816406250000e+03
7.590244140625000000e+03
7.584194824218750000e+03
7.585338867187500000e+03
7.597874511718750000e+03
7.595687500000000000e+03
7.609367187500000000e+03
7.603839355468750000e+03
7.605600585937500000e+03
7.602390625000000000e+03
7.587876953125000000e+03
7.595669921875000000e+03
7.589430175781250000e+03
7.609356445312500000e+03
7.613630859375000000e+03
7.630498046875000000e+03
7.604135253906250000e+03
7.618688476562500000e+03
7.604632812500000000e+03
7.608428222656250000e+03
7.616009277343750000e+03
7.613922851562500000e+03
7.643659667968750000e+03
7.618988281250000000e+03
7.623728027343750000e+03
7.628770996093750000e+03
7.616961425781250000e+03
7.621972167968750000e+03
7.633756835937500000e+03
7.612569824218750000e+03
7.621773437500000000e+03
7.628595214843750000e+03
7.627942871093750000e+03
7.630971679687500000e+03
7.636664550781250000e+03
7.635924316406250000e+03
7.646981933593750000e+03
7.617567382812500000e+03
7.617403320312500000e+03
7.623092773437500000e+03
7.696291015625000000e+03
7.654151367187500000e+03
7.697838867187500000e+03
7.661409179687500000e+03
7.681749511718750000e+03
7.667073730468750000e+03
7.690876953125000000e+03
7.681406738281250000e+03
7.692917480468750000e+03
7.722727539062500000e+03
7.674567871093750000e+03
7.693674804687500000e+03
7.699002441406250000e+03
7.702547363281250000e+03
7.699530273437500000e+03
7.698791015625000000e+03
7.684967285156250000e+03
7.691115234375000000e+03
7.690793457031250000e+03
7.687742187500000000e+03
7.685472167968750000e+03
7.693437988281250000e+03
7.698490722656250000e+03
7.700913085937500000e+03
7.688366699218750000e+03
7.677868652343750000e+03
7.670779785156250000e+03
7.699722656250000000e+03
7.682462890625000000e+03
7.694028320312500000e+03
7.696960937500000000e+03
7.694359863281250000e+03
7.687762695312500000e+03
7.688900878906250000e+03
7.689693359375000000e+03
7.682834960937500000e+03
7.727533691406250000e+03
7.711034179687500000e+03
7.705410644531250000e+03
7.702304199218750000e+03
7.698325683593750000e+03
7.694989257812500000e+03
7.686349609375000000e+03
7.667384765625000000e+03
7.678937011718750000e+03
7.628627929687500000e+03
7.688652343750000000e+03
7.673320312500000000e+03
7.688797363281250000e+03
7.687548339843750000e+03
7.681627929687500000e+03
7.690386718750000000e+03
7.663039550781250000e+03
7.671830566406250000e+03
7.615323242187500000e+03
7.647412109375000000e+03
7.631617187500000000e+03
7.645803222656250000e+03
7.639260253906250000e+03
7.660022949218750000e+03
7.669427246093750000e+03
7.662534179687500000e+03
7.659185058593750000e+03
7.649991210937500000e+03
7.679429199218750000e+03
7.671393066406250000e+03
7.684221191406250000e+03
7.661540039062500000e+03
7.671654785156250000e+03
7.674008300781250000e+03
7.664175292968750000e+03
7.674506347656250000e+03
7.679405761718750000e+03
7.642897949218750000e+03
7.656248535156250000e+03
7.671620117187500000e+03
7.660701171875000000e+03
7.682328613281250000e+03
7.672365234375000000e+03
7.700573730468750000e+03
7.687979492187500000e+03
7.747379882812500000e+03
7.679629394531250000e+03
7.721792480468750000e+03
7.687598632812500000e+03
7.695071289062500000e+03
7.688469238281250000e+03
7.689994628906250000e+03
7.715670898437500000e+03
7.695913574218750000e+03
7.734555664062500000e+03
7.723868164062500000e+03
7.726953125000000000e+03
7.734763671875000000e+03
7.710609375000000000e+03
7.734377929687500000e+03
7.719271484375000000e+03
7.724695800781250000e+03
7.726195800781250000e+03
7.719752441406250000e+03
7.703686523437500000e+03
7.725648925781250000e+03
7.694277343750000000e+03
7.712980468750000000e+03
7.724960449218750000e+03
7.733438476562500000e+03
7.729158691406250000e+03
7.729253906250000000e+03
7.742390625000000000e+03
7.742186523437500000e+03
7.766600585937500000e+03
7.793490722656250000e+03
7.743301757812500000e+03
7.806946777343750000e+03
7.808203613281250000e+03
7.846267089843750000e+03
7.842318359375000000e+03
7.887830078125000000e+03
7.889874511718750000e+03
7.871720214843750000e+03
7.885918945312500000e+03
7.880832519531250000e+03
7.869515625000000000e+03
7.876116699218750000e+03
7.866116699218750000e+03
7.866127929687500000e+03
7.848240234375000000e+03
7.844087402343750000e+03
7.825951171875000000e+03
7.833626953125000000e+03
7.820065917968750000e+03
7.827281738281250000e+03
7.793649414062500000e+03
7.809289062500000000e+03
7.796953613281250000e+03
7.827210449218750000e+03
7.821051269531250000e+03
7.813489257812500000e+03
7.816799804687500000e+03
7.808581542968750000e+03
7.809789550781250000e+03
7.820374511718750000e+03
7.801260253906250000e+03
7.816729003906250000e+03
7.858232910156250000e+03
7.856131347656250000e+03
7.862658203125000000e+03
7.865250976562500000e+03
7.861097656250000000e+03
7.869115234375000000e+03
7.876068359375000000e+03
7.875905273437500000e+03
7.878002929687500000e+03
7.827947753906250000e+03
7.838773925781250000e+03
7.825788574218750000e+03
7.829074707031250000e+03
7.864021972656250000e+03
7.847487792968750000e+03
7.861935546875000000e+03
7.827502441406250000e+03
7.825350097656250000e+03
7.823724121093750000e+03
7.852689941406250000e+03
7.867125000000000000e+03
7.875246093750000000e+03
7.861271484375000000e+03
7.862449707031250000e+03
7.832970703125000000e+03
7.844606445312500000e+03
7.830074707031250000e+03
7.818243164062500000e+03
7.772839843750000000e+03
7.804355468750000000e+03
7.787612304687500000e+03
7.778996582031250000e+03
7.766062011718750000e+03
7.764171386718750000e+03
7.762720703125000000e+03
7.788389648437500000e+03
7.789062011718750000e+03
7.803314941406250000e+03
7.779212402343750000e+03
7.797390136718750000e+03
7.794491699218750000e+03
7.803404296875000000e+03
7.811075683593750000e+03
7.793728027343750000e+03
7.795351074218750000e+03
7.794292968750000000e+03
7.792387695312500000e+03
7.774146484375000000e+03
7.775582519531250000e+03
7.790077148437500000e+03
7.787314453125000000e+03
7.784943847656250000e+03
7.745583984375000000e+03
7.771221679687500000e+03
7.737869140625000000e+03
7.725363281250000000e+03
7.739103515625000000e+03
7.759028808593750000e+03
7.734129394531250000e+03
7.762459960937500000e+03
7.744163085937500000e+03
7.778813476562500000e+03
7.773144531250000000e+03
7.825909179687500000e+03
7.813183105468750000e+03
7.833795898437500000e+03
7.823519042968750000e+03
7.810581542968750000e+03
7.810437500000000000e+03
7.804523925781250000e+03
7.796334960937500000e+03
7.786529785156250000e+03
7.784116699218750000e+03
7.766838378906250000e+03
7.744077148437500000e+03
7.756694335937500000e+03
7.757638671875000000e+03
7.741387207031250000e+03
7.712261718750000000e+03
7.694812500000000000e+03
7.714608886718750000e+03
7.702925292968750000e+03
7.746403320312500000e+03
7.709630859375000000e+03
7.729878417968750000e+03
7.691251464843750000e+03
7.698179199218750000e+03
7.709952636718750000e+03
7.678972656250000000e+03
7.694012207031250000e+03
7.675277343750000000e+03
7.699261718750000000e+03
7.690530761718750000e+03
7.683150878906250000e+03
7.688943359375000000e+03
7.673005371093750000e+03
7.656948730468750000e+03
7.630161132812500000e+03
7.660006835937500000e+03
7.660604003906250000e+03
7.661495117187500000e+03
7.663667480468750000e+03
7.678435546875000000e+03
7.677898925781250000e+03
7.676750488281250000e+03
7.707653320312500000e+03
7.670817382812500000e+03
7.681332031250000000e+03
7.697017578125000000e+03
7.681733886718750000e+03
7.698450683593750000e+03
7.690663085937500000e+03
7.695988769531250000e+03
7.672207031250000000e+03
7.697479492187500000e+03
7.667636718750000000e+03
7.721294433593750000e+03
7.697819824218750000e+03
7.742074218750000000e+03
7.701428222656250000e+03
7.720867675781250000e+03
7.697354492187500000e+03
7.708252441406250000e+03
7.715994140625000000e+03
7.687030761718750000e+03
7.706726074218750000e+03
7.795123046875000000e+03
7.773321777343750000e+03
7.782821289062500000e+03
7.777910644531250000e+03
7.780550292968750000e+03
7.782873046875000000e+03
7.784464355468750000e+03
7.796609863281250000e+03
7.799246093750000000e+03
7.795767578125000000e+03
7.804956542968750000e+03
7.789969238281250000e+03
7.803110351562500000e+03
7.803663574218750000e+03
7.804659667968750000e+03
7.799846679687500000e+03
7.790541992187500000e+03
7.786535156250000000e+03
7.820578613281250000e+03
7.838365722656250000e+03
7.834664550781250000e+03
7.829254394531250000e+03
7.824261230468750000e+03
7.820548339843750000e+03
7.798203613281250000e+03
7.808961914062500000e+03
7.803404785156250000e+03
7.808851562500000000e+03
7.784825195312500000e+03
7.759323242187500000e+03
7.786375488281250000e+03
7.778997558593750000e+03
7.800461425781250000e+03
7.805390136718750000e+03
7.764012207031250000e+03
7.769452148437500000e+03
7.778753906250000000e+03
7.776243652343750000e+03
7.798062988281250000e+03
7.798346679687500000e+03
7.786913085937500000e+03
7.797973144531250000e+03
7.774758789062500000e+03
7.818740234375000000e+03
7.788923828125000000e+03
7.833258789062500000e+03
7.805835449218750000e+03
7.825541015625000000e+03
7.815121582031250000e+03
7.819022949218750000e+03
7.805648437500000000e+03
7.812191406250000000e+03
7.835427734375000000e+03
7.830185546875000000e+03
7.804884277343750000e+03
7.837661621093750000e+03
7.796777343750000000e+03
7.783750976562500000e+03
7.791687011718750000e+03
7.772810058593750000e+03
7.778051269531250000e+03
7.754110839843750000e+03
7.761282226562500000e+03
7.674474609375000000e+03
7.714709960937500000e+03
7.722673828125000000e+03
7.726520019531250000e+03
7.709440429687500000e+03
7.710972167968750000e+03
7.711756347656250000e+03
7.695089843750000000e+03
7.716230468750000000e+03
7.664545410156250000e+03
7.702446289062500000e+03
7.654554687500000000e+03
7.671368652343750000e+03
7.658557128906250000e+03
7.647533691406250000e+03
7.667776855468750000e+03
7.638419433593750000e+03
7.652259277343750000e+03
7.612905761718750000e+03
7.648108886718750000e+03
7.600988769531250000e+03
7.638940429687500000e+03
7.615804199218750000e+03
7.641112304687500000e+03
7.620471679687500000e+03
7.641454101562500000e+03
7.633794921875000000e+03
7.622269042968750000e+03
7.619594726562500000e+03
7.639003906250000000e+03
7.634860351562500000e+03
7.635973144531250000e+03
7.634941406250000000e+03
7.636862304687500000e+03
7.657426269531250000e+03
7.635494140625000000e+03
7.644473632812500000e+03
7.649556640625000000e+03
7.642422851562500000e+03
7.650721191406250000e+03
7.655256835937500000e+03
7.649017578125000000e+03
7.647149902343750000e+03
7.654905273437500000e+03
7.662633789062500000e+03
7.612241699218750000e+03
7.630116699218750000e+03
7.635000488281250000e+03
7.630748535156250000e+03
7.621169433593750000e+03
7.654540527343750000e+03
7.625511230468750000e+03
7.629585449218750000e+03
7.621360351562500000e+03
7.629136718750000000e+03
7.642086914062500000e+03
7.627303222656250000e+03
7.637192871093750000e+03
7.602403808593750000e+03
7.632346679687500000e+03
7.592596191406250000e+03
7.595107421875000000e+03
7.598858886718750000e+03
7.636061035156250000e+03
7.619138183593750000e+03
7.626260742187500000e+03
7.624298339843750000e+03
7.622441894531250000e+03
7.630801269531250000e+03
7.604970214843750000e+03
7.620404785156250000e+03
7.613535644531250000e+03
7.630759277343750000e+03
7.637022949218750000e+03
7.633317382812500000e+03
7.632120117187500000e+03
7.621772949218750000e+03
7.612168945312500000e+03
7.621258789062500000e+03
7.608702148437500000e+03
7.607877441406250000e+03
7.623744140625000000e+03
7.606270996093750000e+03
7.605847167968750000e+03
7.604786621093750000e+03
7.632532226562500000e+03
7.641639648437500000e+03
7.630450195312500000e+03
7.627483398437500000e+03
7.620815429687500000e+03
7.690944824218750000e+03
7.663219238281250000e+03
7.674951171875000000e+03
7.665734375000000000e+03
7.671930175781250000e+03
7.683618652343750000e+03
7.686023437500000000e+03
7.674276367187500000e+03
7.673334472656250000e+03
7.704645507812500000e+03
7.666613281250000000e+03
7.674641601562500000e+03
7.666815429687500000e+03
7.670040039062500000e+03
7.667477539062500000e+03
7.644724609375000000e+03
7.647601074218750000e+03
7.648846679687500000e+03
7.666831054687500000e+03
7.647661132812500000e+03
7.654981445312500000e+03
7.653934082031250000e+03
7.661599121093750000e+03
7.675743652343750000e+03
7.654239746093750000e+03
7.672412597656250000e+03
7.654980468750000000e+03
7.656667968750000000e+03
7.646006347656250000e+03
7.669616699218750000e+03
7.648940429687500000e+03
7.661278808593750000e+03
7.659773437500000000e+03
7.659048339843750000e+03
7.657832519531250000e+03
7.650676269531250000e+03
7.658352539062500000e+03
7.645482910156250000e+03
7.652825683593750000e+03
7.657304199218750000e+03
7.656145019531250000e+03
7.656239257812500000e+03
7.675803222656250000e+03
7.640676269531250000e+03
7.659352050781250000e+03
7.637869628906250000e+03
7.648995117187500000e+03
7.661215820312500000e+03
7.662214355468750000e+03
7.672092773437500000e+03
7.676626953125000000e+03
7.683467773437500000e+03
7.671014648437500000e+03
7.687071289062500000e+03
7.631517089843750000e+03
7.650171386718750000e+03
7.615281738281250000e+03
7.628273437500000000e+03
7.624445800781250000e+03
7.627449218750000000e+03
7.612114257812500000e+03
7.607633789062500000e+03
7.633567871093750000e+03
7.663239257812500000e+03
7.653604003906250000e+03
7.656625000000000000e+03
7.650670410156250000e+03
7.651461914062500000e+03
7.646227050781250000e+03
7.652871093750000000e+03
7.661728027343750000e+03
7.666380371093750000e+03
7.657748046875000000e+03
7.655538574218750000e+03
7.642051757812500000e+03
7.645961425781250000e+03
7.646915039062500000e+03
7.682273437500000000e+03
7.668869140625000000e+03
7.677860351562500000e+03
7.671750000000000000e+03
7.747968261718750000e+03
7.682415527343750000e+03
7.725119628906250000e+03
7.712220703125000000e+03
7.719417968750000000e+03
7.709949218750000000e+03
7.694835937500000000e+03
7.705613769531250000e+03
7.686589843750000000e+03
7.698867187500000000e+03
7.665185546875000000e+03
7.676843750000000000e+03
7.681466796875000000e+03
7.661132324218750000e+03
7.676116699218750000e+03
7.652124023437500000e+03
7.660237304687500000e+03
7.645997558593750000e+03
7.705375976562500000e+03
7.681833496093750000e+03
7.706288574218750000e+03
7.678305664062500000e+03
7.687196777343750000e+03
7.700774414062500000e+03
7.700176269531250000e+03
7.713097167968750000e+03
7.702505859375000000e+03
7.687306152343750000e+03
7.702416015625000000e+03
7.702382812500000000e+03
7.696845214843750000e+03
7.687458984375000000e+03
7.701773437500000000e+03
7.696922363281250000e+03
7.708115722656250000e+03
7.698601562500000000e+03
7.681074218750000000e+03
7.674939941406250000e+03
7.680798828125000000e+03
7.675348632812500000e+03
7.678114257812500000e+03
7.674331542968750000e+03
7.702474121093750000e+03
7.691085937500000000e+03
7.693600585937500000e+03
7.710679687500000000e+03
7.678479003906250000e+03
7.701644042968750000e+03
7.680194824218750000e+03
7.693130859375000000e+03
7.685799316406250000e+03
7.678499023437500000e+03
7.687229492187500000e+03
7.683604980468750000e+03
7.709524414062500000e+03
7.669661621093750000e+03
7.687430664062500000e+03
7.669266113281250000e+03
7.689147460937500000e+03
7.684438964843750000e+03
7.698828125000000000e+03
7.700135742187500000e+03
7.698128417968750000e+03
7.665371582031250000e+03
7.691104492187500000e+03
7.687590820312500000e+03
7.684476074218750000e+03
7.682564453125000000e+03
7.681722656250000000e+03
7.692674804687500000e+03
7.698758300781250000e+03
7.701561523437500000e+03
7.681923339843750000e+03
7.674610839843750000e+03
7.697379394531250000e+03
7.677806640625000000e+03
7.689027832031250000e+03
7.688086914062500000e+03
7.684307128906250000e+03
7.685857421875000000e+03
7.679444335937500000e+03
7.640381347656250000e+03
7.673008300781250000e+03
7.653719238281250000e+03
7.668279785156250000e+03
7.661373535156250000e+03
7.669503417968750000e+03
7.676005859375000000e+03
7.681732421875000000e+03
7.679275390625000000e+03
7.650238769531250000e+03
7.684379882812500000e+03
7.665378906250000000e+03
7.681418945312500000e+03
7.675312988281250000e+03
7.671650390625000000e+03
7.653952148437500000e+03
7.665109863281250000e+03
7.659536132812500000e+03
7.642181152343750000e+03
7.693146484375000000e+03
7.676001464843750000e+03
7.689301269531250000e+03
7.693471679687500000e+03
7.704301757812500000e+03
7.683205566406250000e+03
7.678607910156250000e+03
7.669900878906250000e+03
7.737442871093750000e+03
7.695103515625000000e+03
7.719184082031250000e+03
7.699375488281250000e+03
7.706752441406250000e+03
7.695871582031250000e+03
7.724135742187500000e+03
7.730097167968750000e+03
7.722177734375000000e+03
7.701826660156250000e+03
7.699998535156250000e+03
7.714920898437500000e+03
7.700156250000000000e+03
7.704759277343750000e+03
7.700526367187500000e+03
7.726862304687500000e+03
7.704652343750000000e+03
7.713171875000000000e+03
7.681044433593750000e+03
7.709520019531250000e+03
7.668236816406250000e+03
7.691833496093750000e+03
7.690013183593750000e+03
7.686980468750000000e+03
7.691663085937500000e+03
7.696837890625000000e+03
7.702781250000000000e+03
7.723576660156250000e+03
7.712098144531250000e+03
7.720611816406250000e+03
7.720632812500000000e+03
7.723069335937500000e+03
7.721556640625000000e+03
7.714965332031250000e+03
7.731906738281250000e+03
7.719564453125000000e+03
7.684126953125000000e+03
7.716311035156250000e+03
7.701063964843750000e+03
7.717980957031250000e+03
7.710464355468750000e+03
7.719048339843750000e+03
7.701692871093750000e+03
7.714500000000000000e+03
7.719975585937500000e+03
7.731389648437500000e+03
7.744105468750000000e+03
7.732619628906250000e+03
7.724381835937500000e+03
7.717926757812500000e+03
7.739214843750000000e+03
7.761497070312500000e+03
7.749802734375000000e+03
7.738981445312500000e+03
7.714700683593750000e+03
7.727529785156250000e+03
7.700524414062500000e+03
7.711204589843750000e+03
7.717061523437500000e+03
7.712926269531250000e+03
7.746090820312500000e+03
7.736639160156250000e+03
7.742945312500000000e+03
7.771187500000000000e+03
7.777350585937500000e+03
7.740142578125000000e+03
7.764520507812500000e+03
7.738011718750000000e+03
7.744581542968750000e+03
7.733355468750000000e+03
7.741162109375000000e+03
7.733495117187500000e+03
7.757468750000000000e+03
7.743995605468750000e+03
7.748695800781250000e+03
7.746786132812500000e+03
7.749783691406250000e+03
7.759494628906250000e+03
7.744064453125000000e+03
7.747634277343750000e+03
7.738093261718750000e+03
7.863100097656250000e+03
7.851948242187500000e+03
7.881050781250000000e+03
7.850074707031250000e+03
7.825827636718750000e+03
7.828109863281250000e+03
7.800668457031250000e+03
7.793154785156250000e+03
7.814132324218750000e+03
7.813672363281250000e+03
7.794383300781250000e+03
7.785244140625000000e+03
7.769363281250000000e+03
7.771318359375000000e+03
7.749878906250000000e+03
7.755007812500000000e+03
7.755933105468750000e+03
7.752323242187500000e+03
7.779062988281250000e+03
7.780304199218750000e+03
7.772679199218750000e+03
7.793134765625000000e+03
7.783201171875000000e+03
7.797148925781250000e+03
7.773963378906250000e+03
7.781623046875000000e+03
7.787325195312500000e+03
7.793446289062500000e+03
7.791743164062500000e+03
7.782585937500000000e+03
7.781033691406250000e+03
7.777810546875000000e+03
7.787361816406250000e+03
7.791853515625000000e+03
7.804687011718750000e+03
7.801561035156250000e+03
7.882836914062500000e+03
7.834372070312500000e+03
7.837253906250000000e+03
7.835775878906250000e+03
7.838018066406250000e+03
7.862285156250000000e+03
7.848059570312500000e+03
7.864639648437500000e+03
7.869091796875000000e+03
7.837321777343750000e+03
7.845949707031250000e+03
7.821349121093750000e+03
7.828659667968750000e+03
7.822950683593750000e+03
7.833403320312500000e+03
7.838787597656250000e+03
7.836787109375000000e+03
7.843372558593750000e+03
7.828506835937500000e+03
7.853264648437500000e+03
7.855443359375000000e+03
7.844812988281250000e+03
7.898077148437500000e+03
7.879992675781250000e+03
7.879523925781250000e+03
7.879411132812500000e+03
7.882619628906250000e+03
7.872530273437500000e+03
7.860764160156250000e+03
7.858555175781250000e+03
7.864777343750000000e+03
7.867630371093750000e+03
7.852500976562500000e+03
7.864167480468750000e+03
7.852361328125000000e+03
7.858291992187500000e+03
7.871738281250000000e+03
7.871961425781250000e+03
7.861259765625000000e+03
7.863630859375000000e+03
7.871095703125000000e+03
7.880195312500000000e+03
7.869763183593750000e+03
7.875962890625000000e+03
7.893490722656250000e+03
7.868916503906250000e+03
7.868977050781250000e+03
7.848181640625000000e+03
7.837815917968750000e+03
7.841460449218750000e+03
7.853965820312500000e+03
7.857615234375000000e+03
7.850168945312500000e+03
7.871898437500000000e+03
7.827323730468750000e+03
7.827034667968750000e+03
7.802498046875000000e+03
7.824669921875000000e+03
7.820366210937500000e+03
7.823820800781250000e+03
7.822188964843750000e+03
7.827810058593750000e+03
7.850748046875000000e+03
7.833864746093750000e+03
7.840982421875000000e+03
7.841145996093750000e+03
7.846947753906250000e+03
7.836084472656250000e+03
7.858244628906250000e+03
7.863130859375000000e+03
7.870699218750000000e+03
7.809529296875000000e+03
7.808948242187500000e+03
7.800593261718750000e+03
7.808623046875000000e+03
7.807126953125000000e+03
7.826231445312500000e+03
7.841723144531250000e+03
7.845554687500000000e+03
7.833466308593750000e+03
7.815052246093750000e+03
7.811004394531250000e+03
7.817849121093750000e+03
7.818258300781250000e+03
7.834408691406250000e+03
7.827258300781250000e+03
7.832014160156250000e+03
7.830907714843750000e+03
7.833971679687500000e+03
7.854803222656250000e+03
7.836192871093750000e+03
7.848188964843750000e+03
7.830334960937500000e+03
7.842544921875000000e+03
7.833221679687500000e+03
7.832625976562500000e+03
7.831263671875000000e+03
7.833548828125000000e+03
7.813765136718750000e+03
7.829213378906250000e+03
7.807422363281250000e+03
7.810846679687500000e+03
7.816638671875000000e+03
7.813936523437500000e+03
7.811560546875000000e+03
7.805589843750000000e+03
7.808190917968750000e+03
7.842751953125000000e+03
7.803645507812500000e+03
7.806547851562500000e+03
7.798641601562500000e+03
7.797154785156250000e+03
7.793913085937500000e+03
7.784852050781250000e+03
7.750091796875000000e+03
7.758417968750000000e+03
7.812944335937500000e+03
7.783049804687500000e+03
7.800148437500000000e+03
7.777127929687500000e+03
7.794621582031250000e+03
7.800631835937500000e+03
7.806253906250000000e+03
7.784208984375000000e+03
7.794935058593750000e+03
7.770380859375000000e+03
7.785858398437500000e+03
7.770122070312500000e+03
7.776428710937500000e+03
7.771902832031250000e+03
7.756502929687500000e+03
7.766691406250000000e+03
7.759975097656250000e+03
7.766106445312500000e+03
7.732269042968750000e+03
7.744640136718750000e+03
7.732714843750000000e+03
7.758335937500000000e+03
7.751241699218750000e+03
7.742430664062500000e+03
7.744915527343750000e+03
7.752119140625000000e+03
7.735446289062500000e+03
7.646899414062500000e+03
7.669563964843750000e+03
7.664920410156250000e+03
7.654859375000000000e+03
7.664062988281250000e+03
7.656799804687500000e+03
7.645910156250000000e+03
7.671546875000000000e+03
7.667823730468750000e+03
7.668084472656250000e+03
7.675982421875000000e+03
7.676933105468750000e+03
7.682752929687500000e+03
7.686767089843750000e+03
7.670525878906250000e+03
7.687107421875000000e+03
7.671975585937500000e+03
7.689041992187500000e+03
7.722871582031250000e+03
7.693276855468750000e+03
7.701461914062500000e+03
7.696092773437500000e+03
7.699075683593750000e+03
7.689952636718750000e+03
7.681843261718750000e+03
7.680636718750000000e+03
7.684905761718750000e+03
7.703570312500000000e+03
7.680484375000000000e+03
7.686478515625000000e+03
7.688902343750000000e+03
7.678453125000000000e+03
7.697475097656250000e+03
7.691262207031250000e+03
7.710780273437500000e+03
7.694708984375000000e+03
7.713920410156250000e+03
7.678380859375000000e+03
7.692428222656250000e+03
7.689230468750000000e+03
7.706420410156250000e+03
7.691009765625000000e+03
7.708063964843750000e+03
7.697605957031250000e+03
7.705947265625000000e+03
7.728173828125000000e+03
7.699296386718750000e+03
7.712722656250000000e+03
7.714125976562500000e+03
7.712701660156250000e+03
7.717004394531250000e+03
7.732010742187500000e+03
7.717699218750000000e+03
7.732270996093750000e+03
7.713852539062500000e+03
7.738043945312500000e+03
7.699625000000000000e+03
7.722541015625000000e+03
7.703376464843750000e+03
7.736066406250000000e+03
7.728609863281250000e+03
7.719412597656250000e+03
7.731579589843750000e+03
7.789804687500000000e+03
7.796089355468750000e+03
7.788882812500000000e+03
7.788392089843750000e+03
7.812838867187500000e+03
7.809495117187500000e+03
7.805542968750000000e+03
7.797736816406250000e+03
7.808831542968750000e+03
7.818469726562500000e+03
7.802859375000000000e+03
7.808758789062500000e+03
7.811325195312500000e+03
7.797598144531250000e+03
7.800683105468750000e+03
7.801153808593750000e+03
7.795130371093750000e+03
7.794640625000000000e+03
7.831488281250000000e+03
7.822949707031250000e+03
7.833574218750000000e+03
7.826853027343750000e+03
7.832732910156250000e+03
7.828625488281250000e+03
7.833241210937500000e+03
7.817717773437500000e+03
7.826191894531250000e+03
7.810529296875000000e+03
7.813899414062500000e+03
7.821146972656250000e+03
7.821861328125000000e+03
7.827818847656250000e+03
7.833382812500000000e+03
7.822069335937500000e+03
7.798265625000000000e+03
7.805714843750000000e+03
7.804849609375000000e+03
7.818025878906250000e+03
7.818682128906250000e+03
7.825769042968750000e+03
7.801675781250000000e+03
7.799758789062500000e+03
7.803077148437500000e+03
7.776487304687500000e+03
7.779603027343750000e+03
7.830043457031250000e+03
7.805937500000000000e+03
7.797243652343750000e+03
7.803582519531250000e+03
7.819829589843750000e+03
7.788992675781250000e+03
7.788785156250000000e+03
7.788536132812500000e+03
7.777929687500000000e+03
7.815464843750000000e+03
7.778116699218750000e+03
7.811276855468750000e+03
7.811534667968750000e+03
7.819799804687500000e+03
7.779107910156250000e+03
7.791016113281250000e+03
7.771427246093750000e+03
7.778971191406250000e+03
7.834095703125000000e+03
7.789792968750000000e+03
7.817166015625000000e+03
7.804295410156250000e+03
7.814548828125000000e+03
7.820020507812500000e+03
7.822017578125000000e+03
7.839016601562500000e+03
7.840955078125000000e+03
7.826160644531250000e+03
7.817537109375000000e+03
7.799657226562500000e+03
7.810095214843750000e+03
7.810304687500000000e+03
7.807099609375000000e+03
7.796848144531250000e+03
7.792510253906250000e+03
7.785613769531250000e+03
7.803993652343750000e+03
7.808263183593750000e+03
7.787051269531250000e+03
7.787934570312500000e+03
7.786122558593750000e+03
7.786145996093750000e+03
7.781872558593750000e+03
7.769138671875000000e+03
7.766437988281250000e+03
7.769806152343750000e+03
7.775788085937500000e+03
7.771694824218750000e+03
7.767710449218750000e+03
7.778529296875000000e+03
7.769279785156250000e+03
7.750008789062500000e+03
7.748440917968750000e+03
7.754285644531250000e+03
7.751710937500000000e+03
7.742810546875000000e+03
7.749424804687500000e+03
7.739867187500000000e+03
7.749570312500000000e+03
7.743028320312500000e+03
7.773640136718750000e+03
7.745600585937500000e+03
7.760100585937500000e+03
7.740949218750000000e+03
7.761022949218750000e+03
7.734964355468750000e+03
7.741096679687500000e+03
7.735842773437500000e+03
7.725812500000000000e+03
7.698583007812500000e+03
7.705454101562500000e+03
7.712360839843750000e+03
7.745312500000000000e+03
7.748758300781250000e+03
7.766941894531250000e+03
7.753242187500000000e+03
7.768143066406250000e+03
7.746527343750000000e+03
7.753870605468750000e+03
7.748060058593750000e+03
7.742330078125000000e+03
7.783103027343750000e+03
7.741203613281250000e+03
7.754312011718750000e+03
7.747844238281250000e+03
7.761141601562500000e+03
7.753431152343750000e+03
7.782180664062500000e+03
7.778778320312500000e+03
7.771554687500000000e+03
7.828990722656250000e+03
7.804154296875000000e+03
7.832890625000000000e+03
7.837508789062500000e+03
7.855285644531250000e+03
7.856463867187500000e+03
7.845630859375000000e+03
7.867804687500000000e+03
7.860635742187500000e+03
7.852917968750000000e+03
7.863651367187500000e+03
7.861171875000000000e+03
7.869523925781250000e+03
7.865555664062500000e+03
7.864266113281250000e+03
7.868506835937500000e+03
7.870871582031250000e+03
7.867984863281250000e+03
7.862458007812500000e+03
7.865974121093750000e+03
7.869616210937500000e+03
7.879149414062500000e+03
7.881017578125000000e+03
7.861677246093750000e+03
7.857888183593750000e+03
7.854588867187500000e+03
7.857425292968750000e+03
7.803966308593750000e+03
7.799836914062500000e+03
7.805185058593750000e+03
7.803822265625000000e+03
7.813952148437500000e+03
7.797357421875000000e+03
7.817976562500000000e+03
7.806834960937500000e+03
7.814908691406250000e+03
7.832499511718750000e+03
7.805676269531250000e+03
7.831180175781250000e+03
7.830722656250000000e+03
7.814926269531250000e+03
7.836139648437500000e+03
7.834664550781250000e+03
7.833521972656250000e+03
7.840297851562500000e+03
7.846844726562500000e+03
7.833742187500000000e+03
7.829040527343750000e+03
7.836100585937500000e+03
7.834937988281250000e+03
7.834574707031250000e+03
7.847886230468750000e+03
7.854284667968750000e+03
7.852089843750000000e+03
7.845038574218750000e+03
7.823385253906250000e+03
7.834077148437500000e+03
7.831011230468750000e+03
7.833796386718750000e+03
7.842919921875000000e+03
7.847548339843750000e+03
7.824389648437500000e+03
7.833284179687500000e+03
7.828768554687500000e+03
7.834178710937500000e+03
7.833143554687500000e+03
7.827625976562500000e+03
7.838028808593750000e+03
7.819611816406250000e+03
7.830341796875000000e+03
7.837168945312500000e+03
7.831730957031250000e+03
7.804631347656250000e+03
7.792861816406250000e+03
7.788621582031250000e+03
7.786569335937500000e+03
7.786588867187500000e+03
7.786040527343750000e+03
7.796305664062500000e+03
7.796085937500000000e+03
7.787324218750000000e+03
7.810564453125000000e+03
7.792680175781250000e+03
7.802059570312500000e+03
7.813148437500000000e+03
7.805550292968750000e+03
7.828062011718750000e+03
7.824050781250000000e+03
7.800914550781250000e+03
7.804760253906250000e+03
7.827380371093750000e+03
7.844768554687500000e+03
7.819557128906250000e+03
7.837913085937500000e+03
7.830188964843750000e+03
7.814687988281250000e+03
7.802642089843750000e+03
7.842285156250000000e+03
7.837293945312500000e+03
7.805182128906250000e+03
7.819913574218750000e+03
7.805724121093750000e+03
7.802886230468750000e+03
7.792075195312500000e+03
7.798632324218750000e+03
7.794169921875000000e+03
7.793791992187500000e+03
7.794945800781250000e+03
7.761353027343750000e+03
7.789524414062500000e+03
7.799544921875000000e+03
7.803725585937500000e+03
7.795420898437500000e+03
7.806791503906250000e+03
7.802071289062500000e+03
7.806807128906250000e+03
7.802781738281250000e+03
7.829578613281250000e+03
7.823645019531250000e+03
7.820985839843750000e+03
7.827007812500000000e+03
7.828746093750000000e+03
7.831098144531250000e+03
7.848583496093750000e+03
7.819862304687500000e+03
7.834870117187500000e+03
7.799380371093750000e+03
7.812789062500000000e+03
7.814061523437500000e+03
7.818106933593750000e+03
7.835855957031250000e+03
7.838484863281250000e+03
7.858438476562500000e+03
7.837630859375000000e+03
7.846649414062500000e+03
7.819132812500000000e+03
7.831756347656250000e+03
7.803404296875000000e+03
7.822213867187500000e+03
7.797720214843750000e+03
7.821216308593750000e+03
7.808623046875000000e+03
7.823938476562500000e+03
7.810345703125000000e+03
7.800232421875000000e+03
7.797521484375000000e+03
7.779580566406250000e+03
7.792367187500000000e+03
7.790383789062500000e+03
7.808857421875000000e+03
7.792737304687500000e+03
7.820536132812500000e+03
7.821424316406250000e+03
7.888251953125000000e+03
7.881904785156250000e+03
7.900003417968750000e+03
7.901551269531250000e+03
7.898506347656250000e+03
7.900641113281250000e+03
7.890337890625000000e+03
7.894882324218750000e+03
7.885893554687500000e+03
7.887377441406250000e+03
7.899149414062500000e+03
7.889940429687500000e+03
7.878900878906250000e+03
7.880746582031250000e+03
7.907632812500000000e+03
7.900008300781250000e+03
7.912103027343750000e+03
7.903659667968750000e+03
7.906813476562500000e+03
7.902134277343750000e+03
7.897436035156250000e+03
7.900280761718750000e+03
7.895542480468750000e+03
7.882477539062500000e+03
7.851371582031250000e+03
7.868854980468750000e+03
7.874519531250000000e+03
7.874455078125000000e+03
7.890246093750000000e+03
7.875131835937500000e+03
7.893104492187500000e+03
7.886062500000000000e+03
7.868742187500000000e+03
7.871257812500000000e+03
7.873040039062500000e+03
7.866520996093750000e+03
7.874802246093750000e+03
7.872080566406250000e+03
7.872442382812500000e+03
7.882688476562500000e+03
7.874786621093750000e+03
7.866716308593750000e+03
7.856217773437500000e+03
7.867650878906250000e+03
7.863110839843750000e+03
7.856251464843750000e+03
7.858104492187500000e+03
7.848304687500000000e+03
7.847032714843750000e+03
7.850689453125000000e+03
7.865263671875000000e+03
7.859378906250000000e+03
7.877168945312500000e+03
7.872688476562500000e+03
7.867786621093750000e+03
7.856525878906250000e+03
7.865423339843750000e+03
7.865195312500000000e+03
7.867174804687500000e+03
7.882030273437500000e+03
7.880950683593750000e+03
7.880760742187500000e+03
7.875642089843750000e+03
7.947081542968750000e+03
7.947297851562500000e+03
7.939255371093750000e+03
7.963614257812500000e+03
7.981432617187500000e+03
8.001902832031250000e+03
8.013986328125000000e+03
8.022213867187500000e+03
8.017880371093750000e+03
8.045587402343750000e+03
8.070083007812500000e+03
8.076099121093750000e+03
8.057315429687500000e+03
8.049614257812500000e+03
8.052561035156250000e+03
8.058744628906250000e+03
8.063683105468750000e+03
8.062817871093750000e+03
8.058835937500000000e+03
8.045530761718750000e+03
8.033619140625000000e+03
8.022760742187500000e+03
8.023738769531250000e+03
8.038317382812500000e+03
8.053531250000000000e+03
8.054376953125000000e+03
8.049416015625000000e+03
8.037807128906250000e+03
8.039354980468750000e+03
8.046243652343750000e+03
8.049565917968750000e+03
8.058910156250000000e+03
8.053770996093750000e+03
8.050835449218750000e+03
8.050925781250000000e+03
8.059568847656250000e+03
8.042976074218750000e+03
8.034138183593750000e+03
8.034625976562500000e+03
8.037822265625000000e+03
8.029439453125000000e+03
8.038125000000000000e+03
8.053831542968750000e+03
8.059081542968750000e+03
8.060716308593750000e+03
8.077091796875000000e+03
8.095374511718750000e+03
8.091826171875000000e+03
8.082306640625000000e+03
8.083247070312500000e+03
8.089263183593750000e+03
8.098279296875000000e+03
8.097672851562500000e+03
8.091472656250000000e+03
8.113751464843750000e+03
8.120812500000000000e+03
8.111101562500000000e+03
8.110764160156250000e+03
8.104677246093750000e+03
8.098415039062500000e+03
8.083398437500000000e+03
8.069169433593750000e+03
8.067653808593750000e+03
8.032208984375000000e+03
8.017846679687500000e+03
8.031789550781250000e+03
8.036083007812500000e+03
8.043436523437500000e+03
8.038813476562500000e+03
8.047402832031250000e+03
8.057246582031250000e+03
8.062176269531250000e+03
8.078531738281250000e+03
8.091491699218750000e+03
8.097056640625000000e+03
8.100915039062500000e+03
8.104003417968750000e+03
8.102862792968750000e+03
8.108414550781250000e+03
8.106583496093750000e+03
8.102989746093750000e+03
8.056458007812500000e+03
8.019227539062500000e+03
8.031681640625000000e+03
8.029372558593750000e+03
8.022918945312500000e+03
8.034113281250000000e+03
8.034458007812500000e+03
8.035995117187500000e+03
8.035744140625000000e+03
8.042958007812500000e+03
8.037877441406250000e+03
8.045687988281250000e+03
8.051702148437500000e+03
8.054113281250000000e+03
8.065801269531250000e+03
8.070913574218750000e+03
8.067357421875000000e+03
8.071257324218750000e+03
8.075258789062500000e+03
8.083039062500000000e+03
8.085250488281250000e+03
8.078030761718750000e+03
8.081661132812500000e+03
8.085509277343750000e+03
8.080222167968750000e+03
8.065854003906250000e+03
8.060183593750000000e+03
8.091300781250000000e+03
8.108581054687500000e+03
8.111056152343750000e+03
8.113274902343750000e+03
8.121093261718750000e+03
8.101032714843750000e+03
8.061767089843750000e+03
8.079883300781250000e+03
8.089931152343750000e+03
8.091732421875000000e+03
8.080821777343750000e+03
8.081097167968750000e+03
8.077972656250000000e+03
8.070298828125000000e+03
8.073005371093750000e+03
8.069495117187500000e+03
8.042320312500000000e+03
8.044916992187500000e+03
8.094363769531250000e+03
8.130112304687500000e+03
8.144627441406250000e+03
8.143022460937500000e+03
8.149785156250000000e+03
8.150383300781250000e+03
8.146623046875000000e+03
8.135358398437500000e+03
8.124954589843750000e+03
8.109604980468750000e+03
8.094449218750000000e+03
8.092691894531250000e+03
8.094130859375000000e+03
8.111035644531250000e+03
8.124858886718750000e+03
8.131966308593750000e+03
8.117898925781250000e+03
8.095578613281250000e+03
8.014693847656250000e+03
7.965101074218750000e+03
7.972124023437500000e+03
7.976138671875000000e+03
7.997388183593750000e+03
7.988794433593750000e+03
7.942814941406250000e+03
7.938486328125000000e+03
7.943752929687500000e+03
7.958313476562500000e+03
7.982080078125000000e+03
7.985313476562500000e+03
7.987226562500000000e+03
7.998920898437500000e+03
8.001387695312500000e+03
8.004201171875000000e+03
7.985141113281250000e+03
7.983463378906250000e+03
8.009075683593750000e+03
8.010404785156250000e+03
7.995050781250000000e+03
7.988068847656250000e+03
7.993105957031250000e+03
7.987301757812500000e+03
7.990020996093750000e+03
8.000399902343750000e+03
8.008531250000000000e+03
7.962404296875000000e+03
7.942486328125000000e+03
7.959502441406250000e+03
7.960442382812500000e+03
7.963625000000000000e+03
7.970643066406250000e+03
7.979992675781250000e+03
8.011529296875000000e+03
8.025847656250000000e+03
8.069989746093750000e+03
8.104868164062500000e+03
8.123721679687500000e+03
8.133588867187500000e+03
8.143332031250000000e+03
8.152286621093750000e+03
8.151375488281250000e+03
8.151537109375000000e+03
8.153292968750000000e+03
8.165330566406250000e+03
8.171368652343750000e+03
8.171878417968750000e+03
8.180058105468750000e+03
8.179049316406250000e+03
8.168682128906250000e+03
8.165330566406250000e+03
8.168583496093750000e+03
8.170770507812500000e+03
8.181982910156250000e+03
8.190077636718750000e+03
8.194631835937500000e+03
8.197696289062500000e+03
8.197402343750000000e+03
8.194709960937500000e+03
8.187554199218750000e+03
8.176130859375000000e+03
8.168834960937500000e+03
8.180897460937500000e+03
8.193619140625000000e+03
8.200598632812500000e+03
8.201500976562500000e+03
8.202422851562500000e+03
8.198568359375000000e+03
8.184539550781250000e+03
8.181652343750000000e+03
8.186653320312500000e+03
8.200131835937500000e+03
8.208669921875000000e+03
8.210452148437500000e+03
8.212598632812500000e+03
8.212918945312500000e+03
8.213662109375000000e+03
8.215006835937500000e+03
8.217857421875000000e+03
8.220801757812500000e+03
8.225311523437500000e+03
8.229459960937500000e+03
8.230814453125000000e+03
8.231391601562500000e+03
8.231910156250000000e+03
8.230848632812500000e+03
8.229217773437500000e+03
8.228302734375000000e+03
8.227276367187500000e+03
8.227230468750000000e+03
8.229277343750000000e+03
8.230686523437500000e+03
8.232510742187500000e+03
8.234166015625000000e+03
8.233678710937500000e+03
8.232542968750000000e+03
8.230842773437500000e+03
8.229104492187500000e+03
8.227533203125000000e+03
8.228387695312500000e+03
8.227971679687500000e+03
8.226201171875000000e+03
8.224451171875000000e+03
8.223917968750000000e+03
8.223332031250000000e+03
8.220802734375000000e+03
8.217402343750000000e+03
8.220892578125000000e+03
8.224895507812500000e+03
8.225065429687500000e+03
8.225666992187500000e+03
8.226184570312500000e+03
8.226255859375000000e+03
8.226470703125000000e+03
8.228155273437500000e+03
8.230092773437500000e+03
8.231487304687500000e+03
8.233790039062500000e+03
8.234799804687500000e+03
8.235514648437500000e+03
8.236189453125000000e+03
8.235741210937500000e+03
8.237707031250000000e+03
8.237424804687500000e+03
8.236442382812500000e+03
8.233521484375000000e+03
8.233624023437500000e+03
8.234108398437500000e+03
8.233333984375000000e+03
8.232687500000000000e+03
8.230099609375000000e+03
8.228035156250000000e+03
8.227982421875000000e+03
8.225889648437500000e+03
8.219644531250000000e+03
8.218735351562500000e+03
8.215041015625000000e+03
8.214273437500000000e+03
8.215004882812500000e+03
8.215332031250000000e+03
8.212665039062500000e+03
8.210788085937500000e+03
8.209860351562500000e+03
8.207710937500000000e+03
8.206798828125000000e+03
8.206291992187500000e+03
8.205116210937500000e+03
8.200708007812500000e+03
8.198662109375000000e+03
8.196622070312500000e+03
8.192943359375000000e+03
8.193174804687500000e+03
8.183528808593750000e+03
8.174880371093750000e+03
8.165646972656250000e+03
8.159000976562500000e+03
8.154819824218750000e+03
8.153316406250000000e+03
8.152916015625000000e+03
8.152287597656250000e+03
8.153169921875000000e+03
8.150289062500000000e+03
8.152170898437500000e+03
8.151499023437500000e+03
8.154287597656250000e+03
8.156948242187500000e+03
8.161741210937500000e+03
8.161545898437500000e+03
8.163340820312500000e+03
8.165830566406250000e+03
8.165810058593750000e+03
8.164523437500000000e+03
8.162333007812500000e+03
8.164030761718750000e+03
8.162653808593750000e+03
8.160657226562500000e+03
8.158554199218750000e+03
8.160087890625000000e+03
8.159191894531250000e+03
8.148777832031250000e+03
8.145337890625000000e+03
8.145377441406250000e+03
8.144030761718750000e+03
8.145108886718750000e+03
8.142120605468750000e+03
8.142994628906250000e+03
8.145797851562500000e+03
8.146259765625000000e+03
8.150548828125000000e+03
8.158508300781250000e+03
8.160454101562500000e+03
8.159642578125000000e+03
8.155153320312500000e+03
8.151629394531250000e+03
8.150506347656250000e+03
8.148999511718750000e+03
8.153141113281250000e+03
8.158021972656250000e+03
8.164215332031250000e+03
8.164830078125000000e+03
8.168749511718750000e+03
8.168765136718750000e+03
8.169208984375000000e+03
8.167280273437500000e+03
8.164424316406250000e+03
8.165035156250000000e+03
8.158599609375000000e+03
8.156823730468750000e+03
8.154702148437500000e+03
8.153015625000000000e+03
8.152233886718750000e+03
8.154988281250000000e+03
8.157105468750000000e+03
8.157354980468750000e+03
8.159138671875000000e+03
8.167327636718750000e+03
8.174120605468750000e+03
8.177855957031250000e+03
8.179120605468750000e+03
8.181078613281250000e+03
8.183876953125000000e+03
8.181936523437500000e+03
8.176878417968750000e+03
8.173545410156250000e+03
8.183975585937500000e+03
8.183615722656250000e+03
8.184812500000000000e+03
8.185000976562500000e+03
8.189824218750000000e+03
8.194885742187500000e+03
8.195958007812500000e+03
8.199558593750000000e+03
8.198707031250000000e+03
8.201860351562500000e+03
8.203417968750000000e+03
8.201225585937500000e+03
8.200375000000000000e+03
8.201679687500000000e+03
8.200689453125000000e+03
8.204953125000000000e+03
8.207602539062500000e+03
8.207312500000000000e+03
8.217054687500000000e+03
8.218181640625000000e+03
8.219442382812500000e+03
8.220944335937500000e+03
8.224447265625000000e+03
8.223989257812500000e+03
8.224372070312500000e+03
8.223406250000000000e+03
8.222338867187500000e+03
8.223993164062500000e+03
8.223847656250000000e+03
8.224333984375000000e+03
8.226169921875000000e+03
8.226440429687500000e+03
8.228230468750000000e+03
8.228972656250000000e+03
8.230622070312500000e+03
8.231188476562500000e+03
8.233107421875000000e+03
8.232576171875000000e+03
8.233500000000000000e+03
8.233243164062500000e+03
8.234401367187500000e+03
8.234920898437500000e+03
8.234737304687500000e+03
8.234052734375000000e+03
8.232957031250000000e+03
8.233791015625000000e+03
8.233509765625000000e+03
8.235083984375000000e+03
8.235096679687500000e+03
8.235720703125000000e+03
8.236674804687500000e+03
8.236306640625000000e+03
8.236753906250000000e+03
8.236882812500000000e+03
8.236168945312500000e+03
8.236190429687500000e+03
8.236938476562500000e+03
8.236197265625000000e+03
8.235876953125000000e+03
8.234837890625000000e+03
8.235557617187500000e+03
8.234885742187500000e+03
8.234289062500000000e+03
8.229063476562500000e+03
8.228294921875000000e+03
8.229979492187500000e+03
8.229979492187500000e+03
8.229316406250000000e+03
8.228315429687500000e+03
8.228839843750000000e+03
8.230185546875000000e+03
8.230782226562500000e+03
8.232886718750000000e+03
8.232077148437500000e+03
8.232514648437500000e+03
8.232451171875000000e+03
8.232292968750000000e+03
8.233238281250000000e+03
8.234611328125000000e+03
8.235954101562500000e+03
8.235733398437500000e+03
8.235647460937500000e+03
8.236659179687500000e+03
8.236473632812500000e+03
8.236009765625000000e+03
8.235398437500000000e+03
8.235018554687500000e+03
8.235791992187500000e+03
8.235944335937500000e+03
8.235478515625000000e+03
8.234373046875000000e+03
8.234459960937500000e+03
8.234048828125000000e+03
8.233583007812500000e+03
8.232976562500000000e+03
8.233617187500000000e+03
8.233810546875000000e+03
8.233539062500000000e+03
8.232555664062500000e+03
8.233294921875000000e+03
8.234200195312500000e+03
