7.442995605468750000e+03
7.443670898437500000e+03
7.449764160156250000e+03
7.449026855468750000e+03
7.452093261718750000e+03
7.454398437500000000e+03
7.445888671875000000e+03
7.449670410156250000e+03
7.448698730468750000e+03
7.452167968750000000e+03
7.449236328125000000e+03
7.442540039062500000e+03
7.445791992187500000e+03
7.443823730468750000e+03
7.437945800781250000e+03
7.438994140625000000e+03
7.440557128906250000e+03
7.438492675781250000e+03
7.429258789062500000e+03
7.433059082031250000e+03
7.428863281250000000e+03
7.426111816406250000e+03
7.427799316406250000e+03
7.431826171875000000e+03
7.436507324218750000e+03
7.440306640625000000e+03
7.444017089843750000e+03
7.466963378906250000e+03
7.469494628906250000e+03
7.481651855468750000e+03
7.493178710937500000e+03
7.501205566406250000e+03
7.519992675781250000e+03
7.545676757812500000e+03
7.518683105468750000e+03
7.540642578125000000e+03
7.517666992187500000e+03
7.525396484375000000e+03
7.522914550781250000e+03
7.520879394531250000e+03
7.517085937500000000e+03
7.512149414062500000e+03
7.503674804687500000e+03
7.502883789062500000e+03
7.505206054687500000e+03
7.483329101562500000e+03
7.495677246093750000e+03
7.494499023437500000e+03
7.500378906250000000e+03
7.499288085937500000e+03
7.505949707031250000e+03
7.500175292968750000e+03
7.503938476562500000e+03
7.508955566406250000e+03
7.490303710937500000e+03
7.492201660156250000e+03
7.496562500000000000e+03
7.497361328125000000e+03
7.496249023437500000e+03
7.497526855468750000e+03
7.496661132812500000e+03
7.497796875000000000e+03
7.503284667968750000e+03
7.489778320312500000e+03
7.493452636718750000e+03
7.491709960937500000e+03
7.496622070312500000e+03
7.502567382812500000e+03
7.559474121093750000e+03
7.535727050781250000e+03
7.562520019531250000e+03
7.567905273437500000e+03
7.563582519531250000e+03
7.538428710937500000e+03
7.542392578125000000e+03
7.533917968750000000e+03
7.534047851562500000e+03
7.534263671875000000e+03
7.532464355468750000e+03
7.526473144531250000e+03
7.519835449218750000e+03
7.546007324218750000e+03
7.533498046875000000e+03
7.535441406250000000e+03
7.529605468750000000e+03
7.535221191406250000e+03
7.557945800781250000e+03
7.572827148437500000e+03
7.575972656250000000e+03
7.565549316406250000e+03
7.567987792968750000e+03
7.573170410156250000e+03
7.566962890625000000e+03
7.563882812500000000e+03
7.563634277343750000e+03
7.565852050781250000e+03
7.543661132812500000e+03
7.537809082031250000e+03
7.543777343750000000e+03
7.563288085937500000e+03
7.563198242187500000e+03
7.559042480468750000e+03
7.550331054687500000e+03
7.544638671875000000e+03
7.541402832031250000e+03
7.536588867187500000e+03
7.537497070312500000e+03
7.541587890625000000e+03
7.517458984375000000e+03
7.509411621093750000e+03
7.510315429687500000e+03
7.511440917968750000e+03
7.508332519531250000e+03
7.503553222656250000e+03
7.525395996093750000e+03
7.533967285156250000e+03
7.533199707031250000e+03
7.561726562500000000e+03
7.568304687500000000e+03
7.589539550781250000e+03
7.581578125000000000e+03
7.585949707031250000e+03
7.583141113281250000e+03
7.558954101562500000e+03
7.554297851562500000e+03
7.563369140625000000e+03
7.539663085937500000e+03
7.554915039062500000e+03
7.562470703125000000e+03
7.559978515625000000e+03
7.567346191406250000e+03
7.578122558593750000e+03
7.564143066406250000e+03
7.553746093750000000e+03
7.560116699218750000e+03
7.604388671875000000e+03
7.620149902343750000e+03
7.604430664062500000e+03
7.589225585937500000e+03
7.596827636718750000e+03
7.606161621093750000e+03
7.610118164062500000e+03
7.628941894531250000e+03
7.625465820312500000e+03
7.669312988281250000e+03
7.667103515625000000e+03
7.650885742187500000e+03
7.650636718750000000e+03
7.646635742187500000e+03
7.634384277343750000e+03
7.643370605468750000e+03
7.639181152343750000e+03
7.644965332031250000e+03
7.630490234375000000e+03
7.651583007812500000e+03
7.658870117187500000e+03
7.650915039062500000e+03
7.639935058593750000e+03
7.639708496093750000e+03
7.635155273437500000e+03
7.644123535156250000e+03
7.646741699218750000e+03
7.646637695312500000e+03
7.654449707031250000e+03
7.662254882812500000e+03
7.660052734375000000e+03
7.658406250000000000e+03
7.643961425781250000e+03
7.645151367187500000e+03
7.645863281250000000e+03
7.661215820312500000e+03
7.599020019531250000e+03
7.613879882812500000e+03
7.625168457031250000e+03
7.631562988281250000e+03
7.629546386718750000e+03
7.627400390625000000e+03
7.642021484375000000e+03
7.663733398437500000e+03
7.655868652343750000e+03
7.701460937500000000e+03
7.689836914062500000e+03
7.701278808593750000e+03
7.709966796875000000e+03
7.707519531250000000e+03
7.695654296875000000e+03
7.700043457031250000e+03
7.708778808593750000e+03
7.689723144531250000e+03
7.718249511718750000e+03
7.731772460937500000e+03
7.733536621093750000e+03
7.745066406250000000e+03
7.754674804687500000e+03
7.766769531250000000e+03
7.770861328125000000e+03
7.763028320312500000e+03
7.769132812500000000e+03
7.772282714843750000e+03
7.754047363281250000e+03
7.757657226562500000e+03
7.761491210937500000e+03
7.762593750000000000e+03
7.755370117187500000e+03
7.747842285156250000e+03
7.739147949218750000e+03
7.733112792968750000e+03
7.695795898437500000e+03
7.709869628906250000e+03
7.718827636718750000e+03
7.719851562500000000e+03
7.719995117187500000e+03
7.705714843750000000e+03
7.737836914062500000e+03
7.739740722656250000e+03
7.737659667968750000e+03
7.744941894531250000e+03
7.751239746093750000e+03
7.758338867187500000e+03
7.760355468750000000e+03
7.752422363281250000e+03
7.766720703125000000e+03
7.762889648437500000e+03
7.755425292968750000e+03
7.755906738281250000e+03
7.729224609375000000e+03
7.728787597656250000e+03
7.717675292968750000e+03
7.717074707031250000e+03
7.716653808593750000e+03
7.706816894531250000e+03
7.730500000000000000e+03
7.711532226562500000e+03
7.705631835937500000e+03
7.709077636718750000e+03
7.692026367187500000e+03
7.676989257812500000e+03
7.689975585937500000e+03
7.685876953125000000e+03
7.698678710937500000e+03
7.701119140625000000e+03
7.700789550781250000e+03
7.677111816406250000e+03
7.651353515625000000e+03
7.652668457031250000e+03
7.654201660156250000e+03
7.659358398437500000e+03
7.654111816406250000e+03
7.668064941406250000e+03
7.653322753906250000e+03
7.654235839843750000e+03
7.649696289062500000e+03
7.645792480468750000e+03
7.651029785156250000e+03
7.659719726562500000e+03
7.638588867187500000e+03
7.649174804687500000e+03
7.627456542968750000e+03
7.654242675781250000e+03
7.644841796875000000e+03
7.648164550781250000e+03
7.622773437500000000e+03
7.638041992187500000e+03
7.642145507812500000e+03
7.640416992187500000e+03
7.624014160156250000e+03
7.615881835937500000e+03
7.622468750000000000e+03
7.616285644531250000e+03
7.620329101562500000e+03
7.620544921875000000e+03
7.629254394531250000e+03
7.637503906250000000e+03
7.647453613281250000e+03
7.651902343750000000e+03
7.693946289062500000e+03
7.726888183593750000e+03
7.669110839843750000e+03
7.667701171875000000e+03
7.640223632812500000e+03
7.641381835937500000e+03
7.654221679687500000e+03
7.656145019531250000e+03
7.647839843750000000e+03
7.671707031250000000e+03
7.668920410156250000e+03
7.658850097656250000e+03
7.670059082031250000e+03
7.622270507812500000e+03
7.608921875000000000e+03
7.634104003906250000e+03
7.634464355468750000e+03
7.638206054687500000e+03
7.612196289062500000e+03
7.596729003906250000e+03
7.621641601562500000e+03
7.597727050781250000e+03
7.565404785156250000e+03
7.571147460937500000e+03
7.521549316406250000e+03
7.523026855468750000e+03
7.526035156250000000e+03
7.514863281250000000e+03
7.524637207031250000e+03
7.515856445312500000e+03
7.527127929687500000e+03
7.547931640625000000e+03
7.545388183593750000e+03
7.552803222656250000e+03
7.552362792968750000e+03
7.549327148437500000e+03
7.552877929687500000e+03
7.557076660156250000e+03
7.553993652343750000e+03
7.551955566406250000e+03
7.523156738281250000e+03
7.542087402343750000e+03
7.539615722656250000e+03
7.542784667968750000e+03
7.546151855468750000e+03
7.549409667968750000e+03
7.548085937500000000e+03
7.565339355468750000e+03
7.551056640625000000e+03
7.573095214843750000e+03
7.584142578125000000e+03
7.589498535156250000e+03
7.613751464843750000e+03
7.618509277343750000e+03
7.612844726562500000e+03
7.630265136718750000e+03
7.663579101562500000e+03
7.672544921875000000e+03
7.711237792968750000e+03
7.706141113281250000e+03
7.702939453125000000e+03
7.703543945312500000e+03
7.701050292968750000e+03
7.687868652343750000e+03
7.666775390625000000e+03
7.636995117187500000e+03
7.634629394531250000e+03
7.647153808593750000e+03
7.654258789062500000e+03
7.661877441406250000e+03
7.650805175781250000e+03
7.644006347656250000e+03
7.702700195312500000e+03
7.712395019531250000e+03
7.712152343750000000e+03
7.721478027343750000e+03
7.717447265625000000e+03
7.707744140625000000e+03
7.691577636718750000e+03
7.673356933593750000e+03
7.673000976562500000e+03
7.617516601562500000e+03
7.643159667968750000e+03
7.658849121093750000e+03
7.659841796875000000e+03
7.655253906250000000e+03
7.670397949218750000e+03
7.674387695312500000e+03
7.684964843750000000e+03
7.683837402343750000e+03
7.662879394531250000e+03
7.664623535156250000e+03
7.664676757812500000e+03
7.645798339843750000e+03
7.646851562500000000e+03
7.768272460937500000e+03
7.808337890625000000e+03
7.795397949218750000e+03
7.744489257812500000e+03
7.724505859375000000e+03
7.734103515625000000e+03
7.736893554687500000e+03
7.754474121093750000e+03
7.736878906250000000e+03
7.752469726562500000e+03
7.752810058593750000e+03
7.774143066406250000e+03
7.782083007812500000e+03
7.765624511718750000e+03
7.773787109375000000e+03
7.755881347656250000e+03
7.751989257812500000e+03
7.758655761718750000e+03
7.780153808593750000e+03
7.795111328125000000e+03
7.802094238281250000e+03
7.799691406250000000e+03
7.808481445312500000e+03
7.809530273437500000e+03
7.824942871093750000e+03
7.826762207031250000e+03
7.827449707031250000e+03
7.835641601562500000e+03
7.833740722656250000e+03
7.834042480468750000e+03
7.837081054687500000e+03
7.841147949218750000e+03
7.865482421875000000e+03
7.859074218750000000e+03
7.870060546875000000e+03
7.878411621093750000e+03
7.891192871093750000e+03
7.880250488281250000e+03
7.877651367187500000e+03
7.873957519531250000e+03
7.876632812500000000e+03
7.881983886718750000e+03
7.888802246093750000e+03
7.895540527343750000e+03
7.898596191406250000e+03
7.880811523437500000e+03
7.883855468750000000e+03
7.887175781250000000e+03
7.889046875000000000e+03
7.885205078125000000e+03
7.879381347656250000e+03
7.875183593750000000e+03
7.877271972656250000e+03
7.872444824218750000e+03
7.898865234375000000e+03
7.917132812500000000e+03
7.911050292968750000e+03
7.916825683593750000e+03
7.917988281250000000e+03
7.931240234375000000e+03
7.925506835937500000e+03
7.909751953125000000e+03
7.904493652343750000e+03
7.930541015625000000e+03
7.939496582031250000e+03
7.938268554687500000e+03
7.945615234375000000e+03
7.947040527343750000e+03
7.948869628906250000e+03
7.935718261718750000e+03
7.957906738281250000e+03
7.964583984375000000e+03
7.985443359375000000e+03
7.988166992187500000e+03
7.983080566406250000e+03
7.986944824218750000e+03
7.975215820312500000e+03
7.984335449218750000e+03
7.993520019531250000e+03
7.999712890625000000e+03
7.998094726562500000e+03
8.001402832031250000e+03
8.001519531250000000e+03
8.003548828125000000e+03
8.006391601562500000e+03
8.004065917968750000e+03
8.003211914062500000e+03
8.002978027343750000e+03
8.007201660156250000e+03
8.007582519531250000e+03
8.000601562500000000e+03
7.998315917968750000e+03
7.995385742187500000e+03
7.991157714843750000e+03
7.992867187500000000e+03
7.995714843750000000e+03
8.000303222656250000e+03
7.994835449218750000e+03
7.994667968750000000e+03
8.001162109375000000e+03
8.006324707031250000e+03
8.008360839843750000e+03
8.002384765625000000e+03
8.003503417968750000e+03
8.000457031250000000e+03
7.997591308593750000e+03
7.989336914062500000e+03
7.984848144531250000e+03
7.954136230468750000e+03
7.947237792968750000e+03
7.938338867187500000e+03
7.923029785156250000e+03
7.908204101562500000e+03
7.914932128906250000e+03
7.923632324218750000e+03
7.929035644531250000e+03
7.922982910156250000e+03
7.941629394531250000e+03
7.938554199218750000e+03
7.939021484375000000e+03
7.926391113281250000e+03
7.932556640625000000e+03
7.927090332031250000e+03
7.928253906250000000e+03
7.933087890625000000e+03
7.936451660156250000e+03
7.949139160156250000e+03
7.947837890625000000e+03
7.951584960937500000e+03
7.954320800781250000e+03
7.959018066406250000e+03
7.958761230468750000e+03
7.953415039062500000e+03
7.953521484375000000e+03
7.955181152343750000e+03
7.929111328125000000e+03
7.922909179687500000e+03
7.930717773437500000e+03
7.928916015625000000e+03
7.933398437500000000e+03
7.925309082031250000e+03
7.921817382812500000e+03
7.933582031250000000e+03
7.934375976562500000e+03
7.937451660156250000e+03
7.923588867187500000e+03
7.920201171875000000e+03
7.925473632812500000e+03
7.915945800781250000e+03
7.899120605468750000e+03
7.897930664062500000e+03
7.902417480468750000e+03
7.912223144531250000e+03
7.933605468750000000e+03
7.928487792968750000e+03
7.930657226562500000e+03
7.924545410156250000e+03
7.933546875000000000e+03
7.943149414062500000e+03
7.930708984375000000e+03
7.927893554687500000e+03
7.930636718750000000e+03
7.933372558593750000e+03
7.939177246093750000e+03
7.937915527343750000e+03
7.939924316406250000e+03
7.931499023437500000e+03
7.927427734375000000e+03
7.930176757812500000e+03
7.922558593750000000e+03
7.927664550781250000e+03
7.917576171875000000e+03
7.925229980468750000e+03
7.928461914062500000e+03
7.931747070312500000e+03
7.939002441406250000e+03
7.935086425781250000e+03
7.940567871093750000e+03
7.946374511718750000e+03
7.951020507812500000e+03
7.919640136718750000e+03
7.910514648437500000e+03
7.898123535156250000e+03
7.893724121093750000e+03
7.905029296875000000e+03
7.917798828125000000e+03
7.920211425781250000e+03
7.936911621093750000e+03
7.940681640625000000e+03
7.950280273437500000e+03
7.945114746093750000e+03
7.943114257812500000e+03
7.948878906250000000e+03
7.951705078125000000e+03
7.949421386718750000e+03
7.944949707031250000e+03
7.923800781250000000e+03
7.927960937500000000e+03
7.957332031250000000e+03
7.956096679687500000e+03
7.965046875000000000e+03
7.965739257812500000e+03
7.965281250000000000e+03
7.982995605468750000e+03
7.968733886718750000e+03
7.963520996093750000e+03
7.973766601562500000e+03
7.978583984375000000e+03
7.987616699218750000e+03
7.987537109375000000e+03
7.988181152343750000e+03
7.999536132812500000e+03
8.001803222656250000e+03
8.019820800781250000e+03
8.029284179687500000e+03
8.035684082031250000e+03
8.009455078125000000e+03
7.989479980468750000e+03
7.988481445312500000e+03
7.987260253906250000e+03
7.997532714843750000e+03
7.991573730468750000e+03
7.987426269531250000e+03
7.981617675781250000e+03
7.987581542968750000e+03
8.013589355468750000e+03
8.013965332031250000e+03
8.021131347656250000e+03
8.019269531250000000e+03
8.021862304687500000e+03
8.014836425781250000e+03
8.008375976562500000e+03
8.000916015625000000e+03
8.007917968750000000e+03
8.038702148437500000e+03
8.049629394531250000e+03
8.058419433593750000e+03
8.054106445312500000e+03
8.054828613281250000e+03
8.051440429687500000e+03
8.047630859375000000e+03
8.037736816406250000e+03
8.029674316406250000e+03
8.054738281250000000e+03
8.066603027343750000e+03
8.067727539062500000e+03
8.071590332031250000e+03
8.073661132812500000e+03
8.071965820312500000e+03
8.062214843750000000e+03
8.059103027343750000e+03
8.054022949218750000e+03
8.037722167968750000e+03
8.029395996093750000e+03
8.023194824218750000e+03
8.008643066406250000e+03
8.005769531250000000e+03
8.011011230468750000e+03
8.007893066406250000e+03
8.010882812500000000e+03
8.017867187500000000e+03
8.033274902343750000e+03
8.039727539062500000e+03
8.041869140625000000e+03
8.045771484375000000e+03
8.050373046875000000e+03
8.048943847656250000e+03
8.055316894531250000e+03
8.065696777343750000e+03
8.069949707031250000e+03
8.094642578125000000e+03
8.099931640625000000e+03
8.102188476562500000e+03
8.103555175781250000e+03
8.099915039062500000e+03
8.095134765625000000e+03
8.097744628906250000e+03
8.090853515625000000e+03
8.091539062500000000e+03
8.077566406250000000e+03
8.080857910156250000e+03
8.079861816406250000e+03
8.084248046875000000e+03
8.086667480468750000e+03
8.087566894531250000e+03
8.099162109375000000e+03
8.106797851562500000e+03
8.114134765625000000e+03
8.128120605468750000e+03
8.129484863281250000e+03
8.126420410156250000e+03
8.125767578125000000e+03
8.127491210937500000e+03
8.118562988281250000e+03
8.110143066406250000e+03
8.116781738281250000e+03
8.122613769531250000e+03
8.103788085937500000e+03
8.107812988281250000e+03
8.111482910156250000e+03
8.107485351562500000e+03
8.112872070312500000e+03
8.111005371093750000e+03
8.112463378906250000e+03
8.115652343750000000e+03
8.115293945312500000e+03
8.123371582031250000e+03
8.118573242187500000e+03
8.121197265625000000e+03
8.121114746093750000e+03
8.120007812500000000e+03
8.127504882812500000e+03
8.129468750000000000e+03
8.129001464843750000e+03
8.129630859375000000e+03
8.101136718750000000e+03
8.111465820312500000e+03
8.111788574218750000e+03
8.114807617187500000e+03
8.113673828125000000e+03
8.110035644531250000e+03
8.108776367187500000e+03
8.106583984375000000e+03
8.103400878906250000e+03
8.058370117187500000e+03
8.047667968750000000e+03
8.032936035156250000e+03
8.031814941406250000e+03
8.045121093750000000e+03
8.055458984375000000e+03
8.052198242187500000e+03
8.053450195312500000e+03
8.056440917968750000e+03
8.046144531250000000e+03
8.038631835937500000e+03
8.036745605468750000e+03
8.044681152343750000e+03
8.047785156250000000e+03
8.053806152343750000e+03
8.060502441406250000e+03
8.053441894531250000e+03
8.050212402343750000e+03
8.058517089843750000e+03
8.062404785156250000e+03
8.065921386718750000e+03
8.059815429687500000e+03
8.058351562500000000e+03
8.041734375000000000e+03
8.029225097656250000e+03
8.024224609375000000e+03
8.027354003906250000e+03
8.056054199218750000e+03
8.064795898437500000e+03
8.069671386718750000e+03
8.069474121093750000e+03
8.066775390625000000e+03
8.070650878906250000e+03
8.064269042968750000e+03
8.067016113281250000e+03
8.067167968750000000e+03
8.048072753906250000e+03
8.039946777343750000e+03
8.045076171875000000e+03
8.038545410156250000e+03
8.039790527343750000e+03
8.037009765625000000e+03
8.012948730468750000e+03
8.018603515625000000e+03
8.021738769531250000e+03
8.040132324218750000e+03
8.043388671875000000e+03
8.059400878906250000e+03
8.069517089843750000e+03
8.072363769531250000e+03
8.062848632812500000e+03
8.068895507812500000e+03
8.070844726562500000e+03
8.053382324218750000e+03
8.045708496093750000e+03
8.034672363281250000e+03
8.033452148437500000e+03
8.039042480468750000e+03
8.043644531250000000e+03
8.042419921875000000e+03
8.056299316406250000e+03
8.065835937500000000e+03
8.069930175781250000e+03
8.086665527343750000e+03
8.085010742187500000e+03
8.086452636718750000e+03
8.084464355468750000e+03
8.078859375000000000e+03
8.064785156250000000e+03
8.072222167968750000e+03
8.070633789062500000e+03
8.076639160156250000e+03
8.069896484375000000e+03
8.056039550781250000e+03
8.055770996093750000e+03
8.045177246093750000e+03
8.040805175781250000e+03
8.047149902343750000e+03
8.051334960937500000e+03
8.054017578125000000e+03
8.057466308593750000e+03
8.064144531250000000e+03
8.066234863281250000e+03
8.072614257812500000e+03
8.076041015625000000e+03
8.079277343750000000e+03
8.083338378906250000e+03
8.070682617187500000e+03
8.058993164062500000e+03
8.055476562500000000e+03
8.040373046875000000e+03
8.038631835937500000e+03
8.045126953125000000e+03
8.047715820312500000e+03
8.045174804687500000e+03
8.055852050781250000e+03
8.064321289062500000e+03
8.061603027343750000e+03
8.064462402343750000e+03
8.035808105468750000e+03
8.017263183593750000e+03
8.022014160156250000e+03
8.026104492187500000e+03
8.020717285156250000e+03
8.027131835937500000e+03
8.031698730468750000e+03
8.026355468750000000e+03
8.025124023437500000e+03
7.927867675781250000e+03
7.910955566406250000e+03
7.904936523437500000e+03
7.917240722656250000e+03
7.916272460937500000e+03
7.926304199218750000e+03
7.905877441406250000e+03
7.903012207031250000e+03
7.909152343750000000e+03
7.835656250000000000e+03
7.760041503906250000e+03
7.789462402343750000e+03
7.774170898437500000e+03
7.743361328125000000e+03
7.774865234375000000e+03
7.762090332031250000e+03
7.750712890625000000e+03
7.730357421875000000e+03
7.703842773437500000e+03
7.685926269531250000e+03
7.705556640625000000e+03
7.732319335937500000e+03
7.759416503906250000e+03
7.792041503906250000e+03
7.796769531250000000e+03
7.816003417968750000e+03
7.812935058593750000e+03
7.770493164062500000e+03
7.700647460937500000e+03
7.607635253906250000e+03
7.611065917968750000e+03
7.576155273437500000e+03
7.579576660156250000e+03
7.580403320312500000e+03
7.564512207031250000e+03
7.527772949218750000e+03
7.592510253906250000e+03
7.572540527343750000e+03
7.602699218750000000e+03
7.583058105468750000e+03
7.553241210937500000e+03
7.558775878906250000e+03
7.576297363281250000e+03
7.594874511718750000e+03
7.586954589843750000e+03
7.663840332031250000e+03
7.652984375000000000e+03
7.620326171875000000e+03
7.582280273437500000e+03
7.533569335937500000e+03
7.534548339843750000e+03
7.517240722656250000e+03
7.522635742187500000e+03
7.526760253906250000e+03
7.476826171875000000e+03
7.523974121093750000e+03
7.542503417968750000e+03
7.548109375000000000e+03
7.558654296875000000e+03
7.558478027343750000e+03
7.577459960937500000e+03
7.594177734375000000e+03
7.576037109375000000e+03
7.678169433593750000e+03
7.686793945312500000e+03
7.690985351562500000e+03
7.691947265625000000e+03
7.711808105468750000e+03
7.728136718750000000e+03
7.704243164062500000e+03
7.707128417968750000e+03
7.715067871093750000e+03
7.693544433593750000e+03
7.693872070312500000e+03
7.710804687500000000e+03
7.718581054687500000e+03
7.728020996093750000e+03
7.735511718750000000e+03
7.761346679687500000e+03
7.749026855468750000e+03
7.745528320312500000e+03
7.703100585937500000e+03
7.671195312500000000e+03
7.653607910156250000e+03
7.674537109375000000e+03
7.689021484375000000e+03
7.678379882812500000e+03
7.694669921875000000e+03
7.698654785156250000e+03
7.677527832031250000e+03
7.572830566406250000e+03
7.536387207031250000e+03
7.534264160156250000e+03
7.538956054687500000e+03
7.571486328125000000e+03
7.577243652343750000e+03
7.565183593750000000e+03
7.582553222656250000e+03
7.578208984375000000e+03
7.626665527343750000e+03
7.619657226562500000e+03
7.629166992187500000e+03
7.652078613281250000e+03
7.644066894531250000e+03
7.660472167968750000e+03
7.653864257812500000e+03
7.645826171875000000e+03
7.650396484375000000e+03
7.680597656250000000e+03
7.673671875000000000e+03
7.655853027343750000e+03
7.648092285156250000e+03
7.649016113281250000e+03
7.641027343750000000e+03
7.651555175781250000e+03
7.659572753906250000e+03
7.662017578125000000e+03
7.689037109375000000e+03
7.709027343750000000e+03
7.716179687500000000e+03
7.721275878906250000e+03
7.723157714843750000e+03
7.731926757812500000e+03
7.740895019531250000e+03
7.732173828125000000e+03
7.734510253906250000e+03
7.777822753906250000e+03
7.793127929687500000e+03
7.797909667968750000e+03
7.817078125000000000e+03
7.818033691406250000e+03
7.801934570312500000e+03
7.800666503906250000e+03
7.796134765625000000e+03
7.804094726562500000e+03
7.809838867187500000e+03
7.812375488281250000e+03
7.816221679687500000e+03
7.820103515625000000e+03
7.819938476562500000e+03
7.824997070312500000e+03
7.818271972656250000e+03
7.826950683593750000e+03
7.822148925781250000e+03
7.859587890625000000e+03
7.869114746093750000e+03
7.866929687500000000e+03
7.874402832031250000e+03
7.863597656250000000e+03
7.853306640625000000e+03
7.867544433593750000e+03
7.858005859375000000e+03
7.851492187500000000e+03
7.870174316406250000e+03
7.860160644531250000e+03
7.860526855468750000e+03
7.859256835937500000e+03
7.856633789062500000e+03
7.863393554687500000e+03
7.852083984375000000e+03
7.835298339843750000e+03
7.822097656250000000e+03
7.832092773437500000e+03
7.833386718750000000e+03
7.838715820312500000e+03
7.848750000000000000e+03
7.845287597656250000e+03
7.843743164062500000e+03
7.853628417968750000e+03
7.835961425781250000e+03
7.835853515625000000e+03
7.875898437500000000e+03
7.881364746093750000e+03
7.885189941406250000e+03
7.895837890625000000e+03
7.898917480468750000e+03
7.906615234375000000e+03
7.904085937500000000e+03
7.911666503906250000e+03
7.912719238281250000e+03
7.941646972656250000e+03
7.943233886718750000e+03
7.941425292968750000e+03
7.932417480468750000e+03
7.931699218750000000e+03
7.932976562500000000e+03
7.943993652343750000e+03
7.946971679687500000e+03
7.949165527343750000e+03
7.970969238281250000e+03
7.983459472656250000e+03
7.991529785156250000e+03
7.985998535156250000e+03
7.988541503906250000e+03
7.993311523437500000e+03
7.990112792968750000e+03
7.977890136718750000e+03
7.977705078125000000e+03
7.980515625000000000e+03
7.976115722656250000e+03
7.979256835937500000e+03
7.982124023437500000e+03
7.982691406250000000e+03
7.993482910156250000e+03
7.986270507812500000e+03
7.990265136718750000e+03
7.995252441406250000e+03
8.005263671875000000e+03
8.008588867187500000e+03
8.013938964843750000e+03
8.018565429687500000e+03
8.027963378906250000e+03
8.030283203125000000e+03
8.035149414062500000e+03
8.025479003906250000e+03
8.020076660156250000e+03
8.037860839843750000e+03
8.044521972656250000e+03
8.043311523437500000e+03
8.040444335937500000e+03
8.033587402343750000e+03
8.026594238281250000e+03
8.027511718750000000e+03
8.026055664062500000e+03
8.024080566406250000e+03
8.035330078125000000e+03
8.034615722656250000e+03
8.036114746093750000e+03
8.037926757812500000e+03
8.029860351562500000e+03
8.035510253906250000e+03
8.041918457031250000e+03
8.043279296875000000e+03
8.045418945312500000e+03
8.031880371093750000e+03
8.026064453125000000e+03
8.023044921875000000e+03
8.024410644531250000e+03
8.031220703125000000e+03
8.030894042968750000e+03
8.033391601562500000e+03
8.036357421875000000e+03
8.037501953125000000e+03
8.027310058593750000e+03
8.027058105468750000e+03
8.026126464843750000e+03
8.029684570312500000e+03
8.026041992187500000e+03
8.027775390625000000e+03
8.026398925781250000e+03
8.035990722656250000e+03
8.037014648437500000e+03
8.039606933593750000e+03
8.053028808593750000e+03
8.055095214843750000e+03
8.048921386718750000e+03
8.048182128906250000e+03
8.050577148437500000e+03
8.042970703125000000e+03
8.043707031250000000e+03
8.043726562500000000e+03
8.036633300781250000e+03
8.037551757812500000e+03
8.044306640625000000e+03
8.044558593750000000e+03
8.046419433593750000e+03
8.042354492187500000e+03
8.048798828125000000e+03
8.049967773437500000e+03
8.049462890625000000e+03
8.027366210937500000e+03
8.031454101562500000e+03
8.028889648437500000e+03
8.027307128906250000e+03
8.033015625000000000e+03
8.035229492187500000e+03
8.027079589843750000e+03
8.025711425781250000e+03
8.031305664062500000e+03
8.005694335937500000e+03
8.009953125000000000e+03
8.008667480468750000e+03
8.010732421875000000e+03
8.010449218750000000e+03
8.012615234375000000e+03
8.000902832031250000e+03
7.993201660156250000e+03
7.999717773437500000e+03
7.999077636718750000e+03
8.000326171875000000e+03
8.001262695312500000e+03
8.000354003906250000e+03
7.998677246093750000e+03
8.002129394531250000e+03
7.998548339843750000e+03
7.986409667968750000e+03
7.983500000000000000e+03
7.980395996093750000e+03
7.961620117187500000e+03
7.972212890625000000e+03
7.968572265625000000e+03
7.977528808593750000e+03
7.986761230468750000e+03
7.993974121093750000e+03
7.999486816406250000e+03
8.006370605468750000e+03
8.019098144531250000e+03
8.012802246093750000e+03
8.015646972656250000e+03
8.013783691406250000e+03
8.013334472656250000e+03
8.006580078125000000e+03
7.989162597656250000e+03
7.957664550781250000e+03
7.945418457031250000e+03
7.964121093750000000e+03
7.955851562500000000e+03
7.954174804687500000e+03
7.950678222656250000e+03
7.954078613281250000e+03
7.955189941406250000e+03
7.956497558593750000e+03
7.956961425781250000e+03
7.954399902343750000e+03
7.933998046875000000e+03
7.921769531250000000e+03
7.912612304687500000e+03
7.898144042968750000e+03
7.899447265625000000e+03
7.903204101562500000e+03
7.905571777343750000e+03
7.882695800781250000e+03
7.885664550781250000e+03
7.911484863281250000e+03
7.911583496093750000e+03
7.903590332031250000e+03
7.909229003906250000e+03
7.915154785156250000e+03
7.916434082031250000e+03
7.927894531250000000e+03
7.939300781250000000e+03
7.945293457031250000e+03
7.939467285156250000e+03
7.931770507812500000e+03
7.924957031250000000e+03
7.918603027343750000e+03
7.916270507812500000e+03
7.911881347656250000e+03
7.926898437500000000e+03
7.928364257812500000e+03
7.925214843750000000e+03
7.925547851562500000e+03
7.923040527343750000e+03
7.919790527343750000e+03
7.922219726562500000e+03
7.924580566406250000e+03
7.934178222656250000e+03
7.916704101562500000e+03
7.908421386718750000e+03
7.912402832031250000e+03
7.940060546875000000e+03
7.929839355468750000e+03
7.918690917968750000e+03
7.917004882812500000e+03
7.895329589843750000e+03
7.880787109375000000e+03
7.869402832031250000e+03
7.885878906250000000e+03
7.899350585937500000e+03
7.921494140625000000e+03
7.932867675781250000e+03
7.934287597656250000e+03
7.925578125000000000e+03
7.917105468750000000e+03
7.918729492187500000e+03
7.928395996093750000e+03
7.924496582031250000e+03
7.922818359375000000e+03
7.942366699218750000e+03
7.939442382812500000e+03
7.948091308593750000e+03
7.954493164062500000e+03
7.954224121093750000e+03
7.944180175781250000e+03
7.938733398437500000e+03
7.938400390625000000e+03
7.941010253906250000e+03
7.952717285156250000e+03
7.953709472656250000e+03
7.947882812500000000e+03
7.950613769531250000e+03
7.944219238281250000e+03
7.943890136718750000e+03
7.923926757812500000e+03
7.918641113281250000e+03
7.922299804687500000e+03
7.907511230468750000e+03
7.922913574218750000e+03
7.924257324218750000e+03
7.919826660156250000e+03
7.916107421875000000e+03
7.918040527343750000e+03
7.908895996093750000e+03
7.896359863281250000e+03
7.895781738281250000e+03
7.926809570312500000e+03
7.937201660156250000e+03
7.937708984375000000e+03
7.938946289062500000e+03
7.932729980468750000e+03
7.927889160156250000e+03
7.913052734375000000e+03
7.914646484375000000e+03
7.916862792968750000e+03
7.931275390625000000e+03
7.939538574218750000e+03
7.942275390625000000e+03
7.940596191406250000e+03
7.942583496093750000e+03
7.942143066406250000e+03
7.948645019531250000e+03
7.949400878906250000e+03
7.939746582031250000e+03
7.943878906250000000e+03
7.944222167968750000e+03
7.942093750000000000e+03
7.930531738281250000e+03
7.929368164062500000e+03
7.923831542968750000e+03
7.933647460937500000e+03
7.934213378906250000e+03
7.939120605468750000e+03
7.932369628906250000e+03
7.939527832031250000e+03
7.946976074218750000e+03
7.954458984375000000e+03
7.954280273437500000e+03
7.959121582031250000e+03
7.939504882812500000e+03
7.932950195312500000e+03
7.931387207031250000e+03
7.853314453125000000e+03
7.839229003906250000e+03
7.824105468750000000e+03
7.809095214843750000e+03
7.806279785156250000e+03
7.806635253906250000e+03
7.784024902343750000e+03
7.798167968750000000e+03
7.795188964843750000e+03
7.767885742187500000e+03
7.785656738281250000e+03
7.796937011718750000e+03
7.793041015625000000e+03
7.787337402343750000e+03
7.791680175781250000e+03
7.757698730468750000e+03
7.767153808593750000e+03
7.759133789062500000e+03
7.771716308593750000e+03
7.757197265625000000e+03
7.738526367187500000e+03
7.763038574218750000e+03
7.771364257812500000e+03
7.773754882812500000e+03
7.798777343750000000e+03
7.820740234375000000e+03
7.816782226562500000e+03
7.800676269531250000e+03
7.794912109375000000e+03
7.784561035156250000e+03
7.768007812500000000e+03
7.764014160156250000e+03
7.760559570312500000e+03
7.737902832031250000e+03
7.716734863281250000e+03
7.694623046875000000e+03
7.652628906250000000e+03
7.677325683593750000e+03
7.680403320312500000e+03
7.683073730468750000e+03
7.685723632812500000e+03
7.676541015625000000e+03
7.657803710937500000e+03
7.624134765625000000e+03
7.618845703125000000e+03
7.656210449218750000e+03
7.666306640625000000e+03
7.655085449218750000e+03
7.647302734375000000e+03
7.643628417968750000e+03
7.635881835937500000e+03
7.618689941406250000e+03
7.666390136718750000e+03
7.670200683593750000e+03
7.714695800781250000e+03
7.728430175781250000e+03
7.740650878906250000e+03
7.743261718750000000e+03
7.738856933593750000e+03
7.748062500000000000e+03
7.765056640625000000e+03
7.779638183593750000e+03
7.795510253906250000e+03
7.825444335937500000e+03
7.833170410156250000e+03
7.828584472656250000e+03
7.831187011718750000e+03
7.829223144531250000e+03
7.828240234375000000e+03
7.814534179687500000e+03
7.788805175781250000e+03
7.778740722656250000e+03
7.771561035156250000e+03
7.736637207031250000e+03
7.756700195312500000e+03
7.754455566406250000e+03
7.759582519531250000e+03
7.777349609375000000e+03
7.790706542968750000e+03
7.806591308593750000e+03
7.815785156250000000e+03
7.802682128906250000e+03
7.808418945312500000e+03
7.809840332031250000e+03
7.818563476562500000e+03
7.822073730468750000e+03
7.816406738281250000e+03
7.816508300781250000e+03
7.802341308593750000e+03
7.806714355468750000e+03
7.803066406250000000e+03
7.786097656250000000e+03
7.793333007812500000e+03
7.801802734375000000e+03
7.806723144531250000e+03
7.802181152343750000e+03
7.777451660156250000e+03
7.781699707031250000e+03
7.779797363281250000e+03
7.785894531250000000e+03
7.779166992187500000e+03
7.758208007812500000e+03
7.746004882812500000e+03
7.732231933593750000e+03
7.734955566406250000e+03
7.735104003906250000e+03
7.752818847656250000e+03
7.739270507812500000e+03
7.767567871093750000e+03
7.763872070312500000e+03
7.747207519531250000e+03
7.741977539062500000e+03
7.747666503906250000e+03
7.749316894531250000e+03
7.758874511718750000e+03
7.746003906250000000e+03
7.743634765625000000e+03
7.763811523437500000e+03
7.764651367187500000e+03
7.753385253906250000e+03
7.742944824218750000e+03
7.739937500000000000e+03
7.763267578125000000e+03
7.783708007812500000e+03
7.781384277343750000e+03
7.778557128906250000e+03
7.782520019531250000e+03
7.788895507812500000e+03
7.800089355468750000e+03
7.816481933593750000e+03
7.816800781250000000e+03
7.796953125000000000e+03
7.800445800781250000e+03
7.788945312500000000e+03
7.793035644531250000e+03
7.775849121093750000e+03
7.780079589843750000e+03
7.794788085937500000e+03
7.787253417968750000e+03
7.789622070312500000e+03
7.787430175781250000e+03
7.795374023437500000e+03
7.800328613281250000e+03
7.812888183593750000e+03
7.846414062500000000e+03
7.863137207031250000e+03
7.838346679687500000e+03
7.838623046875000000e+03
7.831910156250000000e+03
7.838413574218750000e+03
7.829151855468750000e+03
7.830743652343750000e+03
7.825414062500000000e+03
7.797378417968750000e+03
7.790743652343750000e+03
7.799642578125000000e+03
7.787425781250000000e+03
7.788338867187500000e+03
7.786707031250000000e+03
7.779613769531250000e+03
7.769500488281250000e+03
7.765644531250000000e+03
7.776452636718750000e+03
7.771474609375000000e+03
7.768832519531250000e+03
7.770840820312500000e+03
7.776357910156250000e+03
7.778920898437500000e+03
7.773109863281250000e+03
7.754827636718750000e+03
7.745457031250000000e+03
7.717374023437500000e+03
7.735264160156250000e+03
7.752881347656250000e+03
7.741811523437500000e+03
7.731729980468750000e+03
7.711801269531250000e+03
7.723426269531250000e+03
7.740544921875000000e+03
7.738085449218750000e+03
7.640016601562500000e+03
7.661778320312500000e+03
7.664298339843750000e+03
7.661973632812500000e+03
7.642653808593750000e+03
7.663701660156250000e+03
7.659568359375000000e+03
7.667023437500000000e+03
7.664927246093750000e+03
7.630931640625000000e+03
7.660927734375000000e+03
7.661236328125000000e+03
7.647011230468750000e+03
7.651700683593750000e+03
7.620221679687500000e+03
7.626077636718750000e+03
7.650921386718750000e+03
7.632116699218750000e+03
7.609290039062500000e+03
7.578575683593750000e+03
7.610071777343750000e+03
7.618797363281250000e+03
7.633412597656250000e+03
7.628721679687500000e+03
7.634183105468750000e+03
7.630499023437500000e+03
7.623702636718750000e+03
7.645889160156250000e+03
7.631901367187500000e+03
7.621349609375000000e+03
7.627458007812500000e+03
7.604450195312500000e+03
7.611762695312500000e+03
7.614470214843750000e+03
7.632985351562500000e+03
7.638073730468750000e+03
7.659599609375000000e+03
7.668709960937500000e+03
7.678745117187500000e+03
7.689432617187500000e+03
7.684357910156250000e+03
7.686454589843750000e+03
7.672400390625000000e+03
7.674152343750000000e+03
7.676330078125000000e+03
7.658070800781250000e+03
7.664037109375000000e+03
7.653606933593750000e+03
7.657651367187500000e+03
7.648952636718750000e+03
7.641994140625000000e+03
7.641663574218750000e+03
7.648385742187500000e+03
7.646437988281250000e+03
7.673371093750000000e+03
7.684623046875000000e+03
7.700905273437500000e+03
7.702742187500000000e+03
7.700750976562500000e+03
7.711921386718750000e+03
7.721533691406250000e+03
7.718580078125000000e+03
7.711963378906250000e+03
7.728025390625000000e+03
7.729812500000000000e+03
7.727706542968750000e+03
7.734893554687500000e+03
7.735154785156250000e+03
7.710994628906250000e+03
7.691764160156250000e+03
7.704188476562500000e+03
7.702501953125000000e+03
7.700735351562500000e+03
7.707624023437500000e+03
7.722994628906250000e+03
7.718350097656250000e+03
7.713445312500000000e+03
7.705723144531250000e+03
7.697921875000000000e+03
7.694722167968750000e+03
7.693120117187500000e+03
7.653281738281250000e+03
7.649438964843750000e+03
7.646489257812500000e+03
7.649408203125000000e+03
7.646675292968750000e+03
7.636079101562500000e+03
7.625073242187500000e+03
7.610600585937500000e+03
7.614533203125000000e+03
7.540505859375000000e+03
7.538653808593750000e+03
7.533792480468750000e+03
7.528328125000000000e+03
7.533807128906250000e+03
7.512566894531250000e+03
7.505745605468750000e+03
7.489982910156250000e+03
7.489305664062500000e+03
7.472806152343750000e+03
7.476800292968750000e+03
7.483691406250000000e+03
7.482031250000000000e+03
7.481387695312500000e+03
7.485354492187500000e+03
7.481262207031250000e+03
7.485389648437500000e+03
7.479484863281250000e+03
7.480600585937500000e+03
7.485386230468750000e+03
7.487487304687500000e+03
7.487317382812500000e+03
7.497497070312500000e+03
7.498297363281250000e+03
7.502145019531250000e+03
7.494468750000000000e+03
7.489852539062500000e+03
7.487096679687500000e+03
7.477541992187500000e+03
7.481210937500000000e+03
7.483078613281250000e+03
7.480374023437500000e+03
7.487663574218750000e+03
7.487144042968750000e+03
7.487136718750000000e+03
7.492517578125000000e+03
7.518772949218750000e+03
7.536509765625000000e+03
7.545104980468750000e+03
7.550154296875000000e+03
7.563275390625000000e+03
7.574120605468750000e+03
7.575491210937500000e+03
7.589921875000000000e+03
7.597716796875000000e+03
7.609618652343750000e+03
7.603426757812500000e+03
7.609743164062500000e+03
7.618533691406250000e+03
7.615863281250000000e+03
7.619281250000000000e+03
7.625625976562500000e+03
7.616761718750000000e+03
7.614467285156250000e+03
7.614183105468750000e+03
7.622245605468750000e+03
7.617090820312500000e+03
7.625359863281250000e+03
7.630277832031250000e+03
7.652939941406250000e+03
7.632639648437500000e+03
7.610343261718750000e+03
7.612267089843750000e+03
7.594750976562500000e+03
7.583256835937500000e+03
7.580263671875000000e+03
7.588543457031250000e+03
7.588886718750000000e+03
7.590596191406250000e+03
7.593696777343750000e+03
7.590440917968750000e+03
7.588623535156250000e+03
7.591150878906250000e+03
7.594942382812500000e+03
7.597147949218750000e+03
7.586109375000000000e+03
7.585090332031250000e+03
7.581108886718750000e+03
7.606242675781250000e+03
7.622875000000000000e+03
7.632083984375000000e+03
7.722392089843750000e+03
7.746613281250000000e+03
7.745726562500000000e+03
7.758914550781250000e+03
7.753046875000000000e+03
7.757679687500000000e+03
7.790065429687500000e+03
7.778480468750000000e+03
7.778469238281250000e+03
7.814204589843750000e+03
7.825051269531250000e+03
7.823764160156250000e+03
7.825541503906250000e+03
7.828601074218750000e+03
7.820007812500000000e+03
7.839223144531250000e+03
7.828972167968750000e+03
7.832307617187500000e+03
7.830742675781250000e+03
7.836703613281250000e+03
7.830294921875000000e+03
7.834931152343750000e+03
7.839727050781250000e+03
7.852132812500000000e+03
7.837129394531250000e+03
7.841057617187500000e+03
7.841973144531250000e+03
7.832525390625000000e+03
7.843702148437500000e+03
7.850777343750000000e+03
7.841370117187500000e+03
7.830534179687500000e+03
7.833231445312500000e+03
7.841419433593750000e+03
7.855559570312500000e+03
7.863992675781250000e+03
7.868904296875000000e+03
7.872146484375000000e+03
7.871499511718750000e+03
7.868313964843750000e+03
7.874292480468750000e+03
7.870878906250000000e+03
7.870229980468750000e+03
7.873546386718750000e+03
7.872729003906250000e+03
7.865321289062500000e+03
7.854221191406250000e+03
7.842663574218750000e+03
7.829200683593750000e+03
7.825571289062500000e+03
7.821286621093750000e+03
7.828143554687500000e+03
7.842306152343750000e+03
7.853999023437500000e+03
7.866448242187500000e+03
7.879922851562500000e+03
7.875769531250000000e+03
7.875476074218750000e+03
7.877708007812500000e+03
7.883733398437500000e+03
7.883525878906250000e+03
7.879272949218750000e+03
7.879968261718750000e+03
7.885204589843750000e+03
7.889003417968750000e+03
7.886544921875000000e+03
7.878467285156250000e+03
7.873154785156250000e+03
7.883481445312500000e+03
7.876608398437500000e+03
7.873358886718750000e+03
7.878261230468750000e+03
7.859355957031250000e+03
7.865990234375000000e+03
7.869435058593750000e+03
7.871459960937500000e+03
7.874635253906250000e+03
7.881944824218750000e+03
7.893223144531250000e+03
7.890920410156250000e+03
7.884273437500000000e+03
7.880935546875000000e+03
7.871876953125000000e+03
7.846805175781250000e+03
7.863955566406250000e+03
7.863411132812500000e+03
7.856457519531250000e+03
7.865937011718750000e+03
7.855807128906250000e+03
7.848930175781250000e+03
7.757342773437500000e+03
7.709907714843750000e+03
7.725926269531250000e+03
7.764040039062500000e+03
7.769868164062500000e+03
7.763752929687500000e+03
7.771871093750000000e+03
7.724051269531250000e+03
7.724227050781250000e+03
7.618296386718750000e+03
7.615766113281250000e+03
7.653330566406250000e+03
7.676091308593750000e+03
7.683566406250000000e+03
7.682909667968750000e+03
7.688939453125000000e+03
7.687720214843750000e+03
7.695237304687500000e+03
7.715562500000000000e+03
7.714429687500000000e+03
7.712061035156250000e+03
7.681889160156250000e+03
7.663076171875000000e+03
7.675029785156250000e+03
7.703307128906250000e+03
7.737347167968750000e+03
7.744981933593750000e+03
7.723478027343750000e+03
7.698319335937500000e+03
7.698054687500000000e+03
7.685294921875000000e+03
7.704000976562500000e+03
7.717661621093750000e+03
7.705823730468750000e+03
7.724000488281250000e+03
7.732631835937500000e+03
7.718126464843750000e+03
7.711908691406250000e+03
7.689720214843750000e+03
7.676499511718750000e+03
7.670490722656250000e+03
7.675984863281250000e+03
7.691438476562500000e+03
7.692476562500000000e+03
7.699373046875000000e+03
7.762284179687500000e+03
7.769812500000000000e+03
7.779509765625000000e+03
7.772969238281250000e+03
7.765512695312500000e+03
7.744591308593750000e+03
7.768996582031250000e+03
7.770148437500000000e+03
7.759880371093750000e+03
7.769856445312500000e+03
7.772445800781250000e+03
7.764808593750000000e+03
7.763937500000000000e+03
7.767689453125000000e+03
7.775909179687500000e+03
7.792384277343750000e+03
7.793023925781250000e+03
7.797953613281250000e+03
7.751189453125000000e+03
7.718158691406250000e+03
7.709632812500000000e+03
7.710821289062500000e+03
7.709534179687500000e+03
7.683880371093750000e+03
7.696227539062500000e+03
7.705356445312500000e+03
7.698071777343750000e+03
7.691418945312500000e+03
7.682581542968750000e+03
7.677285644531250000e+03
7.677798339843750000e+03
7.666138671875000000e+03
7.658140625000000000e+03
7.661323730468750000e+03
7.677542480468750000e+03
7.671404296875000000e+03
7.597550781250000000e+03
7.588589355468750000e+03
7.579397949218750000e+03
7.565114257812500000e+03
7.578718750000000000e+03
7.589209960937500000e+03
7.585812011718750000e+03
7.553044433593750000e+03
7.564977539062500000e+03
7.557854980468750000e+03
7.562805664062500000e+03
7.548838378906250000e+03
7.545695800781250000e+03
7.542789550781250000e+03
7.533559570312500000e+03
7.539154296875000000e+03
7.542153808593750000e+03
7.540551269531250000e+03
7.519585937500000000e+03
7.525348144531250000e+03
7.530127441406250000e+03
7.536624023437500000e+03
7.531497070312500000e+03
7.526887207031250000e+03
7.515167480468750000e+03
7.517784179687500000e+03
7.507612792968750000e+03
7.479024414062500000e+03
7.483022460937500000e+03
7.477518066406250000e+03
7.479854980468750000e+03
7.473039062500000000e+03
7.467458984375000000e+03
7.465019531250000000e+03
7.480264160156250000e+03
7.484205566406250000e+03
7.494263671875000000e+03
7.498823730468750000e+03
7.510562500000000000e+03
7.505162597656250000e+03
7.502471191406250000e+03
7.491558105468750000e+03
7.486542968750000000e+03
7.482715332031250000e+03
7.481668945312500000e+03
7.492410156250000000e+03
7.495894531250000000e+03
7.506458984375000000e+03
7.507864257812500000e+03
7.506440917968750000e+03
7.503863769531250000e+03
7.489788085937500000e+03
7.490836425781250000e+03
7.489079101562500000e+03
7.502451171875000000e+03
7.514906250000000000e+03
7.532857421875000000e+03
7.516223632812500000e+03
7.518887695312500000e+03
7.512308105468750000e+03
7.508754882812500000e+03
7.517374511718750000e+03
7.518470214843750000e+03
7.543604492187500000e+03
7.537872558593750000e+03
7.530876464843750000e+03
7.539625000000000000e+03
7.529433105468750000e+03
7.528798828125000000e+03
7.542487792968750000e+03
7.526519531250000000e+03
7.526717773437500000e+03
7.539187011718750000e+03
7.542027343750000000e+03
7.544381835937500000e+03
7.551731445312500000e+03
7.553909179687500000e+03
7.563814941406250000e+03
7.539532226562500000e+03
7.524683593750000000e+03
7.531664550781250000e+03
7.608307617187500000e+03
7.608322265625000000e+03
7.629811523437500000e+03
7.619229003906250000e+03
7.617582031250000000e+03
7.616161132812500000e+03
7.631979492187500000e+03
7.635500000000000000e+03
7.641664062500000000e+03
7.683087890625000000e+03
7.649462890625000000e+03
7.640507324218750000e+03
7.661174316406250000e+03
7.667130859375000000e+03
7.665908203125000000e+03
7.663168945312500000e+03
7.646932617187500000e+03
7.646038574218750000e+03
7.649266113281250000e+03
7.645795898437500000e+03
7.641890625000000000e+03
7.648861328125000000e+03
7.659359863281250000e+03
7.664491699218750000e+03
7.652291503906250000e+03
7.632805664062500000e+03
7.619541503906250000e+03
7.647609375000000000e+03
7.646015625000000000e+03
7.646907226562500000e+03
7.658352050781250000e+03
7.656814453125000000e+03
7.647738281250000000e+03
7.644633789062500000e+03
7.647072753906250000e+03
7.639887207031250000e+03
7.684156738281250000e+03
7.693955078125000000e+03
7.675984863281250000e+03
7.670830078125000000e+03
7.664560058593750000e+03
7.658263183593750000e+03
7.646858398437500000e+03
7.619654785156250000e+03
7.622480468750000000e+03
7.572340820312500000e+03
7.611112792968750000e+03
7.631497070312500000e+03
7.636296875000000000e+03
7.645789550781250000e+03
7.637678222656250000e+03
7.643318847656250000e+03
7.618540039062500000e+03
7.610741210937500000e+03
7.550406738281250000e+03
7.557406738281250000e+03
7.562375000000000000e+03
7.567274414062500000e+03
7.569949707031250000e+03
7.586938476562500000e+03
7.608917968750000000e+03
7.605926269531250000e+03
7.598312988281250000e+03
7.584085449218750000e+03
7.609959472656250000e+03
7.619383789062500000e+03
7.627328613281250000e+03
7.610382324218750000e+03
7.607691406250000000e+03
7.618187988281250000e+03
7.609112792968750000e+03
7.614442871093750000e+03
7.626251464843750000e+03
7.586840332031250000e+03
7.582370605468750000e+03
7.608866210937500000e+03
7.605141113281250000e+03
7.621381347656250000e+03
7.624872558593750000e+03
7.648356933593750000e+03
7.653408691406250000e+03
7.708831542968750000e+03
7.670678222656250000e+03
7.675084960937500000e+03
7.666573242187500000e+03
7.649700683593750000e+03
7.649619628906250000e+03
7.646090332031250000e+03
7.675314453125000000e+03
7.670010253906250000e+03
7.697770507812500000e+03
7.710750488281250000e+03
7.707381835937500000e+03
7.717874511718750000e+03
7.697045898437500000e+03
7.707827636718750000e+03
7.706153808593750000e+03
7.701430664062500000e+03
7.707601074218750000e+03
7.700409179687500000e+03
7.678398925781250000e+03
7.693692871093750000e+03
7.673202148437500000e+03
7.673917968750000000e+03
7.698454589843750000e+03
7.713523437500000000e+03
7.713649902343750000e+03
7.712169433593750000e+03
7.726649902343750000e+03
7.733428710937500000e+03
7.756902832031250000e+03
7.795441894531250000e+03
7.761650390625000000e+03
7.799116699218750000e+03
7.824937011718750000e+03
7.856879394531250000e+03
7.867948242187500000e+03
7.903559082031250000e+03
7.912533203125000000e+03
7.902072753906250000e+03
7.911403320312500000e+03
7.910012207031250000e+03
7.902491210937500000e+03
7.905403808593750000e+03
7.901683593750000000e+03
7.901694335937500000e+03
7.891835937500000000e+03
7.882370605468750000e+03
7.868644042968750000e+03
7.867866210937500000e+03
7.858880371093750000e+03
7.859719726562500000e+03
7.835329589843750000e+03
7.834673828125000000e+03
7.829744628906250000e+03
7.846979003906250000e+03
7.853366210937500000e+03
7.845319824218750000e+03
7.845619628906250000e+03
7.840592285156250000e+03
7.837408203125000000e+03
7.844813964843750000e+03
7.833163574218750000e+03
7.837585449218750000e+03
7.876577148437500000e+03
7.887795898437500000e+03
7.892809082031250000e+03
7.897377929687500000e+03
7.895489257812500000e+03
7.900005371093750000e+03
7.906428710937500000e+03
7.907358398437500000e+03
7.910042480468750000e+03
7.876705078125000000e+03
7.872493164062500000e+03
7.866145996093750000e+03
7.862909667968750000e+03
7.889503417968750000e+03
7.887033691406250000e+03
7.893833496093750000e+03
7.874479492187500000e+03
7.862814453125000000e+03
7.856005859375000000e+03
7.876566406250000000e+03
7.895523437500000000e+03
7.905718750000000000e+03
7.899522460937500000e+03
7.899012207031250000e+03
7.877432617187500000e+03
7.877865722656250000e+03
7.868531738281250000e+03
7.853292480468750000e+03
7.812689453125000000e+03
7.821673828125000000e+03
7.818022460937500000e+03
7.801849121093750000e+03
7.787270019531250000e+03
7.775760253906250000e+03
7.772118652343750000e+03
7.795342773437500000e+03
7.803838867187500000e+03
7.818894042968750000e+03
7.804426757812500000e+03
7.810158691406250000e+03
7.814922363281250000e+03
7.820594726562500000e+03
7.829017089843750000e+03
7.816487304687500000e+03
7.812633789062500000e+03
7.813838867187500000e+03
7.810929199218750000e+03
7.795324218750000000e+03
7.787209472656250000e+03
7.800250000000000000e+03
7.804485839843750000e+03
7.801172851562500000e+03
7.764999023437500000e+03
7.768766601562500000e+03
7.748029785156250000e+03
7.715332031250000000e+03
7.721451171875000000e+03
7.748998535156250000e+03
7.735930664062500000e+03
7.750579101562500000e+03
7.748927734375000000e+03
7.771354980468750000e+03
7.783801269531250000e+03
7.828371093750000000e+03
7.838137207031250000e+03
7.850461914062500000e+03
7.850846191406250000e+03
7.837206054687500000e+03
7.833128417968750000e+03
7.827562011718750000e+03
7.818055664062500000e+03
7.807091796875000000e+03
7.803457519531250000e+03
7.785059570312500000e+03
7.755286621093750000e+03
7.754869628906250000e+03
7.761068359375000000e+03
7.745176757812500000e+03
7.703725585937500000e+03
7.666798828125000000e+03
7.678568359375000000e+03
7.676862792968750000e+03
7.716194335937500000e+03
7.703267089843750000e+03
7.700952148437500000e+03
7.673778808593750000e+03
7.655805175781250000e+03
7.674527343750000000e+03
7.647208984375000000e+03
7.644229492187500000e+03
7.634480957031250000e+03
7.647711425781250000e+03
7.654902343750000000e+03
7.639303222656250000e+03
7.643191894531250000e+03
7.628788574218750000e+03
7.600299804687500000e+03
7.563464843750000000e+03
7.582389648437500000e+03
7.599655273437500000e+03
7.598577636718750000e+03
7.603620117187500000e+03
7.620045410156250000e+03
7.628828613281250000e+03
7.626279785156250000e+03
7.659889160156250000e+03
7.635731933593750000e+03
7.623463867187500000e+03
7.650110839843750000e+03
7.642479980468750000e+03
7.651005859375000000e+03
7.653778808593750000e+03
7.654301757812500000e+03
7.630711914062500000e+03
7.643237304687500000e+03
7.627773925781250000e+03
7.668699707031250000e+03
7.675609863281250000e+03
7.708424316406250000e+03
7.692249023437500000e+03
7.687682128906250000e+03
7.675311523437500000e+03
7.671358398437500000e+03
7.686575683593750000e+03
7.658410156250000000e+03
7.663484863281250000e+03
7.768725097656250000e+03
7.790389160156250000e+03
7.788809082031250000e+03
7.791532714843750000e+03
7.791227539062500000e+03
7.794848144531250000e+03
7.796432128906250000e+03
7.808394531250000000e+03
7.816505859375000000e+03
7.813207031250000000e+03
7.820542480468750000e+03
7.813299316406250000e+03
7.818436523437500000e+03
7.824074707031250000e+03
7.825165527343750000e+03
7.821575683593750000e+03
7.812452636718750000e+03
7.805302734375000000e+03
7.832647460937500000e+03
7.859276367187500000e+03
7.863016113281250000e+03
7.859670410156250000e+03
7.855203613281250000e+03
7.850594726562500000e+03
7.831463867187500000e+03
7.830451171875000000e+03
7.828989257812500000e+03
7.831615722656250000e+03
7.814277343750000000e+03
7.782480957031250000e+03
7.793540039062500000e+03
7.798199218750000000e+03
7.812619628906250000e+03
7.826002441406250000e+03
7.792433593750000000e+03
7.778476562500000000e+03
7.787577636718750000e+03
7.789312500000000000e+03
7.805907226562500000e+03
7.816102050781250000e+03
7.807263183593750000e+03
7.813310058593750000e+03
7.797979492187500000e+03
7.825389648437500000e+03
7.817403320312500000e+03
7.842150878906250000e+03
7.835791503906250000e+03
7.844517089843750000e+03
7.844341796875000000e+03
7.842977539062500000e+03
7.834113281250000000e+03
7.834281738281250000e+03
7.855189941406250000e+03
7.859209960937500000e+03
7.837532714843750000e+03
7.856759277343750000e+03
7.836519531250000000e+03
7.809836425781250000e+03
7.810721679687500000e+03
7.795303222656250000e+03
7.790453125000000000e+03
7.771162109375000000e+03
7.764969726562500000e+03
7.675604003906250000e+03
7.666867675781250000e+03
7.701187988281250000e+03
7.707368652343750000e+03
7.691269531250000000e+03
7.683064941406250000e+03
7.684690429687500000e+03
7.666424804687500000e+03
7.679159179687500000e+03
7.635376953125000000e+03
7.644202148437500000e+03
7.617304199218750000e+03
7.605116699218750000e+03
7.604925781250000000e+03
7.583887695312500000e+03
7.599805175781250000e+03
7.580835937500000000e+03
7.577618164062500000e+03
7.545036621093750000e+03
7.560591796875000000e+03
7.530251464843750000e+03
7.543865234375000000e+03
7.541610839843750000e+03
7.552554687500000000e+03
7.546284667968750000e+03
7.555144531250000000e+03
7.558788085937500000e+03
7.540134765625000000e+03
7.532921875000000000e+03
7.549730468750000000e+03
7.555097167968750000e+03
7.553267578125000000e+03
7.553716796875000000e+03
7.555422363281250000e+03
7.577686035156250000e+03
7.566254882812500000e+03
7.562583007812500000e+03
7.573179199218750000e+03
7.568148925781250000e+03
7.573664550781250000e+03
7.583611328125000000e+03
7.578130859375000000e+03
7.572564941406250000e+03
7.581692871093750000e+03
7.594548339843750000e+03
7.541898437500000000e+03
7.536857910156250000e+03
7.553309082031250000e+03
7.550079101562500000e+03
7.539821777343750000e+03
7.568409179687500000e+03
7.555750488281250000e+03
7.544859863281250000e+03
7.540717285156250000e+03
7.542869628906250000e+03
7.557325195312500000e+03
7.548853027343750000e+03
7.551014648437500000e+03
7.520081054687500000e+03
7.534674316406250000e+03
7.510096191406250000e+03
7.496431152343750000e+03
7.501451171875000000e+03
7.534823730468750000e+03
7.538330078125000000e+03
7.536442382812500000e+03
7.539068847656250000e+03
7.534559082031250000e+03
7.540946777343750000e+03
7.518523925781250000e+03
7.520705566406250000e+03
7.520892089843750000e+03
7.535531738281250000e+03
7.552008789062500000e+03
7.551611328125000000e+03
7.548497070312500000e+03
7.537240234375000000e+03
7.523292968750000000e+03
7.526854003906250000e+03
7.518461425781250000e+03
7.512192871093750000e+03
7.525543945312500000e+03
7.519055664062500000e+03
7.511720703125000000e+03
7.511348632812500000e+03
7.535071289062500000e+03
7.556537597656250000e+03
7.549407714843750000e+03
7.541339843750000000e+03
7.532255371093750000e+03
7.602625488281250000e+03
7.614360839843750000e+03
7.607724121093750000e+03
7.606561523437500000e+03
7.607606933593750000e+03
7.626251464843750000e+03
7.637158203125000000e+03
7.623401855468750000e+03
7.615440429687500000e+03
7.651260253906250000e+03
7.630342285156250000e+03
7.614493164062500000e+03
7.613945800781250000e+03
7.610718261718750000e+03
7.611154785156250000e+03
7.583852539062500000e+03
7.575466796875000000e+03
7.579784179687500000e+03
7.597867675781250000e+03
7.589975097656250000e+03
7.584810058593750000e+03
7.589045410156250000e+03
7.595818359375000000e+03
7.615548339843750000e+03
7.598914062500000000e+03
7.605372558593750000e+03
7.597785156250000000e+03
7.588733398437500000e+03
7.579085449218750000e+03
7.598276855468750000e+03
7.589854980468750000e+03
7.590638671875000000e+03
7.598168457031250000e+03
7.595641113281250000e+03
7.594087890625000000e+03
7.585354492187500000e+03
7.589336425781250000e+03
7.578897460937500000e+03
7.580052734375000000e+03
7.589822265625000000e+03
7.590772460937500000e+03
7.589949707031250000e+03
7.611517578125000000e+03
7.583598144531250000e+03
7.583416992187500000e+03
7.571750488281250000e+03
7.571378906250000000e+03
7.591489746093750000e+03
7.599130859375000000e+03
7.610508789062500000e+03
7.621247070312500000e+03
7.631944824218750000e+03
7.622032714843750000e+03
7.631682617187500000e+03
7.576293457031250000e+03
7.566978027343750000e+03
7.542264160156250000e+03
7.539652343750000000e+03
7.544098144531250000e+03
7.545182617187500000e+03
7.531429199218750000e+03
7.522136718750000000e+03
7.543979980468750000e+03
7.585905273437500000e+03
7.590729492187500000e+03
7.586719238281250000e+03
7.581244628906250000e+03
7.578109863281250000e+03
7.573226562500000000e+03
7.576701171875000000e+03
7.589407714843750000e+03
7.600204101562500000e+03
7.594686523437500000e+03
7.588561035156250000e+03
7.574021972656250000e+03
7.570695800781250000e+03
7.573833007812500000e+03
7.611596191406250000e+03
7.618546875000000000e+03
7.619215820312500000e+03
7.620469726562500000e+03
7.703826660156250000e+03
7.673925781250000000e+03
7.681032714843750000e+03
7.696056640625000000e+03
7.693040039062500000e+03
7.687063964843750000e+03
7.665130371093750000e+03
7.667238281250000000e+03
7.654020996093750000e+03
7.652923828125000000e+03
7.625592773437500000e+03
7.617898925781250000e+03
7.631983886718750000e+03
7.611057617187500000e+03
7.615397460937500000e+03
7.600166503906250000e+03
7.593215332031250000e+03
7.584805175781250000e+03
7.639514648437500000e+03
7.650044921875000000e+03
7.660259765625000000e+03
7.646151367187500000e+03
7.637028808593750000e+03
7.658776367187500000e+03
7.665349609375000000e+03
7.679130371093750000e+03
7.675835449218750000e+03
7.649827636718750000e+03
7.659444824218750000e+03
7.669524902343750000e+03
7.662400390625000000e+03
7.648844238281250000e+03
7.659057617187500000e+03
7.662479980468750000e+03
7.670835449218750000e+03
7.668893554687500000e+03
7.642079101562500000e+03
7.625619140625000000e+03
7.629153808593750000e+03
7.627243164062500000e+03
7.626236816406250000e+03
7.624281250000000000e+03
7.652028320312500000e+03
7.657262695312500000e+03
7.652213867187500000e+03
7.672937500000000000e+03
7.647494628906250000e+03
7.652964843750000000e+03
7.645082519531250000e+03
7.644692382812500000e+03
7.645501953125000000e+03
7.631583984375000000e+03
7.637834960937500000e+03
7.640009277343750000e+03
7.664619628906250000e+03
7.637138183593750000e+03
7.631984375000000000e+03
7.624630859375000000e+03
7.634416015625000000e+03
7.642272460937500000e+03
7.654431640625000000e+03
7.664740234375000000e+03
7.663309570312500000e+03
7.624893066406250000e+03
7.634341308593750000e+03
7.647145507812500000e+03
7.640001953125000000e+03
7.636382324218750000e+03
7.634502929687500000e+03
7.645654785156250000e+03
7.659584960937500000e+03
7.666020019531250000e+03
7.645876464843750000e+03
7.624405273437500000e+03
7.647026855468750000e+03
7.639644042968750000e+03
7.639076171875000000e+03
7.646202148437500000e+03
7.640421875000000000e+03
7.639733398437500000e+03
7.634603515625000000e+03
7.585288085937500000e+03
7.600654785156250000e+03
7.600333984375000000e+03
7.602565429687500000e+03
7.605226074218750000e+03
7.608809082031250000e+03
7.621211914062500000e+03
7.631203613281250000e+03
7.631919921875000000e+03
7.595974609375000000e+03
7.616778320312500000e+03
7.618071289062500000e+03
7.622147460937500000e+03
7.626915527343750000e+03
7.617648437500000000e+03
7.596331054687500000e+03
7.599637695312500000e+03
7.601007812500000000e+03
7.576079589843750000e+03
7.622812500000000000e+03
7.635180664062500000e+03
7.638026855468750000e+03
7.652286621093750000e+03
7.665702148437500000e+03
7.648516601562500000e+03
7.629267578125000000e+03
7.617891601562500000e+03
7.689163574218750000e+03
7.683493652343750000e+03
7.681055175781250000e+03
7.677440917968750000e+03
7.671048828125000000e+03
7.664633789062500000e+03
7.687940917968750000e+03
7.711749023437500000e+03
7.707480957031250000e+03
7.677970214843750000e+03
7.663848632812500000e+03
7.680702148437500000e+03
7.674348632812500000e+03
7.669214843750000000e+03
7.668319335937500000e+03
7.692307617187500000e+03
7.685877441406250000e+03
7.680472167968750000e+03
7.650493652343750000e+03
7.663349121093750000e+03
7.635962402343750000e+03
7.635578125000000000e+03
7.650400390625000000e+03
7.644212402343750000e+03
7.647471191406250000e+03
7.656652832031250000e+03
7.665663574218750000e+03
7.691710449218750000e+03
7.692364746093750000e+03
7.693958496093750000e+03
7.700387207031250000e+03
7.702413574218750000e+03
7.702009277343750000e+03
7.693344726562500000e+03
7.707433593750000000e+03
7.705344238281250000e+03
7.658542968750000000e+03
7.671897460937500000e+03
7.676600585937500000e+03
7.683601562500000000e+03
7.686975585937500000e+03
7.690594726562500000e+03
7.677177734375000000e+03
7.680326660156250000e+03
7.694488281250000000e+03
7.710259277343750000e+03
7.729072265625000000e+03
7.725233398437500000e+03
7.709702148437500000e+03
7.698446777343750000e+03
7.716141113281250000e+03
7.750105957031250000e+03
7.750944335937500000e+03
7.733514160156250000e+03
7.703134765625000000e+03
7.702145507812500000e+03
7.681469726562500000e+03
7.675730468750000000e+03
7.689381835937500000e+03
7.688238281250000000e+03
7.719966308593750000e+03
7.730343261718750000e+03
7.730960449218750000e+03
7.763000488281250000e+03
7.782351562500000000e+03
7.750960937500000000e+03
7.755920898437500000e+03
7.743495605468750000e+03
7.732735839843750000e+03
7.726469726562500000e+03
7.726850585937500000e+03
7.723849121093750000e+03
7.743786621093750000e+03
7.743458496093750000e+03
7.740800292968750000e+03
7.742579101562500000e+03
7.744073242187500000e+03
7.755079101562500000e+03
7.744447265625000000e+03
7.739655273437500000e+03
7.732354492187500000e+03
7.867580078125000000e+03
7.876762207031250000e+03
7.900128906250000000e+03
7.885664062500000000e+03
7.861380859375000000e+03
7.855141113281250000e+03
7.832596679687500000e+03
7.813426757812500000e+03
7.827938476562500000e+03
7.838037597656250000e+03
7.825542968750000000e+03
7.810741699218750000e+03
7.792738281250000000e+03
7.784750976562500000e+03
7.764202636718750000e+03
7.755555664062500000e+03
7.758022949218750000e+03
7.754295898437500000e+03
7.776830566406250000e+03
7.791373535156250000e+03
7.786299316406250000e+03
7.800901855468750000e+03
7.801242675781250000e+03
7.808709472656250000e+03
7.794404785156250000e+03
7.789854492187500000e+03
7.798496093750000000e+03
7.806284179687500000e+03
7.809091796875000000e+03
7.800234375000000000e+03
7.795810058593750000e+03
7.792014648437500000e+03
7.798871093750000000e+03
7.806952148437500000e+03
7.819249023437500000e+03
7.822782226562500000e+03
7.894495117187500000e+03
7.876062988281250000e+03
7.865398925781250000e+03
7.866460937500000000e+03
7.866320800781250000e+03
7.883894531250000000e+03
7.880171386718750000e+03
7.890712890625000000e+03
7.898444335937500000e+03
7.880917968750000000e+03
7.879171386718750000e+03
7.863636718750000000e+03
7.859945800781250000e+03
7.856949218750000000e+03
7.863245605468750000e+03
7.870753417968750000e+03
7.871328125000000000e+03
7.876549316406250000e+03
7.867057617187500000e+03
7.880763183593750000e+03
7.888132812500000000e+03
7.880965332031250000e+03
7.919547851562500000e+03
7.913534179687500000e+03
7.913672363281250000e+03
7.915061035156250000e+03
7.916577148437500000e+03
7.910347656250000000e+03
7.901115234375000000e+03
7.897077148437500000e+03
7.899526367187500000e+03
7.904087402343750000e+03
7.895541503906250000e+03
7.899493652343750000e+03
7.892965820312500000e+03
7.895173339843750000e+03
7.905496093750000000e+03
7.907916992187500000e+03
7.900864746093750000e+03
7.901148925781250000e+03
7.906510253906250000e+03
7.913839355468750000e+03
7.909007324218750000e+03
7.911672851562500000e+03
7.925114257812500000e+03
7.910134277343750000e+03
7.907013183593750000e+03
7.891074218750000000e+03
7.879444824218750000e+03
7.878380859375000000e+03
7.886340820312500000e+03
7.892917480468750000e+03
7.889660644531250000e+03
7.901404785156250000e+03
7.877950683593750000e+03
7.864158691406250000e+03
7.843494140625000000e+03
7.850469726562500000e+03
7.853341308593750000e+03
7.854418945312500000e+03
7.854454101562500000e+03
7.858859375000000000e+03
7.877714843750000000e+03
7.873310058593750000e+03
7.872041015625000000e+03
7.873045898437500000e+03
7.876615722656250000e+03
7.871167480468750000e+03
7.885185058593750000e+03
7.894858398437500000e+03
7.901718750000000000e+03
7.862277832031250000e+03
7.842168945312500000e+03
7.833723144531250000e+03
7.834791503906250000e+03
7.835786132812500000e+03
7.849336425781250000e+03
7.868908203125000000e+03
7.877712402343750000e+03
7.871691406250000000e+03
7.852823242187500000e+03
7.840259765625000000e+03
7.843897949218750000e+03
7.846067871093750000e+03
7.858368652343750000e+03
7.859278808593750000e+03
7.861933105468750000e+03
7.863306152343750000e+03
7.865755371093750000e+03
7.880651367187500000e+03
7.873279785156250000e+03
7.876730468750000000e+03
7.868208007812500000e+03
7.872351074218750000e+03
7.868478515625000000e+03
7.865225097656250000e+03
7.864457031250000000e+03
7.866229980468750000e+03
7.851068359375000000e+03
7.856891601562500000e+03
7.845004394531250000e+03
7.839253417968750000e+03
7.844800781250000000e+03
7.844530273437500000e+03
7.841187988281250000e+03
7.835124511718750000e+03
7.835339843750000000e+03
7.862777343750000000e+03
7.843434570312500000e+03
7.832023925781250000e+03
7.826971679687500000e+03
7.821225097656250000e+03
7.817428222656250000e+03
7.807091796875000000e+03
7.772507324218750000e+03
7.760426757812500000e+03
7.816166503906250000e+03
7.812381347656250000e+03
7.814956542968750000e+03
7.801914550781250000e+03
7.807008300781250000e+03
7.819442382812500000e+03
7.825694335937500000e+03
7.809622558593750000e+03
7.808348144531250000e+03
7.792036621093750000e+03
7.795013183593750000e+03
7.787841308593750000e+03
7.785152832031250000e+03
7.784089355468750000e+03
7.767516113281250000e+03
7.769296875000000000e+03
7.767671875000000000e+03
7.769833007812500000e+03
7.736518554687500000e+03
7.731425781250000000e+03
7.727499023437500000e+03
7.745125000000000000e+03
7.752576660156250000e+03
7.738880859375000000e+03
7.737009277343750000e+03
7.745484863281250000e+03
7.732744628906250000e+03
7.622970703125000000e+03
7.598273437500000000e+03
7.611480957031250000e+03
7.595356445312500000e+03
7.600444824218750000e+03
7.598755371093750000e+03
7.581735351562500000e+03
7.603356445312500000e+03
7.614914062500000000e+03
7.611686035156250000e+03
7.620536621093750000e+03
7.625471191406250000e+03
7.632096191406250000e+03
7.639818847656250000e+03
7.623403808593750000e+03
7.631363769531250000e+03
7.625853515625000000e+03
7.634498046875000000e+03
7.683041015625000000e+03
7.671804199218750000e+03
7.660882324218750000e+03
7.662555175781250000e+03
7.661724609375000000e+03
7.653001953125000000e+03
7.638110839843750000e+03
7.631638183593750000e+03
7.636765625000000000e+03
7.658121582031250000e+03
7.646190917968750000e+03
7.637572265625000000e+03
7.645479003906250000e+03
7.634625000000000000e+03
7.648959960937500000e+03
7.654591308593750000e+03
7.670959960937500000e+03
7.666593261718750000e+03
7.674982910156250000e+03
7.650211425781250000e+03
7.642329101562500000e+03
7.649330566406250000e+03
7.665301269531250000e+03
7.659132812500000000e+03
7.667617187500000000e+03
7.666981933593750000e+03
7.669704589843750000e+03
7.697675781250000000e+03
7.680717773437500000e+03
7.677316894531250000e+03
7.688410644531250000e+03
7.686970214843750000e+03
7.690661621093750000e+03
7.708551269531250000e+03
7.703016601562500000e+03
7.709357910156250000e+03
7.698676757812500000e+03
7.712287597656250000e+03
7.687141601562500000e+03
7.687674316406250000e+03
7.682468261718750000e+03
7.703984863281250000e+03
7.715896484375000000e+03
7.701157226562500000e+03
7.709394531250000000e+03
7.775719726562500000e+03
7.806752929687500000e+03
7.805118652343750000e+03
7.803109863281250000e+03
7.824307617187500000e+03
7.830568359375000000e+03
7.826141601562500000e+03
7.819199707031250000e+03
7.824623046875000000e+03
7.837570800781250000e+03
7.829715820312500000e+03
7.830017578125000000e+03
7.834179687500000000e+03
7.824104492187500000e+03
7.822709960937500000e+03
7.823532714843750000e+03
7.818372558593750000e+03
7.815933593750000000e+03
7.846412597656250000e+03
7.852886230468750000e+03
7.859500488281250000e+03
7.858060058593750000e+03
7.860444335937500000e+03
7.859390136718750000e+03
7.860844726562500000e+03
7.850369628906250000e+03
7.852584472656250000e+03
7.843162109375000000e+03
7.841020996093750000e+03
7.848356445312500000e+03
7.851096679687500000e+03
7.856535644531250000e+03
7.863058105468750000e+03
7.856180175781250000e+03
7.834131347656250000e+03
7.830632324218750000e+03
7.831330078125000000e+03
7.839289550781250000e+03
7.846750976562500000e+03
7.852528808593750000e+03
7.836342773437500000e+03
7.826416503906250000e+03
7.827809570312500000e+03
7.805106933593750000e+03
7.795421875000000000e+03
7.838379394531250000e+03
7.838829589843750000e+03
7.823149902343750000e+03
7.826852050781250000e+03
7.841288085937500000e+03
7.821662597656250000e+03
7.808239746093750000e+03
7.807456054687500000e+03
7.796273437500000000e+03
7.824906250000000000e+03
7.809619140625000000e+03
7.822372070312500000e+03
7.835756835937500000e+03
7.843354492187500000e+03
7.814076660156250000e+03
7.805752929687500000e+03
7.792053222656250000e+03
7.788621582031250000e+03
7.840418945312500000e+03
7.826591796875000000e+03
7.832008300781250000e+03
7.832978515625000000e+03
7.837037597656250000e+03
7.845133300781250000e+03
7.847677734375000000e+03
7.860320312500000000e+03
7.866997070312500000e+03
7.860136230468750000e+03
7.849492675781250000e+03
7.831769042968750000e+03
7.833420898437500000e+03
7.836405761718750000e+03
7.833935546875000000e+03
7.824507812500000000e+03
7.817479492187500000e+03
7.809808593750000000e+03
7.820869628906250000e+03
7.832042968750000000e+03
7.814644531250000000e+03
7.806809082031250000e+03
7.805158691406250000e+03
7.804300781250000000e+03
7.799371582031250000e+03
7.786231933593750000e+03
7.776302246093750000e+03
7.777386718750000000e+03
7.784849609375000000e+03
7.783766601562500000e+03
7.777626953125000000e+03
7.785757812500000000e+03
7.782625976562500000e+03
7.758664062500000000e+03
7.746457519531250000e+03
7.750600097656250000e+03
7.750450683593750000e+03
7.741003417968750000e+03
7.741960449218750000e+03
7.736579101562500000e+03
7.740733886718750000e+03
7.740051269531250000e+03
7.765358398437500000e+03
7.754665527343750000e+03
7.753861328125000000e+03
7.742663574218750000e+03
7.751850585937500000e+03
7.736786132812500000e+03
7.728383300781250000e+03
7.726756835937500000e+03
7.711853515625000000e+03
7.677889648437500000e+03
7.669017089843750000e+03
7.681238281250000000e+03
7.718316894531250000e+03
7.741525390625000000e+03
7.760840820312500000e+03
7.758282226562500000e+03
7.765427734375000000e+03
7.752809082031250000e+03
7.748310546875000000e+03
7.746912597656250000e+03
7.737711425781250000e+03
7.771908691406250000e+03
7.756292968750000000e+03
7.744361816406250000e+03
7.747554199218750000e+03
7.755865722656250000e+03
7.755450195312500000e+03
7.777849121093750000e+03
7.789487304687500000e+03
7.781766113281250000e+03
7.831581054687500000e+03
7.832736328125000000e+03
7.846978027343750000e+03
7.860963378906250000e+03
7.876015625000000000e+03
7.882849609375000000e+03
7.876037109375000000e+03
7.890604492187500000e+03
7.890979492187500000e+03
7.885399902343750000e+03
7.892393554687500000e+03
7.894356933593750000e+03
7.900855468750000000e+03
7.901446777343750000e+03
7.900635742187500000e+03
7.903249511718750000e+03
7.906291503906250000e+03
7.905559082031250000e+03
7.899420898437500000e+03
7.900972167968750000e+03
7.905346679687500000e+03
7.912795410156250000e+03
7.916752929687500000e+03
7.904144042968750000e+03
7.897331542968750000e+03
7.893366699218750000e+03
7.894797363281250000e+03
7.856045898437500000e+03
7.835176269531250000e+03
7.835661621093750000e+03
7.834331054687500000e+03
7.841441894531250000e+03
7.831171875000000000e+03
7.841062011718750000e+03
7.839775390625000000e+03
7.842575683593750000e+03
7.856920410156250000e+03
7.842786621093750000e+03
7.852025878906250000e+03
7.860406250000000000e+03
7.848410156250000000e+03
7.859529785156250000e+03
7.864935058593750000e+03
7.863690429687500000e+03
7.869271484375000000e+03
7.877873046875000000e+03
7.869908203125000000e+03
7.862545898437500000e+03
7.867246582031250000e+03
7.867515136718750000e+03
7.867094726562500000e+03
7.876739746093750000e+03
7.885093750000000000e+03
7.886708984375000000e+03
7.881564941406250000e+03
7.863571289062500000e+03
7.865393066406250000e+03
7.865088378906250000e+03
7.865720703125000000e+03
7.873308593750000000e+03
7.879581054687500000e+03
7.864479980468750000e+03
7.865601562500000000e+03
7.863976074218750000e+03
7.866312988281250000e+03
7.866844238281250000e+03
7.861507812500000000e+03
7.867524902343750000e+03
7.857155761718750000e+03
7.859902343750000000e+03
7.868056640625000000e+03
7.866170898437500000e+03
7.843282226562500000e+03
7.824547851562500000e+03
7.814643554687500000e+03
7.809371093750000000e+03
7.807250976562500000e+03
7.805884765625000000e+03
7.814228027343750000e+03
7.818672363281250000e+03
7.810911132812500000e+03
7.827212890625000000e+03
7.820077636718750000e+03
7.820050781250000000e+03
7.832924804687500000e+03
7.831247070312500000e+03
7.846444335937500000e+03
7.851651367187500000e+03
7.832821777343750000e+03
7.828062988281250000e+03
7.848213378906250000e+03
7.867641113281250000e+03
7.854236328125000000e+03
7.862527832031250000e+03
7.862341308593750000e+03
7.848238281250000000e+03
7.834312011718750000e+03
7.860440429687500000e+03
7.867864257812500000e+03
7.844249023437500000e+03
7.845568847656250000e+03
7.838918457031250000e+03
7.830124511718750000e+03
7.820030761718750000e+03
7.820060546875000000e+03
7.817064453125000000e+03
7.815233886718750000e+03
7.817262695312500000e+03
7.786274414062500000e+03
7.796565917968750000e+03
7.816798339843750000e+03
7.824427246093750000e+03
7.819949218750000000e+03
7.825934570312500000e+03
7.825770996093750000e+03
7.827308593750000000e+03
7.827250488281250000e+03
7.845169433593750000e+03
7.850445312500000000e+03
7.848000488281250000e+03
7.853276367187500000e+03
7.856293945312500000e+03
7.858270019531250000e+03
7.873221679687500000e+03
7.857867187500000000e+03
7.860994140625000000e+03
7.838474609375000000e+03
7.836423339843750000e+03
7.841912597656250000e+03
7.845298339843750000e+03
7.860604980468750000e+03
7.868386230468750000e+03
7.885777343750000000e+03
7.876026367187500000e+03
7.878427246093750000e+03
7.860664550781250000e+03
7.859457519531250000e+03
7.841850097656250000e+03
7.845875976562500000e+03
7.833364746093750000e+03
7.842605957031250000e+03
7.841735351562500000e+03
7.849008300781250000e+03
7.843937011718750000e+03
7.829081054687500000e+03
7.822986328125000000e+03
7.806153320312500000e+03
7.808145507812500000e+03
7.810481933593750000e+03
7.824821289062500000e+03
7.820222167968750000e+03
7.837150390625000000e+03
7.848906738281250000e+03
7.904233398437500000e+03
7.911342285156250000e+03
7.924595703125000000e+03
7.929120605468750000e+03
7.925757812500000000e+03
7.928115234375000000e+03
7.922674316406250000e+03
7.925721191406250000e+03
7.921053710937500000e+03
7.922905761718750000e+03
7.932228515625000000e+03
7.927615722656250000e+03
7.920258300781250000e+03
7.919144042968750000e+03
7.937452148437500000e+03
7.935813476562500000e+03
7.944014648437500000e+03
7.940583496093750000e+03
7.941104003906250000e+03
7.938807128906250000e+03
7.935679199218750000e+03
7.936929687500000000e+03
7.933737304687500000e+03
7.923852539062500000e+03
7.901484375000000000e+03
7.906046386718750000e+03
7.911874511718750000e+03
7.911977539062500000e+03
7.924147949218750000e+03
7.914751464843750000e+03
7.926459472656250000e+03
7.924350585937500000e+03
7.911680175781250000e+03
7.910161132812500000e+03
7.911115722656250000e+03
7.906921875000000000e+03
7.911448242187500000e+03
7.910267578125000000e+03
7.910606445312500000e+03
7.917755859375000000e+03
7.914535156250000000e+03
7.906788574218750000e+03
7.897799804687500000e+03
7.903119628906250000e+03
7.902049804687500000e+03
7.896847656250000000e+03
7.896430664062500000e+03
7.888491699218750000e+03
7.885512695312500000e+03
7.886832519531250000e+03
7.898135742187500000e+03
7.897232421875000000e+03
7.908914062500000000e+03
7.909918945312500000e+03
7.905096191406250000e+03
7.896720703125000000e+03
7.900574218750000000e+03
7.902055175781250000e+03
7.903145019531250000e+03
7.914203125000000000e+03
7.916679199218750000e+03
7.917080078125000000e+03
7.914684082031250000e+03
7.970353027343750000e+03
7.966159667968750000e+03
7.969092773437500000e+03
7.984632324218750000e+03
7.997988769531250000e+03
8.014280273437500000e+03
8.022521484375000000e+03
8.031156250000000000e+03
8.028552734375000000e+03
8.052829589843750000e+03
8.068218261718750000e+03
8.072163085937500000e+03
8.059133300781250000e+03
8.058181640625000000e+03
8.059311523437500000e+03
8.063777343750000000e+03
8.066163085937500000e+03
8.066219726562500000e+03
8.062857910156250000e+03
8.051990722656250000e+03
8.044972656250000000e+03
8.037333007812500000e+03
8.037805664062500000e+03
8.045830566406250000e+03
8.055375000000000000e+03
8.054625488281250000e+03
8.054364746093750000e+03
8.043953125000000000e+03
8.048643554687500000e+03
8.052381347656250000e+03
8.054260253906250000e+03
8.061818359375000000e+03
8.055140625000000000e+03
8.056525878906250000e+03
8.054837890625000000e+03
8.062247070312500000e+03
8.048588378906250000e+03
8.046112792968750000e+03
8.044077148437500000e+03
8.046580566406250000e+03
8.038198242187500000e+03
8.046954589843750000e+03
8.055687011718750000e+03
8.059938964843750000e+03
8.061264648437500000e+03
8.075951171875000000e+03
8.088242187500000000e+03
8.081489257812500000e+03
8.081500488281250000e+03
8.079354980468750000e+03
8.084972167968750000e+03
8.091790039062500000e+03
8.089101562500000000e+03
8.087715332031250000e+03
8.107230468750000000e+03
8.100198242187500000e+03
8.101129882812500000e+03
8.101007812500000000e+03
8.096478027343750000e+03
8.092685546875000000e+03
8.077351562500000000e+03
8.071300781250000000e+03
8.070434570312500000e+03
8.041050292968750000e+03
8.035841308593750000e+03
8.040876464843750000e+03
8.042176269531250000e+03
8.047598632812500000e+03
8.043089843750000000e+03
8.052743652343750000e+03
8.057549804687500000e+03
8.062312500000000000e+03
8.076710449218750000e+03
8.085262207031250000e+03
8.090091308593750000e+03
8.094709472656250000e+03
8.096393066406250000e+03
8.096061035156250000e+03
8.101671386718750000e+03
8.097258789062500000e+03
8.097596679687500000e+03
8.054559570312500000e+03
8.042855468750000000e+03
8.043671386718750000e+03
8.038543945312500000e+03
8.034856933593750000e+03
8.041678222656250000e+03
8.039519531250000000e+03
8.040500976562500000e+03
8.040146972656250000e+03
8.046460937500000000e+03
8.041166015625000000e+03
8.050725097656250000e+03
8.054247070312500000e+03
8.057899414062500000e+03
8.066635253906250000e+03
8.069927246093750000e+03
8.066502929687500000e+03
8.071322753906250000e+03
8.071099609375000000e+03
8.080063476562500000e+03
8.079608398437500000e+03
8.075536621093750000e+03
8.080573730468750000e+03
8.081185546875000000e+03
8.075793457031250000e+03
8.065398925781250000e+03
8.064428710937500000e+03
8.089145019531250000e+03
8.094132812500000000e+03
8.098919921875000000e+03
8.103185546875000000e+03
8.110241210937500000e+03
8.086883789062500000e+03
8.067921386718750000e+03
8.082394042968750000e+03
8.083008300781250000e+03
8.083188964843750000e+03
8.076020507812500000e+03
8.078668945312500000e+03
8.073529785156250000e+03
8.069067382812500000e+03
8.072588867187500000e+03
8.068647460937500000e+03
8.045739746093750000e+03
8.052566894531250000e+03
8.094777343750000000e+03
8.116794433593750000e+03
8.124274902343750000e+03
8.122788085937500000e+03
8.136245117187500000e+03
8.129517578125000000e+03
8.131343750000000000e+03
8.121291015625000000e+03
8.116050292968750000e+03
8.096416503906250000e+03
8.090366699218750000e+03
8.087303710937500000e+03
8.088093261718750000e+03
8.100436523437500000e+03
8.109401367187500000e+03
8.115021972656250000e+03
8.099372070312500000e+03
8.090730957031250000e+03
8.029553222656250000e+03
8.007610839843750000e+03
7.999502441406250000e+03
8.000859863281250000e+03
8.011626953125000000e+03
8.003294921875000000e+03
7.974561035156250000e+03
7.970862792968750000e+03
7.972848632812500000e+03
7.980710937500000000e+03
7.999857910156250000e+03
8.002942382812500000e+03
8.007156250000000000e+03
8.015468750000000000e+03
8.016826660156250000e+03
8.021477050781250000e+03
8.007774414062500000e+03
8.008215820312500000e+03
8.026290039062500000e+03
8.020063476562500000e+03
8.014477539062500000e+03
8.009973632812500000e+03
8.012939941406250000e+03
8.007392089843750000e+03
8.008882812500000000e+03
8.016942382812500000e+03
8.022943847656250000e+03
7.991603515625000000e+03
7.979360839843750000e+03
7.987522949218750000e+03
7.986596191406250000e+03
7.987523925781250000e+03
7.993228027343750000e+03
7.997986816406250000e+03
8.022875976562500000e+03
8.031289062500000000e+03
8.076819335937500000e+03
8.095347656250000000e+03
8.111107910156250000e+03
8.120774414062500000e+03
8.131941894531250000e+03
8.138230957031250000e+03
8.134795898437500000e+03
8.139610839843750000e+03
8.140212890625000000e+03
8.153666015625000000e+03
8.150078125000000000e+03
8.153053710937500000e+03
8.163732421875000000e+03
8.151702148437500000e+03
8.147210449218750000e+03
8.146504882812500000e+03
8.149990722656250000e+03
8.150503906250000000e+03
8.165651367187500000e+03
8.169682617187500000e+03
8.174227539062500000e+03
8.175953613281250000e+03
8.177651367187500000e+03
8.173603515625000000e+03
8.166172851562500000e+03
8.155750976562500000e+03
8.152218750000000000e+03
8.165731445312500000e+03
8.174413085937500000e+03
8.177305664062500000e+03
8.176752441406250000e+03
8.181301269531250000e+03
8.171149414062500000e+03
8.159896972656250000e+03
8.163920410156250000e+03
8.168520019531250000e+03
8.187721191406250000e+03
8.184730468750000000e+03
8.190184570312500000e+03
8.190678710937500000e+03
8.192583984375000000e+03
8.195783203125000000e+03
8.198625000000000000e+03
8.202629882812500000e+03
8.205066406250000000e+03
8.216639648437500000e+03
8.216456054687500000e+03
8.218162109375000000e+03
8.219170898437500000e+03
8.217201171875000000e+03
8.214227539062500000e+03
8.212395507812500000e+03
8.211841796875000000e+03
8.209504882812500000e+03
8.215316406250000000e+03
8.215488281250000000e+03
8.218828125000000000e+03
8.223367187500000000e+03
8.221517578125000000e+03
8.219088867187500000e+03
8.216115234375000000e+03
8.215000000000000000e+03
8.209000976562500000e+03
8.212894531250000000e+03
8.213104492187500000e+03
8.209868164062500000e+03
8.206828125000000000e+03
8.206362304687500000e+03
8.206703125000000000e+03
8.203433593750000000e+03
8.197637695312500000e+03
8.197014648437500000e+03
8.208345703125000000e+03
8.206882812500000000e+03
8.206698242187500000e+03
8.208589843750000000e+03
8.208716796875000000e+03
8.209933593750000000e+03
8.211975585937500000e+03
8.216860351562500000e+03
8.216891601562500000e+03
8.223192382812500000e+03
8.224648437500000000e+03
8.226584960937500000e+03
8.227964843750000000e+03
8.227588867187500000e+03
8.233592773437500000e+03
8.230950195312500000e+03
8.227051757812500000e+03
8.227402343750000000e+03
8.244626953125000000e+03
8.245495117187500000e+03
8.244548828125000000e+03
8.244912109375000000e+03
8.245176757812500000e+03
8.248582031250000000e+03
8.247804687500000000e+03
8.245813476562500000e+03
8.247482421875000000e+03
8.252561523437500000e+03
8.250560546875000000e+03
8.253010742187500000e+03
8.250651367187500000e+03
8.249056640625000000e+03
8.248422851562500000e+03
8.252450195312500000e+03
8.251755859375000000e+03
8.251351562500000000e+03
8.251283203125000000e+03
8.252276367187500000e+03
8.251295898437500000e+03
8.252796875000000000e+03
8.254792968750000000e+03
8.253417968750000000e+03
8.254217773437500000e+03
8.255437500000000000e+03
8.253751953125000000e+03
8.259330078125000000e+03
8.258925781250000000e+03
8.259143554687500000e+03
8.258019531250000000e+03
8.257964843750000000e+03
8.257372070312500000e+03
8.256919921875000000e+03
8.257315429687500000e+03
8.257256835937500000e+03
8.258446289062500000e+03
8.256686523437500000e+03
8.257238281250000000e+03
8.256311523437500000e+03
8.256181640625000000e+03
8.255192382812500000e+03
8.257045898437500000e+03
8.256416015625000000e+03
8.255391601562500000e+03
8.256218750000000000e+03
8.256823242187500000e+03
8.256904296875000000e+03
8.256547851562500000e+03
8.257224609375000000e+03
8.259333984375000000e+03
8.256948242187500000e+03
8.256584960937500000e+03
8.256892578125000000e+03
8.261259765625000000e+03
8.258401367187500000e+03
8.257186523437500000e+03
8.257896484375000000e+03
8.257047851562500000e+03
8.257595703125000000e+03
8.257443359375000000e+03
8.257546875000000000e+03
8.257313476562500000e+03
8.255300781250000000e+03
8.254040039062500000e+03
8.256268554687500000e+03
8.256960937500000000e+03
8.259314453125000000e+03
8.258197265625000000e+03
8.257378906250000000e+03
8.257378906250000000e+03
8.256403320312500000e+03
8.255285156250000000e+03
8.254650390625000000e+03
8.255200195312500000e+03
8.254666992187500000e+03
8.255179687500000000e+03
8.256516601562500000e+03
8.257257812500000000e+03
8.257019531250000000e+03
8.256155273437500000e+03
8.259441406250000000e+03
8.257460937500000000e+03
8.257428710937500000e+03
8.257489257812500000e+03
8.257285156250000000e+03
8.256730468750000000e+03
8.256708984375000000e+03
8.256737304687500000e+03
8.256520507812500000e+03
8.253286132812500000e+03
8.252958007812500000e+03
8.252824218750000000e+03
8.254317382812500000e+03
8.254713867187500000e+03
8.254250000000000000e+03
8.256105468750000000e+03
8.257270507812500000e+03
8.256604492187500000e+03
8.253362304687500000e+03
8.253596679687500000e+03
8.254636718750000000e+03
8.253933593750000000e+03
8.251651367187500000e+03
8.251029296875000000e+03
8.252365234375000000e+03
8.251178710937500000e+03
8.252919921875000000e+03
8.252011718750000000e+03
8.251172851562500000e+03
8.253222656250000000e+03
8.253118164062500000e+03
8.252165039062500000e+03
8.252541015625000000e+03
8.249447265625000000e+03
8.248235351562500000e+03
8.249737304687500000e+03
8.243859375000000000e+03
8.244553710937500000e+03
8.245348632812500000e+03
8.245236328125000000e+03
8.246585937500000000e+03
8.245569335937500000e+03
8.247172851562500000e+03
8.248206054687500000e+03
8.247911132812500000e+03
8.246083984375000000e+03
8.245584960937500000e+03
8.245186523437500000e+03
8.244520507812500000e+03
8.243295898437500000e+03
8.240842773437500000e+03
8.238798828125000000e+03
8.236463867187500000e+03
8.237827148437500000e+03
8.233541992187500000e+03
8.233703125000000000e+03
8.230973632812500000e+03
8.233367187500000000e+03
8.230799804687500000e+03
8.226840820312500000e+03
8.224539062500000000e+03
8.222551757812500000e+03
8.220625976562500000e+03
8.219479492187500000e+03
8.225211914062500000e+03
8.225350585937500000e+03
8.225897460937500000e+03
8.228981445312500000e+03
8.227667968750000000e+03
8.230751953125000000e+03
8.231629882812500000e+03
8.233677734375000000e+03
8.236077148437500000e+03
8.239260742187500000e+03
8.237548828125000000e+03
8.240527343750000000e+03
8.241081054687500000e+03
8.242885742187500000e+03
8.239661132812500000e+03
8.241452148437500000e+03
8.241622070312500000e+03
8.246016601562500000e+03
8.245203125000000000e+03
8.243377929687500000e+03
8.241582031250000000e+03
8.243721679687500000e+03
8.246375000000000000e+03
8.245031250000000000e+03
8.239776367187500000e+03
8.238453125000000000e+03
8.230178710937500000e+03
8.226869140625000000e+03
8.226806640625000000e+03
8.228224609375000000e+03
8.233599609375000000e+03
8.234413085937500000e+03
8.235058593750000000e+03
8.232835937500000000e+03
8.232799804687500000e+03
8.237766601562500000e+03
8.234779296875000000e+03
8.235085937500000000e+03
8.238153320312500000e+03
8.238967773437500000e+03
8.240904296875000000e+03
8.237579101562500000e+03
8.237531250000000000e+03
8.237425781250000000e+03
8.239176757812500000e+03
8.239919921875000000e+03
8.241225585937500000e+03
8.241903320312500000e+03
8.243239257812500000e+03
8.241338867187500000e+03
8.241917968750000000e+03
8.240702148437500000e+03
8.243389648437500000e+03
8.239339843750000000e+03
8.234021484375000000e+03
