1.216360092163085938e+00
1.246495008468627930e+00
1.292656421661376953e+00
1.308787226676940918e+00
1.338677048683166504e+00
1.360845804214477539e+00
1.375041007995605469e+00
1.390416502952575684e+00
1.596861720085144043e+00
1.645654320716857910e+00
1.675929307937622070e+00
1.696776151657104492e+00
1.717269420623779297e+00
1.750271201133728027e+00
1.786945462226867676e+00
2.170759201049804688e+00
1.914751529693603516e+00
2.272693157196044922e+00
2.800655603408813477e+00
2.429419755935668945e+00
1.929410099983215332e+00
1.895380020141601562e+00
1.401652574539184570e+00
1.208341836929321289e+00
1.191214919090270996e+00
1.051431775093078613e+00
1.174303889274597168e+00
1.205974698066711426e+00
1.347119569778442383e+00
1.285133838653564453e+00
1.468184709548950195e+00
1.521806001663208008e+00
1.554581165313720703e+00
1.572053194046020508e+00
1.583808779716491699e+00
1.592932820320129395e+00
1.599584698677062988e+00
1.608468770980834961e+00
1.620290756225585938e+00
1.935778379440307617e+00
2.018476247787475586e+00
2.053632259368896484e+00
2.409400224685668945e+00
2.945163726806640625e+00
2.547560453414916992e+00
2.461738109588623047e+00
2.107375621795654297e+00
1.720746159553527832e+00
1.728156805038452148e+00
1.167669415473937988e+00
1.107693552970886230e+00
1.086970448493957520e+00
1.214889883995056152e+00
1.251995801925659180e+00
1.277808308601379395e+00
1.512638211250305176e+00
1.356659412384033203e+00
1.572703242301940918e+00
1.389447450637817383e+00
1.604390263557434082e+00
1.648823499679565430e+00
1.669367790222167969e+00
1.678525447845458984e+00
1.941500663757324219e+00
1.997562289237976074e+00
2.011532306671142578e+00
2.017147779464721680e+00
2.428524017333984375e+00
2.511286020278930664e+00
2.083534479141235352e+00
2.029186725616455078e+00
2.062918424606323242e+00
2.096593379974365234e+00
2.117697715759277344e+00
2.129745483398437500e+00
2.070837736129760742e+00
1.824762225151062012e+00
1.803024291992187500e+00
2.114161968231201172e+00
2.180977106094360352e+00
2.192635774612426758e+00
2.630132675170898438e+00
2.701169490814208984e+00
2.688232660293579102e+00
3.083280563354492188e+00
2.714936017990112305e+00
3.057873010635375977e+00
3.117364883422851562e+00
3.100762367248535156e+00
3.084268093109130859e+00
2.670621395111083984e+00
2.389483451843261719e+00
2.186454057693481445e+00
2.230728387832641602e+00
1.946120619773864746e+00
1.939850687980651855e+00
1.641344547271728516e+00
1.623404741287231445e+00
1.638366341590881348e+00
1.652913808822631836e+00
1.452602744102478027e+00
1.632613897323608398e+00
1.665262103080749512e+00
1.678265690803527832e+00
1.683315396308898926e+00
1.686594486236572266e+00
1.475808739662170410e+00
1.446921706199645996e+00
1.246008515357971191e+00
1.408105731010437012e+00
1.642833232879638672e+00
1.493615627288818359e+00
1.275448918342590332e+00
1.643798232078552246e+00
2.029565572738647461e+00
2.133756160736083984e+00
2.149940729141235352e+00
2.141154766082763672e+00
2.135541677474975586e+00
1.773095846176147461e+00
1.735824108123779297e+00
1.298680305480957031e+00
1.252348661422729492e+00
1.447623252868652344e+00
1.709412217140197754e+00
1.781021952629089355e+00
1.803976893424987793e+00
1.808215379714965820e+00
1.808943033218383789e+00
2.159605264663696289e+00
2.226008415222167969e+00
2.226868391036987305e+00
1.838305950164794922e+00
1.539777517318725586e+00
2.117837190628051758e+00
1.875061154365539551e+00
1.837011575698852539e+00
2.198314428329467773e+00
2.267913579940795898e+00
2.269286155700683594e+00
2.259421586990356445e+00
1.864148259162902832e+00
2.204047679901123047e+00
1.891647100448608398e+00
2.227666616439819336e+00
1.906105160713195801e+00
1.856407165527343750e+00
1.862070322036743164e+00
1.873263835906982422e+00
1.881752133369445801e+00
1.887544155120849609e+00
2.263633012771606445e+00
2.332155466079711914e+00
1.931885361671447754e+00
1.603476524353027344e+00
2.213097572326660156e+00
1.954266786575317383e+00
2.292196035385131836e+00
2.348442077636718750e+00
2.341763734817504883e+00
2.710382938385009766e+00
3.230806827545166016e+00
3.247997045516967773e+00
4.670457363128662109e+00
3.954121589660644531e+00
3.727907657623291016e+00
3.261343955993652344e+00
2.441542863845825195e+00
1.653360962867736816e+00
1.433166503906250000e+00
1.534389376640319824e+00
1.603089570999145508e+00
1.638554573059082031e+00
1.908074736595153809e+00
1.963168978691101074e+00
1.969759225845336914e+00
2.349986791610717773e+00
2.011005878448486328e+00
2.346753597259521484e+00
1.997411847114562988e+00
2.346270322799682617e+00
2.001251697540283203e+00
1.946832895278930664e+00
1.956328630447387695e+00
2.365254878997802734e+00
2.437005996704101562e+00
2.425497055053710938e+00
2.795428037643432617e+00
2.832164287567138672e+00
2.799592971801757812e+00
2.775858163833618164e+00
2.367963075637817383e+00
1.896662116050720215e+00
1.897874712944030762e+00
1.955949068069458008e+00
1.989674687385559082e+00
2.474387645721435547e+00
2.481051206588745117e+00
2.449822902679443359e+00
2.819410800933837891e+00
2.856337547302246094e+00
2.823351860046386719e+00
2.799341917037963867e+00
2.793544530868530273e+00
2.673291683197021484e+00
3.278853178024291992e+00
2.467430591583251953e+00
2.721357107162475586e+00
2.812997341156005859e+00
2.426030158996582031e+00
3.640586853027343750e+00
3.380388498306274414e+00
2.757513284683227539e+00
2.275803565979003906e+00
1.860316276550292969e+00
1.906970977783203125e+00
1.693711042404174805e+00
1.695325374603271484e+00
1.466474652290344238e+00
1.421801686286926270e+00
1.414929628372192383e+00
1.664379835128784180e+00
1.976408481597900391e+00
2.432556390762329102e+00
2.517998218536376953e+00
2.497665882110595703e+00
2.468994617462158203e+00
2.457362413406372070e+00
2.457883358001708984e+00
2.462189197540283203e+00
2.466252803802490234e+00
2.867211341857910156e+00
2.912819147109985352e+00
2.877212285995483398e+00
2.848701238632202148e+00
2.839851617813110352e+00
3.719696760177612305e+00
3.769637107849121094e+00
2.781899213790893555e+00
2.430883646011352539e+00
1.865715026855468750e+00
2.412229299545288086e+00
2.063257455825805664e+00
1.977148175239562988e+00
2.034441709518432617e+00
2.471003770828247070e+00
2.116928339004516602e+00
2.467954874038696289e+00
2.524229049682617188e+00
2.906823635101318359e+00
3.414067268371582031e+00
3.403442382812500000e+00
3.314777851104736328e+00
3.270774841308593750e+00
2.775144100189208984e+00
2.736120462417602539e+00
3.297102689743041992e+00
3.381659269332885742e+00
2.848246097564697266e+00
3.261731147766113281e+00
3.342547416687011719e+00
3.319868087768554688e+00
3.316849708557128906e+00
2.795243263244628906e+00
2.743650436401367188e+00
3.302219390869140625e+00
3.387414693832397461e+00
3.340098619461059570e+00
3.702641010284423828e+00
3.694084882736206055e+00
3.627800941467285156e+00
3.594933271408081055e+00
4.071088314056396484e+00
4.058689594268798828e+00
3.976186513900756836e+00
3.937807321548461914e+00
3.932990074157714844e+00
3.453862667083740234e+00
3.292563438415527344e+00
3.131197452545166016e+00
3.196754455566406250e+00
3.670303106307983398e+00
3.707718133926391602e+00
3.239269733428955078e+00
3.188020706176757812e+00
3.650776624679565430e+00
3.700582504272460938e+00
3.889103412628173828e+00
3.601988554000854492e+00
3.552253961563110352e+00
3.576698541641235352e+00
3.598520994186401367e+00
3.605626106262207031e+00
3.605648994445800781e+00
2.735129594802856445e+00
3.568642616271972656e+00
3.730107784271240234e+00
3.678877353668212891e+00
3.621688604354858398e+00
3.195056676864624023e+00
3.223502635955810547e+00
3.253960847854614258e+00
3.288182973861694336e+00
3.302424907684326172e+00
3.708985328674316406e+00
2.843384742736816406e+00
3.618761301040649414e+00
3.741347789764404297e+00
3.677929401397705078e+00
3.621586799621582031e+00
3.197332382202148438e+00
2.698201417922973633e+00
2.717048883438110352e+00
2.823811292648315430e+00
2.886331319808959961e+00
2.904749870300292969e+00
2.903976440429687500e+00
2.899662017822265625e+00
3.386123895645141602e+00
2.932594060897827148e+00
2.705514907836914062e+00
2.839159727096557617e+00
2.896452426910400391e+00
3.395397901535034180e+00
3.424689769744873047e+00
3.396244525909423828e+00
3.558074712753295898e+00
3.707351207733154297e+00
4.145999431610107422e+00
4.087267398834228516e+00
3.989363431930541992e+00
3.951268434524536133e+00
4.380019187927246094e+00
3.492169141769409180e+00
3.230633258819580078e+00
3.140330314636230469e+00
3.613413333892822266e+00
3.694858312606811523e+00
3.251123428344726562e+00
3.206728696823120117e+00
3.669198036193847656e+00
3.554544448852539062e+00
3.253870010375976562e+00
3.235011339187622070e+00
3.278367757797241211e+00
3.306791067123413086e+00
3.315368652343750000e+00
3.315061092376708984e+00
3.354170560836791992e+00
2.828554391860961914e+00
1.401933789253234863e+00
2.298446178436279297e+00
2.533768415451049805e+00
2.584147214889526367e+00
2.966632366180419922e+00
2.586020231246948242e+00
2.042629957199096680e+00
2.846941471099853516e+00
2.998050451278686523e+00
2.566110849380493164e+00
2.025595426559448242e+00
1.999418139457702637e+00
2.058992862701416016e+00
2.095991611480712891e+00
2.109835863113403320e+00
2.112029552459716797e+00
2.110487461090087891e+00
2.108155965805053711e+00
2.106820344924926758e+00
1.803138494491577148e+00
1.767651081085205078e+00
2.064857006072998047e+00
2.121914386749267578e+00
1.824717998504638672e+00
1.493034243583679199e+00
1.460731029510498047e+00
1.460645794868469238e+00
3.074597358703613281e+00
4.471977710723876953e+00
3.806782722473144531e+00
4.982706546783447266e+00
5.011770248413085938e+00
4.600528240203857422e+00
3.437785387039184570e+00
2.172074079513549805e+00
1.393362998962402344e+00
1.496009945869445801e+00
1.661847233772277832e+00
1.748131155967712402e+00
1.507740974426269531e+00
1.746608614921569824e+00
2.065346479415893555e+00
2.131129026412963867e+00
2.130079984664916992e+00
2.116840124130249023e+00
2.109085798263549805e+00
2.106853961944580078e+00
2.107266902923583984e+00
2.108346462249755859e+00
2.109367370605468750e+00
2.109792470932006836e+00
2.109872341156005859e+00
2.109949588775634766e+00
2.110025167465209961e+00
2.110100030899047852e+00
2.110175371170043945e+00
2.110251903533935547e+00
2.535046100616455078e+00
2.597415685653686523e+00
2.062514543533325195e+00
2.047809600830078125e+00
2.080686092376708984e+00
2.102811813354492188e+00
2.111907243728637695e+00
2.113864898681640625e+00
2.048168659210205078e+00
2.525792837142944336e+00
2.165704250335693359e+00
2.088201999664306641e+00
2.090170621871948242e+00
1.796907424926757812e+00
2.065345048904418945e+00
2.119787931442260742e+00
2.124979734420776367e+00
2.118805408477783203e+00
2.113599300384521484e+00
2.535871028900146484e+00
2.986395359039306641e+00
3.009907960891723633e+00
2.949077367782592773e+00
2.910574436187744141e+00
2.491676568984985352e+00
2.864560842514038086e+00
2.951580047607421875e+00
2.536818027496337891e+00
2.472934246063232422e+00
2.585842370986938477e+00
2.544198989868164062e+00
2.944020032882690430e+00
2.988533258438110352e+00
2.949874877929687500e+00
2.918728828430175781e+00
2.907869100570678711e+00
2.907903671264648438e+00
2.910455465316772461e+00
2.912247419357299805e+00
2.504103183746337891e+00
2.460556030273437500e+00
2.910321235656738281e+00
2.985430717468261719e+00
2.956665754318237305e+00
2.924537897109985352e+00
2.910853862762451172e+00
2.499945402145385742e+00
2.870678901672363281e+00
2.549032926559448242e+00
2.906210422515869141e+00
2.561636686325073242e+00
2.042878389358520508e+00
2.014826536178588867e+00
2.003919124603271484e+00
2.781376600265502930e+00
3.031719446182250977e+00
2.802417993545532227e+00
2.924416780471801758e+00
2.932633161544799805e+00
2.591277837753295898e+00
2.468707561492919922e+00
2.494815826416015625e+00
2.530303716659545898e+00
2.547127723693847656e+00
2.953112363815307617e+00
2.993609428405761719e+00
2.951564073562622070e+00
2.919033050537109375e+00
2.908325433731079102e+00
2.908774614334106445e+00
2.911496877670288086e+00
2.913378477096557617e+00
2.914227247238159180e+00
2.914514303207397461e+00
3.403348684310913086e+00
2.949657440185546875e+00
2.847209215164184570e+00
2.868601322174072266e+00
2.900040864944458008e+00
2.915097236633300781e+00
2.918170452117919922e+00
3.405447721481323242e+00
2.950613021850585938e+00
3.344122171401977539e+00
2.908335924148559570e+00
2.833644866943359375e+00
2.868460178375244141e+00
2.902861118316650391e+00
3.788378238677978516e+00
3.834293127059936523e+00
3.704868316650390625e+00
3.630032539367675781e+00
3.615444660186767578e+00
3.621025085449218750e+00
3.626005649566650391e+00
3.627388477325439453e+00
3.627210378646850586e+00
3.626880645751953125e+00
3.626896381378173828e+00
3.626911640167236328e+00
3.626926422119140625e+00
3.626940727233886719e+00
3.626954555511474609e+00
3.462939023971557617e+00
3.626981258392333984e+00
3.655499696731567383e+00
3.642184734344482422e+00
3.629992485046386719e+00
3.626049995422363281e+00
3.626140832901000977e+00
3.626840591430664062e+00
3.220152139663696289e+00
3.233408927917480469e+00
3.683721542358398438e+00
4.190728664398193359e+00
4.121990203857421875e+00
5.123627185821533203e+00
5.120583534240722656e+00
4.987799644470214844e+00
4.952700614929199219e+00
4.563099861145019531e+00
4.211929798126220703e+00
4.198580741882324219e+00
4.252476692199707031e+00
4.280421257019042969e+00
4.286099433898925781e+00
4.286021709442138672e+00
3.864132165908813477e+00
3.851234436035156250e+00
3.923600912094116211e+00
3.479957818984985352e+00
3.489660978317260742e+00
4.059954166412353516e+00
3.610747098922729492e+00
3.539173126220703125e+00
3.582691431045532227e+00
4.097983837127685547e+00
4.499927043914794922e+00
4.672806262969970703e+00
5.181496143341064453e+00
5.217579364776611328e+00
5.180297374725341797e+00
5.168695449829101562e+00
5.109146118164062500e+00
4.978242397308349609e+00
4.561422824859619141e+00
4.207164764404296875e+00
3.774552106857299805e+00
3.808006763458251953e+00
3.911987066268920898e+00
3.959536790847778320e+00
3.967899084091186523e+00
3.966367483139038086e+00
4.393963336944580078e+00
4.454607009887695312e+00
4.316906452178955078e+00
4.278424263000488281e+00
3.858171463012695312e+00
3.850177764892578125e+00
4.358032703399658203e+00
4.375251770019531250e+00
4.596881866455078125e+00
4.577751636505126953e+00
4.546828269958496094e+00
4.783518791198730469e+00
4.946626663208007812e+00
4.817727565765380859e+00
4.537732601165771484e+00
4.219149589538574219e+00
3.786682128906250000e+00
3.814343690872192383e+00
4.350595951080322266e+00
4.374502658843994141e+00
3.899580001831054688e+00
3.855884552001953125e+00
3.921558141708374023e+00
3.961564779281616211e+00
3.969946384429931641e+00
3.967973947525024414e+00
3.966212749481201172e+00
4.394232273101806641e+00
4.377206325531005859e+00
4.594323158264160156e+00
4.577097892761230469e+00
4.793751716613769531e+00
4.806161403656005859e+00
4.938731670379638672e+00
5.080498218536376953e+00
5.093748092651367188e+00
4.578816890716552734e+00
4.205893993377685547e+00
4.193349361419677734e+00
3.378022432327270508e+00
2.952234506607055664e+00
3.985898256301879883e+00
3.656155586242675781e+00
3.574281930923461914e+00
3.592472314834594727e+00
3.617845535278320312e+00
3.628243684768676758e+00
3.629513502120971680e+00
3.628425598144531250e+00
3.627637863159179688e+00
3.627476930618286133e+00
3.627684831619262695e+00
3.627687931060791016e+00
3.220700025558471680e+00
4.093198776245117188e+00
4.542884826660156250e+00
4.023583889007568359e+00
3.421123027801513672e+00
3.034490346908569336e+00
4.854937076568603516e+00
4.720734596252441406e+00
4.315830230712890625e+00
3.818893671035766602e+00
3.341709852218627930e+00
3.429300308227539062e+00
3.566321372985839844e+00
3.625127792358398438e+00
3.634215354919433594e+00
3.630009174346923828e+00
3.627500057220458984e+00
3.627152204513549805e+00
3.627532720565795898e+00
4.106772422790527344e+00
3.614230871200561523e+00
3.534570693969726562e+00
3.580690860748291016e+00
3.618995189666748047e+00
3.630839824676513672e+00
4.109234333038330078e+00
4.089994430541992188e+00
4.004935741424560547e+00
3.966480493545532227e+00
4.390058040618896484e+00
4.646803379058837891e+00
4.327848434448242188e+00
4.121725082397460938e+00
3.834072828292846680e+00
3.387092113494873047e+00
3.452415227890014648e+00
3.570919036865234375e+00
3.624284982681274414e+00
3.633407354354858398e+00
3.630206346511840820e+00
3.627704620361328125e+00
4.106389522552490234e+00
4.089420795440673828e+00
4.005217552185058594e+00
3.966683149337768555e+00
3.961750268936157227e+00
3.965093374252319336e+00
3.966960668563842773e+00
3.486273288726806641e+00
3.080399036407470703e+00
3.150458574295043945e+00
3.672374010086059570e+00
4.196507453918457031e+00
4.964146614074707031e+00
4.890065193176269531e+00
4.577222347259521484e+00
3.844224929809570312e+00
3.763690948486328125e+00
3.881079912185668945e+00
3.954440593719482422e+00
3.489125490188598633e+00
3.489058732986450195e+00
3.575099706649780273e+00
3.866763591766357422e+00
3.627291202545166016e+00
4.069003105163574219e+00
4.070446014404296875e+00
4.002148628234863281e+00
3.968139648437500000e+00
3.962751626968383789e+00
3.965196371078491211e+00
3.966841459274291992e+00
3.966987371444702148e+00
3.966773509979248047e+00
3.966593980789184570e+00
3.966594934463500977e+00
4.394706249237060547e+00
4.377489089965820312e+00
3.898394584655761719e+00
3.855935811996459961e+00
3.922375679016113281e+00
3.480294466018676758e+00
3.490867376327514648e+00
3.577606916427612305e+00
3.622956037521362305e+00
3.225159406661987305e+00
3.624477624893188477e+00
3.695068836212158203e+00
3.664141178131103516e+00
3.635043621063232422e+00
3.625527620315551758e+00
4.104833602905273438e+00
3.613875865936279297e+00
3.534838438034057617e+00
4.064051628112792969e+00
3.607705831527709961e+00
4.026885986328125000e+00
4.052959442138671875e+00
4.000351428985595703e+00
3.490035772323608398e+00
3.977426767349243164e+00
4.047589302062988281e+00
4.004953384399414062e+00
3.972101211547851562e+00
4.663393497467041016e+00
4.376400947570800781e+00
3.860399484634399414e+00
3.355705976486206055e+00
3.021827459335327148e+00
3.136381864547729492e+00
3.265159606933593750e+00
3.321327686309814453e+00
3.331810235977172852e+00
3.732958316802978516e+00
3.734951019287109375e+00
3.666063785552978516e+00
3.629546880722045898e+00
3.622664213180541992e+00
3.218220710754394531e+00
3.209027051925659180e+00
3.276548385620117188e+00
3.317196607589721680e+00
3.328409671783447266e+00
3.732086658477783203e+00
3.735339641571044922e+00
3.666302680969238281e+00
4.510595798492431641e+00
4.720646858215332031e+00
4.351723194122314453e+00
3.402247667312622070e+00
3.340684652328491211e+00
3.097401618957519531e+00
2.692493200302124023e+00
2.741189241409301758e+00
2.850888252258300781e+00
3.396273374557495117e+00
3.445414066314697266e+00
3.378302335739135742e+00
3.331495523452758789e+00
3.317830801010131836e+00
3.724428415298461914e+00
3.328722476959228516e+00
3.254292726516723633e+00
3.283424377441406250e+00
3.313420295715332031e+00
3.325308322906494141e+00
3.731088876724243164e+00
3.735387086868286133e+00
3.666442394256591797e+00
3.629560232162475586e+00
3.622677803039550781e+00
3.625289201736450195e+00
3.627604484558105469e+00
4.107125759124755859e+00
3.614508390426635742e+00
3.534694671630859375e+00
2.709609031677246094e+00
2.665691137313842773e+00
2.801446914672851562e+00
2.893618106842041016e+00
2.925367593765258789e+00
3.414098024368286133e+00
2.956029891967773438e+00
2.850464582443237305e+00
2.870522975921630859e+00
2.901682138442993164e+00
3.404534339904785156e+00
3.439459800720214844e+00
3.372394323348999023e+00
3.328767061233520508e+00
3.317253351211547852e+00
3.319035768508911133e+00
3.322176456451416016e+00
3.405233860015869141e+00
3.732187509536743164e+00
4.570805549621582031e+00
4.087265014648437500e+00
3.451962232589721680e+00
3.041697978973388672e+00
2.645248889923095703e+00
2.313025236129760742e+00
2.802368640899658203e+00
2.544641733169555664e+00
2.917516231536865234e+00
2.977602481842041016e+00
2.952573537826538086e+00
2.925785779953002930e+00
2.914377450942993164e+00
3.402305603027343750e+00
2.949047327041625977e+00
2.847929716110229492e+00
2.869997024536132812e+00
2.901688814163208008e+00
3.404541015625000000e+00
3.439465999603271484e+00
3.372400045394897461e+00
3.328772544860839844e+00
3.317259073257446289e+00
3.724438428878784180e+00
4.576278209686279297e+00
4.489377021789550781e+00
4.345136642456054688e+00
3.871710062026977539e+00
3.848013162612915039e+00
3.440309047698974609e+00
3.073526620864868164e+00
3.152656793594360352e+00
3.266629695892333984e+00
3.344496250152587891e+00
3.332231998443603516e+00
3.324576139450073242e+00
2.835523843765258789e+00
3.291043043136596680e+00
3.389054059982299805e+00
3.367133140563964844e+00
3.336094856262207031e+00
3.322695732116699219e+00
3.320946216583251953e+00
2.835179805755615234e+00
3.690493345260620117e+00
3.596039295196533203e+00
4.176296234130859375e+00
4.526772022247314453e+00
4.003911495208740234e+00
3.889505624771118164e+00
3.442263126373291016e+00
3.271945714950561523e+00
3.161521911621093750e+00
3.236748933792114258e+00
3.301265716552734375e+00
3.729932546615600586e+00
3.334983825683593750e+00
3.256847620010375977e+00
3.283914566040039062e+00
3.313419580459594727e+00
3.325272321701049805e+00
3.351052761077880859e+00
3.081673860549926758e+00
2.812360048294067383e+00
3.713396787643432617e+00
3.812822580337524414e+00
3.710231304168701172e+00
3.637846946716308594e+00
3.212256193161010742e+00
4.713426589965820312e+00
4.489999294281005859e+00
4.327009201049804688e+00
3.861581087112426758e+00
3.845000267028808594e+00
3.440126419067382812e+00
3.275753021240234375e+00
3.162206411361694336e+00
2.745223283767700195e+00
2.763947963714599609e+00
2.856378793716430664e+00
2.500828266143798828e+00
2.471622228622436523e+00
2.594479322433471680e+00
2.956466436386108398e+00
2.992764711380004883e+00
2.102421283721923828e+00
1.975607514381408691e+00
2.042360544204711914e+00
2.094931364059448242e+00
2.543004751205444336e+00
3.000447511672973633e+00
3.869073390960693359e+00
3.849029779434204102e+00
4.163521766662597656e+00
4.076621532440185547e+00
3.990080118179321289e+00
3.482594013214111328e+00
3.076352357864379883e+00
2.659777164459228516e+00
2.315379381179809570e+00
1.935523629188537598e+00
1.990665555000305176e+00
1.764531731605529785e+00
1.765870690345764160e+00
2.075721263885498047e+00
2.136752843856811523e+00
2.557039022445678711e+00
2.997832298278808594e+00
2.614804744720458984e+00
2.917916059494018555e+00
2.957294702529907227e+00
2.935297012329101562e+00
2.916992664337158203e+00
3.401670455932617188e+00
3.432152986526489258e+00
2.881692409515380859e+00
2.801136255264282227e+00
2.854577779769897461e+00
2.901350498199462891e+00
3.790104866027832031e+00
3.438397645950317383e+00
2.818604946136474609e+00
2.354259967803955078e+00
1.933007359504699707e+00
1.983556747436523438e+00
2.068106412887573242e+00
1.805011987686157227e+00
1.779725193977355957e+00
1.788129210472106934e+00
2.083124399185180664e+00
2.546341896057128906e+00
2.616578102111816406e+00
2.585492849349975586e+00
2.552717685699462891e+00
2.539728403091430664e+00
2.539213657379150391e+00
2.542422056198120117e+00
2.545177698135375977e+00
2.546701192855834961e+00
2.547193288803100586e+00
2.547193288803100586e+00
2.547193288803100586e+00
2.950653791427612305e+00
2.991988658905029297e+00
2.951568603515625000e+00
2.920335531234741211e+00
4.203947067260742188e+00
3.400483131408691406e+00
2.356955528259277344e+00
1.827985763549804688e+00
1.918626427650451660e+00
2.470829486846923828e+00
1.853908777236938477e+00
1.760369896888732910e+00
1.772326946258544922e+00
1.788007259368896484e+00
2.083175182342529297e+00
2.136595487594604492e+00
2.134685039520263672e+00
2.123078584671020508e+00
2.115779876708984375e+00
2.538582086563110352e+00
2.600991964340209961e+00
2.577805280685424805e+00
2.552345752716064453e+00
2.622018575668334961e+00
2.549701213836669922e+00
2.535952568054199219e+00
4.159544944763183594e+00
3.849027156829833984e+00
3.239591836929321289e+00
2.322154045104980469e+00
1.835043072700500488e+00
1.927925825119018555e+00
1.741370320320129395e+00
2.055278301239013672e+00
2.127667188644409180e+00
2.136850118637084961e+00
2.128074407577514648e+00
2.119590997695922852e+00
2.115413904190063477e+00
2.114528179168701172e+00
2.049490690231323242e+00
2.106301546096801758e+00
2.541797399520874023e+00
2.605724334716796875e+00
2.580525875091552734e+00
2.553039312362670898e+00
2.541818618774414062e+00
2.541003227233886719e+00
2.947008609771728516e+00
2.990198135375976562e+00
4.549175262451171875e+00
4.209141254425048828e+00
3.146077394485473633e+00
2.213922500610351562e+00
1.781748175621032715e+00
2.049149990081787109e+00
2.494110822677612305e+00
2.597413539886474609e+00
2.591452836990356445e+00
2.565382003784179688e+00
2.549333572387695312e+00
2.544387578964233398e+00
2.948210000991821289e+00
2.990662574768066406e+00
2.729501962661743164e+00
2.489097118377685547e+00
2.484226465225219727e+00
2.521439552307128906e+00
2.544426679611206055e+00
2.551631212234497070e+00
2.551447391510009766e+00
2.549595832824707031e+00
2.548089504241943359e+00
2.547387838363647461e+00
2.950655221939086914e+00
3.471324205398559570e+00
2.977699041366577148e+00
2.443448305130004883e+00
1.958441019058227539e+00
2.431645393371582031e+00
2.566376209259033203e+00
2.582703113555908203e+00
2.968382120132446289e+00
2.592801809310913086e+00
2.914251327514648438e+00
2.962631702423095703e+00
2.941314697265625000e+00
2.920529603958129883e+00
3.402899265289306641e+00
3.432506084442138672e+00
2.881694793701171875e+00
3.300491333007812500e+00
3.384604692459106445e+00
3.361994028091430664e+00
3.333696842193603516e+00
2.834846019744873047e+00
2.790591001510620117e+00
2.856844663619995117e+00
2.496109008789062500e+00
2.468392848968505859e+00
2.512784719467163086e+00
2.023512125015258789e+00
2.045207023620605469e+00
2.089977979660034180e+00
2.113382577896118164e+00
2.120683193206787109e+00
2.546331644058227539e+00
2.169605970382690430e+00
2.089663505554199219e+00
2.092836380004882812e+00
2.105921745300292969e+00
1.808318972587585449e+00
1.775078654289245605e+00
1.784092664718627930e+00
1.793191552162170410e+00
1.797866463661193848e+00
2.084868431091308594e+00
2.103545665740966797e+00
2.128192663192749023e+00
2.122665405273437500e+00
2.116369724273681641e+00
2.113925695419311523e+00
2.113752603530883789e+00
2.114352703094482422e+00
2.540710926055908203e+00
2.166180133819580078e+00
2.088139772415161133e+00
2.092476606369018555e+00
2.105989456176757812e+00
2.113891124725341797e+00
2.116637945175170898e+00
2.116897106170654297e+00
2.116426706314086914e+00
2.541770696640014648e+00
2.603397130966186523e+00
2.579151630401611328e+00
2.552775382995605469e+00
2.091737270355224609e+00
2.043603420257568359e+00
1.770383596420288086e+00
2.060568809509277344e+00
2.124176502227783203e+00
2.131923913955688477e+00
2.125005960464477539e+00
2.118549346923828125e+00
2.115414619445800781e+00
2.114529132843017578e+00
2.114751577377319336e+00
2.540820837020874023e+00
2.166265010833740234e+00
2.088180303573608398e+00
2.092476844787597656e+00
1.799750566482543945e+00
1.771927356719970703e+00
1.783348202705383301e+00
1.793246269226074219e+00
1.798121929168701172e+00
2.085297822952270508e+00
2.135168790817260742e+00
2.132650613784790039e+00
2.121469974517822266e+00
2.114927053451538086e+00
2.113246202468872070e+00
2.113613605499267578e+00
2.114423274993896484e+00
2.115065574645996094e+00
2.115409374237060547e+00
1.810206413269042969e+00
2.071790456771850586e+00
2.123505830764770508e+00
2.127878427505493164e+00
2.121805429458618164e+00
1.812231421470642090e+00
2.071612358093261719e+00
2.122779607772827148e+00
1.824855327606201172e+00
1.781805038452148438e+00
1.785571336746215820e+00
2.080039739608764648e+00
2.134023666381835938e+00
2.133253574371337891e+00
2.545442342758178711e+00
2.165695190429687500e+00
2.086078643798828125e+00
2.090778350830078125e+00
2.105113267898559570e+00
2.113582134246826172e+00
2.116638183593750000e+00
1.811588525772094727e+00
1.775334358215332031e+00
1.499959349632263184e+00
2.021637916564941406e+00
1.836785554885864258e+00
2.093131780624389648e+00
2.133047819137573242e+00
2.129256248474121094e+00
2.119754076004028320e+00
2.114551067352294922e+00
1.808699607849121094e+00
1.773511648178100586e+00
1.782878637313842773e+00
1.792342066764831543e+00
1.797508120536804199e+00
1.799178004264831543e+00
2.084745407104492188e+00
1.981116533279418945e+00
2.109647035598754883e+00
2.125842809677124023e+00
1.818819284439086914e+00
1.777355432510375977e+00
1.783444285392761230e+00
1.792046785354614258e+00
1.797040224075317383e+00
1.518952488899230957e+00
1.480283379554748535e+00
1.739534020423889160e+00
1.519117832183837891e+00
1.754676103591918945e+00
2.069752931594848633e+00
2.134946107864379883e+00
2.134991884231567383e+00
2.122143983840942383e+00
2.114375829696655273e+00
2.112489700317382812e+00
1.808291316032409668e+00
1.773595452308654785e+00
1.783052325248718262e+00
2.080037593841552734e+00
2.134753942489624023e+00
2.133950948715209961e+00
2.122874736785888672e+00
1.908934831619262695e+00
1.785247921943664551e+00
1.475124120712280273e+00
1.286297559738159180e+00
1.260538220405578613e+00
1.421330571174621582e+00
1.454900860786437988e+00
1.469622492790222168e+00
1.474174141883850098e+00
1.475069284439086914e+00
1.735428094863891602e+00
1.520714163780212402e+00
1.487893819808959961e+00
1.477262496948242188e+00
1.474668979644775391e+00
1.735965490341186523e+00
1.520820856094360352e+00
1.488074660301208496e+00
1.477451324462890625e+00
1.474793076515197754e+00
1.735965490341186523e+00
1.789762258529663086e+00
1.803318023681640625e+00
1.802456378936767578e+00
1.799655318260192871e+00
1.797937035560607910e+00
1.878262877464294434e+00
1.529042482376098633e+00
1.480430603027343750e+00
1.472211837768554688e+00
1.472203373908996582e+00
1.473658919334411621e+00
1.474673271179199219e+00
1.475113153457641602e+00
1.475203990936279297e+00
1.475129485130310059e+00
1.474966406822204590e+00
1.474966406822204590e+00
1.474966406822204590e+00
1.474966406822204590e+00
1.474966406822204590e+00
1.474966406822204590e+00
1.474966406822204590e+00
1.735766887664794922e+00
1.789527773857116699e+00
1.803047537803649902e+00
1.802170872688293457e+00
2.083061456680297852e+00
2.539726018905639648e+00
2.610319614410400391e+00
2.140343666076660156e+00
2.059771537780761719e+00
2.079886198043823242e+00
2.102772474288940430e+00
2.540328502655029297e+00
2.606875181198120117e+00
2.582789897918701172e+00
2.554806232452392578e+00
2.542597532272338867e+00
2.541254043579101562e+00
2.543486118316650391e+00
2.545526981353759766e+00
2.546703338623046875e+00
2.547195672988891602e+00
2.547195672988891602e+00
2.095930814743041992e+00
2.492692708969116211e+00
2.579497337341308594e+00
2.128923416137695312e+00
2.061836004257202148e+00
2.084806680679321289e+00
2.106686830520629883e+00
2.116525173187255859e+00
2.118712902069091797e+00
2.543845653533935547e+00
2.605236053466796875e+00
2.978231668472290039e+00
2.993150949478149414e+00
2.943768262863159180e+00
2.504825592041015625e+00
2.455371856689453125e+00
2.501759529113769531e+00
2.085911989212036133e+00
2.050599813461303711e+00
2.518251895904541016e+00
2.164622545242309570e+00
2.093689203262329102e+00
2.097343444824218750e+00
1.802305221557617188e+00
2.070684909820556641e+00
2.124671697616577148e+00
2.550545692443847656e+00
2.609020233154296875e+00
2.580544233322143555e+00
2.551820993423461914e+00
2.090824365615844727e+00
2.487377643585205078e+00
2.132400274276733398e+00
2.078847408294677734e+00
2.094058036804199219e+00
1.803135037422180176e+00
1.774047493934631348e+00
2.075066328048706055e+00
1.835940599441528320e+00
2.088252305984497070e+00
2.130172729492187500e+00
2.128523111343383789e+00
2.544084548950195312e+00
2.165494918823242188e+00
2.086508989334106445e+00
2.091334104537963867e+00
1.799251317977905273e+00
1.771704673767089844e+00
