2.839716601562500000e+04
2.980748828125000000e+04
3.128277539062500000e+04
3.262925781250000000e+04
3.378562500000000000e+04
3.476381640625000000e+04
3.540138281250000000e+04
3.573501171875000000e+04
3.508348437500000000e+04
3.416751953125000000e+04
3.320509375000000000e+04
3.084175000000000000e+04
2.734296289062500000e+04
2.461266796875000000e+04
2.280265429687500000e+04
2.168037500000000000e+04
2.112186328125000000e+04
2.099816992187500000e+04
2.142524023437500000e+04
2.264299218750000000e+04
2.382308203125000000e+04
2.508638671875000000e+04
2.597082226562500000e+04
2.692579687500000000e+04
2.834534375000000000e+04
2.982336328125000000e+04
3.109966015625000000e+04
3.246544921875000000e+04
3.342949218750000000e+04
3.432367187500000000e+04
3.498119531250000000e+04
3.513539062500000000e+04
3.468561328125000000e+04
3.369344140625000000e+04
3.246704101562500000e+04
3.013675781250000000e+04
2.686901562500000000e+04
2.452700390625000000e+04
2.284818164062500000e+04
2.174690625000000000e+04
2.113959179687500000e+04
2.105467968750000000e+04
2.137357031250000000e+04
2.223932421875000000e+04
2.269431250000000000e+04
2.345534179687500000e+04
2.450777734375000000e+04
2.514334570312500000e+04
2.616203320312500000e+04
2.723826367187500000e+04
2.863869335937500000e+04
2.991551562500000000e+04
3.100925585937500000e+04
3.185383203125000000e+04
3.250214062500000000e+04
3.309833593750000000e+04
3.288710156250000000e+04
3.216700976562500000e+04
3.090246875000000000e+04
2.852433789062500000e+04
2.558841992187500000e+04
2.350949023437500000e+04
2.192152148437500000e+04
2.095544726562500000e+04
2.067223046875000000e+04
2.073150585937500000e+04
2.125338281250000000e+04
2.190614062500000000e+04
2.160412500000000000e+04
2.175391992187500000e+04
2.228668359375000000e+04
2.293336328125000000e+04
2.417376562500000000e+04
2.557022851562500000e+04
2.687032812500000000e+04
2.795643359375000000e+04
2.892731835937500000e+04
2.989537500000000000e+04
3.063599804687500000e+04
3.135755664062500000e+04
3.122468359375000000e+04
3.013872851562500000e+04
2.884256250000000000e+04
2.720253515625000000e+04
2.516905468750000000e+04
2.330249804687500000e+04
2.187194140625000000e+04
2.103479492187500000e+04
2.103304101562500000e+04
2.118928320312500000e+04
2.176516992187500000e+04
2.249683984375000000e+04
2.245771093750000000e+04
2.282174609375000000e+04
2.325348046875000000e+04
2.405610742187500000e+04
2.520403320312500000e+04
2.652697656250000000e+04
2.776487695312500000e+04
2.883703710937500000e+04
2.988368359375000000e+04
3.107492773437500000e+04
3.217135156250000000e+04
3.289416796875000000e+04
3.258887304687500000e+04
3.177362304687500000e+04
3.101076757812500000e+04
2.895836718750000000e+04
2.557991992187500000e+04
2.323863476562500000e+04
2.173910546875000000e+04
2.102920898437500000e+04
2.084683398437500000e+04
2.121983593750000000e+04
2.212608593750000000e+04
2.351136132812500000e+04
2.439136328125000000e+04
2.519251562500000000e+04
2.600273437500000000e+04
2.659126757812500000e+04
2.744004101562500000e+04
2.861655078125000000e+04
2.975992187500000000e+04
3.086170117187500000e+04
3.200601367187500000e+04
3.310591406250000000e+04
3.389382812500000000e+04
3.435303125000000000e+04
3.390823828125000000e+04
3.315482421875000000e+04
3.245885742187500000e+04
3.032470898437500000e+04
2.696641601562500000e+04
2.422745703125000000e+04
2.258788867187500000e+04
2.144262695312500000e+04
2.102039843750000000e+04
2.104046289062500000e+04
2.180315820312500000e+04
2.332392968750000000e+04
2.445113867187500000e+04
2.560342968750000000e+04
2.627710351562500000e+04
2.698455078125000000e+04
2.822899414062500000e+04
2.956391601562500000e+04
3.079759375000000000e+04
3.201324218750000000e+04
3.302417187500000000e+04
3.394252343750000000e+04
3.463867968750000000e+04
3.519542968750000000e+04
3.471773437500000000e+04
3.383281640625000000e+04
3.311186718750000000e+04
3.107895117187500000e+04
2.747807617187500000e+04
2.460800781250000000e+04
2.292834570312500000e+04
2.171538281250000000e+04
2.127818359375000000e+04
2.121439843750000000e+04
2.191013867187500000e+04
2.356880468750000000e+04
2.489081445312500000e+04
2.649020703125000000e+04
2.740322070312500000e+04
2.881355078125000000e+04
3.037293554687500000e+04
3.191693750000000000e+04
3.341750000000000000e+04
3.478292578125000000e+04
3.580286718750000000e+04
3.678953906250000000e+04
3.725235937500000000e+04
3.722346875000000000e+04
3.611298437500000000e+04
3.513586718750000000e+04
3.474126171875000000e+04
3.347587500000000000e+04
3.030927734375000000e+04
2.688232617187500000e+04
2.456550195312500000e+04
2.306920312500000000e+04
2.226017968750000000e+04
2.198217187500000000e+04
2.239646875000000000e+04
2.352148632812500000e+04
2.490333203125000000e+04
2.713644531250000000e+04
2.940295312500000000e+04
3.128761914062500000e+04
3.285157812500000000e+04
3.450858984375000000e+04
3.611065625000000000e+04
3.729022656250000000e+04
3.800118750000000000e+04
3.848975781250000000e+04
3.841040625000000000e+04
3.791895703125000000e+04
3.665522656250000000e+04
3.545614453125000000e+04
3.506888281250000000e+04
3.421599609375000000e+04
3.158377929687500000e+04
2.788125976562500000e+04
2.525289062500000000e+04
2.349101953125000000e+04
2.225324023437500000e+04
2.195484375000000000e+04
2.218415429687500000e+04
2.278524804687500000e+04
2.379873046875000000e+04
2.543971875000000000e+04
2.704538281250000000e+04
2.836316796875000000e+04
2.996969726562500000e+04
3.170246289062500000e+04
3.331833203125000000e+04
3.471621484375000000e+04
3.554673437500000000e+04
3.626607031250000000e+04
3.666418359375000000e+04
3.682330078125000000e+04
3.611888671875000000e+04
3.501739062500000000e+04
3.455664843750000000e+04
3.341008203125000000e+04
3.027046289062500000e+04
2.684629687500000000e+04
2.454615039062500000e+04
2.298745507812500000e+04
2.199703515625000000e+04
2.172600390625000000e+04
2.170164648437500000e+04
2.250768359375000000e+04
2.300481835937500000e+04
2.400344921875000000e+04
2.496442968750000000e+04
2.615506445312500000e+04
2.770184765625000000e+04
2.929544726562500000e+04
3.062071289062500000e+04
3.176144726562500000e+04
3.271998242187500000e+04
3.362133203125000000e+04
3.426623046875000000e+04
3.482258203125000000e+04
3.456278125000000000e+04
3.395210156250000000e+04
3.316196875000000000e+04
3.092546875000000000e+04
2.741147070312500000e+04
2.464462109375000000e+04
2.282361328125000000e+04
2.169365234375000000e+04
2.138206835937500000e+04
2.158898046875000000e+04
2.263214257812500000e+04
2.424558984375000000e+04
2.570944726562500000e+04
2.707009179687500000e+04
2.801772656250000000e+04
2.889050390625000000e+04
3.001970898437500000e+04
3.128332812500000000e+04
3.259933007812500000e+04
3.373774609375000000e+04
3.473250781250000000e+04
3.554748828125000000e+04
3.603007031250000000e+04
3.608014843750000000e+04
3.519512500000000000e+04
3.427184765625000000e+04
3.344292187500000000e+04
3.121469531250000000e+04
2.759887109375000000e+04
2.496661523437500000e+04
2.340568945312500000e+04
2.214501562500000000e+04
2.159409179687500000e+04
2.142630273437500000e+04
2.220442578125000000e+04
2.364297460937500000e+04
2.474572460937500000e+04
2.659915820312500000e+04
2.764074414062500000e+04
2.906615625000000000e+04
3.023668750000000000e+04
3.148025976562500000e+04
3.272257421875000000e+04
3.395908203125000000e+04
3.498874218750000000e+04
3.587179687500000000e+04
3.622507812500000000e+04
3.623972265625000000e+04
3.512128515625000000e+04
3.411332812500000000e+04
3.316384375000000000e+04
3.093301757812500000e+04
2.754444921875000000e+04
2.490037500000000000e+04
2.325448046875000000e+04
2.214524218750000000e+04
2.150642382812500000e+04
2.144315820312500000e+04
2.201185351562500000e+04
2.339862695312500000e+04
2.453049609375000000e+04
2.610014453125000000e+04
2.717667773437500000e+04
2.843721875000000000e+04
2.942156054687500000e+04
3.054611718750000000e+04
3.185898242187500000e+04
3.319787890625000000e+04
3.418340625000000000e+04
3.498329687500000000e+04
3.530701953125000000e+04
3.533464062500000000e+04
3.447340234375000000e+04
3.353381250000000000e+04
3.246269335937500000e+04
3.017442578125000000e+04
2.691941601562500000e+04
2.456382421875000000e+04
2.320290429687500000e+04
2.204080468750000000e+04
2.148551367187500000e+04
2.135245117187500000e+04
2.170103515625000000e+04
2.272771289062500000e+04
2.377416406250000000e+04
2.526719921875000000e+04
2.639591015625000000e+04
2.769380273437500000e+04
2.886670312500000000e+04
3.003732617187500000e+04
3.126059960937500000e+04
3.262861523437500000e+04
3.368840234375000000e+04
3.456908203125000000e+04
3.505075000000000000e+04
3.517506640625000000e+04
3.435376953125000000e+04
3.330437890625000000e+04
3.208687304687500000e+04
2.976608593750000000e+04
2.646383789062500000e+04
2.424493359375000000e+04
2.279142187500000000e+04
2.165352929687500000e+04
2.123883203125000000e+04
2.094128710937500000e+04
2.134794140625000000e+04
2.252736914062500000e+04
2.345230468750000000e+04
2.485233007812500000e+04
2.601449609375000000e+04
2.701095898437500000e+04
2.828292187500000000e+04
2.948421484375000000e+04
3.080405859375000000e+04
3.216005078125000000e+04
3.314424218750000000e+04
3.405658984375000000e+04
3.462899218750000000e+04
3.496892187500000000e+04
3.433468359375000000e+04
3.336328515625000000e+04
3.234189453125000000e+04
3.016173437500000000e+04
2.681867382812500000e+04
2.443875976562500000e+04
2.281610937500000000e+04
2.165325195312500000e+04
2.107928320312500000e+04
2.080043554687500000e+04
2.103229492187500000e+04
2.168278125000000000e+04
2.233561328125000000e+04
2.323447656250000000e+04
2.407038281250000000e+04
2.518077539062500000e+04
2.674898046875000000e+04
2.822998632812500000e+04
2.964198046875000000e+04
3.096281054687500000e+04
3.222364257812500000e+04
3.320498828125000000e+04
3.382021875000000000e+04
3.418219140625000000e+04
3.394106250000000000e+04
3.326418750000000000e+04
3.217269726562500000e+04
2.987705664062500000e+04
2.680880859375000000e+04
2.450936523437500000e+04
2.302590625000000000e+04
2.180051171875000000e+04
2.127513476562500000e+04
2.122776757812500000e+04
2.170672460937500000e+04
2.259410546875000000e+04
2.281234765625000000e+04
2.338882812500000000e+04
2.426133007812500000e+04
2.552985937500000000e+04
2.703845312500000000e+04
2.849702929687500000e+04
3.032054296875000000e+04
3.189531250000000000e+04
3.298855078125000000e+04
3.387301171875000000e+04
3.447798046875000000e+04
3.502677734375000000e+04
3.468656250000000000e+04
3.386652343750000000e+04
3.253226171875000000e+04
3.013154101562500000e+04
2.719845507812500000e+04
2.459554492187500000e+04
2.296566796875000000e+04
2.181318554687500000e+04
2.142399804687500000e+04
2.158523046875000000e+04
2.228215429687500000e+04
2.398910156250000000e+04
2.524551562500000000e+04
2.718680664062500000e+04
2.855285351562500000e+04
3.026949023437500000e+04
3.193567578125000000e+04
3.339551953125000000e+04
3.480796875000000000e+04
3.628126171875000000e+04
3.720021484375000000e+04
3.752189843750000000e+04
3.742625781250000000e+04
3.680368750000000000e+04
3.576127734375000000e+04
3.505816015625000000e+04
3.445237109375000000e+04
3.251972070312500000e+04
2.937845703125000000e+04
2.598949023437500000e+04
2.407021875000000000e+04
2.257807617187500000e+04
2.186129492187500000e+04
2.156650976562500000e+04
2.190099023437500000e+04
2.296971093750000000e+04
2.383558789062500000e+04
2.555606250000000000e+04
2.716756445312500000e+04
2.924498242187500000e+04
3.071580273437500000e+04
3.222644335937500000e+04
3.364190234375000000e+04
3.517366406250000000e+04
3.626923046875000000e+04
3.695660546875000000e+04
3.714298437500000000e+04
3.688898046875000000e+04
3.577257812500000000e+04
3.486069921875000000e+04
3.436451171875000000e+04
3.272417578125000000e+04
2.925015234375000000e+04
2.598732617187500000e+04
2.395812304687500000e+04
2.270836132812500000e+04
2.186394531250000000e+04
2.169536523437500000e+04
2.199416015625000000e+04
2.320992578125000000e+04
2.412739843750000000e+04
2.563307812500000000e+04
2.736919726562500000e+04
2.900272656250000000e+04
3.073831445312500000e+04
3.215250195312500000e+04
3.359118359375000000e+04
3.510540234375000000e+04
3.621309765625000000e+04
3.693590234375000000e+04
3.702405859375000000e+04
3.657946093750000000e+04
3.541962500000000000e+04
3.465730078125000000e+04
3.413727734375000000e+04
3.241179101562500000e+04
2.892822656250000000e+04
2.588988671875000000e+04
2.389625000000000000e+04
2.272739062500000000e+04
2.187605078125000000e+04
2.169256640625000000e+04
2.197329882812500000e+04
2.309351953125000000e+04
2.400685742187500000e+04
2.567347070312500000e+04
2.749814843750000000e+04
2.902207226562500000e+04
3.032002929687500000e+04
3.153090039062500000e+04
3.296092578125000000e+04
3.453571093750000000e+04
3.568970312500000000e+04
3.643918359375000000e+04
3.648464843750000000e+04
3.620790625000000000e+04
3.515739062500000000e+04
3.420588671875000000e+04
3.314390234375000000e+04
3.066161718750000000e+04
2.744833789062500000e+04
2.490550781250000000e+04
2.332291992187500000e+04
2.202779101562500000e+04
2.145676367187500000e+04
2.135538281250000000e+04
2.181808593750000000e+04
2.324015820312500000e+04
2.434310546875000000e+04
2.599600976562500000e+04
2.722227343750000000e+04
2.846888476562500000e+04
2.971449218750000000e+04
3.098717773437500000e+04
3.254430468750000000e+04
3.405549218750000000e+04
3.526942968750000000e+04
3.604882421875000000e+04
3.643803906250000000e+04
3.631441015625000000e+04
3.531673828125000000e+04
3.432803906250000000e+04
3.323994921875000000e+04
3.073503515625000000e+04
2.748464453125000000e+04
2.503711132812500000e+04
2.324307421875000000e+04
2.201741601562500000e+04
2.134520507812500000e+04
2.119675976562500000e+04
2.157593359375000000e+04
2.255576757812500000e+04
2.318293750000000000e+04
2.400795898437500000e+04
2.486353710937500000e+04
2.562569726562500000e+04
2.679513281250000000e+04
2.837311718750000000e+04
2.948548828125000000e+04
3.058244531250000000e+04
3.151750781250000000e+04
3.225884570312500000e+04
3.287775390625000000e+04
3.322298437500000000e+04
3.296967968750000000e+04
3.216872265625000000e+04
3.067188281250000000e+04
2.827702148437500000e+04
2.584728515625000000e+04
2.366006835937500000e+04
2.231115429687500000e+04
2.126146679687500000e+04
2.100759765625000000e+04
2.103630664062500000e+04
2.178300390625000000e+04
2.259722070312500000e+04
2.254956640625000000e+04
2.303794531250000000e+04
2.342705859375000000e+04
2.413218554687500000e+04
2.535608007812500000e+04
2.666801171875000000e+04
2.804004492187500000e+04
2.941497070312500000e+04
3.079669335937500000e+04
3.164975000000000000e+04
3.220246093750000000e+04
3.250000781250000000e+04
3.226453125000000000e+04
3.162873046875000000e+04
3.053494531250000000e+04
2.815803125000000000e+04
2.537542187500000000e+04
2.309952539062500000e+04
2.200397265625000000e+04
2.125946875000000000e+04
2.126802343750000000e+04
2.158201562500000000e+04
2.283563671875000000e+04
2.460069921875000000e+04
2.597085546875000000e+04
2.678041210937500000e+04
2.746556640625000000e+04
2.836663671875000000e+04
2.947554882812500000e+04
2.992251757812500000e+04
3.095503515625000000e+04
3.186650195312500000e+04
3.261423046875000000e+04
3.327397265625000000e+04
3.340158984375000000e+04
3.327025390625000000e+04
3.257998437500000000e+04
3.103314257812500000e+04
2.940688085937500000e+04
2.740841406250000000e+04
2.508743750000000000e+04
2.325976367187500000e+04
2.221570898437500000e+04
2.132357031250000000e+04
2.099572851562500000e+04
2.109246093750000000e+04
2.162965625000000000e+04
2.309035546875000000e+04
2.455781054687500000e+04
2.589902148437500000e+04
2.723275000000000000e+04
2.864686132812500000e+04
2.971412890625000000e+04
3.123485351562500000e+04
3.263929687500000000e+04
3.388474609375000000e+04
3.497572265625000000e+04
3.589290625000000000e+04
3.630604296875000000e+04
3.617573046875000000e+04
3.531421875000000000e+04
3.463689062500000000e+04
3.368842968750000000e+04
3.150773632812500000e+04
2.859850585937500000e+04
2.544720703125000000e+04
2.339821289062500000e+04
2.213220703125000000e+04
2.146279296875000000e+04
2.114912695312500000e+04
2.184452343750000000e+04
2.331702929687500000e+04
2.473749804687500000e+04
2.642469531250000000e+04
2.767852539062500000e+04
2.916314453125000000e+04
3.082507617187500000e+04
3.242139257812500000e+04
3.396641015625000000e+04
3.533715625000000000e+04
3.624753515625000000e+04
3.707136328125000000e+04
3.718428515625000000e+04
3.679297265625000000e+04
3.557461328125000000e+04
3.482987500000000000e+04
3.424219140625000000e+04
3.222823632812500000e+04
2.898226367187500000e+04
2.572069140625000000e+04
2.365782812500000000e+04
2.234457617187500000e+04
2.161470312500000000e+04
2.125232226562500000e+04
2.167276171875000000e+04
2.308860156250000000e+04
2.429785742187500000e+04
2.601131640625000000e+04
2.777737890625000000e+04
2.937123046875000000e+04
3.099187109375000000e+04
3.283306250000000000e+04
3.456779296875000000e+04
3.589535546875000000e+04
3.675493359375000000e+04
3.733442578125000000e+04
3.697880078125000000e+04
3.636174609375000000e+04
3.540709765625000000e+04
3.478524609375000000e+04
3.428904296875000000e+04
3.243816992187500000e+04
2.923956250000000000e+04
2.597237695312500000e+04
2.409172656250000000e+04
2.270698046875000000e+04
2.186234179687500000e+04
2.135078125000000000e+04
2.192079687500000000e+04
2.304303906250000000e+04
2.437915234375000000e+04
2.590697265625000000e+04
2.769450195312500000e+04
2.922859179687500000e+04
3.088743750000000000e+04
3.238388281250000000e+04
3.381303906250000000e+04
3.533150000000000000e+04
3.625578515625000000e+04
3.657773046875000000e+04
3.621618359375000000e+04
3.566742968750000000e+04
3.497498046875000000e+04
3.417803515625000000e+04
3.250458789062500000e+04
3.012521093750000000e+04
2.734378320312500000e+04
2.506388476562500000e+04
2.360125390625000000e+04
2.236120117187500000e+04
2.170928125000000000e+04
2.113091015625000000e+04
2.138289062500000000e+04
2.192882226562500000e+04
2.255470703125000000e+04
2.351062304687500000e+04
2.458207617187500000e+04
2.560384179687500000e+04
2.736788085937500000e+04
2.885799804687500000e+04
3.050058789062500000e+04
3.180500000000000000e+04
3.291795312500000000e+04
3.370633203125000000e+04
3.424769140625000000e+04
3.465289453125000000e+04
3.411169921875000000e+04
3.338419531250000000e+04
3.186671484375000000e+04
2.932266796875000000e+04
2.640201171875000000e+04
2.399155273437500000e+04
2.225458789062500000e+04
2.114658398437500000e+04
2.065933203125000000e+04
2.054694140625000000e+04
2.103777929687500000e+04
2.196775195312500000e+04
2.197770312500000000e+04
2.194294921875000000e+04
2.275060351562500000e+04
2.368588281250000000e+04
2.516853320312500000e+04
2.691596289062500000e+04
2.852346093750000000e+04
3.016545703125000000e+04
3.150017382812500000e+04
3.271100585937500000e+04
3.347059765625000000e+04
3.392194921875000000e+04
3.353065625000000000e+04
3.307034765625000000e+04
3.204487500000000000e+04
2.944255273437500000e+04
2.623903125000000000e+04
2.346375195312500000e+04
2.181014453125000000e+04
2.092528710937500000e+04
2.062073632812500000e+04
2.085825390625000000e+04
2.187067968750000000e+04
2.355678320312500000e+04
2.487956640625000000e+04
2.592716015625000000e+04
2.676847265625000000e+04
2.778983007812500000e+04
2.939969140625000000e+04
3.123272460937500000e+04
3.292216406250000000e+04
3.441018750000000000e+04
3.546408593750000000e+04
3.636927734375000000e+04
3.683457812500000000e+04
3.668662500000000000e+04
3.556989062500000000e+04
3.485751171875000000e+04
3.419551562500000000e+04
3.198579492187500000e+04
2.871153710937500000e+04
2.544326171875000000e+04
2.326183398437500000e+04
2.173726562500000000e+04
2.132726953125000000e+04
2.124464257812500000e+04
2.205129492187500000e+04
2.354182617187500000e+04
2.480627343750000000e+04
2.596556835937500000e+04
2.710991992187500000e+04
2.825841210937500000e+04
2.961249218750000000e+04
3.122811718750000000e+04
3.289179296875000000e+04
3.452528906250000000e+04
3.581703906250000000e+04
3.677969140625000000e+04
3.717508203125000000e+04
3.699860546875000000e+04
3.563234375000000000e+04
3.486405078125000000e+04
3.455998828125000000e+04
3.277039453125000000e+04
2.953524414062500000e+04
2.621742578125000000e+04
2.382238867187500000e+04
2.226219531250000000e+04
2.169492968750000000e+04
2.146976171875000000e+04
2.186590234375000000e+04
2.330813476562500000e+04
2.467049023437500000e+04
2.601663671875000000e+04
2.735231054687500000e+04
2.869357421875000000e+04
3.024388085937500000e+04
3.179643164062500000e+04
3.342378515625000000e+04
3.490928125000000000e+04
3.591884375000000000e+04
3.670506640625000000e+04
3.702944921875000000e+04
3.678184765625000000e+04
3.555091796875000000e+04
3.487034765625000000e+04
3.418498437500000000e+04
3.198787304687500000e+04
2.899330468750000000e+04
2.578638671875000000e+04
2.370328906250000000e+04
2.221685156250000000e+04
2.159060546875000000e+04
2.137905859375000000e+04
2.180532226562500000e+04
2.275353710937500000e+04
2.401667773437500000e+04
2.524637500000000000e+04
2.666754296875000000e+04
2.788888867187500000e+04
2.918171679687500000e+04
3.059545703125000000e+04
3.201508984375000000e+04
3.328083984375000000e+04
3.427368750000000000e+04
3.510116406250000000e+04
3.578259765625000000e+04
3.602684375000000000e+04
3.486239062500000000e+04
3.392975000000000000e+04
3.305136718750000000e+04
3.044453515625000000e+04
2.708976171875000000e+04
2.452993164062500000e+04
2.295888867187500000e+04
2.168227343750000000e+04
2.124747656250000000e+04
2.094510156250000000e+04
2.144527539062500000e+04
2.240120507812500000e+04
2.357846093750000000e+04
2.452995312500000000e+04
2.624375195312500000e+04
2.762935937500000000e+04
2.868436718750000000e+04
2.986398437500000000e+04
3.120853320312500000e+04
3.267392578125000000e+04
3.381139843750000000e+04
3.469930078125000000e+04
3.528076171875000000e+04
3.525237109375000000e+04
3.425396875000000000e+04
3.344028906250000000e+04
3.217807617187500000e+04
2.945861718750000000e+04
2.655258789062500000e+04
2.401195703125000000e+04
2.251398242187500000e+04
2.132593359375000000e+04
2.081792773437500000e+04
2.062206250000000000e+04
2.108707226562500000e+04
2.176618554687500000e+04
2.262027929687500000e+04
2.298281445312500000e+04
2.392215820312500000e+04
2.467799804687500000e+04
2.587739453125000000e+04
2.724194531250000000e+04
2.854970898437500000e+04
2.985167773437500000e+04
3.111228906250000000e+04
3.225312695312500000e+04
3.304553125000000000e+04
3.315806640625000000e+04
3.243260156250000000e+04
3.171879882812500000e+04
3.039675390625000000e+04
2.785545898437500000e+04
2.524617578125000000e+04
2.310800585937500000e+04
2.171620117187500000e+04
2.085014648437500000e+04
2.045575781250000000e+04
2.053500195312500000e+04
2.106417382812500000e+04
2.182885546875000000e+04
2.199786328125000000e+04
2.193619335937500000e+04
2.289233593750000000e+04
2.343399218750000000e+04
2.446590625000000000e+04
2.582821484375000000e+04
2.720750781250000000e+04
2.843415429687500000e+04
2.974830273437500000e+04
3.119237695312500000e+04
3.231010742187500000e+04
3.293346875000000000e+04
3.251393750000000000e+04
3.196893359375000000e+04
3.083923046875000000e+04
2.804045898437500000e+04
2.500416406250000000e+04
2.282588476562500000e+04
2.145683203125000000e+04
2.078170312500000000e+04
2.064098242187500000e+04
2.098019531250000000e+04
2.210795507812500000e+04
2.363842187500000000e+04
2.500661328125000000e+04
2.574958203125000000e+04
2.642233398437500000e+04
2.723738281250000000e+04
2.857111132812500000e+04
2.997808203125000000e+04
3.162790039062500000e+04
3.324294140625000000e+04
3.461496484375000000e+04
3.560657812500000000e+04
3.608530078125000000e+04
3.601070703125000000e+04
3.490605078125000000e+04
3.421922656250000000e+04
3.333451562500000000e+04
3.077337304687500000e+04
2.745883984375000000e+04
2.452468359375000000e+04
2.271226562500000000e+04
2.161529101562500000e+04
2.114427929687500000e+04
2.111890625000000000e+04
2.194264843750000000e+04
2.344879492187500000e+04
2.495179101562500000e+04
2.592267382812500000e+04
2.727144921875000000e+04
2.814775781250000000e+04
2.963912890625000000e+04
3.134640625000000000e+04
3.323659765625000000e+04
3.497410546875000000e+04
3.619267578125000000e+04
3.714480078125000000e+04
3.743595703125000000e+04
3.704614062500000000e+04
3.580448437500000000e+04
3.524425781250000000e+04
3.464456640625000000e+04
3.260875000000000000e+04
2.984920117187500000e+04
2.682383007812500000e+04
2.434777929687500000e+04
2.273473437500000000e+04
2.206537890625000000e+04
2.179864648437500000e+04
2.243305273437500000e+04
2.364995312500000000e+04
2.534828710937500000e+04
2.648666406250000000e+04
2.850354687500000000e+04
3.002339453125000000e+04
3.237693359375000000e+04
3.452511328125000000e+04
3.622698046875000000e+04
3.755967968750000000e+04
3.832443750000000000e+04
3.853077343750000000e+04
3.769923046875000000e+04
3.677419921875000000e+04
3.572533203125000000e+04
3.504270703125000000e+04
3.403926171875000000e+04
3.171517187500000000e+04
2.891877148437500000e+04
2.575083007812500000e+04
2.372511718750000000e+04
2.241972070312500000e+04
2.182633593750000000e+04
2.169997265625000000e+04
2.234850195312500000e+04
2.374308203125000000e+04
2.548484179687500000e+04
2.669910351562500000e+04
2.848273437500000000e+04
3.001270898437500000e+04
3.189765039062500000e+04
3.371319921875000000e+04
3.549837500000000000e+04
3.695028125000000000e+04
3.787048828125000000e+04
3.832694921875000000e+04
3.813402343750000000e+04
3.707703906250000000e+04
3.578605078125000000e+04
3.521681250000000000e+04
3.435975390625000000e+04
3.224257421875000000e+04
2.963687304687500000e+04
2.660069726562500000e+04
2.410472460937500000e+04
2.248037890625000000e+04
2.169888085937500000e+04
2.155973632812500000e+04
2.203552343750000000e+04
2.335396679687500000e+04
2.469614843750000000e+04
2.571808007812500000e+04
2.722915625000000000e+04
2.908537109375000000e+04
3.072122070312500000e+04
3.229673632812500000e+04
3.380840625000000000e+04
3.539883203125000000e+04
3.645008203125000000e+04
3.712301171875000000e+04
3.713104687500000000e+04
3.655496484375000000e+04
3.545254296875000000e+04
3.466809765625000000e+04
3.324503125000000000e+04
3.095243750000000000e+04
2.825417578125000000e+04
2.538953320312500000e+04
2.356478125000000000e+04
2.212130664062500000e+04
2.151748046875000000e+04
2.121058007812500000e+04
2.149422070312500000e+04
2.240798437500000000e+04
2.333536718750000000e+04
2.411957617187500000e+04
2.551824414062500000e+04
2.636631445312500000e+04
2.838898828125000000e+04
3.010007421875000000e+04
3.198784375000000000e+04
3.356479687500000000e+04
3.441737109375000000e+04
3.505919531250000000e+04
3.530522656250000000e+04
3.491508593750000000e+04
3.420740234375000000e+04
3.349448437500000000e+04
3.203445312500000000e+04
2.926477343750000000e+04
2.650839843750000000e+04
2.423519921875000000e+04
2.390056640625000000e+04
2.193115234375000000e+04
2.182828515625000000e+04
2.141367382812500000e+04
2.216628515625000000e+04
2.320526953125000000e+04
2.414090625000000000e+04
2.448103710937500000e+04
2.556364648437500000e+04
2.672146875000000000e+04
2.835665820312500000e+04
3.005742187500000000e+04
3.186007617187500000e+04
3.344729296875000000e+04
3.436010156250000000e+04
3.501038671875000000e+04
3.526960546875000000e+04
3.515449609375000000e+04
3.441145703125000000e+04
3.384108984375000000e+04
3.270550000000000000e+04
2.989338281250000000e+04
2.696771484375000000e+04
2.448679687500000000e+04
2.340513867187500000e+04
2.187571093750000000e+04
2.160848242187500000e+04
2.183129882812500000e+04
2.297885546875000000e+04
2.476608203125000000e+04
2.655732812500000000e+04
2.770391601562500000e+04
2.872282031250000000e+04
3.050394140625000000e+04
3.228358007812500000e+04
3.412673828125000000e+04
3.584269140625000000e+04
3.733143750000000000e+04
3.819107031250000000e+04
3.848414453125000000e+04
3.808750000000000000e+04
3.709841796875000000e+04
3.563403125000000000e+04
3.516213281250000000e+04
3.476206250000000000e+04
3.293759375000000000e+04
2.929843164062500000e+04
2.574121289062500000e+04
2.398587109375000000e+04
2.257688281250000000e+04
2.188833789062500000e+04
2.174534375000000000e+04
2.232565625000000000e+04
2.390332421875000000e+04
2.547508984375000000e+04
2.637484179687500000e+04
2.758902734375000000e+04
2.873018554687500000e+04
2.990299414062500000e+04
3.107654687500000000e+04
3.224231250000000000e+04
3.349071484375000000e+04
3.459357812500000000e+04
3.551196093750000000e+04
3.577737500000000000e+04
3.551404687500000000e+04
3.424632421875000000e+04
3.306523046875000000e+04
3.199313085937500000e+04
2.988464843750000000e+04
2.643296875000000000e+04
2.419300781250000000e+04
2.270458789062500000e+04
2.172436523437500000e+04
2.130430078125000000e+04
2.136721875000000000e+04
2.189510156250000000e+04
2.341266796875000000e+04
2.529019140625000000e+04
2.532769921875000000e+04
2.611638671875000000e+04
2.721390429687500000e+04
2.776956835937500000e+04
2.853629492187500000e+04
2.909572851562500000e+04
2.977831054687500000e+04
3.059775000000000000e+04
3.120170703125000000e+04
3.171212695312500000e+04
3.202476757812500000e+04
3.150306250000000000e+04
3.068167382812500000e+04
2.946997265625000000e+04
2.717027343750000000e+04
2.453010351562500000e+04
2.280408007812500000e+04
2.170649023437500000e+04
2.094501953125000000e+04
2.074875976562500000e+04
2.089724609375000000e+04
2.188161523437500000e+04
2.335423437500000000e+04
2.488091210937500000e+04
2.492067968750000000e+04
2.579151367187500000e+04
2.649896679687500000e+04
2.722898437500000000e+04
2.809313281250000000e+04
2.911015429687500000e+04
3.038645507812500000e+04
3.163146484375000000e+04
3.261676562500000000e+04
3.297006640625000000e+04
3.271489257812500000e+04
3.178441210937500000e+04
3.072879687500000000e+04
2.918273242187500000e+04
2.668940039062500000e+04
2.429522460937500000e+04
2.244217187500000000e+04
2.138554101562500000e+04
2.072145703125000000e+04
2.051206835937500000e+04
2.074914257812500000e+04
2.171599023437500000e+04
2.326065820312500000e+04
2.484228320312500000e+04
2.483759960937500000e+04
2.577685351562500000e+04
2.622089843750000000e+04
2.654732226562500000e+04
2.736045507812500000e+04
2.839332421875000000e+04
2.972298046875000000e+04
3.096038867187500000e+04
3.190077343750000000e+04
3.229940820312500000e+04
3.215379882812500000e+04
3.127555078125000000e+04
3.034293750000000000e+04
2.890236523437500000e+04
2.634847265625000000e+04
2.427400390625000000e+04
2.240589648437500000e+04
2.143185546875000000e+04
2.058494531250000000e+04
2.047854492187500000e+04
2.069468554687500000e+04
2.154827734375000000e+04
2.252747656250000000e+04
2.338521289062500000e+04
2.289672851562500000e+04
2.363672265625000000e+04
2.384085156250000000e+04
2.440617187500000000e+04
2.504991796875000000e+04
2.574265429687500000e+04
2.641376953125000000e+04
2.703961914062500000e+04
2.771202929687500000e+04
2.839022265625000000e+04
2.915608398437500000e+04
2.912416601562500000e+04
2.811112890625000000e+04
2.734485156250000000e+04
2.562226367187500000e+04
2.353288476562500000e+04
2.185087500000000000e+04
2.117288476562500000e+04
2.060840429687500000e+04
2.075852343750000000e+04
2.098137304687500000e+04
2.159855273437500000e+04
2.201223632812500000e+04
2.208877929687500000e+04
2.119957031250000000e+04
2.186251562500000000e+04
2.229506640625000000e+04
2.276612890625000000e+04
2.363023242187500000e+04
2.474721484375000000e+04
2.588514062500000000e+04
2.689937500000000000e+04
2.791595507812500000e+04
2.890558398437500000e+04
2.986212109375000000e+04
2.950033398437500000e+04
2.830068750000000000e+04
2.762364453125000000e+04
2.576156054687500000e+04
2.326367382812500000e+04
2.150766992187500000e+04
2.071619335937500000e+04
2.041560156250000000e+04
2.068586523437500000e+04
2.119717773437500000e+04
2.241108984375000000e+04
2.375456835937500000e+04
2.510797460937500000e+04
2.474966406250000000e+04
2.522763281250000000e+04
2.541593945312500000e+04
2.583597460937500000e+04
2.651207812500000000e+04
2.756581054687500000e+04
2.874506054687500000e+04
2.991149804687500000e+04
3.092181250000000000e+04
3.174973242187500000e+04
3.204776367187500000e+04
3.129932617187500000e+04
3.059149218750000000e+04
2.923190820312500000e+04
2.645713085937500000e+04
2.383559570312500000e+04
2.196551562500000000e+04
2.083351953125000000e+04
2.024441406250000000e+04
2.000374218750000000e+04
2.035116796875000000e+04
2.142596289062500000e+04
2.290311914062500000e+04
2.453014648437500000e+04
2.410205664062500000e+04
2.462540234375000000e+04
2.452266210937500000e+04
2.584832812500000000e+04
2.698976757812500000e+04
2.821814062500000000e+04
2.964966406250000000e+04
3.093966210937500000e+04
3.194503320312500000e+04
3.271187695312500000e+04
3.281058203125000000e+04
3.197696093750000000e+04
3.118214062500000000e+04
2.959053125000000000e+04
2.685296093750000000e+04
2.421558984375000000e+04
2.213692968750000000e+04
2.114756054687500000e+04
2.029640625000000000e+04
2.022299414062500000e+04
2.043557617187500000e+04
2.150114648437500000e+04
2.302846289062500000e+04
2.469548046875000000e+04
2.477427148437500000e+04
2.543655468750000000e+04
2.601626367187500000e+04
2.696198828125000000e+04
2.818255468750000000e+04
2.963488671875000000e+04
3.127524218750000000e+04
3.274349414062500000e+04
3.380827343750000000e+04
3.445543750000000000e+04
3.449490625000000000e+04
3.355864453125000000e+04
3.283327734375000000e+04
3.129943554687500000e+04
2.823525976562500000e+04
2.530563476562500000e+04
2.312993359375000000e+04
2.179214648437500000e+04
2.083096093750000000e+04
2.049773046875000000e+04
2.050823828125000000e+04
2.140189843750000000e+04
2.283856250000000000e+04
2.468072656250000000e+04
2.507034765625000000e+04
2.607794921875000000e+04
2.697485351562500000e+04
2.831329492187500000e+04
3.003474609375000000e+04
3.186494921875000000e+04
3.360560156250000000e+04
3.495639453125000000e+04
3.600885156250000000e+04
3.660066015625000000e+04
3.609017968750000000e+04
3.485030859375000000e+04
3.442451562500000000e+04
3.343417578125000000e+04
3.076856445312500000e+04
2.741601953125000000e+04
2.427195117187500000e+04
2.246049023437500000e+04
2.123130273437500000e+04
2.084590820312500000e+04
2.098775195312500000e+04
2.192457226562500000e+04
2.371155273437500000e+04
2.533730468750000000e+04
2.550440820312500000e+04
2.649132421875000000e+04
2.742718554687500000e+04
2.892052929687500000e+04
3.066269140625000000e+04
3.261341210937500000e+04
3.448066796875000000e+04
3.600355468750000000e+04
3.711601171875000000e+04
3.750754296875000000e+04
3.684459375000000000e+04
3.529444921875000000e+04
3.491946875000000000e+04
3.417532812500000000e+04
3.186473242187500000e+04
2.860945898437500000e+04
2.543321093750000000e+04
2.324268554687500000e+04
2.172667578125000000e+04
2.120119140625000000e+04
2.098036718750000000e+04
2.146784179687500000e+04
2.247863671875000000e+04
2.346520507812500000e+04
2.371288281250000000e+04
2.459442187500000000e+04
2.575260742187500000e+04
2.751730468750000000e+04
2.935819335937500000e+04
3.117572851562500000e+04
3.295627734375000000e+04
3.440292578125000000e+04
3.557762500000000000e+04
3.610079687500000000e+04
3.566150000000000000e+04
3.470153515625000000e+04
3.428153906250000000e+04
3.285901562500000000e+04
3.002288671875000000e+04
2.700214453125000000e+04
2.437274023437500000e+04
2.243769921875000000e+04
2.138438281250000000e+04
2.100912500000000000e+04
2.125462304687500000e+04
2.199857617187500000e+04
2.277590625000000000e+04
2.318114257812500000e+04
2.284592968750000000e+04
2.361922851562500000e+04
2.462948632812500000e+04
2.633551562500000000e+04
2.820378320312500000e+04
3.004550195312500000e+04
3.184031250000000000e+04
3.343864843750000000e+04
3.447867968750000000e+04
3.502136718750000000e+04
3.511477734375000000e+04
3.430042187500000000e+04
3.388262500000000000e+04
3.266560937500000000e+04
2.954489843750000000e+04
2.608206445312500000e+04
2.358379687500000000e+04
2.199876367187500000e+04
2.119316796875000000e+04
2.114301171875000000e+04
2.142677148437500000e+04
2.263166015625000000e+04
2.446744921875000000e+04
2.640360546875000000e+04
2.672086523437500000e+04
2.775601953125000000e+04
2.864658203125000000e+04
2.973064062500000000e+04
3.087024414062500000e+04
3.245543164062500000e+04
3.409996875000000000e+04
3.542444140625000000e+04
3.624617968750000000e+04
3.616371484375000000e+04
3.550007031250000000e+04
3.442176953125000000e+04
3.359177343750000000e+04
3.206833984375000000e+04
2.888763085937500000e+04
2.570513281250000000e+04
2.353720703125000000e+04
2.244856640625000000e+04
2.154980468750000000e+04
2.056061328125000000e+04
2.099260351562500000e+04
2.161927539062500000e+04
2.339540234375000000e+04
2.524679101562500000e+04
2.562982226562500000e+04
2.634612109375000000e+04
2.729656835937500000e+04
2.831792968750000000e+04
2.896025976562500000e+04
2.950431054687500000e+04
3.074482031250000000e+04
3.172470898437500000e+04
3.244765039062500000e+04
3.264778906250000000e+04
3.254274218750000000e+04
3.158655664062500000e+04
3.020700585937500000e+04
2.824008203125000000e+04
2.591402734375000000e+04
2.383268359375000000e+04
2.206578125000000000e+04
2.116944140625000000e+04
2.056664257812500000e+04
2.035829492187500000e+04
2.074211132812500000e+04
2.189519726562500000e+04
2.372307031250000000e+04
2.522434960937500000e+04
2.491028710937500000e+04
2.527186132812500000e+04
2.615577734375000000e+04
2.625946093750000000e+04
2.701268750000000000e+04
2.745551953125000000e+04
2.829693554687500000e+04
2.941224023437500000e+04
3.029839062500000000e+04
3.106669726562500000e+04
3.134386718750000000e+04
3.067558007812500000e+04
2.990458984375000000e+04
2.843556640625000000e+04
2.590148632812500000e+04
2.361522851562500000e+04
2.190049414062500000e+04
2.088244335937500000e+04
2.019894921875000000e+04
2.006214648437500000e+04
2.048330859375000000e+04
2.137386914062500000e+04
2.314777148437500000e+04
2.469108203125000000e+04
2.452271875000000000e+04
2.497380468750000000e+04
2.520886718750000000e+04
2.503880859375000000e+04
2.590526757812500000e+04
2.695275195312500000e+04
2.834725781250000000e+04
2.957217773437500000e+04
3.073514453125000000e+04
3.160950195312500000e+04
3.164808984375000000e+04
3.061073828125000000e+04
2.978214062500000000e+04
2.827514648437500000e+04
2.612406640625000000e+04
2.353124804687500000e+04
2.180927734375000000e+04
2.081216601562500000e+04
2.041273046875000000e+04
2.011435156250000000e+04
2.056935546875000000e+04
2.135221679687500000e+04
2.296641601562500000e+04
2.432146875000000000e+04
2.439176562500000000e+04
2.465596679687500000e+04
2.465381250000000000e+04
2.552581445312500000e+04
2.670333203125000000e+04
2.831006640625000000e+04
2.971796679687500000e+04
3.089579882812500000e+04
3.204948437500000000e+04
3.278753125000000000e+04
3.266841210937500000e+04
3.168620117187500000e+04
3.086281445312500000e+04
2.905147851562500000e+04
2.654060937500000000e+04
2.399647851562500000e+04
2.218832421875000000e+04
2.101979101562500000e+04
2.036178906250000000e+04
2.023989648437500000e+04
2.065298632812500000e+04
2.135960546875000000e+04
2.203739843750000000e+04
2.249748828125000000e+04
2.181402539062500000e+04
2.254133007812500000e+04
2.325509179687500000e+04
2.451571289062500000e+04
2.609084570312500000e+04
2.765474609375000000e+04
2.916850195312500000e+04
3.077964453125000000e+04
3.239131445312500000e+04
3.341178125000000000e+04
3.331005468750000000e+04
3.243015039062500000e+04
3.195299023437500000e+04
3.013512695312500000e+04
2.738555664062500000e+04
2.469271289062500000e+04
2.251941210937500000e+04
2.136268554687500000e+04
2.076139257812500000e+04
2.093960546875000000e+04
2.131371679687500000e+04
2.179088671875000000e+04
2.226886718750000000e+04
2.245750000000000000e+04
2.196548632812500000e+04
2.242859375000000000e+04
2.344533593750000000e+04
2.502838085937500000e+04
2.670960742187500000e+04
2.840400000000000000e+04
3.026369921875000000e+04
3.218258789062500000e+04
3.365272656250000000e+04
3.433559375000000000e+04
3.397475781250000000e+04
3.324572656250000000e+04
3.319835546875000000e+04
3.146908789062500000e+04
2.862429101562500000e+04
2.575475390625000000e+04
2.329597851562500000e+04
2.185116992187500000e+04
2.105813085937500000e+04
2.107565625000000000e+04
2.139328515625000000e+04
2.233770312500000000e+04
2.305824609375000000e+04
2.378557421875000000e+04
2.336296484375000000e+04
2.411090039062500000e+04
2.533511718750000000e+04
2.703675585937500000e+04
2.884628906250000000e+04
3.067567382812500000e+04
3.252460546875000000e+04
3.405252734375000000e+04
3.524047656250000000e+04
3.567790234375000000e+04
3.522424609375000000e+04
3.440601171875000000e+04
3.430777734375000000e+04
3.283939062500000000e+04
3.008878515625000000e+04
2.685797265625000000e+04
2.396526367187500000e+04
2.218535546875000000e+04
2.131550781250000000e+04
2.126208789062500000e+04
2.153026562500000000e+04
2.296760546875000000e+04
2.470835937500000000e+04
2.648043554687500000e+04
2.695076562500000000e+04
2.836000781250000000e+04
2.951731445312500000e+04
3.066652929687500000e+04
3.215477539062500000e+04
3.390648437500000000e+04
3.557387109375000000e+04
3.682705078125000000e+04
3.766706640625000000e+04
3.765714843750000000e+04
3.653896875000000000e+04
3.533882421875000000e+04
3.516403906250000000e+04
3.394451171875000000e+04
3.162917773437500000e+04
2.890992382812500000e+04
2.585825585937500000e+04
2.365511132812500000e+04
2.220024414062500000e+04
2.174280468750000000e+04
2.143927539062500000e+04
2.236360937500000000e+04
2.391889648437500000e+04
2.596105468750000000e+04
2.654437500000000000e+04
2.798293359375000000e+04
2.938385351562500000e+04
3.082413867187500000e+04
3.241222851562500000e+04
3.434929296875000000e+04
3.617675000000000000e+04
3.748112109375000000e+04
3.822595312500000000e+04
3.801255859375000000e+04
3.664789843750000000e+04
3.524714062500000000e+04
3.521701953125000000e+04
3.463744140625000000e+04
3.246463085937500000e+04
2.943831250000000000e+04
2.608334570312500000e+04
2.384809375000000000e+04
2.234719726562500000e+04
2.175726171875000000e+04
2.163739453125000000e+04
2.255721289062500000e+04
2.419356835937500000e+04
2.637181250000000000e+04
2.708088671875000000e+04
2.881138476562500000e+04
3.055874804687500000e+04
3.209854296875000000e+04
3.345189843750000000e+04
3.517755859375000000e+04
3.666776171875000000e+04
3.746628125000000000e+04
3.765201171875000000e+04
3.716386328125000000e+04
3.593405078125000000e+04
3.503596875000000000e+04
3.498989843750000000e+04
3.394954687500000000e+04
3.174447851562500000e+04
2.883994726562500000e+04
2.564830468750000000e+04
2.367701953125000000e+04
2.254893945312500000e+04
2.157994335937500000e+04
2.161152734375000000e+04
2.218877148437500000e+04
2.356629882812500000e+04
2.567864453125000000e+04
2.594374023437500000e+04
2.713018945312500000e+04
2.857414453125000000e+04
3.036780859375000000e+04
3.198098632812500000e+04
3.338393359375000000e+04
3.481102343750000000e+04
3.603277734375000000e+04
3.678133593750000000e+04
3.655278906250000000e+04
3.548416406250000000e+04
3.456651562500000000e+04
3.394057421875000000e+04
3.195310156250000000e+04
2.898151367187500000e+04
2.625567773437500000e+04
2.415155664062500000e+04
2.299694726562500000e+04
2.149301171875000000e+04
2.126495703125000000e+04
2.077871679687500000e+04
2.110641015625000000e+04
2.193536914062500000e+04
2.294209179687500000e+04
2.328328710937500000e+04
2.439943554687500000e+04
2.540221289062500000e+04
2.739988867187500000e+04
2.901009765625000000e+04
3.095459960937500000e+04
3.258163671875000000e+04
3.385410156250000000e+04
3.484341406250000000e+04
3.537057421875000000e+04
3.500783203125000000e+04
3.402629296875000000e+04
3.355626953125000000e+04
3.146201367187500000e+04
2.842519726562500000e+04
2.555226367187500000e+04
2.351576367187500000e+04
2.186345312500000000e+04
2.106342382812500000e+04
2.059695312500000000e+04
2.060334570312500000e+04
2.115265039062500000e+04
2.210110156250000000e+04
2.265958789062500000e+04
2.211058007812500000e+04
2.279368164062500000e+04
2.361777734375000000e+04
2.530701367187500000e+04
2.715879687500000000e+04
2.896021484375000000e+04
3.055637890625000000e+04
3.201339843750000000e+04
3.324320312500000000e+04
3.406970312500000000e+04
3.406778125000000000e+04
3.328313281250000000e+04
3.285594140625000000e+04
3.071800000000000000e+04
2.740863085937500000e+04
2.452954687500000000e+04
2.216199023437500000e+04
2.113721289062500000e+04
2.038395507812500000e+04
2.029763281250000000e+04
2.083455859375000000e+04
2.209695117187500000e+04
2.383466601562500000e+04
2.558687695312500000e+04
2.534686718750000000e+04
2.588736328125000000e+04
2.640133203125000000e+04
2.794649218750000000e+04
2.949366210937500000e+04
3.122386132812500000e+04
3.294079687500000000e+04
3.441747265625000000e+04
3.560930859375000000e+04
3.605924218750000000e+04
3.523591796875000000e+04
3.410822265625000000e+04
3.355982812500000000e+04
3.146868164062500000e+04
2.817058398437500000e+04
2.509707226562500000e+04
2.273962695312500000e+04
2.131429296875000000e+04
2.067634179687500000e+04
2.033398242187500000e+04
2.068783593750000000e+04
2.172926171875000000e+04
2.347189257812500000e+04
2.523103906250000000e+04
2.514377539062500000e+04
2.533454492187500000e+04
2.579377148437500000e+04
2.706591796875000000e+04
2.854176953125000000e+04
3.009348828125000000e+04
3.187220703125000000e+04
3.333419140625000000e+04
3.451696875000000000e+04
3.482562109375000000e+04
3.418000000000000000e+04
3.334339453125000000e+04
3.263062304687500000e+04
3.030059570312500000e+04
2.732262304687500000e+04
2.449241015625000000e+04
2.239964843750000000e+04
2.117200195312500000e+04
2.056947656250000000e+04
2.040873437500000000e+04
2.074294531250000000e+04
2.178842968750000000e+04
2.342178320312500000e+04
2.513303320312500000e+04
2.472377929687500000e+04
2.492580078125000000e+04
2.502184375000000000e+04
2.577299609375000000e+04
2.726656640625000000e+04
2.853715820312500000e+04
2.992103906250000000e+04
3.133487304687500000e+04
3.234398242187500000e+04
3.286149609375000000e+04
3.257846289062500000e+04
3.171910937500000000e+04
3.089421093750000000e+04
2.831961718750000000e+04
2.582557617187500000e+04
2.353652539062500000e+04
2.157962695312500000e+04
2.069145312500000000e+04
2.019544921875000000e+04
2.033843945312500000e+04
2.046519531250000000e+04
2.154563867187500000e+04
2.298770312500000000e+04
2.478469531250000000e+04
2.418035742187500000e+04
2.399350390625000000e+04
2.394575585937500000e+04
2.450866796875000000e+04
2.558862500000000000e+04
2.672524609375000000e+04
2.803204492187500000e+04
2.918168750000000000e+04
3.025537500000000000e+04
3.103299023437500000e+04
3.103668164062500000e+04
3.016922070312500000e+04
2.944279492187500000e+04
2.732817773437500000e+04
2.520665234375000000e+04
2.274625976562500000e+04
2.128007226562500000e+04
2.045791210937500000e+04
1.998903515625000000e+04
2.004934765625000000e+04
2.059391015625000000e+04
2.168755078125000000e+04
2.313007421875000000e+04
2.462873046875000000e+04
2.422071093750000000e+04
2.407679492187500000e+04
2.391543554687500000e+04
2.403779882812500000e+04
2.526518750000000000e+04
2.633577148437500000e+04
2.766281054687500000e+04
2.890020507812500000e+04
2.998090429687500000e+04
3.063402734375000000e+04
3.043035546875000000e+04
2.944922460937500000e+04
2.868673828125000000e+04
2.668517578125000000e+04
2.479950000000000000e+04
2.280217773437500000e+04
2.133741796875000000e+04
2.061849218750000000e+04
2.008490625000000000e+04
2.020698046875000000e+04
2.062559960937500000e+04
2.136112109375000000e+04
2.246698437500000000e+04
2.313136132812500000e+04
2.240276171875000000e+04
2.254390234375000000e+04
2.248153515625000000e+04
2.261593750000000000e+04
2.328958984375000000e+04
2.451566601562500000e+04
2.571005273437500000e+04
2.677291210937500000e+04
2.773666015625000000e+04
2.854282812500000000e+04
2.896569921875000000e+04
2.825162500000000000e+04
2.717469726562500000e+04
2.592352539062500000e+04
2.454050585937500000e+04
2.259405273437500000e+04
2.108727539062500000e+04
2.061148828125000000e+04
2.022747070312500000e+04
2.036004492187500000e+04
2.071279687500000000e+04
2.125375195312500000e+04
2.163932812500000000e+04
2.197269335937500000e+04
2.068013867187500000e+04
2.072455859375000000e+04
2.047829101562500000e+04
2.102263085937500000e+04
2.186108203125000000e+04
2.334636328125000000e+04
2.474817187500000000e+04
2.599834765625000000e+04
2.712251953125000000e+04
2.804667382812500000e+04
2.881223437500000000e+04
2.813535742187500000e+04
2.703444140625000000e+04
2.588228906250000000e+04
2.433325976562500000e+04
2.214243750000000000e+04
2.085718750000000000e+04
2.033734179687500000e+04
2.019402734375000000e+04
2.053829687500000000e+04
2.097177929687500000e+04
2.206592187500000000e+04
2.320792578125000000e+04
2.477250585937500000e+04
2.396598437500000000e+04
2.387652539062500000e+04
2.369419140625000000e+04
2.439545703125000000e+04
2.584150390625000000e+04
2.740362500000000000e+04
2.893086132812500000e+04
3.034329687500000000e+04
3.172760742187500000e+04
3.252631445312500000e+04
3.212999414062500000e+04
3.139722460937500000e+04
3.078043359375000000e+04
2.863220898437500000e+04
2.632123437500000000e+04
2.369586328125000000e+04
2.184033593750000000e+04
2.093187304687500000e+04
2.065333789062500000e+04
2.065529882812500000e+04
2.127846679687500000e+04
2.222054296875000000e+04
2.359312890625000000e+04
2.525867187500000000e+04
2.494835156250000000e+04
2.584507421875000000e+04
2.666087500000000000e+04
2.811045312500000000e+04
2.995395117187500000e+04
3.194023242187500000e+04
3.384368359375000000e+04
3.532496093750000000e+04
3.634070703125000000e+04
3.605992578125000000e+04
3.512498437500000000e+04
3.444453906250000000e+04
3.361940234375000000e+04
3.164540625000000000e+04
2.955804687500000000e+04
2.701923437500000000e+04
2.417453515625000000e+04
2.219802734375000000e+04
2.131684765625000000e+04
2.091736523437500000e+04
2.105805664062500000e+04
2.201267578125000000e+04
2.366896289062500000e+04
2.528674414062500000e+04
2.535343945312500000e+04
2.647536523437500000e+04
2.799129882812500000e+04
2.951418164062500000e+04
3.129575000000000000e+04
3.341020703125000000e+04
3.515939062500000000e+04
3.612138671875000000e+04
3.671009375000000000e+04
3.629646093750000000e+04
3.495290234375000000e+04
3.415272656250000000e+04
3.353441796875000000e+04
3.115932617187500000e+04
2.822714453125000000e+04
2.528553125000000000e+04
2.305907812500000000e+04
2.167058007812500000e+04
2.068233984375000000e+04
2.043345898437500000e+04
2.049575195312500000e+04
2.154725195312500000e+04
2.315566796875000000e+04
2.491144531250000000e+04
2.484646679687500000e+04
2.558904492187500000e+04
2.633797265625000000e+04
2.804506250000000000e+04
2.958962304687500000e+04
3.135182617187500000e+04
3.296963281250000000e+04
3.398687500000000000e+04
3.441103515625000000e+04
3.389421093750000000e+04
3.321903515625000000e+04
3.216694531250000000e+04
3.054862109375000000e+04
2.797295507812500000e+04
2.580329492187500000e+04
2.374710546875000000e+04
2.203447070312500000e+04
2.103128125000000000e+04
2.052565625000000000e+04
2.041601953125000000e+04
2.098695507812500000e+04
2.197410742187500000e+04
2.361494140625000000e+04
2.529272265625000000e+04
2.511769726562500000e+04
2.554249218750000000e+04
2.599697070312500000e+04
2.729492968750000000e+04
2.801197656250000000e+04
2.979409960937500000e+04
3.157618554687500000e+04
3.288853906250000000e+04
3.343866406250000000e+04
3.269750781250000000e+04
3.162084375000000000e+04
3.042616992187500000e+04
2.901724414062500000e+04
2.684314257812500000e+04
2.493814062500000000e+04
2.301791015625000000e+04
2.149161523437500000e+04
2.070347656250000000e+04
2.029517578125000000e+04
2.037166796875000000e+04
2.091082226562500000e+04
2.164514257812500000e+04
2.274064843750000000e+04
2.335446875000000000e+04
2.292195507812500000e+04
2.356832226562500000e+04
2.340145117187500000e+04
2.394698242187500000e+04
2.485525976562500000e+04
2.629516406250000000e+04
2.770655859375000000e+04
2.886067382812500000e+04
2.978943945312500000e+04
2.996927539062500000e+04
2.943319531250000000e+04
2.830843359375000000e+04
2.747189453125000000e+04
2.550016601562500000e+04
2.402232812500000000e+04
2.215164648437500000e+04
2.095116601562500000e+04
2.044623046875000000e+04
2.040532421875000000e+04
2.047296289062500000e+04
2.086732031250000000e+04
2.143870117187500000e+04
2.212105078125000000e+04
2.228258789062500000e+04
2.186957421875000000e+04
2.213827539062500000e+04
2.201090625000000000e+04
2.220966015625000000e+04
2.256936914062500000e+04
2.352407226562500000e+04
2.470710742187500000e+04
2.587958789062500000e+04
2.695077734375000000e+04
2.777020898437500000e+04
2.798780273437500000e+04
2.687845507812500000e+04
2.629496679687500000e+04
2.537433789062500000e+04
2.408320117187500000e+04
2.202557617187500000e+04
2.105307421875000000e+04
2.093388867187500000e+04
2.085159765625000000e+04
2.117058007812500000e+04
2.161537109375000000e+04
2.254097656250000000e+04
2.386647851562500000e+04
2.548801757812500000e+04
2.521834570312500000e+04
2.501194921875000000e+04
2.499644531250000000e+04
2.530792773437500000e+04
2.574455468750000000e+04
2.651202539062500000e+04
2.711116601562500000e+04
2.794276367187500000e+04
2.876515625000000000e+04
2.910083007812500000e+04
2.895538476562500000e+04
2.818116601562500000e+04
2.775945703125000000e+04
2.583572460937500000e+04
2.419517773437500000e+04
2.194644726562500000e+04
2.078715039062500000e+04
2.036668554687500000e+04
2.011391406250000000e+04
2.042326562500000000e+04
2.098247656250000000e+04
2.220070312500000000e+04
2.353233593750000000e+04
2.511896679687500000e+04
2.431270898437500000e+04
2.383643164062500000e+04
2.360966210937500000e+04
2.348390820312500000e+04
2.437217187500000000e+04
2.453411914062500000e+04
2.554522656250000000e+04
2.630778710937500000e+04
2.742910156250000000e+04
2.832608398437500000e+04
2.885111914062500000e+04
2.803888085937500000e+04
2.735344726562500000e+04
2.536686914062500000e+04
2.386796289062500000e+04
2.179054296875000000e+04
2.073205859375000000e+04
1.998185351562500000e+04
1.999342187500000000e+04
1.988143554687500000e+04
2.037325000000000000e+04
2.146572851562500000e+04
2.302662890625000000e+04
2.432896484375000000e+04
2.353148632812500000e+04
2.281995312500000000e+04
2.284920312500000000e+04
2.262182226562500000e+04
2.371692382812500000e+04
2.483584765625000000e+04
2.605406640625000000e+04
2.719967578125000000e+04
2.825204101562500000e+04
2.895852539062500000e+04
2.906577148437500000e+04
2.810856445312500000e+04
2.725619726562500000e+04
2.553673242187500000e+04
2.399831445312500000e+04
2.178036132812500000e+04
2.063136523437500000e+04
2.003284375000000000e+04
1.983632812500000000e+04
2.000192578125000000e+04
2.046453125000000000e+04
2.144359960937500000e+04
2.271236132812500000e+04
2.399406250000000000e+04
2.337102929687500000e+04
2.315558007812500000e+04
2.318341210937500000e+04
2.425418164062500000e+04
2.545997656250000000e+04
2.669817578125000000e+04
2.802271679687500000e+04
2.923314843750000000e+04
3.037860546875000000e+04
3.105273046875000000e+04
3.082042382812500000e+04
2.983675390625000000e+04
2.886353710937500000e+04
2.651348828125000000e+04
2.471716796875000000e+04
2.243712890625000000e+04
2.094859570312500000e+04
2.033092773437500000e+04
2.017286523437500000e+04
2.033775195312500000e+04
2.078242187500000000e+04
2.190297265625000000e+04
2.314026562500000000e+04
2.451021093750000000e+04
2.409821484375000000e+04
2.391764257812500000e+04
2.406507421875000000e+04
2.512618750000000000e+04
2.651814648437500000e+04
2.774384960937500000e+04
2.905661718750000000e+04
3.032327343750000000e+04
3.151283789062500000e+04
3.194524609375000000e+04
3.147245703125000000e+04
3.031366210937500000e+04
2.902656054687500000e+04
2.663892773437500000e+04
2.490459765625000000e+04
2.286990039062500000e+04
2.134386132812500000e+04
2.066600781250000000e+04
2.039455859375000000e+04
2.055662500000000000e+04
2.084875585937500000e+04
2.149324218750000000e+04
2.231442773437500000e+04
2.283896875000000000e+04
2.221541796875000000e+04
2.241557031250000000e+04
2.288496679687500000e+04
2.391065625000000000e+04
2.521835546875000000e+04
2.632902148437500000e+04
2.750155273437500000e+04
2.891077734375000000e+04
3.053294921875000000e+04
3.135353320312500000e+04
3.084591992187500000e+04
2.975253710937500000e+04
2.859637890625000000e+04
2.625042578125000000e+04
2.457972460937500000e+04
2.251826757812500000e+04
2.116376562500000000e+04
2.057383398437500000e+04
2.047031054687500000e+04
2.076464062500000000e+04
2.101956640625000000e+04
2.145408789062500000e+04
2.190954101562500000e+04
2.222121289062500000e+04
2.150344531250000000e+04
2.166464453125000000e+04
2.237636328125000000e+04
2.359025000000000000e+04
2.496776171875000000e+04
2.615450976562500000e+04
2.744726367187500000e+04
2.905744921875000000e+04
3.071487500000000000e+04
3.133200195312500000e+04
3.065185351562500000e+04
2.970397070312500000e+04
2.893090039062500000e+04
2.667552148437500000e+04
2.462347460937500000e+04
2.222361523437500000e+04
2.069165429687500000e+04
2.026861523437500000e+04
2.024497460937500000e+04
2.079780078125000000e+04
2.130616406250000000e+04
2.233534570312500000e+04
2.373213085937500000e+04
2.521864648437500000e+04
2.506151171875000000e+04
2.529638085937500000e+04
2.616735156250000000e+04
2.673296484375000000e+04
2.774732031250000000e+04
2.959090429687500000e+04
3.103267578125000000e+04
3.193661132812500000e+04
3.261974218750000000e+04
3.177801171875000000e+04
3.067011328125000000e+04
2.958304101562500000e+04
2.830142578125000000e+04
2.597583593750000000e+04
2.417733984375000000e+04
2.225425390625000000e+04
2.093678906250000000e+04
2.063097656250000000e+04
2.006909179687500000e+04
2.027029492187500000e+04
2.078901953125000000e+04
2.192487890625000000e+04
2.353286132812500000e+04
2.519460742187500000e+04
2.477349804687500000e+04
2.413472851562500000e+04
2.426640039062500000e+04
2.473830468750000000e+04
2.586057421875000000e+04
2.709722460937500000e+04
2.859543554687500000e+04
2.988240234375000000e+04
3.065093750000000000e+04
3.080295507812500000e+04
3.027857812500000000e+04
2.913819531250000000e+04
2.790038671875000000e+04
2.561880664062500000e+04
2.405126757812500000e+04
2.223775585937500000e+04
2.074816601562500000e+04
2.050625781250000000e+04
1.981430664062500000e+04
2.003975000000000000e+04
2.058033398437500000e+04
2.198062500000000000e+04
2.343407812500000000e+04
2.517263671875000000e+04
2.448289453125000000e+04
2.404461523437500000e+04
2.399037109375000000e+04
2.442282031250000000e+04
2.508830859375000000e+04
2.562299218750000000e+04
2.659824023437500000e+04
2.786945117187500000e+04
2.880430468750000000e+04
2.915151171875000000e+04
2.865828320312500000e+04
2.786213281250000000e+04
2.727804492187500000e+04
2.492506835937500000e+04
2.376952148437500000e+04
2.198826757812500000e+04
2.052205859375000000e+04
2.014942578125000000e+04
1.983555078125000000e+04
2.028108593750000000e+04
2.073805273437500000e+04
2.228434765625000000e+04
2.357814257812500000e+04
2.571670898437500000e+04
2.505228320312500000e+04
2.451100585937500000e+04
2.381323046875000000e+04
2.374968750000000000e+04
2.429998242187500000e+04
2.478711523437500000e+04
2.586106640625000000e+04
2.681309375000000000e+04
2.773305078125000000e+04
2.808456640625000000e+04
2.794087304687500000e+04
2.733858203125000000e+04
2.665527734375000000e+04
2.468502539062500000e+04
2.340922851562500000e+04
2.150656250000000000e+04
2.057966601562500000e+04
2.012634570312500000e+04
2.008675781250000000e+04
2.037781835937500000e+04
2.116188671875000000e+04
2.222391796875000000e+04
2.387679101562500000e+04
2.526850976562500000e+04
2.509840429687500000e+04
2.414729492187500000e+04
2.298773632812500000e+04
2.220890234375000000e+04
2.198526562500000000e+04
2.278582812500000000e+04
2.340191796875000000e+04
2.398283984375000000e+04
2.541056054687500000e+04
2.654872656250000000e+04
2.707114453125000000e+04
2.649865820312500000e+04
2.600494335937500000e+04
2.430242187500000000e+04
2.317023828125000000e+04
2.149441992187500000e+04
2.067874218750000000e+04
1.981597460937500000e+04
1.992615625000000000e+04
1.983517578125000000e+04
2.041102148437500000e+04
2.111214257812500000e+04
2.185473046875000000e+04
2.234553320312500000e+04
2.144188281250000000e+04
2.054536132812500000e+04
1.981698242187500000e+04
1.959677343750000000e+04
1.983581640625000000e+04
2.062820703125000000e+04
2.207331640625000000e+04
2.355729687500000000e+04
2.484562500000000000e+04
2.572300000000000000e+04
2.655627539062500000e+04
2.605664062500000000e+04
2.489013281250000000e+04
2.383406835937500000e+04
2.329716210937500000e+04
2.167286328125000000e+04
2.073825585937500000e+04
2.041147265625000000e+04
2.012675976562500000e+04
2.017558984375000000e+04
2.038826757812500000e+04
2.080660937500000000e+04
2.105099609375000000e+04
2.132861132812500000e+04
2.013777929687500000e+04
1.936740820312500000e+04
1.912077734375000000e+04
1.930792773437500000e+04
2.030322851562500000e+04
2.175313476562500000e+04
2.318562109375000000e+04
2.429026367187500000e+04
2.527645507812500000e+04
2.624610156250000000e+04
2.725011328125000000e+04
2.649387109375000000e+04
2.529248437500000000e+04
2.429836914062500000e+04
2.334113671875000000e+04
2.169436718750000000e+04
2.071343164062500000e+04
2.057417773437500000e+04
2.054781445312500000e+04
2.056938671875000000e+04
2.089420117187500000e+04
2.159984765625000000e+04
2.284611328125000000e+04
2.429494531250000000e+04
2.351247460937500000e+04
2.246379296875000000e+04
2.251536718750000000e+04
2.247642773437500000e+04
2.300519921875000000e+04
2.329215820312500000e+04
2.408691406250000000e+04
2.490510742187500000e+04
2.591113476562500000e+04
2.689077539062500000e+04
2.773501562500000000e+04
2.755976367187500000e+04
2.659108593750000000e+04
2.477209179687500000e+04
2.359289453125000000e+04
2.170239257812500000e+04
2.094162500000000000e+04
2.089142578125000000e+04
2.053761132812500000e+04
2.082669531250000000e+04
2.109591796875000000e+04
2.200179882812500000e+04
2.297375781250000000e+04
2.451119140625000000e+04
2.383113867187500000e+04
2.189485937500000000e+04
2.148910351562500000e+04
2.124910156250000000e+04
2.185237890625000000e+04
2.247594726562500000e+04
2.343193164062500000e+04
2.438372070312500000e+04
2.552792968750000000e+04
2.646028710937500000e+04
2.721763867187500000e+04
2.657997656250000000e+04
2.571783984375000000e+04
2.421201367187500000e+04
2.288551953125000000e+04
2.110315429687500000e+04
2.016897070312500000e+04
1.963695117187500000e+04
1.946347851562500000e+04
1.938220703125000000e+04
1.995239648437500000e+04
2.105736523437500000e+04
2.273650976562500000e+04
2.404379296875000000e+04
2.360260156250000000e+04
2.205333593750000000e+04
2.167825000000000000e+04
2.136131250000000000e+04
2.206276757812500000e+04
2.301567382812500000e+04
2.397318164062500000e+04
2.500633593750000000e+04
2.605939062500000000e+04
2.680758789062500000e+04
2.734141796875000000e+04
2.672412890625000000e+04
2.593779882812500000e+04
2.437350585937500000e+04
2.304226171875000000e+04
2.115119335937500000e+04
2.028422851562500000e+04
1.994650390625000000e+04
1.970922265625000000e+04
1.989896875000000000e+04
2.026157031250000000e+04
2.116624218750000000e+04
2.278404296875000000e+04
2.418083789062500000e+04
2.343071093750000000e+04
2.156825195312500000e+04
2.122081640625000000e+04
2.123189453125000000e+04
2.245123828125000000e+04
2.323712890625000000e+04
2.440935742187500000e+04
2.552820312500000000e+04
2.657013867187500000e+04
2.728993750000000000e+04
2.771023828125000000e+04
2.685479492187500000e+04
2.603201367187500000e+04
2.459794531250000000e+04
2.310445703125000000e+04
2.135846289062500000e+04
2.023405078125000000e+04
1.983301757812500000e+04
1.984273828125000000e+04
1.991150781250000000e+04
2.055882031250000000e+04
2.129395507812500000e+04
2.277705664062500000e+04
2.385293750000000000e+04
2.357343750000000000e+04
2.219413281250000000e+04
2.242233007812500000e+04
2.243770507812500000e+04
2.356386914062500000e+04
2.464224218750000000e+04
2.577705468750000000e+04
2.686602734375000000e+04
2.781870312500000000e+04
2.849758203125000000e+04
2.859781250000000000e+04
2.728943945312500000e+04
2.594707031250000000e+04
2.448242382812500000e+04
2.324565234375000000e+04
2.144531640625000000e+04
2.045556835937500000e+04
2.014075195312500000e+04
1.986213476562500000e+04
2.004770507812500000e+04
2.034203320312500000e+04
2.096943359375000000e+04
2.154552148437500000e+04
2.213130664062500000e+04
2.141747265625000000e+04
2.061750390625000000e+04
2.105822851562500000e+04
2.151663281250000000e+04
2.252708398437500000e+04
2.363961132812500000e+04
2.454907226562500000e+04
2.541632617187500000e+04
2.639035156250000000e+04
2.735545117187500000e+04
2.782324804687500000e+04
2.653695898437500000e+04
2.526953515625000000e+04
2.409540820312500000e+04
2.314760156250000000e+04
2.147896289062500000e+04
2.062936914062500000e+04
2.015565234375000000e+04
2.007851367187500000e+04
2.003320898437500000e+04
2.032871679687500000e+04
2.060670898437500000e+04
2.107841015625000000e+04
2.126460937500000000e+04
2.045220703125000000e+04
2.021302343750000000e+04
2.008950781250000000e+04
2.026436914062500000e+04
2.114518750000000000e+04
2.232862695312500000e+04
2.339846093750000000e+04
2.435580078125000000e+04
2.542455468750000000e+04
2.617024414062500000e+04
2.672869140625000000e+04
2.595199414062500000e+04
2.484528515625000000e+04
2.400164648437500000e+04
2.316236914062500000e+04
2.137528320312500000e+04
2.063306250000000000e+04
2.046224609375000000e+04
2.057232421875000000e+04
2.081564843750000000e+04
2.143493750000000000e+04
2.216854882812500000e+04
2.342800195312500000e+04
2.466947851562500000e+04
2.439580859375000000e+04
2.317401562500000000e+04
2.265392578125000000e+04
2.239941796875000000e+04
2.247861523437500000e+04
2.313851757812500000e+04
2.369686914062500000e+04
2.461956835937500000e+04
2.559217968750000000e+04
2.657134179687500000e+04
2.707986523437500000e+04
2.652909765625000000e+04
2.558260742187500000e+04
2.398624609375000000e+04
2.262051367187500000e+04
2.101957031250000000e+04
2.007689648437500000e+04
1.955089843750000000e+04
1.933118945312500000e+04
1.950134765625000000e+04
2.017547851562500000e+04
2.130560742187500000e+04
2.301234570312500000e+04
2.419535937500000000e+04
2.377838671875000000e+04
2.173223437500000000e+04
2.091491015625000000e+04
2.083027148437500000e+04
2.127962304687500000e+04
2.208824218750000000e+04
2.317278515625000000e+04
2.461009570312500000e+04
2.596639062500000000e+04
2.698450000000000000e+04
2.757775976562500000e+04
2.705944726562500000e+04
2.596986914062500000e+04
2.436880468750000000e+04
2.315590820312500000e+04
2.105443945312500000e+04
2.012857031250000000e+04
1.990498046875000000e+04
1.976691601562500000e+04
2.009856445312500000e+04
2.062550781250000000e+04
2.166909765625000000e+04
2.310425000000000000e+04
2.465460156250000000e+04
2.406322265625000000e+04
2.289604687500000000e+04
2.251924609375000000e+04
2.235940234375000000e+04
2.336775781250000000e+04
2.433953710937500000e+04
2.547818554687500000e+04
2.644365820312500000e+04
2.703225585937500000e+04
2.765280664062500000e+04
2.747795703125000000e+04
2.685072656250000000e+04
2.591289062500000000e+04
2.425515234375000000e+04
2.285535546875000000e+04
2.114131640625000000e+04
2.024151367187500000e+04
1.991586328125000000e+04
1.991649023437500000e+04
2.033714843750000000e+04
2.102434375000000000e+04
2.213749804687500000e+04
2.355684570312500000e+04
2.530650781250000000e+04
2.486066796875000000e+04
2.342953515625000000e+04
2.268853515625000000e+04
2.340658984375000000e+04
2.356426367187500000e+04
2.459320898437500000e+04
2.576927929687500000e+04
2.712428320312500000e+04
2.776241796875000000e+04
2.795188281250000000e+04
2.781491601562500000e+04
2.709138476562500000e+04
2.644017578125000000e+04
2.458256445312500000e+04
2.310707812500000000e+04
2.115244335937500000e+04
2.032625976562500000e+04
2.006760742187500000e+04
2.008504492187500000e+04
2.028007031250000000e+04
2.100171289062500000e+04
2.202589062500000000e+04
2.343987109375000000e+04
2.444266406250000000e+04
2.464815234375000000e+04
2.287989453125000000e+04
2.325819531250000000e+04
2.261054492187500000e+04
2.338193554687500000e+04
2.351609570312500000e+04
2.498710156250000000e+04
2.549209375000000000e+04
2.625991992187500000e+04
2.686376953125000000e+04
2.687773632812500000e+04
2.620289062500000000e+04
2.550624609375000000e+04
2.412958789062500000e+04
2.281615820312500000e+04
2.135470117187500000e+04
2.051220703125000000e+04
2.033601562500000000e+04
2.012751953125000000e+04
2.052705468750000000e+04
2.097266992187500000e+04
2.169275585937500000e+04
2.211656250000000000e+04
2.293260546875000000e+04
2.255771875000000000e+04
2.208735937500000000e+04
2.169669726562500000e+04
2.153430859375000000e+04
2.141397851562500000e+04
2.191565820312500000e+04
2.242122070312500000e+04
2.353100781250000000e+04
2.497590820312500000e+04
2.584819531250000000e+04
2.573715429687500000e+04
2.525139062500000000e+04
2.474465429687500000e+04
2.412771679687500000e+04
2.361057226562500000e+04
2.183879296875000000e+04
2.136442187500000000e+04
2.104213671875000000e+04
2.089857031250000000e+04
2.093846875000000000e+04
2.096464648437500000e+04
2.110228906250000000e+04
2.143233984375000000e+04
2.210988671875000000e+04
2.201803906250000000e+04
2.202434765625000000e+04
2.160277929687500000e+04
2.183282617187500000e+04
2.233139843750000000e+04
2.288194921875000000e+04
2.344091015625000000e+04
2.377708984375000000e+04
2.457144335937500000e+04
2.554574218750000000e+04
2.615760156250000000e+04
2.624559960937500000e+04
2.560804492187500000e+04
2.412311328125000000e+04
2.316359570312500000e+04
2.150970117187500000e+04
2.080771679687500000e+04
2.084569726562500000e+04
2.093805859375000000e+04
2.115309375000000000e+04
2.145260937500000000e+04
2.201646484375000000e+04
2.328500195312500000e+04
2.491539062500000000e+04
2.494728515625000000e+04
2.462300195312500000e+04
2.377416015625000000e+04
2.341633593750000000e+04
2.285791992187500000e+04
2.340044531250000000e+04
2.369467578125000000e+04
2.429833007812500000e+04
2.466433593750000000e+04
2.587523242187500000e+04
2.691618945312500000e+04
2.636336914062500000e+04
2.489474609375000000e+04
2.346473242187500000e+04
2.228802734375000000e+04
2.076508789062500000e+04
2.002264843750000000e+04
1.982786523437500000e+04
1.976758398437500000e+04
2.024935937500000000e+04
2.093972265625000000e+04
2.183847265625000000e+04
2.331871289062500000e+04
2.464680078125000000e+04
2.429798242187500000e+04
2.216415039062500000e+04
2.143844140625000000e+04
2.087764062500000000e+04
2.158454296875000000e+04
2.172131054687500000e+04
2.287246679687500000e+04
2.408562500000000000e+04
2.528659375000000000e+04
2.657878320312500000e+04
2.691073242187500000e+04
2.634013867187500000e+04
2.558690820312500000e+04
2.408206054687500000e+04
2.259373828125000000e+04
2.087201562500000000e+04
1.991255859375000000e+04
1.979356640625000000e+04
1.987118164062500000e+04
1.993592773437500000e+04
2.094146679687500000e+04
2.145585546875000000e+04
2.297288281250000000e+04
2.477432226562500000e+04
2.404783007812500000e+04
2.204823828125000000e+04
2.142268750000000000e+04
2.131237695312500000e+04
2.207526367187500000e+04
2.274917578125000000e+04
2.392145312500000000e+04
2.520207617187500000e+04
2.629410937500000000e+04
2.721234570312500000e+04
2.726795117187500000e+04
2.663824609375000000e+04
2.632459179687500000e+04
2.471422460937500000e+04
2.307457031250000000e+04
2.099659960937500000e+04
2.018030273437500000e+04
1.990331054687500000e+04
1.996260546875000000e+04
2.011633789062500000e+04
2.090142187500000000e+04
2.184906445312500000e+04
2.325004101562500000e+04
2.485446484375000000e+04
2.439060351562500000e+04
2.266395703125000000e+04
2.178805468750000000e+04
2.228370312500000000e+04
2.308144726562500000e+04
2.451456250000000000e+04
2.565275585937500000e+04
2.703628906250000000e+04
2.816369921875000000e+04
2.890139648437500000e+04
2.856653710937500000e+04
2.779662500000000000e+04
2.681297265625000000e+04
2.469807421875000000e+04
2.311375781250000000e+04
2.116545312500000000e+04
2.015505078125000000e+04
1.969863085937500000e+04
1.976262500000000000e+04
1.985417187500000000e+04
2.056309179687500000e+04
2.154890429687500000e+04
2.277754492187500000e+04
2.466894335937500000e+04
2.411309570312500000e+04
2.265652148437500000e+04
2.278822265625000000e+04
2.292219140625000000e+04
2.389070898437500000e+04
2.464364843750000000e+04
2.579911523437500000e+04
2.692401171875000000e+04
2.788570312500000000e+04
2.858596875000000000e+04
2.795700390625000000e+04
2.692683984375000000e+04
2.608002734375000000e+04
2.431979687500000000e+04
2.299187109375000000e+04
2.120000585937500000e+04
2.022999804687500000e+04
1.991762500000000000e+04
1.976495117187500000e+04
2.001021484375000000e+04
2.062378710937500000e+04
2.125152343750000000e+04
2.193533984375000000e+04
2.256119531250000000e+04
2.227124609375000000e+04
2.109016210937500000e+04
2.115351367187500000e+04
2.064234765625000000e+04
2.097597265625000000e+04
2.177955468750000000e+04
2.276514062500000000e+04
2.399471875000000000e+04
2.493418945312500000e+04
2.583875390625000000e+04
2.585931250000000000e+04
2.519180273437500000e+04
2.445342382812500000e+04
2.395204882812500000e+04
2.316971679687500000e+04
2.176875195312500000e+04
2.095073632812500000e+04
2.078412109375000000e+04
2.064703906250000000e+04
2.075593164062500000e+04
2.098171679687500000e+04
2.123141796875000000e+04
2.144112500000000000e+04
2.175659179687500000e+04
2.170958789062500000e+04
2.098757812500000000e+04
2.075347265625000000e+04
2.014093750000000000e+04
1.998471289062500000e+04
2.050888085937500000e+04
2.148276953125000000e+04
2.294320117187500000e+04
2.443973437500000000e+04
2.539263867187500000e+04
2.551696289062500000e+04
2.469468750000000000e+04
2.355576562500000000e+04
2.380412109375000000e+04
2.349010546875000000e+04
2.207164062500000000e+04
2.111183398437500000e+04
2.103364648437500000e+04
2.086759570312500000e+04
2.082111132812500000e+04
2.106729882812500000e+04
2.170017968750000000e+04
2.309348632812500000e+04
2.445546093750000000e+04
2.440623437500000000e+04
2.352370312500000000e+04
2.352773632812500000e+04
2.397831445312500000e+04
2.400849414062500000e+04
2.474305468750000000e+04
2.518495312500000000e+04
2.620188671875000000e+04
2.593047460937500000e+04
2.637271289062500000e+04
2.668676953125000000e+04
2.694467187500000000e+04
2.484813476562500000e+04
2.348188867187500000e+04
2.213638281250000000e+04
2.066791992187500000e+04
1.989663085937500000e+04
1.974813476562500000e+04
1.982000976562500000e+04
2.033923632812500000e+04
2.103160351562500000e+04
2.192298632812500000e+04
2.328739648437500000e+04
2.492608984375000000e+04
2.482184179687500000e+04
2.285221875000000000e+04
2.228398242187500000e+04
2.185699023437500000e+04
2.243051953125000000e+04
2.266442187500000000e+04
2.376711718750000000e+04
2.479592968750000000e+04
2.584031445312500000e+04
2.677297070312500000e+04
2.705497851562500000e+04
2.651209960937500000e+04
2.594208398437500000e+04
2.440152734375000000e+04
2.282052148437500000e+04
2.082308203125000000e+04
2.006304492187500000e+04
1.986736523437500000e+04
1.988457812500000000e+04
2.026697656250000000e+04
2.089445703125000000e+04
2.178498632812500000e+04
2.287409375000000000e+04
2.484436718750000000e+04
2.458998632812500000e+04
2.251962695312500000e+04
2.209174218750000000e+04
2.135737500000000000e+04
2.217278515625000000e+04
2.285529687500000000e+04
2.409947070312500000e+04
2.543040625000000000e+04
2.654694921875000000e+04
2.746473242187500000e+04
2.755922656250000000e+04
2.673827148437500000e+04
2.589659179687500000e+04
2.446261914062500000e+04
2.325455273437500000e+04
2.112494531250000000e+04
2.033801953125000000e+04
2.033530078125000000e+04
2.038186132812500000e+04
2.066832226562500000e+04
2.106339648437500000e+04
2.184460156250000000e+04
2.305206250000000000e+04
2.496376953125000000e+04
2.460294335937500000e+04
2.299938281250000000e+04
2.231354101562500000e+04
2.229162890625000000e+04
2.260417382812500000e+04
2.362583203125000000e+04
2.444436328125000000e+04
2.548736328125000000e+04
2.652625976562500000e+04
2.736623828125000000e+04
2.718938085937500000e+04
2.657410351562500000e+04
2.581368750000000000e+04
2.417436328125000000e+04
2.261557617187500000e+04
2.088480273437500000e+04
1.999144531250000000e+04
1.972575781250000000e+04
1.969949414062500000e+04
1.998154101562500000e+04
2.054957031250000000e+04
2.155049218750000000e+04
2.289600390625000000e+04
2.451586328125000000e+04
2.431169531250000000e+04
2.254761914062500000e+04
2.207469140625000000e+04
2.130382421875000000e+04
2.207345312500000000e+04
2.287149609375000000e+04
2.425135742187500000e+04
2.534933984375000000e+04
2.642026953125000000e+04
2.711804296875000000e+04
2.674555468750000000e+04
2.601500781250000000e+04
2.496242968750000000e+04
2.387343750000000000e+04
2.251122265625000000e+04
2.102274023437500000e+04
2.011511523437500000e+04
1.981136718750000000e+04
1.967836718750000000e+04
1.997962500000000000e+04
2.057710937500000000e+04
2.159071484375000000e+04
2.289571875000000000e+04
2.441482812500000000e+04
2.418246679687500000e+04
2.241372460937500000e+04
2.189040625000000000e+04
2.102840820312500000e+04
2.189379296875000000e+04
2.269000390625000000e+04
2.415945507812500000e+04
2.532632812500000000e+04
2.655276367187500000e+04
2.724921679687500000e+04
2.672852929687500000e+04
2.594330664062500000e+04
2.488774218750000000e+04
2.369311718750000000e+04
2.233897851562500000e+04
2.091755468750000000e+04
1.996900781250000000e+04
1.868430468750000000e+04
1.933261914062500000e+04
1.888953125000000000e+04
2.021989453125000000e+04
2.053580078125000000e+04
2.140563671875000000e+04
2.143945703125000000e+04
2.028303125000000000e+04
1.969783203125000000e+04
1.880287109375000000e+04
1.867269335937500000e+04
1.895409179687500000e+04
2.025087890625000000e+04
2.204657421875000000e+04
2.381929492187500000e+04
2.522133203125000000e+04
2.600738476562500000e+04
2.542328906250000000e+04
2.446727343750000000e+04
2.381723828125000000e+04
2.286507226562500000e+04
2.145607226562500000e+04
2.024142968750000000e+04
1.959707226562500000e+04
1.958318164062500000e+04
1.988643750000000000e+04
2.034527734375000000e+04
2.081277929687500000e+04
2.167307031250000000e+04
2.323488867187500000e+04
2.401137890625000000e+04
2.245358593750000000e+04
2.129251367187500000e+04
2.030689062500000000e+04
2.050576367187500000e+04
2.161241015625000000e+04
2.297991601562500000e+04
2.477092578125000000e+04
2.652466015625000000e+04
2.792453320312500000e+04
2.750372851562500000e+04
2.698542968750000000e+04
2.574761328125000000e+04
2.423237695312500000e+04
2.298162890625000000e+04
2.168237695312500000e+04
2.030559570312500000e+04
1.992517187500000000e+04
1.977320898437500000e+04
2.009949804687500000e+04
2.068825000000000000e+04
2.127229492187500000e+04
2.217471679687500000e+04
2.384556640625000000e+04
2.502164843750000000e+04
2.363944726562500000e+04
2.333143750000000000e+04
2.295354101562500000e+04
2.284980859375000000e+04
2.308339843750000000e+04
2.324621484375000000e+04
2.475733398437500000e+04
2.573339843750000000e+04
2.689964062500000000e+04
2.742524804687500000e+04
2.746485937500000000e+04
2.553766406250000000e+04
2.401541796875000000e+04
2.283400585937500000e+04
2.160998046875000000e+04
2.026517382812500000e+04
1.961246289062500000e+04
1.941371289062500000e+04
1.937313281250000000e+04
2.013525585937500000e+04
2.083555078125000000e+04
2.196148632812500000e+04
2.351250195312500000e+04
2.456508984375000000e+04
2.302666210937500000e+04
2.249287109375000000e+04
2.169533398437500000e+04
2.219065039062500000e+04
2.264683203125000000e+04
2.362042382812500000e+04
2.491056640625000000e+04
2.634161718750000000e+04
2.776627148437500000e+04
2.753659570312500000e+04
2.688232421875000000e+04
2.615782812500000000e+04
2.455005859375000000e+04
2.311436328125000000e+04
2.182019531250000000e+04
2.043277148437500000e+04
1.972203906250000000e+04
1.954751367187500000e+04
1.963073242187500000e+04
2.005817187500000000e+04
2.083420898437500000e+04
2.167229296875000000e+04
2.307317187500000000e+04
2.372833203125000000e+04
2.256759179687500000e+04
2.231540234375000000e+04
2.271892382812500000e+04
2.269974414062500000e+04
2.373731054687500000e+04
2.498891210937500000e+04
2.639121679687500000e+04
2.770903515625000000e+04
2.888231640625000000e+04
2.811150781250000000e+04
2.746785156250000000e+04
2.653669726562500000e+04
2.462784960937500000e+04
2.318372265625000000e+04
2.190217187500000000e+04
2.053715820312500000e+04
1.973312890625000000e+04
1.946954296875000000e+04
1.946154296875000000e+04
1.995236718750000000e+04
2.064042382812500000e+04
2.177557617187500000e+04
2.318963085937500000e+04
2.402848632812500000e+04
2.282292773437500000e+04
2.265288671875000000e+04
2.310935351562500000e+04
2.408095507812500000e+04
2.512163671875000000e+04
2.650536914062500000e+04
2.797024414062500000e+04
2.916017773437500000e+04
3.003605664062500000e+04
2.882958203125000000e+04
2.806507812500000000e+04
2.636879101562500000e+04
2.449757031250000000e+04
2.300750000000000000e+04
2.200058789062500000e+04
2.063412890625000000e+04
1.978118945312500000e+04
1.944044531250000000e+04
1.945600585937500000e+04
1.980417578125000000e+04
2.037299609375000000e+04
2.103075585937500000e+04
2.177390429687500000e+04
2.201278515625000000e+04
2.077066601562500000e+04
2.103633007812500000e+04
2.122020703125000000e+04
2.165256640625000000e+04
2.260024023437500000e+04
2.371292968750000000e+04
2.486790234375000000e+04
2.590022265625000000e+04
2.736981835937500000e+04
2.725019140625000000e+04
2.626522265625000000e+04
2.526694726562500000e+04
2.398048242187500000e+04
2.292036914062500000e+04
2.189735937500000000e+04
2.078158398437500000e+04
2.022386718750000000e+04
2.003734960937500000e+04
1.995621679687500000e+04
2.002576757812500000e+04
2.020654101562500000e+04
2.046006054687500000e+04
2.097649804687500000e+04
2.102554296875000000e+04
2.014966601562500000e+04
1.999734960937500000e+04
2.016901171875000000e+04
2.096800390625000000e+04
2.192050585937500000e+04
2.307127929687500000e+04
2.416260156250000000e+04
2.524799609375000000e+04
2.650016210937500000e+04
2.686351562500000000e+04
2.626100781250000000e+04
2.535998632812500000e+04
2.431183007812500000e+04
2.304569531250000000e+04
2.177282031250000000e+04
2.043246679687500000e+04
2.001120898437500000e+04
1.997763085937500000e+04
2.009001171875000000e+04
2.043865234375000000e+04
2.078193750000000000e+04
2.118482617187500000e+04
2.296903906250000000e+04
2.397094531250000000e+04
2.291861132812500000e+04
2.285509570312500000e+04
2.358363476562500000e+04
2.441782421875000000e+04
2.528085546875000000e+04
2.616677539062500000e+04
2.724950585937500000e+04
2.813916210937500000e+04
2.839822460937500000e+04
2.741483007812500000e+04
2.736090234375000000e+04
2.561244921875000000e+04
2.401841015625000000e+04
2.265900195312500000e+04
2.149525390625000000e+04
2.018521289062500000e+04
1.934740625000000000e+04
1.926966210937500000e+04
1.939032617187500000e+04
1.998939062500000000e+04
2.058766406250000000e+04
2.159324218750000000e+04
2.307715625000000000e+04
2.437854101562500000e+04
2.357505078125000000e+04
2.300345703125000000e+04
2.291016406250000000e+04
2.228528906250000000e+04
2.283205273437500000e+04
2.342893164062500000e+04
2.472340625000000000e+04
2.593253125000000000e+04
2.752014062500000000e+04
2.738888671875000000e+04
2.699668554687500000e+04
2.551168945312500000e+04
2.414267382812500000e+04
2.274269921875000000e+04
2.170634570312500000e+04
2.024601367187500000e+04
1.949783593750000000e+04
1.943439257812500000e+04
1.944602734375000000e+04
1.979818164062500000e+04
2.055435937500000000e+04
2.170522070312500000e+04
2.303936132812500000e+04
2.425117382812500000e+04
2.303850000000000000e+04
2.218194726562500000e+04
2.167090820312500000e+04
2.134736132812500000e+04
2.195405468750000000e+04
2.246434375000000000e+04
2.415936523437500000e+04
2.598300195312500000e+04
2.759540429687500000e+04
2.745860742187500000e+04
2.705374804687500000e+04
2.583939257812500000e+04
2.426700781250000000e+04
2.294890234375000000e+04
2.179918164062500000e+04
2.039096679687500000e+04
1.953809570312500000e+04
1.929327343750000000e+04
1.916977343750000000e+04
1.963748632812500000e+04
2.033975585937500000e+04
2.146140234375000000e+04
2.296457031250000000e+04
2.416564062500000000e+04
2.298825390625000000e+04
2.244764648437500000e+04
2.201615234375000000e+04
2.188228710937500000e+04
2.287759570312500000e+04
2.404908984375000000e+04
2.575836132812500000e+04
2.684573437500000000e+04
2.749461523437500000e+04
2.696801953125000000e+04
2.702235351562500000e+04
2.546501171875000000e+04
2.403710546875000000e+04
2.269393554687500000e+04
2.173118750000000000e+04
2.030924414062500000e+04
1.959127929687500000e+04
1.936288281250000000e+04
1.939957226562500000e+04
1.988047656250000000e+04
2.051288671875000000e+04
2.153214648437500000e+04
2.296865234375000000e+04
2.441230468750000000e+04
2.340775585937500000e+04
2.270608984375000000e+04
2.239891015625000000e+04
2.209083593750000000e+04
2.291708203125000000e+04
2.412950585937500000e+04
2.545952148437500000e+04
2.647097656250000000e+04
2.706964257812500000e+04
2.671161523437500000e+04
2.673823828125000000e+04
2.503140234375000000e+04
2.381984765625000000e+04
2.251631640625000000e+04
2.169339453125000000e+04
2.053059570312500000e+04
1.971030664062500000e+04
1.950060156250000000e+04
1.937046679687500000e+04
1.980281835937500000e+04
2.046511718750000000e+04
2.116972460937500000e+04
2.204006054687500000e+04
2.251769726562500000e+04
2.147742382812500000e+04
2.087756445312500000e+04
2.019953125000000000e+04
1.983076367187500000e+04
1.999905273437500000e+04
2.057202539062500000e+04
2.214753125000000000e+04
2.390800585937500000e+04
2.544279687500000000e+04
2.614524804687500000e+04
2.547725390625000000e+04
2.452181054687500000e+04
2.394530468750000000e+04
2.290408593750000000e+04
2.182000585937500000e+04
2.061301367187500000e+04
1.994015039062500000e+04
1.984960742187500000e+04
1.985091406250000000e+04
2.012697851562500000e+04
2.039772265625000000e+04
2.083700000000000000e+04
2.134966015625000000e+04
2.160772265625000000e+04
2.000035937500000000e+04
1.957680078125000000e+04
1.919165820312500000e+04
1.937234179687500000e+04
2.000190039062500000e+04
2.118342187500000000e+04
2.274092773437500000e+04
2.418146875000000000e+04
2.556630664062500000e+04
2.640744335937500000e+04
2.561892382812500000e+04
2.458071093750000000e+04
2.379933203125000000e+04
2.284352148437500000e+04
2.168319531250000000e+04
2.040086132812500000e+04
1.972322265625000000e+04
1.959247851562500000e+04
1.968783203125000000e+04
1.999985156250000000e+04
2.050919140625000000e+04
2.130006054687500000e+04
2.278836328125000000e+04
2.369783203125000000e+04
2.261680273437500000e+04
2.201953125000000000e+04
2.209477343750000000e+04
2.257932812500000000e+04
2.351123632812500000e+04
2.472606835937500000e+04
2.610244726562500000e+04
2.729923828125000000e+04
2.757340820312500000e+04
2.678675781250000000e+04
2.696628710937500000e+04
2.545023437500000000e+04
2.398774414062500000e+04
2.275918164062500000e+04
2.184163085937500000e+04
2.052011914062500000e+04
1.969805468750000000e+04
1.935012890625000000e+04
1.914533984375000000e+04
1.951139062500000000e+04
2.033398828125000000e+04
2.148352539062500000e+04
2.298810546875000000e+04
2.397713867187500000e+04
2.291503906250000000e+04
2.203033789062500000e+04
2.154836718750000000e+04
2.178555664062500000e+04
2.217058593750000000e+04
2.295324023437500000e+04
2.406843945312500000e+04
2.568981054687500000e+04
2.711392187500000000e+04
2.730839648437500000e+04
2.691399218750000000e+04
2.522171289062500000e+04
2.386692187500000000e+04
2.275057421875000000e+04
2.192089648437500000e+04
2.075313085937500000e+04
1.981425195312500000e+04
1.955126367187500000e+04
1.925055664062500000e+04
1.957615429687500000e+04
2.024100000000000000e+04
2.154156640625000000e+04
2.289282617187500000e+04
2.372050195312500000e+04
2.248682812500000000e+04
2.119256835937500000e+04
2.081175585937500000e+04
2.061642382812500000e+04
2.150118945312500000e+04
2.229174218750000000e+04
2.381566796875000000e+04
2.544502539062500000e+04
2.735640625000000000e+04
2.725680664062500000e+04
2.647711328125000000e+04
2.519221679687500000e+04
2.392474609375000000e+04
2.289513867187500000e+04
2.197279101562500000e+04
2.074015429687500000e+04
1.982878515625000000e+04
1.944816796875000000e+04
1.921267968750000000e+04
1.924518554687500000e+04
1.978188476562500000e+04
