3.042283398437500000e+04
3.207764257812500000e+04
3.392381250000000000e+04
3.569033984375000000e+04
3.707635156250000000e+04
3.804223437500000000e+04
3.832731250000000000e+04
3.749026562500000000e+04
3.624982031250000000e+04
3.503001171875000000e+04
3.245993164062500000e+04
2.987317578125000000e+04
2.776858593750000000e+04
2.626527734375000000e+04
2.525051757812500000e+04
2.460043750000000000e+04
2.446070312500000000e+04
2.499132421875000000e+04
2.565616601562500000e+04
2.638599023437500000e+04
2.682932226562500000e+04
2.705954296875000000e+04
2.783223046875000000e+04
2.901158203125000000e+04
3.030641601562500000e+04
3.202067968750000000e+04
3.359488671875000000e+04
3.517181250000000000e+04
3.633644531250000000e+04
3.705890234375000000e+04
3.722597265625000000e+04
3.646819140625000000e+04
3.536520703125000000e+04
3.423228906250000000e+04
3.198906054687500000e+04
2.970575976562500000e+04
2.779864843750000000e+04
2.632478906250000000e+04
2.523263476562500000e+04
2.446644531250000000e+04
2.404604296875000000e+04
2.397692187500000000e+04
2.379967773437500000e+04
2.406680859375000000e+04
2.441375976562500000e+04
2.467115625000000000e+04
2.504198828125000000e+04
2.560062109375000000e+04
2.687316601562500000e+04
2.853720898437500000e+04
3.022955273437500000e+04
3.173630273437500000e+04
3.304436328125000000e+04
3.429626953125000000e+04
3.493247265625000000e+04
3.441866796875000000e+04
3.347087890625000000e+04
3.240834570312500000e+04
3.037826562500000000e+04
2.829418359375000000e+04
2.649069726562500000e+04
2.503691796875000000e+04
2.392747070312500000e+04
2.314531640625000000e+04
2.268557617187500000e+04
2.255076367187500000e+04
2.211885156250000000e+04
2.192728125000000000e+04
2.191163867187500000e+04
2.186276757812500000e+04
2.215888671875000000e+04
2.287298242187500000e+04
2.400022460937500000e+04
2.541431445312500000e+04
2.685655273437500000e+04
2.843142382812500000e+04
2.969567968750000000e+04
3.114610937500000000e+04
3.212362695312500000e+04
3.191495312500000000e+04
3.104256835937500000e+04
3.011428710937500000e+04
2.879805468750000000e+04
2.715821679687500000e+04
2.557244726562500000e+04
2.406922851562500000e+04
2.307602148437500000e+04
2.240148242187500000e+04
2.218690039062500000e+04
2.240637109375000000e+04
2.252621679687500000e+04
2.288454296875000000e+04
2.297163476562500000e+04
2.297798242187500000e+04
2.322072070312500000e+04
2.399533984375000000e+04
2.533346093750000000e+04
2.675838085937500000e+04
2.840430468750000000e+04
3.027698828125000000e+04
3.213093164062500000e+04
3.387823828125000000e+04
3.482594921875000000e+04
3.450834375000000000e+04
3.359567187500000000e+04
3.250413085937500000e+04
3.022021484375000000e+04
2.781151562500000000e+04
2.600263867187500000e+04
2.469373632812500000e+04
2.377778320312500000e+04
2.328951953125000000e+04
2.337057031250000000e+04
2.412075976562500000e+04
2.502378125000000000e+04
2.579985156250000000e+04
2.628825000000000000e+04
2.638078906250000000e+04
2.651828710937500000e+04
2.721947656250000000e+04
2.825600390625000000e+04
2.963832812500000000e+04
3.133401171875000000e+04
3.312116015625000000e+04
3.472298437500000000e+04
3.602457031250000000e+04
3.661755468750000000e+04
3.616553515625000000e+04
3.524929296875000000e+04
3.406617578125000000e+04
3.171439257812500000e+04
2.915479687500000000e+04
2.724781640625000000e+04
2.580897656250000000e+04
2.477564843750000000e+04
2.413311328125000000e+04
2.412409765625000000e+04
2.486714843750000000e+04
2.563899609375000000e+04
2.640200390625000000e+04
2.685778125000000000e+04
2.707939648437500000e+04
2.767551367187500000e+04
2.873913867187500000e+04
3.000958984375000000e+04
3.157900000000000000e+04
3.315575781250000000e+04
3.475452343750000000e+04
3.604028515625000000e+04
3.716534765625000000e+04
3.763653125000000000e+04
3.697784375000000000e+04
3.596265234375000000e+04
3.481300000000000000e+04
3.245997851562500000e+04
2.976230078125000000e+04
2.776236914062500000e+04
2.625980664062500000e+04
2.524973828125000000e+04
2.461260937500000000e+04
2.457012500000000000e+04
2.534975781250000000e+04
2.619463476562500000e+04
2.728850976562500000e+04
2.798448828125000000e+04
2.868100781250000000e+04
2.989831445312500000e+04
3.149111328125000000e+04
3.319357812500000000e+04
3.506964843750000000e+04
3.676208203125000000e+04
3.846478906250000000e+04
3.944747656250000000e+04
4.008058593750000000e+04
4.030642187500000000e+04
3.973773437500000000e+04
3.875689843750000000e+04
3.746735546875000000e+04
3.485283984375000000e+04
3.195148632812500000e+04
2.971726562500000000e+04
2.802514453125000000e+04
2.681950195312500000e+04
2.603444335937500000e+04
2.591265234375000000e+04
2.651882421875000000e+04
2.734723046875000000e+04
2.853256250000000000e+04
2.977295507812500000e+04
3.101896875000000000e+04
3.252517578125000000e+04
3.435844531250000000e+04
3.622923437500000000e+04
3.810292968750000000e+04
3.958798046875000000e+04
4.072448046875000000e+04
4.140557031250000000e+04
4.169575390625000000e+04
4.117889062500000000e+04
4.019900781250000000e+04
3.887463281250000000e+04
3.777714062500000000e+04
3.558698046875000000e+04
3.282543750000000000e+04
3.047095898437500000e+04
2.855214062500000000e+04
2.700509375000000000e+04
2.603665039062500000e+04
2.567855664062500000e+04
2.558900390625000000e+04
2.552125976562500000e+04
2.606129101562500000e+04
2.698668359375000000e+04
2.804206835937500000e+04
2.939361718750000000e+04
3.106265820312500000e+04
3.300148046875000000e+04
3.510434765625000000e+04
3.669804296875000000e+04
3.803928515625000000e+04
3.905452343750000000e+04
3.981861328125000000e+04
4.002064453125000000e+04
3.933185937500000000e+04
3.821271093750000000e+04
3.685607421875000000e+04
3.449745312500000000e+04
3.203732031250000000e+04
2.976782031250000000e+04
2.795201757812500000e+04
2.655052539062500000e+04
2.560520898437500000e+04
2.492437304687500000e+04
2.458772851562500000e+04
2.414899023437500000e+04
2.438916992187500000e+04
2.495222460937500000e+04
2.553343164062500000e+04
2.654606445312500000e+04
2.811234570312500000e+04
2.969048632812500000e+04
3.132855078125000000e+04
3.294233203125000000e+04
3.456242578125000000e+04
3.577387500000000000e+04
3.701042187500000000e+04
3.754108593750000000e+04
3.682526953125000000e+04
3.581555468750000000e+04
3.458054687500000000e+04
3.226789062500000000e+04
2.970592382812500000e+04
2.764923046875000000e+04
2.610903906250000000e+04
2.507521875000000000e+04
2.445133984375000000e+04
2.446473632812500000e+04
2.518400976562500000e+04
2.619559375000000000e+04
2.745788085937500000e+04
2.833558203125000000e+04
2.887444531250000000e+04
2.965268750000000000e+04
3.081613867187500000e+04
3.219432617187500000e+04
3.366177734375000000e+04
3.520861718750000000e+04
3.655971875000000000e+04
3.757591406250000000e+04
3.832050390625000000e+04
3.841768359375000000e+04
3.760669140625000000e+04
3.662287500000000000e+04
3.523838671875000000e+04
3.279331250000000000e+04
3.027731054687500000e+04
2.842502929687500000e+04
2.691361718750000000e+04
2.581973046875000000e+04
2.514116992187500000e+04
2.515426757812500000e+04
2.589997460937500000e+04
2.666897265625000000e+04
2.780913867187500000e+04
2.869117382812500000e+04
2.939104882812500000e+04
3.026315039062500000e+04
3.140867773437500000e+04
3.269633593750000000e+04
3.402029687500000000e+04
3.526633593750000000e+04
3.661926171875000000e+04
3.751598046875000000e+04
3.825321875000000000e+04
3.832687109375000000e+04
3.746342578125000000e+04
3.658770312500000000e+04
3.533321875000000000e+04
3.308382031250000000e+04
3.045256445312500000e+04
2.838612695312500000e+04
2.691088867187500000e+04
2.581077539062500000e+04
2.516818554687500000e+04
2.515712695312500000e+04
2.588089062500000000e+04
2.671688476562500000e+04
2.772011718750000000e+04
2.838242773437500000e+04
2.889941015625000000e+04
2.950213281250000000e+04
3.042117382812500000e+04
3.170727539062500000e+04
3.323523046875000000e+04
3.464516015625000000e+04
3.596108984375000000e+04
3.695989843750000000e+04
3.786413671875000000e+04
3.809534375000000000e+04
3.737555859375000000e+04
3.635836328125000000e+04
3.521593750000000000e+04
3.282333984375000000e+04
3.024371289062500000e+04
2.838768554687500000e+04
2.689652539062500000e+04
2.584980273437500000e+04
2.528002148437500000e+04
2.521280859375000000e+04
2.578821289062500000e+04
2.659686718750000000e+04
2.758837109375000000e+04
2.811530859375000000e+04
2.848457421875000000e+04
2.905660937500000000e+04
2.987549218750000000e+04
3.092992578125000000e+04
3.235547460937500000e+04
3.383572656250000000e+04
3.534752343750000000e+04
3.647286328125000000e+04
3.724550390625000000e+04
3.731732812500000000e+04
3.653303125000000000e+04
3.561051562500000000e+04
3.459524609375000000e+04
3.218603515625000000e+04
2.969213281250000000e+04
2.780244531250000000e+04
2.631784570312500000e+04
2.538175585937500000e+04
2.470151562500000000e+04
2.456328320312500000e+04
2.526200195312500000e+04
2.594913867187500000e+04
2.674135546875000000e+04
2.730335937500000000e+04
2.762400390625000000e+04
2.818180273437500000e+04
2.898094531250000000e+04
3.011571679687500000e+04
3.165439843750000000e+04
3.312852343750000000e+04
3.470000781250000000e+04
3.578633593750000000e+04
3.661724609375000000e+04
3.683353125000000000e+04
3.611858984375000000e+04
3.536144921875000000e+04
3.445959375000000000e+04
3.215223828125000000e+04
2.972832031250000000e+04
2.777879296875000000e+04
2.625878320312500000e+04
2.519740820312500000e+04
2.439390039062500000e+04
2.402514843750000000e+04
2.403319726562500000e+04
2.397147851562500000e+04
2.427365039062500000e+04
2.473316210937500000e+04
2.507297851562500000e+04
2.581638281250000000e+04
2.690994335937500000e+04
2.833223242187500000e+04
3.003704882812500000e+04
3.198046484375000000e+04
3.371193359375000000e+04
3.516058984375000000e+04
3.623841406250000000e+04
3.660098046875000000e+04
3.594781250000000000e+04
3.504025781250000000e+04
3.390446093750000000e+04
3.188314257812500000e+04
2.965111132812500000e+04
2.789697070312500000e+04
2.640217968750000000e+04
2.527888867187500000e+04
2.448319921875000000e+04
2.405126562500000000e+04
2.394767773437500000e+04
2.361321875000000000e+04
2.366649218750000000e+04
2.405227539062500000e+04
2.473909960937500000e+04
2.573616406250000000e+04
2.707704296875000000e+04
2.901190820312500000e+04
3.114404101562500000e+04
3.306648046875000000e+04
3.483373437500000000e+04
3.616289843750000000e+04
3.725894140625000000e+04
3.758578906250000000e+04
3.698458593750000000e+04
3.593407031250000000e+04
3.474346093750000000e+04
3.250524804687500000e+04
2.999351757812500000e+04
2.798316796875000000e+04
2.645460351562500000e+04
2.545648046875000000e+04
2.497042968750000000e+04
2.497230273437500000e+04
2.574026562500000000e+04
2.671983984375000000e+04
2.810445898437500000e+04
2.925312304687500000e+04
3.019619531250000000e+04
3.141989257812500000e+04
3.291888281250000000e+04
3.459330468750000000e+04
3.663244921875000000e+04
3.847863671875000000e+04
3.979323046875000000e+04
4.046820703125000000e+04
4.093375781250000000e+04
4.087555859375000000e+04
3.991322265625000000e+04
3.858349609375000000e+04
3.694001953125000000e+04
3.419955468750000000e+04
3.129290234375000000e+04
2.924868945312500000e+04
2.753579882812500000e+04
2.633893945312500000e+04
2.563951757812500000e+04
2.554654492187500000e+04
2.623752929687500000e+04
2.705122656250000000e+04
2.811600390625000000e+04
2.894363476562500000e+04
2.966867773437500000e+04
3.051293554687500000e+04
3.187568554687500000e+04
3.343284765625000000e+04
3.522575390625000000e+04
3.686801953125000000e+04
3.844726562500000000e+04
3.955012109375000000e+04
4.028815234375000000e+04
4.046096875000000000e+04
3.960201171875000000e+04
3.840424609375000000e+04
3.694469140625000000e+04
3.422697656250000000e+04
3.141773828125000000e+04
2.918746679687500000e+04
2.760598828125000000e+04
2.640402539062500000e+04
2.571540234375000000e+04
2.562035156250000000e+04
2.634434570312500000e+04
2.719100195312500000e+04
2.808480468750000000e+04
2.889375585937500000e+04
2.951698046875000000e+04
3.058114648437500000e+04
3.199692382812500000e+04
3.357772265625000000e+04
3.542075781250000000e+04
3.711750390625000000e+04
3.860949609375000000e+04
3.954257031250000000e+04
4.032105078125000000e+04
4.050439062500000000e+04
3.962486328125000000e+04
3.843282421875000000e+04
3.698773046875000000e+04
3.421391796875000000e+04
3.150199804687500000e+04
2.921703710937500000e+04
2.764810742187500000e+04
2.645578906250000000e+04
2.575183203125000000e+04
2.565051757812500000e+04
2.633615625000000000e+04
2.716424609375000000e+04
2.819371484375000000e+04
2.912941210937500000e+04
2.977718554687500000e+04
3.053873437500000000e+04
3.165578906250000000e+04
3.315864453125000000e+04
3.491331250000000000e+04
3.647008984375000000e+04
3.797997656250000000e+04
3.874034765625000000e+04
3.926662109375000000e+04
3.886478906250000000e+04
3.778109375000000000e+04
3.691794140625000000e+04
3.554717968750000000e+04
3.315717187500000000e+04
3.056262109375000000e+04
2.852510156250000000e+04
2.687945117187500000e+04
2.575113085937500000e+04
2.513004492187500000e+04
2.504555273437500000e+04
2.575725000000000000e+04
2.652703710937500000e+04
2.747868554687500000e+04
2.822590429687500000e+04
2.876342968750000000e+04
2.949001757812500000e+04
3.054845898437500000e+04
3.206041796875000000e+04
3.389269531250000000e+04
3.575093750000000000e+04
3.717169531250000000e+04
3.812019140625000000e+04
3.882997265625000000e+04
3.866653125000000000e+04
3.758298437500000000e+04
3.645294140625000000e+04
3.503352734375000000e+04
3.271653906250000000e+04
3.043178906250000000e+04
2.837575000000000000e+04
2.676828515625000000e+04
2.559901757812500000e+04
2.480954882812500000e+04
2.443308203125000000e+04
2.452230664062500000e+04
2.452802929687500000e+04
2.475139257812500000e+04
2.519050976562500000e+04
2.552324804687500000e+04
2.602538671875000000e+04
2.710594921875000000e+04
2.820170117187500000e+04
2.952300976562500000e+04
3.089566406250000000e+04
3.216532031250000000e+04
3.348367578125000000e+04
3.457063281250000000e+04
3.500133593750000000e+04
3.448802343750000000e+04
3.384764062500000000e+04
3.287561718750000000e+04
3.110996093750000000e+04
2.890505664062500000e+04
2.712769531250000000e+04
2.569325390625000000e+04
2.460843359375000000e+04
2.377866796875000000e+04
2.336558984375000000e+04
2.327206250000000000e+04
2.290744921875000000e+04
2.300384570312500000e+04
2.332059765625000000e+04
2.360080468750000000e+04
2.425802734375000000e+04
2.522136914062500000e+04
2.638655859375000000e+04
2.796261132812500000e+04
2.988288867187500000e+04
3.143939648437500000e+04
3.274807617187500000e+04
3.372492578125000000e+04
3.405897656250000000e+04
3.362239453125000000e+04
3.330128515625000000e+04
3.236707617187500000e+04
3.035257226562500000e+04
2.805684570312500000e+04
2.644742382812500000e+04
2.527610156250000000e+04
2.441941601562500000e+04
2.387788476562500000e+04
2.400260351562500000e+04
2.497674609375000000e+04
2.621041601562500000e+04
2.748999609375000000e+04
2.848331054687500000e+04
2.914271289062500000e+04
2.969259765625000000e+04
2.997242187500000000e+04
3.052863671875000000e+04
3.126058593750000000e+04
3.202555468750000000e+04
3.287958984375000000e+04
3.362871484375000000e+04
3.429557812500000000e+04
3.437394921875000000e+04
3.375539062500000000e+04
3.348251562500000000e+04
3.262836132812500000e+04
3.073275195312500000e+04
2.858166210937500000e+04
2.705187109375000000e+04
2.584008789062500000e+04
2.500172656250000000e+04
2.455089453125000000e+04
2.450948046875000000e+04
2.518917578125000000e+04
2.623356640625000000e+04
2.737273242187500000e+04
2.813423632812500000e+04
2.874871093750000000e+04
2.932746875000000000e+04
3.037948828125000000e+04
3.164355664062500000e+04
3.313510156250000000e+04
3.494925781250000000e+04
3.670794140625000000e+04
3.803314843750000000e+04
3.899437890625000000e+04
3.913099218750000000e+04
3.826382812500000000e+04
3.723705078125000000e+04
3.578685546875000000e+04
3.316394140625000000e+04
3.041459179687500000e+04
2.830089453125000000e+04
2.679419726562500000e+04
2.568259570312500000e+04
2.488189843750000000e+04
2.478331835937500000e+04
2.550302929687500000e+04
2.639738281250000000e+04
2.752514257812500000e+04
2.834894921875000000e+04
2.898671093750000000e+04
3.007807226562500000e+04
3.143902929687500000e+04
3.301460546875000000e+04
3.490257031250000000e+04
3.663857812500000000e+04
3.834242187500000000e+04
3.952780859375000000e+04
4.025266406250000000e+04
4.022261328125000000e+04
3.928424218750000000e+04
3.809957812500000000e+04
3.654070703125000000e+04
3.391710156250000000e+04
3.109987109375000000e+04
2.882622460937500000e+04
2.719119726562500000e+04
2.602977343750000000e+04
2.522809375000000000e+04
2.501454882812500000e+04
2.568217382812500000e+04
2.650099609375000000e+04
2.751871289062500000e+04
2.849098828125000000e+04
2.927581445312500000e+04
3.033882031250000000e+04
3.196821679687500000e+04
3.389056640625000000e+04
3.589609375000000000e+04
3.782380468750000000e+04
3.931742578125000000e+04
4.007044531250000000e+04
4.061423437500000000e+04
4.048836718750000000e+04
3.964200781250000000e+04
3.853782812500000000e+04
3.699855078125000000e+04
3.432205078125000000e+04
3.147606054687500000e+04
2.938593945312500000e+04
2.772243164062500000e+04
2.645990039062500000e+04
2.551001757812500000e+04
2.535077929687500000e+04
2.596558398437500000e+04
2.681502343750000000e+04
2.774690234375000000e+04
2.867182421875000000e+04
2.940008789062500000e+04
3.038489062500000000e+04
3.177465625000000000e+04
3.340510156250000000e+04
3.546048046875000000e+04
3.745975000000000000e+04
3.896201562500000000e+04
3.966398437500000000e+04
3.974463281250000000e+04
3.924648828125000000e+04
3.817281250000000000e+04
3.724611718750000000e+04
3.577448437500000000e+04
3.348455859375000000e+04
3.100688476562500000e+04
2.896462695312500000e+04
2.730752929687500000e+04
2.616461718750000000e+04
2.523761914062500000e+04
2.480203515625000000e+04
2.481885742187500000e+04
2.479769726562500000e+04
2.505252929687500000e+04
2.549541406250000000e+04
2.594093554687500000e+04
2.670750781250000000e+04
2.778744335937500000e+04
2.924383398437500000e+04
3.075151757812500000e+04
3.240889257812500000e+04
3.388513281250000000e+04
3.521433203125000000e+04
3.645878125000000000e+04
3.689367968750000000e+04
3.610423828125000000e+04
3.500117187500000000e+04
3.354724218750000000e+04
3.128909960937500000e+04
2.904586914062500000e+04
2.708571875000000000e+04
2.557810937500000000e+04
2.445614453125000000e+04
2.360171289062500000e+04
2.309957617187500000e+04
2.302409179687500000e+04
2.268852539062500000e+04
2.256953125000000000e+04
2.281273437500000000e+04
2.317607812500000000e+04
2.389627539062500000e+04
2.514677539062500000e+04
2.667457226562500000e+04
2.869397460937500000e+04
3.057542968750000000e+04
3.259612500000000000e+04
3.438188671875000000e+04
3.613085937500000000e+04
3.691037890625000000e+04
3.621272265625000000e+04
3.500088281250000000e+04
3.345506640625000000e+04
3.092440820312500000e+04
2.832915429687500000e+04
2.634659570312500000e+04
2.497663476562500000e+04
2.395252734375000000e+04
2.336431250000000000e+04
2.338511523437500000e+04
2.426019921875000000e+04
2.545335742187500000e+04
2.657025390625000000e+04
2.724520312500000000e+04
2.769806640625000000e+04
2.852975781250000000e+04
2.997138867187500000e+04
3.183031054687500000e+04
3.395787109375000000e+04
3.586837109375000000e+04
3.768675000000000000e+04
3.907650781250000000e+04
4.007155078125000000e+04
4.016349218750000000e+04
3.915055078125000000e+04
3.780427734375000000e+04
3.598406640625000000e+04
3.295171875000000000e+04
3.006838281250000000e+04
2.795281054687500000e+04
2.625419921875000000e+04
2.516549414062500000e+04
2.454641992187500000e+04
2.455897656250000000e+04
2.530932226562500000e+04
2.613237304687500000e+04
2.697033984375000000e+04
2.762850585937500000e+04
2.817140820312500000e+04
2.897645703125000000e+04
3.029142773437500000e+04
3.205125390625000000e+04
3.431621093750000000e+04
3.662739453125000000e+04
3.850823437500000000e+04
3.959571093750000000e+04
4.047734375000000000e+04
4.066871093750000000e+04
3.987193359375000000e+04
3.854347656250000000e+04
3.666108203125000000e+04
3.378369531250000000e+04
3.087280859375000000e+04
2.863190039062500000e+04
2.693076171875000000e+04
2.580921875000000000e+04
2.514601953125000000e+04
2.494632226562500000e+04
2.561881640625000000e+04
2.655740820312500000e+04
2.742039648437500000e+04
2.802133789062500000e+04
2.864360937500000000e+04
2.964770507812500000e+04
3.096768164062500000e+04
3.272953906250000000e+04
3.485500000000000000e+04
3.671873437500000000e+04
3.824256250000000000e+04
3.933953906250000000e+04
4.008400000000000000e+04
4.019683203125000000e+04
3.927502734375000000e+04
3.807162109375000000e+04
3.629610937500000000e+04
3.354047265625000000e+04
3.072798828125000000e+04
2.865307031250000000e+04
2.698284375000000000e+04
2.587423632812500000e+04
2.527187695312500000e+04
2.525686328125000000e+04
2.588008984375000000e+04
2.682431445312500000e+04
2.768030664062500000e+04
2.824637500000000000e+04
2.866747656250000000e+04
2.933732617187500000e+04
3.050493359375000000e+04
3.196490820312500000e+04
3.347753906250000000e+04
3.491449218750000000e+04
3.624281250000000000e+04
3.741401953125000000e+04
3.848988281250000000e+04
3.879422265625000000e+04
3.790624609375000000e+04
3.669733593750000000e+04
3.517736328125000000e+04
3.254601367187500000e+04
2.997697851562500000e+04
2.798942773437500000e+04
2.636268945312500000e+04
2.540000976562500000e+04
2.477206835937500000e+04
2.476634765625000000e+04
2.547683398437500000e+04
2.640732226562500000e+04
2.708681250000000000e+04
2.767504296875000000e+04
2.822975781250000000e+04
2.869141601562500000e+04
2.935835546875000000e+04
3.039906054687500000e+04
3.199424023437500000e+04
3.370916015625000000e+04
3.529489453125000000e+04
3.659864062500000000e+04
3.744841015625000000e+04
3.736960937500000000e+04
3.641779687500000000e+04
3.542253125000000000e+04
3.389666406250000000e+04
3.164818164062500000e+04
2.919268164062500000e+04
2.731489453125000000e+04
2.581969726562500000e+04
2.474944531250000000e+04
2.398411523437500000e+04
2.372776757812500000e+04
2.376669335937500000e+04
2.392628320312500000e+04
2.411399218750000000e+04
2.445467187500000000e+04
2.465350000000000000e+04
2.504800976562500000e+04
2.579618164062500000e+04
2.685688671875000000e+04
2.837477929687500000e+04
3.015660156250000000e+04
3.196340039062500000e+04
3.357334375000000000e+04
3.471161328125000000e+04
3.501532812500000000e+04
3.423495703125000000e+04
3.331899609375000000e+04
3.204120703125000000e+04
3.005113867187500000e+04
2.795185156250000000e+04
2.622709765625000000e+04
2.490135742187500000e+04
2.381400781250000000e+04
2.309402148437500000e+04
2.271261328125000000e+04
2.266889843750000000e+04
2.250351562500000000e+04
2.240062109375000000e+04
2.273708789062500000e+04
2.283814843750000000e+04
2.291422070312500000e+04
2.354837109375000000e+04
2.487604101562500000e+04
2.645813867187500000e+04
2.856317578125000000e+04
3.090711718750000000e+04
3.297906250000000000e+04
3.475961328125000000e+04
3.547517187500000000e+04
3.479023046875000000e+04
3.388963671875000000e+04
3.250563085937500000e+04
3.014054492187500000e+04
2.775776953125000000e+04
2.595984375000000000e+04
2.461330273437500000e+04
2.368102734375000000e+04
2.315406054687500000e+04
2.330908398437500000e+04
2.423503515625000000e+04
2.551055468750000000e+04
2.660146289062500000e+04
2.720230273437500000e+04
2.748010742187500000e+04
2.808873437500000000e+04
2.911161523437500000e+04
3.073015625000000000e+04
3.275841210937500000e+04
3.498585156250000000e+04
3.681700390625000000e+04
3.802485937500000000e+04
3.899807812500000000e+04
3.919650781250000000e+04
3.808246875000000000e+04
3.684381640625000000e+04
3.504974609375000000e+04
3.223546093750000000e+04
2.949749023437500000e+04
2.746850585937500000e+04
2.602695117187500000e+04
2.501696679687500000e+04
2.437508203125000000e+04
2.444364062500000000e+04
2.531493750000000000e+04
2.642766992187500000e+04
2.727352734375000000e+04
2.780331445312500000e+04
2.811046875000000000e+04
2.903389257812500000e+04
3.040020703125000000e+04
3.230899609375000000e+04
3.465020703125000000e+04
3.684176171875000000e+04
3.888608203125000000e+04
4.017318359375000000e+04
4.088305468750000000e+04
4.088385156250000000e+04
3.993889062500000000e+04
3.878328515625000000e+04
3.689347656250000000e+04
3.404452343750000000e+04
3.115892773437500000e+04
2.901063671875000000e+04
2.740659375000000000e+04
2.632844335937500000e+04
2.564926562500000000e+04
2.566360156250000000e+04
2.640086523437500000e+04
2.765571093750000000e+04
2.862714062500000000e+04
2.959951953125000000e+04
3.030634570312500000e+04
3.165879492187500000e+04
3.365924218750000000e+04
3.560837109375000000e+04
3.751751953125000000e+04
3.894880078125000000e+04
3.998362109375000000e+04
4.043777343750000000e+04
4.055605468750000000e+04
3.994460546875000000e+04
3.885656640625000000e+04
3.795605078125000000e+04
3.613862109375000000e+04
3.352705859375000000e+04
3.074398046875000000e+04
2.869869140625000000e+04
2.718570898437500000e+04
2.609330664062500000e+04
2.544352539062500000e+04
2.541237500000000000e+04
2.609861132812500000e+04
2.729209765625000000e+04
2.830530664062500000e+04
2.924180859375000000e+04
2.999903906250000000e+04
3.118420312500000000e+04
3.284485937500000000e+04
3.476399609375000000e+04
3.681951562500000000e+04
3.845090625000000000e+04
3.982224218750000000e+04
4.075911328125000000e+04
4.113692968750000000e+04
4.078823828125000000e+04
3.971615234375000000e+04
3.849913281250000000e+04
3.677419531250000000e+04
3.399298046875000000e+04
3.113014843750000000e+04
2.891726757812500000e+04
2.720837500000000000e+04
2.596876757812500000e+04
2.529498242187500000e+04
2.524912890625000000e+04
2.599020312500000000e+04
2.706959375000000000e+04
2.785739062500000000e+04
2.851098437500000000e+04
2.927463671875000000e+04
3.024387890625000000e+04
3.148105273437500000e+04
3.291292578125000000e+04
3.478350781250000000e+04
3.649761328125000000e+04
3.800595703125000000e+04
3.894993750000000000e+04
3.950276171875000000e+04
3.919951562500000000e+04
3.788114453125000000e+04
3.679623828125000000e+04
3.531250390625000000e+04
3.308613281250000000e+04
3.062879882812500000e+04
2.865677929687500000e+04
2.696739062500000000e+04
2.580420312500000000e+04
2.503549804687500000e+04
2.464402148437500000e+04
2.480353125000000000e+04
2.504778515625000000e+04
2.524235351562500000e+04
2.578133203125000000e+04
2.641562109375000000e+04
2.746507031250000000e+04
2.888096093750000000e+04
3.071131250000000000e+04
3.272044921875000000e+04
3.424687109375000000e+04
3.549332812500000000e+04
3.648312890625000000e+04
3.704281640625000000e+04
3.698207031250000000e+04
3.615250781250000000e+04
3.529916406250000000e+04
3.380178906250000000e+04
3.168067382812500000e+04
2.948328710937500000e+04
2.868748046875000000e+04
2.699291796875000000e+04
2.582925781250000000e+04
2.505129101562500000e+04
2.465104101562500000e+04
2.480865820312500000e+04
2.505341796875000000e+04
2.524902929687500000e+04
2.578874804687500000e+04
2.641870117187500000e+04
2.746698437500000000e+04
2.888305859375000000e+04
3.071369335937500000e+04
3.272252929687500000e+04
3.424904687500000000e+04
3.549704687500000000e+04
3.648991015625000000e+04
3.705291015625000000e+04
3.699703906250000000e+04
3.617293750000000000e+04
3.532186328125000000e+04
3.382468359375000000e+04
3.170284375000000000e+04
2.950223437500000000e+04
2.812802343750000000e+04
2.658477929687500000e+04
2.545075390625000000e+04
2.488688476562500000e+04
2.498193359375000000e+04
2.587108203125000000e+04
2.731906250000000000e+04
2.874493359375000000e+04
2.973005664062500000e+04
3.058765820312500000e+04
3.171797656250000000e+04
3.339879296875000000e+04
3.540205859375000000e+04
3.749936328125000000e+04
3.923043750000000000e+04
4.048619921875000000e+04
4.120246093750000000e+04
4.149285937500000000e+04
4.118866406250000000e+04
4.024054687500000000e+04
3.897012500000000000e+04
3.707691015625000000e+04
3.402156250000000000e+04
3.102986328125000000e+04
2.903601757812500000e+04
2.746410546875000000e+04
2.627886914062500000e+04
2.560283398437500000e+04
2.556336328125000000e+04
2.640653320312500000e+04
2.769120312500000000e+04
2.863340234375000000e+04
2.937330664062500000e+04
2.993490039062500000e+04
3.057127929687500000e+04
3.159426953125000000e+04
3.299922656250000000e+04
3.466245312500000000e+04
3.615002343750000000e+04
3.751864062500000000e+04
3.838520703125000000e+04
3.873398437500000000e+04
3.841485156250000000e+04
3.735719531250000000e+04
3.631681250000000000e+04
3.465878906250000000e+04
3.202527539062500000e+04
2.954457031250000000e+04
2.771160351562500000e+04
2.638492773437500000e+04
2.540111523437500000e+04
2.486424218750000000e+04
2.480427734375000000e+04
2.556497070312500000e+04
2.707085937500000000e+04
2.800281640625000000e+04
2.837723046875000000e+04
2.872375781250000000e+04
2.877802343750000000e+04
2.894332421875000000e+04
2.917562500000000000e+04
2.964169140625000000e+04
3.042053906250000000e+04
3.116018164062500000e+04
3.186497460937500000e+04
3.256697851562500000e+04
3.283587109375000000e+04
3.282114062500000000e+04
3.268080664062500000e+04
3.166828515625000000e+04
2.965171093750000000e+04
2.763278515625000000e+04
2.618533593750000000e+04
2.497556640625000000e+04
2.412929296875000000e+04
2.365486914062500000e+04
2.379938476562500000e+04
2.475606054687500000e+04
2.618356054687500000e+04
2.716958789062500000e+04
2.774973242187500000e+04
2.796504492187500000e+04
2.801683593750000000e+04
2.818136914062500000e+04
2.861056250000000000e+04
2.953317187500000000e+04
3.078708789062500000e+04
3.222916406250000000e+04
3.330638671875000000e+04
3.395896093750000000e+04
3.383414062500000000e+04
3.323941015625000000e+04
3.287353906250000000e+04
3.166804492187500000e+04
2.955114062500000000e+04
2.737514062500000000e+04
2.583951171875000000e+04
2.468722265625000000e+04
2.384575585937500000e+04
2.343574414062500000e+04
2.360677343750000000e+04
2.457370117187500000e+04
2.608002539062500000e+04
2.705327148437500000e+04
2.761996875000000000e+04
2.770256835937500000e+04
2.745096679687500000e+04
2.738859960937500000e+04
2.776627148437500000e+04
2.876660742187500000e+04
3.007790234375000000e+04
3.146923632812500000e+04
3.254713085937500000e+04
3.307592187500000000e+04
3.297067187500000000e+04
3.252726757812500000e+04
3.217858398437500000e+04
3.095892187500000000e+04
2.918061328125000000e+04
2.722553125000000000e+04
2.577314648437500000e+04
2.447109375000000000e+04
2.354693750000000000e+04
2.301867968750000000e+04
2.287864062500000000e+04
2.314107812500000000e+04
2.366579882812500000e+04
2.392523437500000000e+04
2.429774414062500000e+04
2.445078125000000000e+04
2.440483398437500000e+04
2.434741796875000000e+04
2.417960351562500000e+04
2.409355273437500000e+04
2.440082617187500000e+04
2.531426757812500000e+04
2.657146484375000000e+04
2.802485546875000000e+04
2.909981054687500000e+04
2.946215039062500000e+04
2.947462890625000000e+04
2.851387304687500000e+04
2.698461132812500000e+04
2.539199804687500000e+04
2.412052148437500000e+04
2.303744726562500000e+04
2.225259375000000000e+04
2.176205859375000000e+04
2.157289257812500000e+04
2.165749218750000000e+04
2.182732226562500000e+04
2.178820312500000000e+04
2.204574414062500000e+04
2.224621875000000000e+04
2.203180664062500000e+04
2.168673046875000000e+04
2.161805078125000000e+04
2.228037304687500000e+04
2.352202734375000000e+04
2.533417968750000000e+04
2.715432421875000000e+04
2.901233789062500000e+04
3.006804296875000000e+04
3.011126171875000000e+04
3.005968359375000000e+04
2.900948437500000000e+04
2.711348437500000000e+04
2.520391992187500000e+04
2.371110156250000000e+04
2.262167773437500000e+04
2.193992968750000000e+04
2.164174414062500000e+04
2.195674804687500000e+04
2.303609765625000000e+04
2.467849804687500000e+04
2.573224218750000000e+04
2.626921679687500000e+04
2.636746875000000000e+04
2.621125000000000000e+04
2.607547460937500000e+04
2.648218164062500000e+04
2.746276953125000000e+04
2.883058789062500000e+04
3.037615625000000000e+04
3.182261914062500000e+04
3.295826953125000000e+04
3.328448046875000000e+04
3.301084375000000000e+04
3.263670703125000000e+04
3.121040429687500000e+04
2.886724414062500000e+04
2.666314062500000000e+04
2.505408984375000000e+04
2.382541992187500000e+04
2.298121679687500000e+04
2.256291015625000000e+04
2.277038085937500000e+04
2.368120117187500000e+04
2.521348828125000000e+04
2.587975000000000000e+04
2.604605664062500000e+04
2.584035546875000000e+04
2.590721875000000000e+04
2.635776171875000000e+04
2.712438476562500000e+04
2.852029687500000000e+04
3.016499609375000000e+04
3.177304296875000000e+04
3.320830078125000000e+04
3.422138671875000000e+04
3.437769921875000000e+04
3.386923046875000000e+04
3.330514062500000000e+04
3.177677929687500000e+04
2.939151953125000000e+04
2.700479296875000000e+04
2.546911132812500000e+04
2.414216992187500000e+04
2.328467578125000000e+04
2.284398046875000000e+04
2.296500390625000000e+04
2.387598242187500000e+04
2.540710546875000000e+04
2.628510937500000000e+04
2.666598437500000000e+04
2.687853320312500000e+04
2.702924023437500000e+04
2.756175781250000000e+04
2.868876757812500000e+04
3.045691992187500000e+04
3.252806640625000000e+04
3.441562890625000000e+04
3.589680078125000000e+04
3.706664453125000000e+04
3.722044140625000000e+04
3.631965625000000000e+04
3.536032421875000000e+04
3.349730078125000000e+04
3.081625390625000000e+04
2.827464843750000000e+04
2.645224609375000000e+04
2.509257226562500000e+04
2.407212695312500000e+04
2.350763476562500000e+04
2.358571093750000000e+04
2.442494531250000000e+04
2.587608398437500000e+04
2.678747265625000000e+04
2.727281640625000000e+04
2.765306054687500000e+04
2.820666210937500000e+04
2.940400585937500000e+04
3.115015820312500000e+04
3.328383593750000000e+04
3.544380468750000000e+04
3.744007421875000000e+04
3.902825000000000000e+04
3.983274609375000000e+04
3.980985156250000000e+04
3.872672265625000000e+04
3.739150000000000000e+04
3.520141796875000000e+04
3.207320117187500000e+04
2.912997656250000000e+04
2.708331250000000000e+04
2.552695703125000000e+04
2.438005859375000000e+04
2.375136328125000000e+04
2.370577539062500000e+04
2.458439453125000000e+04
2.591307226562500000e+04
2.656653125000000000e+04
2.708246679687500000e+04
2.764308593750000000e+04
2.848576953125000000e+04
2.997983984375000000e+04
3.211472851562500000e+04
3.467678515625000000e+04
3.721503515625000000e+04
3.933798828125000000e+04
4.064421093750000000e+04
4.111463671875000000e+04
4.095095312500000000e+04
3.985600390625000000e+04
3.830879687500000000e+04
3.610937109375000000e+04
3.312716796875000000e+04
3.026766796875000000e+04
2.804394726562500000e+04
2.628043359375000000e+04
2.511119921875000000e+04
2.427686328125000000e+04
2.387297265625000000e+04
2.394552734375000000e+04
2.422646875000000000e+04
2.433446289062500000e+04
2.484116992187500000e+04
2.537249804687500000e+04
2.632564257812500000e+04
2.792413085937500000e+04
2.997508984375000000e+04
3.240464062500000000e+04
3.476697656250000000e+04
3.695681640625000000e+04
3.847847265625000000e+04
3.925524609375000000e+04
3.900469531250000000e+04
3.772385546875000000e+04
3.618779296875000000e+04
3.416715625000000000e+04
3.153586328125000000e+04
2.912815429687500000e+04
2.709944335937500000e+04
2.552908984375000000e+04
2.433703125000000000e+04
2.359012890625000000e+04
2.321699804687500000e+04
2.316559570312500000e+04
2.316341210937500000e+04
2.294711132812500000e+04
2.323283984375000000e+04
2.363521484375000000e+04
2.468455078125000000e+04
2.635886718750000000e+04
2.862448046875000000e+04
3.108677343750000000e+04
3.379225390625000000e+04
3.578196484375000000e+04
3.708796093750000000e+04
3.809189843750000000e+04
3.821343359375000000e+04
3.729697265625000000e+04
3.608963671875000000e+04
3.399294531250000000e+04
3.123464257812500000e+04
2.861044335937500000e+04
2.664536718750000000e+04
2.526388281250000000e+04
2.435105664062500000e+04
2.381294140625000000e+04
2.390805078125000000e+04
2.496454882812500000e+04
2.671736523437500000e+04
2.803798437500000000e+04
2.875223046875000000e+04
2.907818164062500000e+04
2.959789843750000000e+04
3.051871289062500000e+04
3.206951367187500000e+04
3.399671875000000000e+04
3.608574609375000000e+04
3.764725000000000000e+04
3.883011718750000000e+04
3.957367578125000000e+04
3.906125390625000000e+04
3.778331640625000000e+04
3.633749609375000000e+04
3.412478125000000000e+04
3.132853125000000000e+04
2.877761328125000000e+04
2.717456054687500000e+04
2.597838867187500000e+04
2.461105859375000000e+04
2.402051367187500000e+04
2.413677343750000000e+04
2.504998242187500000e+04
2.663841210937500000e+04
2.776538867187500000e+04
2.836068554687500000e+04
2.868080664062500000e+04
2.894791210937500000e+04
2.914660156250000000e+04
2.944177148437500000e+04
3.034417187500000000e+04
3.147469531250000000e+04
3.276074609375000000e+04
3.375537500000000000e+04
3.457251562500000000e+04
3.471832812500000000e+04
3.421597656250000000e+04
3.340917578125000000e+04
3.177675976562500000e+04
2.941264648437500000e+04
2.711989257812500000e+04
2.564551757812500000e+04
2.447031640625000000e+04
2.357148828125000000e+04
2.311979296875000000e+04
2.327989843750000000e+04
2.431283984375000000e+04
2.591129296875000000e+04
2.688523437500000000e+04
2.726266601562500000e+04
2.747416210937500000e+04
2.726484960937500000e+04
2.712220507812500000e+04
2.699728906250000000e+04
2.723268164062500000e+04
2.820957031250000000e+04
2.937549609375000000e+04
3.064746875000000000e+04
3.169065820312500000e+04
3.225262109375000000e+04
3.224837109375000000e+04
3.196887304687500000e+04
3.064039843750000000e+04
2.857723046875000000e+04
2.656550390625000000e+04
2.507022265625000000e+04
2.382395117187500000e+04
2.301918554687500000e+04
2.273963085937500000e+04
2.288459765625000000e+04
2.387594726562500000e+04
2.551508398437500000e+04
2.655645312500000000e+04
2.697624609375000000e+04
2.681365820312500000e+04
2.617874218750000000e+04
2.575807226562500000e+04
2.588958789062500000e+04
2.684813476562500000e+04
2.816394921875000000e+04
2.981195117187500000e+04
3.140042968750000000e+04
3.244221875000000000e+04
3.246199218750000000e+04
3.224622265625000000e+04
3.171298828125000000e+04
3.058742773437500000e+04
2.846850390625000000e+04
2.639156054687500000e+04
2.492034179687500000e+04
2.389933984375000000e+04
2.309436132812500000e+04
2.271141406250000000e+04
2.275532617187500000e+04
2.359476757812500000e+04
2.506737695312500000e+04
2.597385742187500000e+04
2.618502734375000000e+04
2.587055859375000000e+04
2.563262304687500000e+04
2.583040234375000000e+04
2.680426171875000000e+04
2.816561718750000000e+04
2.967842968750000000e+04
3.144581054687500000e+04
3.308176953125000000e+04
3.423144140625000000e+04
3.429098437500000000e+04
3.357011328125000000e+04
3.257249804687500000e+04
3.094832031250000000e+04
2.876757617187500000e+04
2.675284960937500000e+04
2.519623632812500000e+04
2.383773632812500000e+04
2.285826757812500000e+04
2.228759179687500000e+04
2.209363867187500000e+04
2.221505468750000000e+04
2.252210156250000000e+04
2.247393359375000000e+04
2.270983203125000000e+04
2.282505664062500000e+04
2.307180078125000000e+04
2.389573632812500000e+04
2.540939257812500000e+04
2.730685742187500000e+04
2.953935156250000000e+04
3.186039843750000000e+04
3.398244140625000000e+04
3.559435546875000000e+04
3.595949609375000000e+04
3.488998046875000000e+04
3.343565234375000000e+04
3.151198828125000000e+04
2.915981250000000000e+04
2.695900781250000000e+04
2.529718945312500000e+04
2.385605273437500000e+04
2.287288281250000000e+04
2.208666601562500000e+04
2.169560742187500000e+04
2.166847460937500000e+04
2.173354687500000000e+04
2.170407812500000000e+04
2.182693750000000000e+04
2.197983789062500000e+04
2.270806250000000000e+04
2.416540234375000000e+04
2.629749609375000000e+04
2.886173828125000000e+04
3.144619921875000000e+04
3.383337109375000000e+04
3.590702343750000000e+04
3.744452343750000000e+04
3.756546875000000000e+04
3.648271875000000000e+04
3.490460156250000000e+04
3.287167578125000000e+04
3.036891796875000000e+04
2.802710546875000000e+04
2.622879101562500000e+04
2.478354296875000000e+04
2.374189453125000000e+04
2.295290429687500000e+04
2.269081640625000000e+04
2.289043359375000000e+04
2.333816796875000000e+04
2.348722656250000000e+04
2.387381250000000000e+04
2.446000195312500000e+04
2.552101562500000000e+04
2.710146875000000000e+04
2.923161914062500000e+04
3.172008593750000000e+04
3.415642578125000000e+04
3.644312109375000000e+04
3.811426953125000000e+04
3.924091796875000000e+04
3.907424609375000000e+04
3.799655859375000000e+04
3.655356640625000000e+04
3.431864062500000000e+04
3.127665820312500000e+04
2.861740234375000000e+04
2.671116992187500000e+04
2.535770312500000000e+04
2.448807812500000000e+04
2.388581445312500000e+04
2.402655664062500000e+04
2.509125781250000000e+04
2.670449804687500000e+04
2.791496875000000000e+04
2.875234765625000000e+04
2.928875195312500000e+04
2.996298828125000000e+04
3.121525781250000000e+04
3.307893359375000000e+04
3.540955468750000000e+04
3.772698437500000000e+04
3.967210937500000000e+04
4.084287890625000000e+04
4.128171484375000000e+04
4.087567187500000000e+04
3.988975781250000000e+04
3.834631640625000000e+04
3.614498437500000000e+04
3.307625781250000000e+04
3.021662695312500000e+04
2.824932031250000000e+04
2.672856054687500000e+04
2.568354687500000000e+04
2.494392578125000000e+04
2.490034375000000000e+04
2.570396289062500000e+04
2.725957226562500000e+04
2.825559765625000000e+04
2.888898046875000000e+04
2.940943750000000000e+04
3.023845703125000000e+04
3.161608398437500000e+04
3.370219140625000000e+04
3.623819140625000000e+04
3.872969531250000000e+04
4.065528515625000000e+04
4.160447656250000000e+04
4.204266406250000000e+04
4.174672656250000000e+04
4.071793750000000000e+04
3.914615625000000000e+04
3.677688281250000000e+04
3.358843359375000000e+04
3.060527343750000000e+04
2.857350000000000000e+04
2.703566796875000000e+04
2.592164843750000000e+04
2.528087109375000000e+04
2.535038867187500000e+04
2.621032031250000000e+04
2.788580468750000000e+04
2.897630468750000000e+04
2.989647070312500000e+04
3.080589257812500000e+04
3.196688476562500000e+04
3.351566015625000000e+04
3.577064062500000000e+04
3.799653906250000000e+04
3.992354296875000000e+04
4.118413281250000000e+04
4.161527734375000000e+04
4.176924609375000000e+04
4.108598437500000000e+04
4.012861328125000000e+04
3.866802734375000000e+04
3.661438671875000000e+04
3.376814062500000000e+04
3.092694531250000000e+04
2.879450195312500000e+04
2.737741601562500000e+04
2.611033593750000000e+04
2.546741601562500000e+04
2.554263476562500000e+04
2.632782617187500000e+04
2.808159960937500000e+04
2.915204687500000000e+04
2.986630859375000000e+04
3.038959375000000000e+04
3.092070312500000000e+04
3.197902734375000000e+04
3.352080078125000000e+04
3.535603515625000000e+04
3.697861718750000000e+04
3.842957421875000000e+04
3.936645703125000000e+04
3.970170703125000000e+04
3.910751171875000000e+04
3.781732421875000000e+04
3.636843750000000000e+04
3.447757421875000000e+04
3.220764257812500000e+04
2.978873242187500000e+04
2.810798632812500000e+04
2.635885351562500000e+04
2.539572656250000000e+04
2.467498046875000000e+04
2.425222851562500000e+04
2.443510937500000000e+04
2.481431054687500000e+04
2.494500976562500000e+04
2.542875000000000000e+04
2.590828710937500000e+04
2.682906835937500000e+04
2.807285156250000000e+04
2.986547070312500000e+04
3.186368945312500000e+04
3.387883593750000000e+04
3.567880078125000000e+04
3.706885546875000000e+04
3.800807421875000000e+04
3.788431250000000000e+04
3.673891796875000000e+04
3.518112890625000000e+04
3.323825781250000000e+04
3.079930273437500000e+04
2.861612500000000000e+04
2.668905273437500000e+04
2.533701171875000000e+04
2.424815234375000000e+04
2.341804296875000000e+04
2.288219335937500000e+04
2.279482812500000000e+04
2.289396093750000000e+04
2.273862890625000000e+04
2.288961914062500000e+04
2.332523632812500000e+04
2.416959179687500000e+04
2.557885156250000000e+04
2.741982421875000000e+04
2.951914257812500000e+04
3.178207031250000000e+04
3.394746484375000000e+04
3.569460156250000000e+04
3.714731250000000000e+04
3.723547265625000000e+04
3.615713671875000000e+04
3.452375000000000000e+04
3.236468750000000000e+04
2.967285937500000000e+04
2.705626367187500000e+04
2.539487500000000000e+04
2.402620117187500000e+04
2.302744140625000000e+04
2.252902343750000000e+04
2.270842578125000000e+04
2.371311914062500000e+04
2.550598437500000000e+04
2.648832812500000000e+04
2.684524609375000000e+04
2.700567578125000000e+04
2.759407617187500000e+04
2.872980273437500000e+04
3.043326953125000000e+04
3.255801367187500000e+04
3.479071875000000000e+04
3.698172265625000000e+04
3.847282812500000000e+04
3.918488281250000000e+04
3.862666015625000000e+04
3.737571875000000000e+04
3.549643359375000000e+04
3.301937890625000000e+04
3.015402539062500000e+04
2.758866992187500000e+04
2.574750976562500000e+04
2.447448046875000000e+04
2.348032031250000000e+04
2.296273242187500000e+04
2.303319921875000000e+04
2.397461718750000000e+04
2.566743945312500000e+04
2.653911132812500000e+04
2.657960546875000000e+04
2.651214062500000000e+04
2.675600976562500000e+04
2.754476367187500000e+04
2.883404882812500000e+04
3.083738867187500000e+04
3.294894531250000000e+04
3.508821484375000000e+04
3.662715234375000000e+04
3.747461718750000000e+04
3.712484375000000000e+04
3.590623046875000000e+04
3.424126171875000000e+04
3.210717773437500000e+04
2.950326757812500000e+04
2.716222265625000000e+04
2.549871679687500000e+04
2.424408984375000000e+04
2.338087500000000000e+04
2.290273242187500000e+04
2.298456445312500000e+04
2.387571289062500000e+04
2.557134179687500000e+04
2.640019531250000000e+04
2.643402148437500000e+04
2.616355273437500000e+04
2.596948632812500000e+04
2.643832226562500000e+04
2.729788671875000000e+04
2.866702148437500000e+04
3.051441406250000000e+04
3.220602343750000000e+04
3.363175390625000000e+04
3.465568359375000000e+04
3.456224218750000000e+04
3.396907812500000000e+04
3.262418554687500000e+04
3.090622656250000000e+04
2.866982812500000000e+04
2.635063281250000000e+04
2.477971875000000000e+04
2.366495312500000000e+04
2.311431250000000000e+04
2.269800390625000000e+04
2.274906445312500000e+04
2.355714843750000000e+04
2.525158593750000000e+04
2.612334179687500000e+04
2.602841992187500000e+04
2.557220898437500000e+04
2.510713085937500000e+04
2.504275781250000000e+04
2.540011914062500000e+04
2.634480468750000000e+04
2.757685546875000000e+04
2.905434179687500000e+04
3.057639453125000000e+04
3.190531640625000000e+04
3.228784375000000000e+04
3.217844335937500000e+04
3.119260742187500000e+04
2.973585937500000000e+04
2.757880664062500000e+04
2.566592578125000000e+04
2.423944140625000000e+04
2.317091015625000000e+04
2.245522265625000000e+04
2.213988671875000000e+04
2.233414648437500000e+04
2.321672851562500000e+04
2.489421679687500000e+04
2.586320898437500000e+04
2.595254296875000000e+04
2.546402539062500000e+04
2.484493750000000000e+04
2.464866406250000000e+04
2.499002539062500000e+04
2.583463671875000000e+04
2.705022070312500000e+04
2.866057226562500000e+04
3.014079687500000000e+04
3.119141796875000000e+04
3.137009765625000000e+04
3.135980273437500000e+04
3.037704101562500000e+04
2.910258203125000000e+04
2.745181054687500000e+04
2.575674023437500000e+04
2.443255468750000000e+04
2.332837695312500000e+04
2.256722656250000000e+04
2.211404882812500000e+04
2.193676757812500000e+04
2.228045312500000000e+04
2.293189062500000000e+04
2.307609179687500000e+04
2.306750781250000000e+04
2.267678515625000000e+04
2.217553710937500000e+04
2.188054492187500000e+04
2.221222656250000000e+04
2.292684179687500000e+04
2.401045507812500000e+04
2.543710742187500000e+04
2.686599804687500000e+04
2.816636523437500000e+04
2.891183984375000000e+04
2.908936914062500000e+04
2.842660156250000000e+04
2.746431054687500000e+04
2.617354687500000000e+04
2.451424218750000000e+04
2.329891992187500000e+04
2.230972265625000000e+04
2.155466015625000000e+04
2.110248046875000000e+04
2.088273242187500000e+04
2.095768554687500000e+04
2.136082617187500000e+04
2.116724609375000000e+04
2.100836718750000000e+04
2.051451757812500000e+04
2.018110546875000000e+04
1.991263281250000000e+04
2.023481054687500000e+04
2.098960742187500000e+04
2.225319335937500000e+04
2.396908593750000000e+04
2.579495703125000000e+04
2.750226953125000000e+04
2.855611718750000000e+04
2.900417968750000000e+04
2.840638476562500000e+04
2.728290039062500000e+04
2.565984179687500000e+04
2.392188085937500000e+04
2.268033984375000000e+04
2.174132031250000000e+04
2.120965820312500000e+04
2.095066992187500000e+04
2.129109375000000000e+04
2.235292578125000000e+04
2.419256640625000000e+04
2.520109765625000000e+04
2.529373242187500000e+04
2.497097851562500000e+04
2.467272656250000000e+04
2.505395703125000000e+04
2.591738476562500000e+04
2.723004687500000000e+04
2.888198828125000000e+04
3.086427929687500000e+04
3.284086328125000000e+04
3.424763671875000000e+04
3.435906640625000000e+04
3.399406250000000000e+04
3.274451562500000000e+04
3.097311132812500000e+04
2.857997070312500000e+04
2.638032812500000000e+04
2.483540234375000000e+04
2.374303710937500000e+04
2.296301367187500000e+04
2.259272265625000000e+04
2.276149023437500000e+04
2.364412695312500000e+04
2.544186718750000000e+04
2.626113476562500000e+04
2.654603320312500000e+04
2.684871679687500000e+04
2.747723632812500000e+04
2.868172265625000000e+04
3.054928515625000000e+04
3.298220312500000000e+04
3.558836328125000000e+04
3.809798828125000000e+04
3.966583593750000000e+04
4.019491406250000000e+04
3.954915234375000000e+04
3.853647265625000000e+04
3.668621484375000000e+04
3.425041406250000000e+04
3.134735351562500000e+04
2.870075781250000000e+04
2.669114843750000000e+04
2.530197656250000000e+04
2.426306640625000000e+04
2.366724218750000000e+04
2.373570703125000000e+04
2.470052734375000000e+04
2.629505273437500000e+04
2.719545312500000000e+04
2.770387500000000000e+04
2.837038867187500000e+04
2.925637304687500000e+04
3.063901367187500000e+04
3.281003125000000000e+04
3.523497656250000000e+04
3.717365625000000000e+04
3.863714062500000000e+04
3.940542187500000000e+04
3.963380078125000000e+04
3.880185937500000000e+04
3.774214843750000000e+04
3.582472656250000000e+04
3.362307031250000000e+04
3.087266992187500000e+04
2.824697851562500000e+04
2.638104492187500000e+04
2.499720117187500000e+04
2.398153906250000000e+04
2.344878710937500000e+04
2.355334570312500000e+04
2.442498046875000000e+04
2.597400585937500000e+04
2.684979882812500000e+04
2.729520117187500000e+04
2.747324218750000000e+04
2.802248632812500000e+04
2.896895117187500000e+04
3.041838085937500000e+04
3.219841406250000000e+04
3.378064453125000000e+04
3.507799218750000000e+04
3.582980078125000000e+04
3.590808593750000000e+04
3.532686328125000000e+04
3.471667578125000000e+04
3.318310156250000000e+04
3.139666601562500000e+04
2.912111523437500000e+04
2.691504492187500000e+04
2.535530273437500000e+04
2.415116210937500000e+04
2.329029296875000000e+04
2.290677148437500000e+04
2.299061328125000000e+04
2.391331250000000000e+04
2.563533789062500000e+04
2.661814843750000000e+04
2.703846679687500000e+04
2.704107031250000000e+04
2.730350390625000000e+04
2.766437500000000000e+04
2.871159960937500000e+04
3.030909960937500000e+04
3.191016015625000000e+04
3.305300000000000000e+04
3.343376562500000000e+04
3.335055468750000000e+04
3.284648437500000000e+04
3.239903906250000000e+04
3.120228710937500000e+04
2.983935351562500000e+04
2.801764257812500000e+04
2.615015234375000000e+04
2.474785742187500000e+04
2.358425390625000000e+04
2.273809960937500000e+04
2.223700000000000000e+04
2.209319726562500000e+04
2.249701757812500000e+04
2.316177539062500000e+04
2.336715234375000000e+04
2.380717187500000000e+04
2.387856250000000000e+04
2.369695507812500000e+04
2.379381445312500000e+04
2.448120703125000000e+04
2.560301171875000000e+04
2.699260546875000000e+04
2.845157421875000000e+04
2.947067773437500000e+04
3.009935351562500000e+04
3.006608593750000000e+04
2.992324414062500000e+04
2.882640429687500000e+04
2.769638281250000000e+04
2.628966210937500000e+04
2.471422070312500000e+04
2.344185546875000000e+04
2.254594335937500000e+04
2.176068945312500000e+04
2.124632421875000000e+04
2.102231640625000000e+04
2.124220703125000000e+04
2.165526367187500000e+04
2.178156445312500000e+04
2.207099609375000000e+04
2.210175585937500000e+04
2.194743164062500000e+04
2.164727343750000000e+04
2.166117773437500000e+04
2.202180859375000000e+04
2.286107617187500000e+04
2.415053125000000000e+04
2.559155468750000000e+04
2.693910156250000000e+04
2.765602929687500000e+04
2.812645117187500000e+04
2.741110742187500000e+04
2.645003125000000000e+04
2.496137500000000000e+04
2.335976757812500000e+04
2.240111523437500000e+04
2.162596484375000000e+04
2.109786718750000000e+04
2.093578515625000000e+04
2.132214257812500000e+04
2.246319921875000000e+04
2.439830078125000000e+04
2.572979296875000000e+04
2.630425000000000000e+04
2.636759765625000000e+04
2.618653320312500000e+04
2.594492578125000000e+04
2.585649023437500000e+04
2.593400781250000000e+04
2.634167968750000000e+04
2.715348242187500000e+04
2.792133789062500000e+04
2.872692578125000000e+04
2.926080664062500000e+04
2.971572851562500000e+04
2.896703125000000000e+04
2.786157812500000000e+04
2.616423242187500000e+04
2.441220703125000000e+04
2.326116601562500000e+04
2.236980078125000000e+04
2.179482226562500000e+04
2.153759765625000000e+04
2.180925390625000000e+04
2.281741992187500000e+04
2.468911132812500000e+04
2.575809765625000000e+04
2.595361914062500000e+04
2.569541992187500000e+04
2.513859375000000000e+04
2.483291992187500000e+04
2.436669140625000000e+04
2.429870703125000000e+04
2.456466015625000000e+04
2.543522460937500000e+04
2.655615429687500000e+04
2.781494921875000000e+04
2.854844140625000000e+04
2.929270312500000000e+04
2.860220117187500000e+04
2.749168359375000000e+04
2.589256640625000000e+04
2.426622851562500000e+04
2.301215234375000000e+04
2.224883789062500000e+04
2.161420312500000000e+04
2.125188476562500000e+04
2.148011718750000000e+04
2.254205664062500000e+04
2.439428515625000000e+04
2.524830468750000000e+04
2.499652148437500000e+04
2.453512109375000000e+04
2.376059960937500000e+04
2.338929296875000000e+04
2.357560156250000000e+04
2.413347656250000000e+04
2.504817578125000000e+04
2.619027539062500000e+04
2.740695507812500000e+04
2.847405664062500000e+04
2.919696093750000000e+04
2.970586132812500000e+04
2.887069726562500000e+04
2.770966601562500000e+04
2.594085156250000000e+04
2.416382226562500000e+04
2.291120703125000000e+04
2.197258984375000000e+04
2.135656835937500000e+04
2.107303710937500000e+04
2.129628125000000000e+04
2.225197265625000000e+04
2.399822070312500000e+04
2.490241015625000000e+04
2.477187890625000000e+04
2.431623242187500000e+04
2.411177734375000000e+04
2.436491406250000000e+04
2.489200781250000000e+04
2.600722656250000000e+04
2.747934179687500000e+04
2.915189843750000000e+04
3.070691210937500000e+04
3.193084960937500000e+04
3.213482421875000000e+04
3.190035742187500000e+04
3.055002539062500000e+04
2.906198242187500000e+04
2.706979492187500000e+04
2.509704882812500000e+04
2.358930859375000000e+04
2.262837500000000000e+04
2.193578320312500000e+04
2.152687890625000000e+04
2.175455273437500000e+04
2.265709765625000000e+04
2.431332031250000000e+04
2.532683593750000000e+04
2.530691992187500000e+04
2.502334570312500000e+04
2.502123437500000000e+04
2.541507031250000000e+04
2.607129101562500000e+04
2.729175976562500000e+04
2.884638476562500000e+04
3.074546679687500000e+04
3.224039062500000000e+04
3.317351171875000000e+04
3.277574218750000000e+04
3.212121484375000000e+04
3.064095312500000000e+04
2.916444140625000000e+04
2.742446679687500000e+04
2.559701757812500000e+04
2.409788281250000000e+04
2.298103515625000000e+04
2.209589257812500000e+04
2.145107617187500000e+04
2.129127539062500000e+04
2.157588281250000000e+04
2.221453125000000000e+04
2.240211718750000000e+04
2.245439062500000000e+04
2.226084765625000000e+04
2.233474609375000000e+04
2.276732031250000000e+04
2.353469335937500000e+04
2.504281445312500000e+04
2.696563281250000000e+04
2.922847070312500000e+04
3.129068359375000000e+04
3.249165625000000000e+04
3.234877539062500000e+04
3.166180664062500000e+04
3.010768359375000000e+04
2.861526171875000000e+04
2.689693359375000000e+04
2.513943554687500000e+04
2.364309179687500000e+04
2.249070507812500000e+04
2.162765820312500000e+04
2.111467187500000000e+04
2.085760351562500000e+04
2.088866601562500000e+04
2.125369335937500000e+04
2.125289062500000000e+04
2.133345117187500000e+04
2.132375000000000000e+04
2.157494726562500000e+04
2.225088476562500000e+04
2.331114257812500000e+04
2.504922070312500000e+04
2.720620312500000000e+04
2.943102148437500000e+04
3.142076953125000000e+04
3.263418359375000000e+04
3.261579492187500000e+04
3.212129101562500000e+04
3.058020507812500000e+04
2.891248828125000000e+04
2.680839843750000000e+04
2.474080468750000000e+04
2.324056835937500000e+04
2.218302148437500000e+04
2.157010351562500000e+04
2.135258593750000000e+04
2.162659179687500000e+04
2.268344921875000000e+04
2.458247460937500000e+04
2.584272851562500000e+04
2.634470117187500000e+04
2.661327734375000000e+04
2.673825781250000000e+04
2.711825000000000000e+04
2.831676367187500000e+04
2.970271093750000000e+04
3.099103125000000000e+04
3.243644921875000000e+04
3.284394531250000000e+04
3.266256250000000000e+04
3.241334570312500000e+04
3.207206835937500000e+04
3.072393359375000000e+04
2.915130273437500000e+04
2.713859960937500000e+04
2.535655664062500000e+04
2.426449218750000000e+04
2.327554882812500000e+04
2.251761914062500000e+04
2.214066015625000000e+04
2.230848046875000000e+04
2.324650000000000000e+04
2.507551367187500000e+04
2.618359375000000000e+04
2.631221093750000000e+04
2.611758203125000000e+04
2.588784375000000000e+04
2.600461718750000000e+04
2.640014257812500000e+04
2.736228710937500000e+04
2.852937109375000000e+04
2.958458398437500000e+04
3.051456054687500000e+04
3.127166796875000000e+04
3.134825585937500000e+04
3.130561914062500000e+04
3.023782226562500000e+04
2.894491015625000000e+04
2.707405468750000000e+04
2.517170312500000000e+04
2.405937695312500000e+04
2.308361523437500000e+04
2.236450976562500000e+04
2.204811718750000000e+04
2.226982812500000000e+04
2.310552343750000000e+04
2.480079101562500000e+04
2.587471093750000000e+04
2.620269726562500000e+04
2.610910742187500000e+04
2.590771679687500000e+04
2.578555078125000000e+04
2.546991796875000000e+04
2.555499023437500000e+04
2.632775585937500000e+04
2.719410351562500000e+04
2.803306250000000000e+04
2.889615234375000000e+04
2.948706054687500000e+04
2.983860937500000000e+04
2.889261523437500000e+04
2.791420117187500000e+04
2.647516796875000000e+04
2.462335351562500000e+04
2.336705468750000000e+04
2.248628710937500000e+04
2.195498828125000000e+04
2.158358203125000000e+04
2.187033203125000000e+04
2.286357421875000000e+04
2.486243750000000000e+04
2.625783398437500000e+04
2.666542968750000000e+04
2.646313671875000000e+04
2.600640820312500000e+04
2.570232812500000000e+04
2.536305078125000000e+04
2.534650781250000000e+04
2.571306250000000000e+04
2.623299218750000000e+04
2.671266406250000000e+04
2.743389257812500000e+04
2.828062695312500000e+04
2.867985546875000000e+04
2.798293359375000000e+04
2.705612890625000000e+04
2.558536132812500000e+04
2.398486523437500000e+04
2.285193164062500000e+04
2.203299414062500000e+04
2.147605468750000000e+04
2.130305468750000000e+04
2.159941992187500000e+04
2.268478125000000000e+04
2.453779492187500000e+04
2.586943164062500000e+04
2.621350195312500000e+04
2.587272656250000000e+04
2.500277539062500000e+04
2.401961523437500000e+04
2.347886718750000000e+04
2.327047851562500000e+04
2.295940820312500000e+04
2.341418750000000000e+04
2.421793164062500000e+04
2.548674804687500000e+04
2.669732617187500000e+04
2.730185351562500000e+04
2.660014257812500000e+04
2.583690039062500000e+04
2.465826757812500000e+04
2.341886328125000000e+04
2.220748242187500000e+04
2.144527148437500000e+04
2.085216015625000000e+04
2.052430664062500000e+04
2.056221484375000000e+04
2.096170507812500000e+04
2.176726953125000000e+04
2.205182812500000000e+04
2.178543164062500000e+04
2.085896093750000000e+04
1.995184960937500000e+04
1.924346093750000000e+04
1.883788085937500000e+04
1.888896679687500000e+04
1.936777734375000000e+04
2.049273632812500000e+04
2.210055078125000000e+04
2.409458398437500000e+04
2.559115820312500000e+04
2.609129687500000000e+04
2.545882617187500000e+04
2.470862109375000000e+04
2.357807031250000000e+04
2.236895703125000000e+04
2.155417382812500000e+04
2.082876757812500000e+04
2.025612695312500000e+04
1.990945117187500000e+04
1.984794140625000000e+04
2.000401757812500000e+04
2.053768359375000000e+04
2.062822070312500000e+04
2.016019726562500000e+04
1.935059960937500000e+04
1.871065625000000000e+04
1.848625976562500000e+04
1.845469726562500000e+04
1.881501367187500000e+04
1.963631835937500000e+04
2.106012695312500000e+04
2.295656640625000000e+04
2.517132226562500000e+04
2.634268750000000000e+04
2.673089257812500000e+04
2.609511718750000000e+04
2.503987304687500000e+04
2.359565625000000000e+04
2.220091601562500000e+04
2.135513085937500000e+04
2.076852539062500000e+04
2.027529492187500000e+04
2.008047460937500000e+04
2.035819531250000000e+04
2.135417773437500000e+04
2.318440039062500000e+04
2.427379882812500000e+04
2.405979687500000000e+04
2.339012500000000000e+04
2.293787695312500000e+04
2.244403320312500000e+04
2.199361523437500000e+04
2.226823437500000000e+04
2.266516601562500000e+04
2.326111914062500000e+04
2.422814453125000000e+04
2.538850585937500000e+04
2.663903906250000000e+04
2.707042382812500000e+04
2.629076367187500000e+04
2.536691992187500000e+04
2.386334960937500000e+04
2.232150976562500000e+04
2.151068164062500000e+04
2.077848632812500000e+04
2.032631445312500000e+04
2.022765820312500000e+04
2.066059960937500000e+04
2.171163476562500000e+04
2.370408593750000000e+04
2.505303710937500000e+04
2.446361718750000000e+04
2.343163281250000000e+04
2.221239257812500000e+04
2.148404296875000000e+04
2.102063867187500000e+04
2.091648437500000000e+04
2.135201757812500000e+04
2.240160156250000000e+04
2.377356445312500000e+04
2.562591210937500000e+04
2.712707617187500000e+04
2.757241015625000000e+04
2.686817187500000000e+04
2.598307226562500000e+04
2.443904101562500000e+04
2.293750585937500000e+04
2.185776562500000000e+04
2.116864453125000000e+04
2.069222265625000000e+04
2.056428320312500000e+04
2.089951953125000000e+04
2.210379492187500000e+04
2.419931250000000000e+04
2.554902929687500000e+04
2.513084570312500000e+04
2.415943750000000000e+04
2.316735546875000000e+04
2.233362109375000000e+04
2.195381250000000000e+04
2.197187890625000000e+04
2.232752539062500000e+04
2.322650000000000000e+04
2.441122851562500000e+04
2.595768164062500000e+04
2.736158007812500000e+04
2.783200976562500000e+04
2.704456054687500000e+04
2.610453515625000000e+04
2.459325781250000000e+04
2.313586523437500000e+04
2.222661328125000000e+04
2.148633398437500000e+04
2.100765820312500000e+04
2.076373437500000000e+04
2.095091601562500000e+04
2.207477343750000000e+04
2.421700000000000000e+04
2.551988476562500000e+04
2.482052343750000000e+04
2.367526171875000000e+04
2.276828710937500000e+04
2.233080664062500000e+04
2.205651757812500000e+04
2.220840039062500000e+04
2.290886914062500000e+04
2.394186132812500000e+04
2.519543750000000000e+04
2.663849023437500000e+04
2.788001171875000000e+04
2.817521289062500000e+04
2.740334179687500000e+04
2.635739843750000000e+04
2.488887500000000000e+04
2.328429101562500000e+04
2.217387500000000000e+04
2.154937695312500000e+04
2.106843554687500000e+04
2.094567382812500000e+04
2.118057617187500000e+04
2.224458789062500000e+04
2.410103710937500000e+04
2.539854882812500000e+04
2.497138671875000000e+04
2.424501171875000000e+04
2.343656835937500000e+04
2.299304687500000000e+04
2.306034960937500000e+04
2.356850585937500000e+04
2.456090234375000000e+04
2.568444531250000000e+04
2.696464843750000000e+04
2.824132226562500000e+04
2.874485156250000000e+04
2.848816015625000000e+04
2.748040429687500000e+04
2.650311523437500000e+04
2.507249023437500000e+04
2.347371093750000000e+04
2.241569335937500000e+04
2.149147460937500000e+04
2.088591601562500000e+04
2.051697460937500000e+04
2.047078515625000000e+04
2.080141796875000000e+04
2.159261523437500000e+04
2.207088085937500000e+04
2.184382226562500000e+04
2.120482031250000000e+04
2.063434179687500000e+04
2.034209179687500000e+04
2.050947851562500000e+04
2.111037500000000000e+04
2.226413671875000000e+04
2.380258789062500000e+04
2.550323437500000000e+04
2.691606250000000000e+04
2.756082226562500000e+04
2.734343750000000000e+04
2.638740039062500000e+04
2.542552539062500000e+04
2.404466406250000000e+04
2.270340039062500000e+04
2.161841210937500000e+04
2.081252539062500000e+04
2.020660742187500000e+04
1.986893359375000000e+04
1.976135937500000000e+04
1.993883203125000000e+04
2.036134960937500000e+04
2.048792578125000000e+04
2.044311523437500000e+04
1.996084765625000000e+04
1.940266796875000000e+04
1.914654687500000000e+04
1.908395507812500000e+04
1.919581835937500000e+04
1.965053906250000000e+04
2.111860742187500000e+04
2.275523242187500000e+04
2.449374609375000000e+04
2.595082812500000000e+04
2.616814648437500000e+04
2.542042187500000000e+04
2.452658789062500000e+04
2.321637109375000000e+04
2.193092187500000000e+04
2.112258789062500000e+04
2.055101953125000000e+04
2.015470507812500000e+04
2.012146093750000000e+04
2.053061132812500000e+04
2.167496093750000000e+04
2.371739843750000000e+04
2.528214843750000000e+04
2.551736132812500000e+04
2.513841796875000000e+04
2.464227539062500000e+04
2.401035546875000000e+04
2.354959375000000000e+04
2.315946484375000000e+04
2.312590625000000000e+04
2.343669140625000000e+04
2.413794140625000000e+04
2.569758984375000000e+04
2.728827734375000000e+04
2.750774218750000000e+04
2.676717773437500000e+04
2.582059179687500000e+04
2.433351171875000000e+04
2.288925976562500000e+04
2.183648828125000000e+04
2.109052929687500000e+04
2.064290039062500000e+04
2.056189062500000000e+04
2.094515625000000000e+04
2.220116601562500000e+04
2.436611914062500000e+04
2.583968750000000000e+04
2.529666406250000000e+04
2.408950000000000000e+04
2.311898632812500000e+04
2.220748437500000000e+04
2.159453320312500000e+04
2.154554882812500000e+04
2.218457226562500000e+04
2.323032812500000000e+04
2.449730664062500000e+04
2.605579101562500000e+04
2.774839257812500000e+04
2.793021289062500000e+04
2.706199218750000000e+04
2.616617968750000000e+04
2.454161718750000000e+04
2.291942187500000000e+04
2.196240039062500000e+04
2.121348828125000000e+04
2.073175000000000000e+04
2.056274218750000000e+04
2.090535937500000000e+04
2.204364062500000000e+04
2.411360351562500000e+04
2.552825585937500000e+04
2.555205078125000000e+04
2.497332812500000000e+04
2.420119726562500000e+04
2.382057031250000000e+04
2.377648046875000000e+04
2.406778515625000000e+04
2.455610937500000000e+04
2.502708398437500000e+04
2.595311328125000000e+04
2.702192382812500000e+04
2.808635351562500000e+04
2.804706445312500000e+04
2.726632031250000000e+04
2.632107421875000000e+04
2.488627343750000000e+04
2.337808007812500000e+04
2.231796679687500000e+04
2.153937304687500000e+04
2.104427929687500000e+04
2.084912695312500000e+04
2.119761132812500000e+04
2.231192968750000000e+04
2.432386328125000000e+04
2.574427734375000000e+04
2.570941015625000000e+04
2.489752148437500000e+04
2.439309179687500000e+04
2.382662695312500000e+04
2.362992578125000000e+04
2.412070507812500000e+04
2.508129296875000000e+04
2.587747265625000000e+04
2.658332617187500000e+04
2.753734179687500000e+04
2.843251367187500000e+04
2.837651953125000000e+04
2.744511523437500000e+04
2.641037109375000000e+04
2.484508984375000000e+04
2.325853125000000000e+04
2.224629687500000000e+04
2.152853125000000000e+04
2.096862304687500000e+04
2.076402539062500000e+04
2.106888671875000000e+04
2.211179882812500000e+04
2.372872656250000000e+04
2.521885351562500000e+04
2.530499804687500000e+04
2.507387695312500000e+04
2.441062695312500000e+04
2.374574218750000000e+04
2.315699023437500000e+04
2.340340234375000000e+04
2.359010156250000000e+04
2.398371289062500000e+04
2.479401562500000000e+04
2.614975195312500000e+04
2.718441015625000000e+04
2.705204882812500000e+04
2.637001367187500000e+04
2.556538671875000000e+04
2.433510546875000000e+04
2.303287500000000000e+04
2.214691406250000000e+04
2.134163671875000000e+04
2.075623242187500000e+04
2.037084765625000000e+04
2.032467187500000000e+04
2.058913476562500000e+04
2.140542382812500000e+04
2.205066406250000000e+04
2.237018750000000000e+04
2.217066601562500000e+04
2.186667773437500000e+04
2.118999804687500000e+04
2.075715820312500000e+04
2.054798632812500000e+04
2.098516992187500000e+04
2.192358984375000000e+04
2.313627148437500000e+04
2.426590039062500000e+04
2.562645703125000000e+04
2.567148632812500000e+04
2.496111523437500000e+04
2.444433007812500000e+04
2.336760546875000000e+04
2.216608007812500000e+04
2.130757617187500000e+04
2.054574804687500000e+04
1.997985937500000000e+04
1.962343164062500000e+04
1.950421093750000000e+04
1.969287890625000000e+04
2.035615625000000000e+04
2.089090429687500000e+04
2.137267187500000000e+04
2.139716015625000000e+04
2.127986914062500000e+04
2.129006835937500000e+04
2.134527148437500000e+04
2.159676757812500000e+04
2.184279101562500000e+04
2.251153710937500000e+04
2.359774023437500000e+04
2.482736718750000000e+04
2.598967187500000000e+04
2.601709179687500000e+04
2.533935742187500000e+04
2.459975390625000000e+04
2.337251562500000000e+04
2.188106054687500000e+04
2.090623632812500000e+04
2.027319921875000000e+04
1.990027734375000000e+04
1.985404882812500000e+04
2.018973242187500000e+04
2.122527929687500000e+04
2.310123632812500000e+04
2.473041992187500000e+04
2.552845703125000000e+04
2.554144335937500000e+04
2.519556250000000000e+04
2.471027343750000000e+04
2.439754492187500000e+04
2.418630664062500000e+04
2.396671679687500000e+04
2.397478320312500000e+04
2.450322265625000000e+04
2.572000976562500000e+04
2.689289843750000000e+04
2.693359960937500000e+04
2.631245117187500000e+04
2.539222851562500000e+04
2.383692187500000000e+04
2.239760351562500000e+04
2.149836523437500000e+04
2.080351171875000000e+04
2.039238476562500000e+04
2.030610156250000000e+04
2.061327734375000000e+04
2.175210156250000000e+04
2.379476562500000000e+04
2.526854101562500000e+04
2.498287695312500000e+04
2.412201367187500000e+04
2.301556250000000000e+04
2.239544921875000000e+04
2.180391015625000000e+04
2.167250390625000000e+04
2.221276757812500000e+04
2.289667773437500000e+04
2.410652734375000000e+04
2.575266796875000000e+04
2.719978515625000000e+04
2.722094531250000000e+04
2.647741210937500000e+04
2.552525976562500000e+04
2.403515429687500000e+04
2.252056054687500000e+04
2.157767187500000000e+04
2.100630859375000000e+04
2.043028906250000000e+04
2.040994726562500000e+04
2.062542187500000000e+04
2.157208984375000000e+04
2.375803320312500000e+04
2.526972851562500000e+04
2.489229687500000000e+04
2.382155859375000000e+04
2.279779101562500000e+04
2.221136328125000000e+04
2.196187109375000000e+04
2.221801953125000000e+04
2.302223437500000000e+04
2.413222460937500000e+04
2.551813867187500000e+04
2.691514453125000000e+04
2.817008398437500000e+04
2.811423828125000000e+04
2.722308398437500000e+04
2.617788476562500000e+04
2.449656640625000000e+04
2.291313671875000000e+04
2.193353906250000000e+04
2.124131835937500000e+04
2.064746875000000000e+04
2.042903906250000000e+04
2.074339648437500000e+04
2.179360937500000000e+04
2.378510546875000000e+04
2.523725195312500000e+04
2.506203515625000000e+04
2.399423437500000000e+04
2.334665625000000000e+04
2.315967578125000000e+04
2.354100976562500000e+04
2.412783203125000000e+04
2.518460937500000000e+04
2.645543554687500000e+04
2.790879101562500000e+04
2.927779492187500000e+04
2.991080468750000000e+04
2.937019726562500000e+04
2.824260742187500000e+04
2.705649023437500000e+04
2.538704101562500000e+04
2.365418359375000000e+04
2.242319140625000000e+04
2.162195703125000000e+04
2.091199414062500000e+04
2.062739062500000000e+04
2.085689843750000000e+04
2.169328710937500000e+04
2.350603906250000000e+04
2.485618750000000000e+04
2.466535742187500000e+04
2.411303906250000000e+04
2.362888476562500000e+04
2.347856054687500000e+04
2.350645898437500000e+04
2.408929492187500000e+04
2.513535546875000000e+04
2.625255859375000000e+04
2.743059570312500000e+04
2.824984179687500000e+04
2.864704687500000000e+04
2.815734570312500000e+04
2.720537695312500000e+04
2.629836523437500000e+04
2.487754492187500000e+04
2.328763867187500000e+04
2.218415429687500000e+04
2.128305273437500000e+04
2.059709960937500000e+04
2.023389062500000000e+04
2.019337500000000000e+04
2.056131445312500000e+04
2.133172070312500000e+04
2.198965429687500000e+04
2.200467773437500000e+04
2.168943945312500000e+04
2.096686523437500000e+04
2.033843945312500000e+04
2.020091601562500000e+04
2.035540820312500000e+04
2.105871093750000000e+04
2.191937304687500000e+04
2.334324804687500000e+04
2.476957421875000000e+04
2.593337695312500000e+04
2.574302148437500000e+04
2.496304296875000000e+04
2.422948437500000000e+04
2.323218359375000000e+04
2.208309375000000000e+04
2.125493359375000000e+04
2.055396875000000000e+04
1.995881835937500000e+04
1.962468359375000000e+04
1.957180078125000000e+04
1.973161914062500000e+04
2.021888476562500000e+04
2.081055273437500000e+04
2.113070703125000000e+04
2.109530078125000000e+04
2.052236914062500000e+04
1.967801953125000000e+04
1.918947460937500000e+04
1.908986132812500000e+04
1.960306445312500000e+04
2.079876171875000000e+04
2.213648828125000000e+04
2.355314843750000000e+04
2.471261523437500000e+04
2.440012500000000000e+04
2.404788281250000000e+04
2.361306250000000000e+04
2.261109960937500000e+04
2.137122460937500000e+04
2.055837109375000000e+04
2.001174414062500000e+04
1.959923437500000000e+04
1.950653906250000000e+04
1.989172460937500000e+04
2.103245312500000000e+04
2.280717968750000000e+04
2.433980078125000000e+04
2.491732617187500000e+04
2.500769140625000000e+04
2.499378710937500000e+04
2.490332226562500000e+04
2.484264453125000000e+04
2.471494531250000000e+04
2.488180468750000000e+04
2.503463671875000000e+04
2.525730859375000000e+04
2.635661718750000000e+04
2.761596093750000000e+04
2.737716992187500000e+04
2.654863867187500000e+04
2.559011132812500000e+04
2.405556445312500000e+04
2.257543750000000000e+04
2.156802148437500000e+04
2.081290625000000000e+04
2.033773632812500000e+04
2.016615039062500000e+04
2.045951367187500000e+04
2.155276367187500000e+04
2.353141992187500000e+04
2.518258007812500000e+04
2.516431054687500000e+04
2.455597265625000000e+04
2.373399609375000000e+04
2.315952343750000000e+04
2.259793359375000000e+04
2.254676953125000000e+04
2.294480078125000000e+04
2.366655664062500000e+04
2.469248046875000000e+04
2.632525000000000000e+04
2.773084375000000000e+04
2.757466796875000000e+04
2.673583398437500000e+04
2.573360156250000000e+04
2.404713476562500000e+04
2.249523242187500000e+04
2.152820117187500000e+04
2.078205273437500000e+04
2.029463671875000000e+04
2.011849023437500000e+04
2.045853125000000000e+04
2.140814062500000000e+04
2.337491015625000000e+04
2.510333398437500000e+04
2.491786914062500000e+04
2.410988281250000000e+04
2.294508007812500000e+04
2.223591601562500000e+04
2.196472460937500000e+04
2.225771484375000000e+04
2.309808789062500000e+04
2.417787500000000000e+04
2.554547265625000000e+04
2.696427343750000000e+04
2.809244726562500000e+04
2.776374804687500000e+04
2.673644921875000000e+04
2.582885742187500000e+04
2.422307031250000000e+04
2.258457812500000000e+04
2.165088085937500000e+04
2.097291015625000000e+04
2.047670117187500000e+04
2.025361328125000000e+04
2.053268945312500000e+04
2.151564062500000000e+04
2.346494921875000000e+04
2.508072460937500000e+04
2.512406640625000000e+04
2.435845703125000000e+04
2.354442187500000000e+04
2.290638671875000000e+04
2.275007031250000000e+04
2.284675976562500000e+04
2.341979492187500000e+04
2.447173242187500000e+04
2.572091015625000000e+04
2.695740234375000000e+04
2.798116601562500000e+04
2.777304492187500000e+04
2.692055664062500000e+04
2.588363476562500000e+04
2.432587304687500000e+04
2.276303710937500000e+04
2.163825976562500000e+04
2.081984960937500000e+04
2.030229101562500000e+04
2.009108593750000000e+04
2.041863085937500000e+04
2.150714257812500000e+04
2.347434570312500000e+04
2.515815039062500000e+04
2.509796875000000000e+04
2.434126367187500000e+04
2.313342578125000000e+04
2.230041796875000000e+04
2.199849609375000000e+04
2.245181054687500000e+04
2.312684570312500000e+04
2.417521875000000000e+04
2.536740820312500000e+04
2.651846679687500000e+04
2.740722265625000000e+04
2.692057812500000000e+04
2.620204101562500000e+04
2.537608593750000000e+04
2.406091796875000000e+04
2.268322460937500000e+04
2.163779101562500000e+04
2.081845703125000000e+04
2.029907812500000000e+04
2.008793554687500000e+04
2.041950000000000000e+04
2.151227929687500000e+04
2.348117968750000000e+04
2.515515820312500000e+04
2.509532031250000000e+04
2.435116406250000000e+04
2.313871484375000000e+04
2.230482031250000000e+04
2.200184375000000000e+04
2.245453710937500000e+04
2.312926953125000000e+04
2.417621679687500000e+04
2.536503515625000000e+04
2.651684375000000000e+04
2.740376562500000000e+04
2.691340625000000000e+04
2.619548437500000000e+04
2.537615429687500000e+04
2.406615039062500000e+04
2.268758203125000000e+04
2.088228906250000000e+04
2.015775976562500000e+04
1.932954882812500000e+04
1.914024414062500000e+04
1.921298242187500000e+04
1.962443945312500000e+04
2.022406250000000000e+04
2.045314453125000000e+04
2.020394531250000000e+04
1.928885156250000000e+04
1.861348046875000000e+04
1.815878320312500000e+04
1.825860351562500000e+04
1.882080273437500000e+04
1.995756054687500000e+04
2.172016210937500000e+04
2.359905468750000000e+04
2.558035742187500000e+04
2.575316015625000000e+04
2.526020703125000000e+04
2.455578320312500000e+04
2.356573828125000000e+04
2.227736718750000000e+04
2.107407617187500000e+04
2.034455078125000000e+04
1.992041796875000000e+04
1.967925781250000000e+04
1.966742968750000000e+04
2.016865820312500000e+04
2.161160937500000000e+04
2.359301367187500000e+04
2.443444335937500000e+04
2.384392578125000000e+04
2.265061132812500000e+04
2.162424414062500000e+04
2.129005664062500000e+04
2.165527539062500000e+04
2.260070898437500000e+04
2.401914843750000000e+04
2.560769335937500000e+04
2.686387500000000000e+04
2.831192187500000000e+04
2.805843359375000000e+04
2.725991992187500000e+04
2.642437890625000000e+04
2.531341601562500000e+04
2.369569140625000000e+04
2.239640625000000000e+04
2.148323242187500000e+04
2.083905664062500000e+04
2.048494531250000000e+04
2.041200390625000000e+04
2.080290429687500000e+04
2.203854101562500000e+04
2.396398046875000000e+04
2.491186523437500000e+04
2.497194140625000000e+04
2.482220507812500000e+04
2.433228125000000000e+04
2.392574414062500000e+04
2.345573828125000000e+04
2.367806640625000000e+04
2.431717382812500000e+04
2.527424023437500000e+04
2.662873437500000000e+04
2.826325195312500000e+04
2.813481445312500000e+04
2.744545898437500000e+04
2.662044726562500000e+04
2.543899023437500000e+04
2.379633007812500000e+04
2.244517187500000000e+04
2.157752343750000000e+04
2.085966601562500000e+04
2.047738476562500000e+04
2.029517382812500000e+04
2.066323242187500000e+04
2.194112304687500000e+04
2.384014843750000000e+04
2.462580468750000000e+04
2.448278515625000000e+04
2.371828125000000000e+04
2.318649023437500000e+04
2.285811132812500000e+04
2.285668945312500000e+04
2.330455273437500000e+04
2.421385742187500000e+04
2.554392578125000000e+04
2.693469140625000000e+04
2.830936132812500000e+04
2.814453515625000000e+04
2.740389453125000000e+04
2.655031640625000000e+04
2.554857812500000000e+04
2.401948242187500000e+04
2.260692382812500000e+04
2.163643750000000000e+04
2.094697070312500000e+04
2.045955273437500000e+04
2.031494921875000000e+04
2.061342187500000000e+04
2.165030859375000000e+04
2.305418554687500000e+04
2.378382617187500000e+04
2.378758984375000000e+04
2.358126171875000000e+04
2.324489062500000000e+04
2.321552539062500000e+04
2.368230664062500000e+04
2.458344726562500000e+04
2.573430664062500000e+04
2.718746093750000000e+04
2.849520703125000000e+04
2.940460937500000000e+04
2.898390820312500000e+04
2.806620117187500000e+04
2.709170312500000000e+04
2.597648046875000000e+04
2.443778906250000000e+04
2.295919140625000000e+04
2.192726171875000000e+04
2.115873437500000000e+04
2.067777343750000000e+04
2.046879882812500000e+04
2.084719726562500000e+04
2.200538476562500000e+04
2.357674218750000000e+04
2.436629687500000000e+04
2.437092578125000000e+04
2.422964648437500000e+04
2.430629296875000000e+04
2.452053320312500000e+04
2.509947851562500000e+04
2.614229687500000000e+04
2.745598046875000000e+04
2.895653710937500000e+04
2.986806640625000000e+04
3.030106445312500000e+04
2.937902343750000000e+04
2.823413281250000000e+04
2.713242382812500000e+04
2.610971484375000000e+04
2.467731054687500000e+04
2.315200781250000000e+04
2.200108984375000000e+04
2.113224023437500000e+04
2.049943164062500000e+04
2.015110156250000000e+04
2.017626367187500000e+04
2.063933203125000000e+04
2.123233398437500000e+04
2.140175976562500000e+04
2.147210351562500000e+04
2.143952539062500000e+04
2.136601562500000000e+04
2.150023437500000000e+04
2.191030859375000000e+04
2.268199609375000000e+04
2.372862500000000000e+04
2.559406640625000000e+04
2.669026562500000000e+04
2.752235546875000000e+04
2.703172851562500000e+04
2.605989648437500000e+04
2.518905664062500000e+04
2.435877148437500000e+04
2.316407031250000000e+04
2.188753906250000000e+04
2.089890429687500000e+04
2.015356835937500000e+04
1.957171484375000000e+04
1.927474218750000000e+04
1.926040039062500000e+04
1.956793945312500000e+04
1.991413671875000000e+04
2.010184960937500000e+04
2.014117968750000000e+04
1.999644726562500000e+04
2.009997265625000000e+04
2.030024609375000000e+04
2.082946289062500000e+04
2.172308007812500000e+04
2.301156445312500000e+04
2.472247265625000000e+04
2.604709570312500000e+04
2.737538867187500000e+04
2.704196875000000000e+04
2.620886718750000000e+04
2.532308984375000000e+04
2.429034179687500000e+04
2.278554882812500000e+04
2.137402734375000000e+04
2.051365820312500000e+04
2.000861132812500000e+04
1.974874218750000000e+04
1.975316406250000000e+04
1.999391406250000000e+04
2.121720312500000000e+04
2.305354296875000000e+04
2.404128906250000000e+04
2.424647070312500000e+04
2.433320898437500000e+04
2.449909375000000000e+04
2.460483007812500000e+04
2.479410351562500000e+04
2.540526562500000000e+04
2.628425390625000000e+04
2.724643945312500000e+04
2.802762890625000000e+04
2.904010742187500000e+04
2.855681640625000000e+04
2.770614257812500000e+04
2.672794140625000000e+04
2.553950000000000000e+04
2.395057812500000000e+04
2.237889648437500000e+04
2.136909570312500000e+04
2.068288085937500000e+04
2.025860742187500000e+04
2.011515820312500000e+04
2.050959179687500000e+04
2.169557031250000000e+04
2.353088671875000000e+04
2.470076562500000000e+04
2.497828515625000000e+04
2.485818750000000000e+04
2.425004296875000000e+04
2.370920117187500000e+04
2.343317187500000000e+04
2.363168945312500000e+04
2.423579882812500000e+04
2.533066015625000000e+04
2.661451367187500000e+04
2.810586523437500000e+04
2.788107031250000000e+04
2.722923437500000000e+04
2.639357031250000000e+04
2.539531054687500000e+04
2.379558593750000000e+04
2.228033789062500000e+04
2.140069921875000000e+04
2.080832617187500000e+04
2.034756640625000000e+04
2.017357617187500000e+04
2.058199804687500000e+04
2.173745703125000000e+04
2.366264062500000000e+04
2.477450390625000000e+04
2.471029687500000000e+04
2.409844335937500000e+04
2.325792187500000000e+04
2.282546093750000000e+04
2.253737304687500000e+04
2.292207031250000000e+04
2.396573437500000000e+04
2.531457031250000000e+04
2.673272070312500000e+04
2.829167382812500000e+04
2.809944335937500000e+04
2.743341601562500000e+04
2.665402148437500000e+04
2.562468554687500000e+04
2.402786914062500000e+04
2.253273046875000000e+04
2.158780468750000000e+04
2.089078710937500000e+04
2.047684765625000000e+04
2.036336718750000000e+04
2.076050000000000000e+04
2.195670312500000000e+04
2.387459570312500000e+04
2.486345312500000000e+04
2.480098437500000000e+04
2.430375781250000000e+04
2.356702148437500000e+04
2.318769921875000000e+04
2.325877539062500000e+04
2.399939062500000000e+04
2.488878906250000000e+04
2.576528125000000000e+04
2.685029101562500000e+04
2.825901171875000000e+04
2.803804687500000000e+04
2.742351562500000000e+04
2.660597265625000000e+04
2.563119921875000000e+04
2.408056640625000000e+04
2.260412500000000000e+04
2.161517578125000000e+04
2.090240429687500000e+04
2.046844726562500000e+04
2.032698828125000000e+04
2.070274023437500000e+04
2.185109179687500000e+04
2.374864062500000000e+04
2.486925195312500000e+04
2.492798828125000000e+04
2.453635546875000000e+04
2.378268750000000000e+04
2.331392382812500000e+04
2.340158593750000000e+04
2.391153320312500000e+04
2.451935546875000000e+04
2.533770507812500000e+04
2.642077734375000000e+04
2.769529101562500000e+04
2.726267578125000000e+04
2.661579687500000000e+04
2.594408007812500000e+04
2.513793945312500000e+04
2.388378515625000000e+04
2.251529101562500000e+04
2.156240234375000000e+04
2.083236718750000000e+04
2.034106835937500000e+04
2.011736132812500000e+04
2.016371679687500000e+04
2.068783789062500000e+04
2.151265820312500000e+04
2.191016406250000000e+04
2.191558007812500000e+04
2.123155468750000000e+04
2.044375000000000000e+04
1.991850390625000000e+04
1.966518164062500000e+04
2.013091992187500000e+04
2.105348437500000000e+04
2.236774804687500000e+04
2.413484375000000000e+04
2.585880859375000000e+04
2.578200195312500000e+04
2.528794726562500000e+04
2.470721484375000000e+04
2.401138281250000000e+04
2.295368164062500000e+04
2.177133984375000000e+04
2.092876757812500000e+04
2.028074218750000000e+04
1.983807226562500000e+04
1.959394140625000000e+04
1.964365625000000000e+04
2.001902539062500000e+04
2.058623046875000000e+04
2.052299414062500000e+04
2.022203515625000000e+04
1.953510351562500000e+04
1.907128710937500000e+04
1.886974414062500000e+04
1.895183593750000000e+04
1.949665625000000000e+04
2.058616796875000000e+04
2.236369140625000000e+04
2.430258984375000000e+04
2.610906445312500000e+04
2.611431054687500000e+04
2.559550781250000000e+04
2.490313671875000000e+04
2.408084179687500000e+04
2.286500000000000000e+04
2.160197265625000000e+04
2.075034570312500000e+04
2.021214843750000000e+04
1.989319921875000000e+04
1.984440234375000000e+04
2.025444531250000000e+04
2.153458593750000000e+04
2.338230859375000000e+04
2.433074804687500000e+04
2.419523437500000000e+04
2.368803906250000000e+04
2.323977343750000000e+04
2.306696093750000000e+04
2.326843554687500000e+04
2.408365429687500000e+04
2.516413476562500000e+04
2.630648437500000000e+04
2.724894140625000000e+04
2.852532421875000000e+04
2.829514648437500000e+04
2.755312500000000000e+04
2.670019921875000000e+04
2.575011328125000000e+04
2.427643164062500000e+04
2.279676367187500000e+04
2.178704101562500000e+04
2.101198242187500000e+04
2.051543359375000000e+04
2.038441601562500000e+04
2.072505468750000000e+04
2.185147460937500000e+04
2.352706835937500000e+04
2.439840625000000000e+04
2.431469335937500000e+04
2.374455078125000000e+04
2.325738476562500000e+04
2.291126953125000000e+04
2.279068554687500000e+04
2.306586523437500000e+04
2.391959179687500000e+04
2.514608203125000000e+04
2.664867187500000000e+04
2.817791992187500000e+04
2.793849218750000000e+04
2.726804687500000000e+04
2.655343164062500000e+04
2.570527343750000000e+04
2.433243359375000000e+04
2.285576953125000000e+04
2.188672460937500000e+04
2.114860937500000000e+04
2.065563281250000000e+04
2.049784179687500000e+04
2.091876757812500000e+04
2.208432812500000000e+04
2.375384960937500000e+04
2.449178710937500000e+04
2.404205468750000000e+04
2.325429101562500000e+04
2.242446875000000000e+04
2.198582031250000000e+04
2.189056835937500000e+04
2.232623632812500000e+04
2.317858398437500000e+04
2.458823242187500000e+04
2.622653906250000000e+04
2.778874804687500000e+04
2.759990820312500000e+04
2.698166992187500000e+04
2.638075781250000000e+04
2.555753515625000000e+04
2.414203320312500000e+04
2.267851757812500000e+04
2.161318750000000000e+04
2.086481445312500000e+04
2.024562500000000000e+04
1.995302929687500000e+04
1.998002734375000000e+04
2.032596093750000000e+04
