2.947586132812500000e+04
3.088365234375000000e+04
3.216107812500000000e+04
3.336925781250000000e+04
3.450566015625000000e+04
3.534803515625000000e+04
3.561201171875000000e+04
3.563126953125000000e+04
3.476018750000000000e+04
3.278180468750000000e+04
3.140975000000000000e+04
2.961562695312500000e+04
2.655859375000000000e+04
2.486553515625000000e+04
2.325404101562500000e+04
2.257189062500000000e+04
2.222073632812500000e+04
2.245526171875000000e+04
2.295578710937500000e+04
2.382687304687500000e+04
2.459286914062500000e+04
2.625689843750000000e+04
2.697676953125000000e+04
2.788580664062500000e+04
2.944758203125000000e+04
3.066889648437500000e+04
3.174570312500000000e+04
3.297470312500000000e+04
3.378273828125000000e+04
3.463539062500000000e+04
3.488485156250000000e+04
3.457407812500000000e+04
3.383344531250000000e+04
3.221442382812500000e+04
3.094499218750000000e+04
2.914965234375000000e+04
2.641693359375000000e+04
2.489108593750000000e+04
2.347257812500000000e+04
2.276207226562500000e+04
2.231241015625000000e+04
2.241292382812500000e+04
2.258203710937500000e+04
2.287020703125000000e+04
2.277145117187500000e+04
2.424953125000000000e+04
2.481619531250000000e+04
2.563017773437500000e+04
2.637306640625000000e+04
2.717705859375000000e+04
2.857169726562500000e+04
2.965468164062500000e+04
3.072927343750000000e+04
3.179386523437500000e+04
3.246520312500000000e+04
3.303646875000000000e+04
3.230763085937500000e+04
3.074153906250000000e+04
2.940248437500000000e+04
2.774019726562500000e+04
2.537430859375000000e+04
2.395118750000000000e+04
2.259350000000000000e+04
2.191125585937500000e+04
2.180285546875000000e+04
2.182520703125000000e+04
2.189210351562500000e+04
2.191344140625000000e+04
2.141790820312500000e+04
2.217463671875000000e+04
2.273278125000000000e+04
2.323154101562500000e+04
2.411018750000000000e+04
2.511406835937500000e+04
2.630467773437500000e+04
2.749886718750000000e+04
2.853822070312500000e+04
2.959776171875000000e+04
3.017310937500000000e+04
3.093866015625000000e+04
3.037826562500000000e+04
2.880222851562500000e+04
2.762425976562500000e+04
2.622329296875000000e+04
2.485889453125000000e+04
2.341204296875000000e+04
2.232352734375000000e+04
2.164231835937500000e+04
2.172053125000000000e+04
2.175132031250000000e+04
2.198064062500000000e+04
2.211442187500000000e+04
2.198899804687500000e+04
2.318966992187500000e+04
2.348240625000000000e+04
2.422710546875000000e+04
2.506443359375000000e+04
2.621497265625000000e+04
2.759589648437500000e+04
2.875195898437500000e+04
2.994573437500000000e+04
3.123065625000000000e+04
3.231104296875000000e+04
3.307264843750000000e+04
3.249446289062500000e+04
3.093010156250000000e+04
2.971456835937500000e+04
2.795612890625000000e+04
2.524552148437500000e+04
2.348495312500000000e+04
2.232205468750000000e+04
2.192427343750000000e+04
2.187765820312500000e+04
2.206648632812500000e+04
2.252261914062500000e+04
2.333193750000000000e+04
2.411518750000000000e+04
2.584847851562500000e+04
2.678149414062500000e+04
2.745587695312500000e+04
2.822879687500000000e+04
2.952380664062500000e+04
3.060197070312500000e+04
3.185165820312500000e+04
3.304659765625000000e+04
3.410488671875000000e+04
3.473619921875000000e+04
3.494889843750000000e+04
3.412099218750000000e+04
3.236255859375000000e+04
3.117672265625000000e+04
2.928929882812500000e+04
2.632467968750000000e+04
2.441017187500000000e+04
2.318543554687500000e+04
2.238736523437500000e+04
2.219998828125000000e+04
2.241405859375000000e+04
2.302638476562500000e+04
2.400264843750000000e+04
2.461708398437500000e+04
2.634634179687500000e+04
2.716342578125000000e+04
2.816569531250000000e+04
2.942341210937500000e+04
3.077036132812500000e+04
3.192026171875000000e+04
3.311118750000000000e+04
3.399804687500000000e+04
3.481041406250000000e+04
3.507974218750000000e+04
3.514011328125000000e+04
3.422296484375000000e+04
3.246449023437500000e+04
3.150029492187500000e+04
2.973774218750000000e+04
2.686462109375000000e+04
2.476673437500000000e+04
2.356435156250000000e+04
2.269863281250000000e+04
2.258468554687500000e+04
2.276155859375000000e+04
2.340241015625000000e+04
2.462392578125000000e+04
2.533850390625000000e+04
2.749234375000000000e+04
2.823018359375000000e+04
2.974845117187500000e+04
3.130690625000000000e+04
3.286832421875000000e+04
3.410430859375000000e+04
3.521188671875000000e+04
3.585032421875000000e+04
3.644497656250000000e+04
3.647303515625000000e+04
3.633336718750000000e+04
3.556787890625000000e+04
3.412157812500000000e+04
3.312386328125000000e+04
3.176281445312500000e+04
2.907443554687500000e+04
2.649406835937500000e+04
2.510848828125000000e+04
2.404163476562500000e+04
2.365713085937500000e+04
2.356063281250000000e+04
2.425587109375000000e+04
2.543097851562500000e+04
2.649753710937500000e+04
2.891807617187500000e+04
3.076744531250000000e+04
3.260689257812500000e+04
3.409926562500000000e+04
3.535498046875000000e+04
3.623925781250000000e+04
3.686260156250000000e+04
3.725276171875000000e+04
3.747397265625000000e+04
3.747074609375000000e+04
3.722954687500000000e+04
3.616315234375000000e+04
3.452867578125000000e+04
3.335447656250000000e+04
3.228156640625000000e+04
2.981145312500000000e+04
2.738932617187500000e+04
2.576606054687500000e+04
2.448044726562500000e+04
2.366533593750000000e+04
2.371075000000000000e+04
2.418970312500000000e+04
2.442180859375000000e+04
2.462158398437500000e+04
2.646931640625000000e+04
2.762507617187500000e+04
2.912854492187500000e+04
3.071904687500000000e+04
3.226685351562500000e+04
3.380590234375000000e+04
3.510340625000000000e+04
3.580343750000000000e+04
3.621803125000000000e+04
3.632648437500000000e+04
3.621336328125000000e+04
3.544562500000000000e+04
3.389186718750000000e+04
3.294824609375000000e+04
3.152001367187500000e+04
2.888901757812500000e+04
2.687236718750000000e+04
2.515405468750000000e+04
2.413577343750000000e+04
2.349093164062500000e+04
2.349302343750000000e+04
2.346803710937500000e+04
2.376148437500000000e+04
2.338469531250000000e+04
2.485187500000000000e+04
2.564756835937500000e+04
2.664214648437500000e+04
2.810657421875000000e+04
2.975839648437500000e+04
3.100793750000000000e+04
3.226512109375000000e+04
3.330517187500000000e+04
3.423175000000000000e+04
3.450665625000000000e+04
3.457255859375000000e+04
3.381187890625000000e+04
3.233095117187500000e+04
3.146090039062500000e+04
2.973386914062500000e+04
2.705477539062500000e+04
2.495687304687500000e+04
2.365744335937500000e+04
2.289786523437500000e+04
2.293929101562500000e+04
2.335852343750000000e+04
2.397098632812500000e+04
2.462696679687500000e+04
2.539472460937500000e+04
2.724062304687500000e+04
2.827164843750000000e+04
2.947398828125000000e+04
3.074658007812500000e+04
3.210782812500000000e+04
3.323484765625000000e+04
3.426517578125000000e+04
3.509423828125000000e+04
3.560885937500000000e+04
3.561652734375000000e+04
3.546331250000000000e+04
3.447636718750000000e+04
3.281487109375000000e+04
3.177843359375000000e+04
2.983100000000000000e+04
2.713048632812500000e+04
2.527849804687500000e+04
2.419831835937500000e+04
2.323345507812500000e+04
2.306598632812500000e+04
2.320240820312500000e+04
2.413617187500000000e+04
2.505323437500000000e+04
2.533435156250000000e+04
2.736659179687500000e+04
2.813315820312500000e+04
2.949916015625000000e+04
3.069997265625000000e+04
3.198016601562500000e+04
3.302001953125000000e+04
3.399629296875000000e+04
3.472991015625000000e+04
3.539975390625000000e+04
3.544125390625000000e+04
3.534073828125000000e+04
3.412675390625000000e+04
3.258783007812500000e+04
3.167229687500000000e+04
2.976141601562500000e+04
2.724241210937500000e+04
2.522340820312500000e+04
2.400983789062500000e+04
2.323771289062500000e+04
2.292636132812500000e+04
2.314903125000000000e+04
2.384797070312500000e+04
2.492617187500000000e+04
2.545053125000000000e+04
2.724655859375000000e+04
2.804703515625000000e+04
2.934747460937500000e+04
3.030570898437500000e+04
3.143963476562500000e+04
3.253852539062500000e+04
3.358539062500000000e+04
3.428514843750000000e+04
3.487329296875000000e+04
3.489423828125000000e+04
3.480209765625000000e+04
3.375371875000000000e+04
3.223194140625000000e+04
3.115663671875000000e+04
2.939050781250000000e+04
2.673394335937500000e+04
2.500202929687500000e+04
2.390660937500000000e+04
2.292476367187500000e+04
2.269658984375000000e+04
2.280074218750000000e+04
2.334608203125000000e+04
2.433967382812500000e+04
2.522635351562500000e+04
2.718196875000000000e+04
2.794025976562500000e+04
2.924077929687500000e+04
3.030571679687500000e+04
3.135033789062500000e+04
3.230140234375000000e+04
3.335707031250000000e+04
3.419502734375000000e+04
3.491500781250000000e+04
3.504414453125000000e+04
3.481516796875000000e+04
3.355102343750000000e+04
3.186313867187500000e+04
3.078799023437500000e+04
2.899479492187500000e+04
2.622835546875000000e+04
2.472048437500000000e+04
2.342420507812500000e+04
2.257035546875000000e+04
2.241532031250000000e+04
2.231506640625000000e+04
2.283120117187500000e+04
2.395038867187500000e+04
2.451805859375000000e+04
2.644263671875000000e+04
2.739545312500000000e+04
2.849045312500000000e+04
2.971522460937500000e+04
3.077754687500000000e+04
3.189812500000000000e+04
3.309373437500000000e+04
3.394034765625000000e+04
3.476471875000000000e+04
3.492290625000000000e+04
3.475004687500000000e+04
3.359419140625000000e+04
3.190046093750000000e+04
3.100071875000000000e+04
2.919175000000000000e+04
2.641134179687500000e+04
2.478044921875000000e+04
2.339807031250000000e+04
2.253347265625000000e+04
2.216273632812500000e+04
2.208554882812500000e+04
2.233765234375000000e+04
2.259122070312500000e+04
2.260706054687500000e+04
2.411432812500000000e+04
2.506450000000000000e+04
2.595595117187500000e+04
2.750616992187500000e+04
2.886844140625000000e+04
3.036724609375000000e+04
3.170498242187500000e+04
3.299711718750000000e+04
3.390448437500000000e+04
3.423173437500000000e+04
3.416154296875000000e+04
3.327987109375000000e+04
3.183534960937500000e+04
3.090796093750000000e+04
2.900529687500000000e+04
2.665214453125000000e+04
2.494731250000000000e+04
2.388509765625000000e+04
2.292300976562500000e+04
2.265571875000000000e+04
2.271649218750000000e+04
2.287940039062500000e+04
2.298404687500000000e+04
2.257620507812500000e+04
2.373526171875000000e+04
2.467127343750000000e+04
2.592406054687500000e+04
2.716300976562500000e+04
2.854702343750000000e+04
2.998833789062500000e+04
3.145823632812500000e+04
3.288039453125000000e+04
3.391306250000000000e+04
3.433348828125000000e+04
3.465452343750000000e+04
3.389583984375000000e+04
3.243378710937500000e+04
3.128597851562500000e+04
2.958569140625000000e+04
2.694470703125000000e+04
2.501523242187500000e+04
2.370628515625000000e+04
2.286481250000000000e+04
2.277664453125000000e+04
2.319630273437500000e+04
2.372177148437500000e+04
2.486882031250000000e+04
2.556376171875000000e+04
2.796531250000000000e+04
2.947735742187500000e+04
3.121346875000000000e+04
3.278562890625000000e+04
3.414410546875000000e+04
3.522792968750000000e+04
3.622046484375000000e+04
3.680220703125000000e+04
3.701322656250000000e+04
3.689485156250000000e+04
3.662459375000000000e+04
3.562853906250000000e+04
3.375819531250000000e+04
3.259243750000000000e+04
3.093726757812500000e+04
2.806755273437500000e+04
2.576425195312500000e+04
2.463629296875000000e+04
2.329239648437500000e+04
2.301195703125000000e+04
2.296210742187500000e+04
2.369469726562500000e+04
2.489971289062500000e+04
2.550189843750000000e+04
2.758983007812500000e+04
2.880559179687500000e+04
3.032003515625000000e+04
3.163490625000000000e+04
3.325991406250000000e+04
3.442666406250000000e+04
3.559033203125000000e+04
3.625271093750000000e+04
3.664341015625000000e+04
3.663852343750000000e+04
3.647057812500000000e+04
3.561444140625000000e+04
3.377976171875000000e+04
3.270854882812500000e+04
3.105876757812500000e+04
2.810943164062500000e+04
2.597824609375000000e+04
2.447373242187500000e+04
2.363415039062500000e+04
2.305584570312500000e+04
2.326013281250000000e+04
2.381497851562500000e+04
2.515119531250000000e+04
2.574815234375000000e+04
2.761396484375000000e+04
2.898792968750000000e+04
3.020452929687500000e+04
3.172703515625000000e+04
3.310489453125000000e+04
3.423350390625000000e+04
3.533534765625000000e+04
3.604198046875000000e+04
3.649314453125000000e+04
3.642241796875000000e+04
3.626527343750000000e+04
3.536319531250000000e+04
3.359447265625000000e+04
3.252789062500000000e+04
3.098004687500000000e+04
2.798199023437500000e+04
2.605751757812500000e+04
2.439972070312500000e+04
2.369948828125000000e+04
2.303724609375000000e+04
2.324299609375000000e+04
2.379242382812500000e+04
2.506325390625000000e+04
2.572568359375000000e+04
2.790014843750000000e+04
2.915432617187500000e+04
3.039827734375000000e+04
3.143776757812500000e+04
3.257962890625000000e+04
3.377344531250000000e+04
3.485832812500000000e+04
3.548002734375000000e+04
3.591819531250000000e+04
3.565319921875000000e+04
3.544757812500000000e+04
3.410391796875000000e+04
3.256118945312500000e+04
3.164548046875000000e+04
2.975626367187500000e+04
2.729014843750000000e+04
2.527943164062500000e+04
2.405904687500000000e+04
2.295068554687500000e+04
2.274465234375000000e+04
2.288696679687500000e+04
2.355340429687500000e+04
2.481972070312500000e+04
2.525907226562500000e+04
2.712016015625000000e+04
2.816483398437500000e+04
2.942384375000000000e+04
3.060717187500000000e+04
3.185476562500000000e+04
3.310060937500000000e+04
3.431529687500000000e+04
3.528555078125000000e+04
3.573837500000000000e+04
3.576534765625000000e+04
3.564844140625000000e+04
3.447833593750000000e+04
3.266551171875000000e+04
3.148893945312500000e+04
2.954001367187500000e+04
2.700673828125000000e+04
2.541121289062500000e+04
2.393369921875000000e+04
2.310634765625000000e+04
2.271742968750000000e+04
2.286914453125000000e+04
2.324429687500000000e+04
2.356174804687500000e+04
2.325420898437500000e+04
2.425104101562500000e+04
2.517676953125000000e+04
2.589170898437500000e+04
2.699840820312500000e+04
2.841304882812500000e+04
2.915577734375000000e+04
3.023890625000000000e+04
3.108182031250000000e+04
3.191841210937500000e+04
3.259768164062500000e+04
3.279444921875000000e+04
3.200718164062500000e+04
3.061347070312500000e+04
2.952673437500000000e+04
2.791312109375000000e+04
2.614294140625000000e+04
2.431556445312500000e+04
2.329043750000000000e+04
2.240634570312500000e+04
2.237955078125000000e+04
2.240392968750000000e+04
2.269130664062500000e+04
2.276724218750000000e+04
2.214474023437500000e+04
2.314189843750000000e+04
2.372213085937500000e+04
2.427632421875000000e+04
2.549090039062500000e+04
2.661225976562500000e+04
2.787261328125000000e+04
2.920622070312500000e+04
3.059243750000000000e+04
3.154180078125000000e+04
3.222218945312500000e+04
3.228758203125000000e+04
3.144387109375000000e+04
3.008441406250000000e+04
2.934271875000000000e+04
2.750899804687500000e+04
2.546287890625000000e+04
2.358834960937500000e+04
2.290005468750000000e+04
2.235753515625000000e+04
2.257395312500000000e+04
2.273201171875000000e+04
2.352860742187500000e+04
2.455850976562500000e+04
2.530677148437500000e+04
2.635953515625000000e+04
2.752370703125000000e+04
2.870415039062500000e+04
2.980382812500000000e+04
3.044863867187500000e+04
3.120027148437500000e+04
3.165988476562500000e+04
3.210902148437500000e+04
3.253312890625000000e+04
3.236199023437500000e+04
3.243576757812500000e+04
3.126131835937500000e+04
2.948065234375000000e+04
2.877944140625000000e+04
2.732886718750000000e+04
2.543882617187500000e+04
2.372606835937500000e+04
2.289152929687500000e+04
2.211337890625000000e+04
2.199549609375000000e+04
2.223782031250000000e+04
2.266179296875000000e+04
2.377831640625000000e+04
2.501114062500000000e+04
2.702464062500000000e+04
2.854931250000000000e+04
3.011549609375000000e+04
3.132880468750000000e+04
3.274618164062500000e+04
3.385717187500000000e+04
3.481784375000000000e+04
3.574066015625000000e+04
3.644428515625000000e+04
3.656853125000000000e+04
3.635303515625000000e+04
3.520083593750000000e+04
3.335830078125000000e+04
3.214871875000000000e+04
3.037287109375000000e+04
2.751241015625000000e+04
2.527175781250000000e+04
2.388409570312500000e+04
2.299803710937500000e+04
2.256621093750000000e+04
2.243287109375000000e+04
2.320224023437500000e+04
2.437661328125000000e+04
2.529628125000000000e+04
2.744014648437500000e+04
2.884615039062500000e+04
3.019802734375000000e+04
3.196479492187500000e+04
3.338835937500000000e+04
3.442234375000000000e+04
3.561425390625000000e+04
3.628290625000000000e+04
3.684942968750000000e+04
3.692766796875000000e+04
3.672981250000000000e+04
3.554012109375000000e+04
3.364513281250000000e+04
3.246583203125000000e+04
3.067006835937500000e+04
2.788404492187500000e+04
2.564781250000000000e+04
2.414826757812500000e+04
2.319308007812500000e+04
2.277952148437500000e+04
2.265771093750000000e+04
2.329187890625000000e+04
2.460001953125000000e+04
2.528568750000000000e+04
2.747199609375000000e+04
2.912950781250000000e+04
3.065697851562500000e+04
3.225147656250000000e+04
3.396589843750000000e+04
3.529712500000000000e+04
3.627041406250000000e+04
3.685967968750000000e+04
3.715561328125000000e+04
3.685633593750000000e+04
3.652824609375000000e+04
3.539553906250000000e+04
3.368336328125000000e+04
3.249023437500000000e+04
3.083287304687500000e+04
2.815246484375000000e+04
2.593043164062500000e+04
2.471091796875000000e+04
2.351168359375000000e+04
2.303686914062500000e+04
2.271392578125000000e+04
2.368798437500000000e+04
2.482262890625000000e+04
2.562164843750000000e+04
2.718929296875000000e+04
2.864950585937500000e+04
2.987100000000000000e+04
3.138988085937500000e+04
3.282124218750000000e+04
3.403830468750000000e+04
3.526187890625000000e+04
3.591068359375000000e+04
3.622140234375000000e+04
3.592685156250000000e+04
3.530686718750000000e+04
3.385620703125000000e+04
3.246264257812500000e+04
3.135890625000000000e+04
2.970371093750000000e+04
2.747857812500000000e+04
2.564986132812500000e+04
2.437235937500000000e+04
2.324702929687500000e+04
2.301661718750000000e+04
2.262340820312500000e+04
2.316569531250000000e+04
2.332165039062500000e+04
2.315933007812500000e+04
2.438027929687500000e+04
2.547522070312500000e+04
2.657152734375000000e+04
2.798007812500000000e+04
2.945441210937500000e+04
3.106556640625000000e+04
3.235333593750000000e+04
3.347216796875000000e+04
3.428837109375000000e+04
3.461414843750000000e+04
3.486305468750000000e+04
3.376245312500000000e+04
3.179641015625000000e+04
3.021697265625000000e+04
2.820841796875000000e+04
2.593883789062500000e+04
2.424328710937500000e+04
2.277526562500000000e+04
2.193614843750000000e+04
2.163101757812500000e+04
2.162221875000000000e+04
2.181909179687500000e+04
2.206778906250000000e+04
2.153912304687500000e+04
2.240420117187500000e+04
2.334892578125000000e+04
2.420766601562500000e+04
2.553622851562500000e+04
2.711230859375000000e+04
2.896618164062500000e+04
3.080344531250000000e+04
3.218592773437500000e+04
3.355541406250000000e+04
3.427056640625000000e+04
3.481223046875000000e+04
3.400139062500000000e+04
3.204071484375000000e+04
3.060108984375000000e+04
2.837884179687500000e+04
2.567354296875000000e+04
2.364783007812500000e+04
2.236222070312500000e+04
2.175270507812500000e+04
2.165684375000000000e+04
2.185523046875000000e+04
2.242908007812500000e+04
2.343343945312500000e+04
2.441103710937500000e+04
2.656708398437500000e+04
2.778476562500000000e+04
2.914833789062500000e+04
3.075262304687500000e+04
3.253708398437500000e+04
3.419889062500000000e+04
3.554071484375000000e+04
3.634727734375000000e+04
3.692092968750000000e+04
3.706595312500000000e+04
3.692798828125000000e+04
3.584451171875000000e+04
3.386298828125000000e+04
3.266218554687500000e+04
3.077779492187500000e+04
2.753211523437500000e+04
2.517161718750000000e+04
2.382304101562500000e+04
2.267093945312500000e+04
2.258717773437500000e+04
2.279324023437500000e+04
2.349145703125000000e+04
2.439184960937500000e+04
2.505094335937500000e+04
2.690258203125000000e+04
2.822626367187500000e+04
2.953003906250000000e+04
3.094515625000000000e+04
3.252587500000000000e+04
3.403701562500000000e+04
3.550244140625000000e+04
3.650687500000000000e+04
3.706454296875000000e+04
3.713124609375000000e+04
3.699853125000000000e+04
3.598433203125000000e+04
3.411267187500000000e+04
3.291915625000000000e+04
3.108391210937500000e+04
2.820299023437500000e+04
2.570558593750000000e+04
2.428347851562500000e+04
2.319450976562500000e+04
2.295591406250000000e+04
2.292563867187500000e+04
2.333641210937500000e+04
2.453437695312500000e+04
2.551870117187500000e+04
2.746379296875000000e+04
2.880725195312500000e+04
3.027937500000000000e+04
3.182348828125000000e+04
3.324038671875000000e+04
3.464534765625000000e+04
3.585273437500000000e+04
3.655748046875000000e+04
3.695631640625000000e+04
3.693365625000000000e+04
3.668414062500000000e+04
3.554637109375000000e+04
3.368516406250000000e+04
3.253712109375000000e+04
3.061474804687500000e+04
2.771998046875000000e+04
2.534826953125000000e+04
2.413344921875000000e+04
2.290881054687500000e+04
2.266134765625000000e+04
2.268359765625000000e+04
2.341645898437500000e+04
2.440281250000000000e+04
2.559015429687500000e+04
2.736787890625000000e+04
2.852389453125000000e+04
2.966585937500000000e+04
3.077743164062500000e+04
3.205072265625000000e+04
3.317742187500000000e+04
3.413659375000000000e+04
3.487017187500000000e+04
3.540496875000000000e+04
3.558269531250000000e+04
3.548952343750000000e+04
3.426362890625000000e+04
3.247327734375000000e+04
3.123299023437500000e+04
2.911720312500000000e+04
2.640102929687500000e+04
2.468687695312500000e+04
2.342386718750000000e+04
2.237755664062500000e+04
2.220116015625000000e+04
2.207211718750000000e+04
2.278144531250000000e+04
2.383952148437500000e+04
2.499688671875000000e+04
2.658217773437500000e+04
2.812880078125000000e+04
2.948851953125000000e+04
3.045881445312500000e+04
3.143637500000000000e+04
3.249529882812500000e+04
3.376977734375000000e+04
3.478652734375000000e+04
3.551172656250000000e+04
3.565232031250000000e+04
3.533975781250000000e+04
3.392727734375000000e+04
3.210764843750000000e+04
3.075370898437500000e+04
2.854891406250000000e+04
2.617010742187500000e+04
2.425459179687500000e+04
2.314413085937500000e+04
2.213661914062500000e+04
2.188144140625000000e+04
2.191139453125000000e+04
2.239258203125000000e+04
2.250304296875000000e+04
2.269328906250000000e+04
2.359677148437500000e+04
2.472724218750000000e+04
2.538573437500000000e+04
2.653625585937500000e+04
2.771505273437500000e+04
2.893281445312500000e+04
3.026687695312500000e+04
3.152587304687500000e+04
3.272661132812500000e+04
3.340441406250000000e+04
3.335291015625000000e+04
3.219275390625000000e+04
3.045850585937500000e+04
2.913384570312500000e+04
2.718298632812500000e+04
2.517740039062500000e+04
2.356896484375000000e+04
2.243469335937500000e+04
2.180061914062500000e+04
2.164095117187500000e+04
2.180073242187500000e+04
2.199542773437500000e+04
2.206130859375000000e+04
2.169299804687500000e+04
2.232864453125000000e+04
2.356111718750000000e+04
2.383000195312500000e+04
2.449276367187500000e+04
2.554341796875000000e+04
2.698058398437500000e+04
2.828930664062500000e+04
2.985722265625000000e+04
3.134303515625000000e+04
3.244855859375000000e+04
3.296236718750000000e+04
3.185450976562500000e+04
3.042626171875000000e+04
2.927653515625000000e+04
2.721812109375000000e+04
2.498069335937500000e+04
2.327765039062500000e+04
2.220645898437500000e+04
2.185560156250000000e+04
2.198494726562500000e+04
2.219993750000000000e+04
2.285698632812500000e+04
2.365125585937500000e+04
2.462202929687500000e+04
2.622031445312500000e+04
2.722560937500000000e+04
2.822270507812500000e+04
2.959960937500000000e+04
3.091283398437500000e+04
3.251577148437500000e+04
3.399350000000000000e+04
3.528959765625000000e+04
3.603215625000000000e+04
3.613160156250000000e+04
3.596605078125000000e+04
3.475673437500000000e+04
3.283483203125000000e+04
3.168206250000000000e+04
2.942788085937500000e+04
2.659268945312500000e+04
2.459338671875000000e+04
2.333909179687500000e+04
2.261929882812500000e+04
2.229570898437500000e+04
2.241542187500000000e+04
2.311182617187500000e+04
2.419274414062500000e+04
2.529903320312500000e+04
2.683792773437500000e+04
2.825211914062500000e+04
2.936547265625000000e+04
3.131101367187500000e+04
3.286117968750000000e+04
3.452602343750000000e+04
3.583104296875000000e+04
3.663422265625000000e+04
3.722832031250000000e+04
3.730861718750000000e+04
3.707846875000000000e+04
3.596296875000000000e+04
3.428958984375000000e+04
3.318526953125000000e+04
3.131925781250000000e+04
2.858683789062500000e+04
2.599925000000000000e+04
2.467397656250000000e+04
2.363111914062500000e+04
2.333514453125000000e+04
2.319925781250000000e+04
2.399617187500000000e+04
2.518903320312500000e+04
2.667972656250000000e+04
2.791166210937500000e+04
2.974876562500000000e+04
3.107836914062500000e+04
3.337623437500000000e+04
3.517648046875000000e+04
3.622871484375000000e+04
3.696736718750000000e+04
3.735666015625000000e+04
3.747140625000000000e+04
3.701021875000000000e+04
3.642512890625000000e+04
3.485493750000000000e+04
3.331244921875000000e+04
3.228079882812500000e+04
3.036981250000000000e+04
2.793554687500000000e+04
2.553015234375000000e+04
2.441086328125000000e+04
2.348396289062500000e+04
2.318308593750000000e+04
2.315946484375000000e+04
2.380989843750000000e+04
2.495156640625000000e+04
2.644409179687500000e+04
2.792038476562500000e+04
2.978404492187500000e+04
3.114081250000000000e+04
3.291335546875000000e+04
3.453544921875000000e+04
3.576388281250000000e+04
3.667840234375000000e+04
3.722315625000000000e+04
3.751060937500000000e+04
3.750676562500000000e+04
3.700315234375000000e+04
3.555571093750000000e+04
3.391497265625000000e+04
3.278634765625000000e+04
3.119873242187500000e+04
2.845656250000000000e+04
2.592150390625000000e+04
2.447012500000000000e+04
2.334205273437500000e+04
2.286347265625000000e+04
2.291817382812500000e+04
2.356303515625000000e+04
2.478058593750000000e+04
2.584666210937500000e+04
2.704515039062500000e+04
2.873077539062500000e+04
3.030485937500000000e+04
3.196934570312500000e+04
3.339960937500000000e+04
3.463817578125000000e+04
3.576634375000000000e+04
3.640692578125000000e+04
3.682465625000000000e+04
3.671158203125000000e+04
3.632058984375000000e+04
3.477106640625000000e+04
3.287405078125000000e+04
3.168192187500000000e+04
2.988005664062500000e+04
2.754362304687500000e+04
2.543130664062500000e+04
2.419887109375000000e+04
2.294086328125000000e+04
2.268714843750000000e+04
2.253657226562500000e+04
2.289274804687500000e+04
2.341461523437500000e+04
2.356944140625000000e+04
2.434513085937500000e+04
2.588564453125000000e+04
2.719962695312500000e+04
2.894345507812500000e+04
3.067666210937500000e+04
3.235297265625000000e+04
3.382060546875000000e+04
3.450551953125000000e+04
3.512405859375000000e+04
3.531063671875000000e+04
3.469197265625000000e+04
3.339596875000000000e+04
3.197401562500000000e+04
3.080824414062500000e+04
2.867971484375000000e+04
2.657864648437500000e+04
2.482349609375000000e+04
2.536109765625000000e+04
2.295608007812500000e+04
2.334156835937500000e+04
2.272596093750000000e+04
2.324799804687500000e+04
2.371877343750000000e+04
2.392758203125000000e+04
2.463867578125000000e+04
2.620933789062500000e+04
2.717837109375000000e+04
2.902086328125000000e+04
3.053837500000000000e+04
3.230982031250000000e+04
3.378628515625000000e+04
3.470580859375000000e+04
3.534554687500000000e+04
3.543820703125000000e+04
3.490693359375000000e+04
3.356378906250000000e+04
3.217267968750000000e+04
3.113870312500000000e+04
2.897712500000000000e+04
2.678692968750000000e+04
2.496407031250000000e+04
2.455493945312500000e+04
2.307662109375000000e+04
2.305585156250000000e+04
2.323505273437500000e+04
2.400053320312500000e+04
2.506587304687500000e+04
2.638153320312500000e+04
2.803299023437500000e+04
2.976610546875000000e+04
3.148872460937500000e+04
3.318235937500000000e+04
3.480618359375000000e+04
3.607016015625000000e+04
3.693195312500000000e+04
3.740891406250000000e+04
3.759741406250000000e+04
3.739195312500000000e+04
3.681101562500000000e+04
3.541896875000000000e+04
3.405112109375000000e+04
3.285698437500000000e+04
3.106281835937500000e+04
2.790677148437500000e+04
2.577408203125000000e+04
2.464491601562500000e+04
2.362983789062500000e+04
2.336192382812500000e+04
2.359291601562500000e+04
2.437219140625000000e+04
2.561216992187500000e+04
2.648579687500000000e+04
2.721031835937500000e+04
2.849949804687500000e+04
2.953498242187500000e+04
3.061219921875000000e+04
3.174482617187500000e+04
3.291737890625000000e+04
3.406837890625000000e+04
3.483762890625000000e+04
3.541035156250000000e+04
3.538265625000000000e+04
3.489219531250000000e+04
3.345719531250000000e+04
3.201467773437500000e+04
3.092140039062500000e+04
2.866370117187500000e+04
2.633604687500000000e+04
2.473390625000000000e+04
2.358637695312500000e+04
2.300181445312500000e+04
2.304565039062500000e+04
2.342642773437500000e+04
2.371668750000000000e+04
2.465658593750000000e+04
2.602460351562500000e+04
2.621931250000000000e+04
2.720547851562500000e+04
2.827236523437500000e+04
2.875057031250000000e+04
2.946047265625000000e+04
2.977089648437500000e+04
3.025403320312500000e+04
3.076933789062500000e+04
3.102970312500000000e+04
3.111329296875000000e+04
3.077648046875000000e+04
2.954016601562500000e+04
2.906590039062500000e+04
2.825616796875000000e+04
2.652865820312500000e+04
2.474888476562500000e+04
2.329508007812500000e+04
2.246800000000000000e+04
2.196682031250000000e+04
2.208152734375000000e+04
2.224355078125000000e+04
2.287056445312500000e+04
2.373962109375000000e+04
2.495994531250000000e+04
2.566300781250000000e+04
2.689260546875000000e+04
2.770166210937500000e+04
2.855766796875000000e+04
2.930573828125000000e+04
3.003567773437500000e+04
3.096408203125000000e+04
3.181138085937500000e+04
3.267762109375000000e+04
3.273771679687500000e+04
3.220727148437500000e+04
3.061362500000000000e+04
2.940349414062500000e+04
2.834278125000000000e+04
2.650150976562500000e+04
2.460115039062500000e+04
2.298372851562500000e+04
2.217295117187500000e+04
2.170483203125000000e+04
2.178067187500000000e+04
2.207257421875000000e+04
2.270132226562500000e+04
2.358259375000000000e+04
2.481478515625000000e+04
2.554694531250000000e+04
2.693936132812500000e+04
2.753084765625000000e+04
2.809093359375000000e+04
2.868813867187500000e+04
2.945311718750000000e+04
3.048043359375000000e+04
3.128942187500000000e+04
3.202257031250000000e+04
3.210882812500000000e+04
3.141846875000000000e+04
2.977463671875000000e+04
2.891083789062500000e+04
2.780697070312500000e+04
2.606185937500000000e+04
2.458271484375000000e+04
2.291846093750000000e+04
2.223751171875000000e+04
2.157354101562500000e+04
2.180477148437500000e+04
2.201238281250000000e+04
2.233710937500000000e+04
2.246273828125000000e+04
2.273901953125000000e+04
2.295542968750000000e+04
2.413515234375000000e+04
2.443577343750000000e+04
2.510669140625000000e+04
2.561453515625000000e+04
2.592432812500000000e+04
2.628772851562500000e+04
2.683115039062500000e+04
2.748318750000000000e+04
2.827422851562500000e+04
2.839809179687500000e+04
2.750684570312500000e+04
2.691740039062500000e+04
2.604365234375000000e+04
2.448113281250000000e+04
2.309592773437500000e+04
2.170906250000000000e+04
2.135495117187500000e+04
2.098168359375000000e+04
2.115622656250000000e+04
2.125121289062500000e+04
2.142072656250000000e+04
2.140255468750000000e+04
2.124631054687500000e+04
2.122855664062500000e+04
2.232852929687500000e+04
2.276854492187500000e+04
2.308594335937500000e+04
2.346253710937500000e+04
2.405454687500000000e+04
2.514732812500000000e+04
2.637770312500000000e+04
2.767409570312500000e+04
2.867633398437500000e+04
2.900599804687500000e+04
2.799542578125000000e+04
2.722345507812500000e+04
2.650799609375000000e+04
2.474684960937500000e+04
2.298293359375000000e+04
2.143125000000000000e+04
2.097576171875000000e+04
2.096951757812500000e+04
2.140730664062500000e+04
2.165429492187500000e+04
2.217820312500000000e+04
2.290383593750000000e+04
2.390538476562500000e+04
2.457902539062500000e+04
2.570289257812500000e+04
2.628409765625000000e+04
2.691039648437500000e+04
2.739917968750000000e+04
2.841466406250000000e+04
2.945536718750000000e+04
3.042221093750000000e+04
3.126354296875000000e+04
3.172691992187500000e+04
3.140179492187500000e+04
2.998372460937500000e+04
2.919850976562500000e+04
2.786315820312500000e+04
2.592380664062500000e+04
2.390063085937500000e+04
2.230227929687500000e+04
2.133029492187500000e+04
2.093484375000000000e+04
2.092693164062500000e+04
2.127302734375000000e+04
2.199088085937500000e+04
2.274947265625000000e+04
2.398220703125000000e+04
2.443130468750000000e+04
2.563502929687500000e+04
2.593728320312500000e+04
2.706824023437500000e+04
2.809329882812500000e+04
2.918709960937500000e+04
3.057241015625000000e+04
3.161552343750000000e+04
3.241968750000000000e+04
3.277154296875000000e+04
3.228299023437500000e+04
3.081899023437500000e+04
2.980703710937500000e+04
2.844641015625000000e+04
2.640971484375000000e+04
2.435260156250000000e+04
2.253953906250000000e+04
2.180980273437500000e+04
2.107763671875000000e+04
2.123002148437500000e+04
2.143980273437500000e+04
2.209683203125000000e+04
2.295348828125000000e+04
2.423264843750000000e+04
2.519150000000000000e+04
2.650000976562500000e+04
2.750874414062500000e+04
2.835545703125000000e+04
2.942499218750000000e+04
3.070833789062500000e+04
3.214718750000000000e+04
3.340523046875000000e+04
3.431980859375000000e+04
3.466977734375000000e+04
3.436666406250000000e+04
3.281643750000000000e+04
3.161348242187500000e+04
3.016056835937500000e+04
2.765619531250000000e+04
2.525296093750000000e+04
2.351789843750000000e+04
2.244100976562500000e+04
2.168635742187500000e+04
2.160383984375000000e+04
2.181481054687500000e+04
2.254061718750000000e+04
2.341287109375000000e+04
2.485850195312500000e+04
2.591330468750000000e+04
2.749675000000000000e+04
2.864848046875000000e+04
2.992151757812500000e+04
3.154434960937500000e+04
3.318031250000000000e+04
3.467902343750000000e+04
3.576390234375000000e+04
3.648839453125000000e+04
3.668666015625000000e+04
3.619761718750000000e+04
3.477648046875000000e+04
3.323491015625000000e+04
3.203211914062500000e+04
2.963336914062500000e+04
2.644132812500000000e+04
2.434066992187500000e+04
2.313072265625000000e+04
2.222571484375000000e+04
2.203843164062500000e+04
2.238015820312500000e+04
2.298225976562500000e+04
2.412860742187500000e+04
2.512022851562500000e+04
2.588524609375000000e+04
2.765551171875000000e+04
2.879249804687500000e+04
3.031776367187500000e+04
3.206192187500000000e+04
3.384837109375000000e+04
3.537248828125000000e+04
3.641910156250000000e+04
3.706221484375000000e+04
3.712900781250000000e+04
3.670964843750000000e+04
3.533492578125000000e+04
3.387844140625000000e+04
3.265404882812500000e+04
3.054885937500000000e+04
2.734596289062500000e+04
2.515608007812500000e+04
2.371804101562500000e+04
2.264141210937500000e+04
2.237637695312500000e+04
2.233166796875000000e+04
2.266201757812500000e+04
2.303869335937500000e+04
2.328430859375000000e+04
2.389402929687500000e+04
2.567090625000000000e+04
2.656727929687500000e+04
2.837551953125000000e+04
3.028647656250000000e+04
3.222692968750000000e+04
3.394970312500000000e+04
3.515054296875000000e+04
3.600919531250000000e+04
3.618518750000000000e+04
3.578867578125000000e+04
3.427619921875000000e+04
3.285219921875000000e+04
3.151432421875000000e+04
2.921323632812500000e+04
2.647063281250000000e+04
2.476643554687500000e+04
2.333712500000000000e+04
2.257458984375000000e+04
2.221791210937500000e+04
2.234885351562500000e+04
2.250360742187500000e+04
2.265478320312500000e+04
2.254517187500000000e+04
2.258822070312500000e+04
2.405875390625000000e+04
2.481851367187500000e+04
2.647176171875000000e+04
2.826366406250000000e+04
3.046392968750000000e+04
3.216004101562500000e+04
3.393771093750000000e+04
3.484420703125000000e+04
3.507621484375000000e+04
3.488318750000000000e+04
3.356236328125000000e+04
3.235636718750000000e+04
3.116152929687500000e+04
2.859471289062500000e+04
2.596658593750000000e+04
2.404207031250000000e+04
2.294658203125000000e+04
2.248382031250000000e+04
2.278411718750000000e+04
2.295652539062500000e+04
2.356766406250000000e+04
2.455115039062500000e+04
2.599821093750000000e+04
2.703705468750000000e+04
2.853020898437500000e+04
2.947078515625000000e+04
3.067473242187500000e+04
3.183599414062500000e+04
3.331739062500000000e+04
3.448549218750000000e+04
3.551278515625000000e+04
3.600121484375000000e+04
3.590548046875000000e+04
3.543828125000000000e+04
3.372189843750000000e+04
3.242559375000000000e+04
3.075559570312500000e+04
2.809107617187500000e+04
2.573067968750000000e+04
2.410617187500000000e+04
2.347670507812500000e+04
2.283417187500000000e+04
2.205810937500000000e+04
2.287557226562500000e+04
2.326622460937500000e+04
2.429605468750000000e+04
2.558648828125000000e+04
2.609614648437500000e+04
2.720574804687500000e+04
2.811739453125000000e+04
2.901382421875000000e+04
2.947541601562500000e+04
2.999680273437500000e+04
3.070433984375000000e+04
3.103829687500000000e+04
3.145302148437500000e+04
3.134324218750000000e+04
3.150262109375000000e+04
3.053842968750000000e+04
2.946617382812500000e+04
2.815801171875000000e+04
2.628871875000000000e+04
2.440280273437500000e+04
2.274224023437500000e+04
2.218300195312500000e+04
2.185750976562500000e+04
2.205239257812500000e+04
2.235477734375000000e+04
2.288605078125000000e+04
2.380374023437500000e+04
2.482471875000000000e+04
2.524279882812500000e+04
2.625279492187500000e+04
2.705697460937500000e+04
2.746080859375000000e+04
2.810860546875000000e+04
2.839391992187500000e+04
2.889453906250000000e+04
2.976570507812500000e+04
3.028303125000000000e+04
3.067947265625000000e+04
3.032198437500000000e+04
2.919243164062500000e+04
2.852722265625000000e+04
2.729241406250000000e+04
2.559902734375000000e+04
2.384251757812500000e+04
2.233151367187500000e+04
2.143991015625000000e+04
2.093864648437500000e+04
2.110513476562500000e+04
2.162970507812500000e+04
2.209246679687500000e+04
2.312844531250000000e+04
2.427722656250000000e+04
2.501400976562500000e+04
2.636165625000000000e+04
2.668461523437500000e+04
2.690708007812500000e+04
2.726376953125000000e+04
2.798529296875000000e+04
2.923531054687500000e+04
3.019656054687500000e+04
3.120892773437500000e+04
3.169597851562500000e+04
3.112060742187500000e+04
2.936540820312500000e+04
2.870503515625000000e+04
2.707020117187500000e+04
2.580064648437500000e+04
2.363032617187500000e+04
2.225468164062500000e+04
2.139959960937500000e+04
2.122848242187500000e+04
2.108467187500000000e+04
2.148749804687500000e+04
2.190206054687500000e+04
2.286783593750000000e+04
2.387229882812500000e+04
2.481561914062500000e+04
2.586441406250000000e+04
2.612413281250000000e+04
2.690199804687500000e+04
2.778814843750000000e+04
2.922965429687500000e+04
3.046829101562500000e+04
3.155320507812500000e+04
3.273787500000000000e+04
3.334181640625000000e+04
3.294447265625000000e+04
3.119403125000000000e+04
2.982196875000000000e+04
2.806858398437500000e+04
2.613769140625000000e+04
2.416655664062500000e+04
2.277503125000000000e+04
2.182383593750000000e+04
2.127649414062500000e+04
2.119529296875000000e+04
2.138444921875000000e+04
2.164482031250000000e+04
2.173460546875000000e+04
2.173649218750000000e+04
2.175978515625000000e+04
2.328975781250000000e+04
2.367596484375000000e+04
2.469922460937500000e+04
2.607670507812500000e+04
2.784800000000000000e+04
2.973801367187500000e+04
3.150884375000000000e+04
3.306705468750000000e+04
3.394588671875000000e+04
3.391582812500000000e+04
3.251187109375000000e+04
3.095830664062500000e+04
2.917371484375000000e+04
2.696945898437500000e+04
2.483413476562500000e+04
2.325270703125000000e+04
2.234418554687500000e+04
2.174275976562500000e+04
2.167898242187500000e+04
2.149589257812500000e+04
2.168107812500000000e+04
2.175150000000000000e+04
2.157112500000000000e+04
2.175823242187500000e+04
2.280002343750000000e+04
2.336543164062500000e+04
2.473236523437500000e+04
2.655029687500000000e+04
2.888857812500000000e+04
3.117661914062500000e+04
3.310412500000000000e+04
3.446812500000000000e+04
3.501353125000000000e+04
3.481630078125000000e+04
3.325687109375000000e+04
3.194831250000000000e+04
3.020026562500000000e+04
2.803838281250000000e+04
2.564472656250000000e+04
2.394515820312500000e+04
2.292547656250000000e+04
2.219620312500000000e+04
2.214673046875000000e+04
2.195756445312500000e+04
2.238806054687500000e+04
2.266382617187500000e+04
2.285907031250000000e+04
2.306049804687500000e+04
2.471288085937500000e+04
2.557525585937500000e+04
2.739014648437500000e+04
2.939384179687500000e+04
3.159298437500000000e+04
3.360739453125000000e+04
3.501784375000000000e+04
3.597394531250000000e+04
3.618575000000000000e+04
3.585451171875000000e+04
3.415465625000000000e+04
3.290576171875000000e+04
3.142415234375000000e+04
2.908127539062500000e+04
2.596356445312500000e+04
2.419005664062500000e+04
2.299708398437500000e+04
2.244561523437500000e+04
2.246522265625000000e+04
2.248489062500000000e+04
2.330919140625000000e+04
2.438963867187500000e+04
2.576605859375000000e+04
2.732914062500000000e+04
2.965563867187500000e+04
3.103675195312500000e+04
3.242999804687500000e+04
3.384229687500000000e+04
3.523819921875000000e+04
3.641281640625000000e+04
3.717500000000000000e+04
3.762777343750000000e+04
3.756762109375000000e+04
3.692192968750000000e+04
3.510538281250000000e+04
3.394329687500000000e+04
3.258108203125000000e+04
3.084956445312500000e+04
2.777484179687500000e+04
2.543067773437500000e+04
2.426550000000000000e+04
2.329634570312500000e+04
2.305252539062500000e+04
2.283689648437500000e+04
2.362003710937500000e+04
2.472519531250000000e+04
2.638234375000000000e+04
2.744080273437500000e+04
2.959201562500000000e+04
3.094718945312500000e+04
3.250379101562500000e+04
3.401366406250000000e+04
3.555580859375000000e+04
3.675061328125000000e+04
3.750799218750000000e+04
3.792069921875000000e+04
3.783728125000000000e+04
3.729881250000000000e+04
3.563947265625000000e+04
3.425039843750000000e+04
3.286385156250000000e+04
3.095582226562500000e+04
2.783085351562500000e+04
2.549754687500000000e+04
2.431869921875000000e+04
2.336705273437500000e+04
2.310809960937500000e+04
2.318718164062500000e+04
2.409066015625000000e+04
2.526097656250000000e+04
2.712226171875000000e+04
2.832705468750000000e+04
3.038260546875000000e+04
3.172075390625000000e+04
3.321826171875000000e+04
3.449262890625000000e+04
3.575892187500000000e+04
3.664541015625000000e+04
3.716276562500000000e+04
3.738883593750000000e+04
3.703468750000000000e+04
3.628771875000000000e+04
3.435035546875000000e+04
3.345012890625000000e+04
3.204120117187500000e+04
3.039639453125000000e+04
2.761961718750000000e+04
2.552074414062500000e+04
2.410813281250000000e+04
2.341085742187500000e+04
2.263699023437500000e+04
2.302099609375000000e+04
2.386468359375000000e+04
2.509107812500000000e+04
2.705425195312500000e+04
2.759648046875000000e+04
2.933928515625000000e+04
3.060587304687500000e+04
3.172148632812500000e+04
3.299004296875000000e+04
3.420650781250000000e+04
3.528106250000000000e+04
3.594249609375000000e+04
3.637260546875000000e+04
3.609028906250000000e+04
3.515489843750000000e+04
3.340662109375000000e+04
3.211369140625000000e+04
3.038710351562500000e+04
2.839840625000000000e+04
2.638458203125000000e+04
2.460890429687500000e+04
2.376073632812500000e+04
2.215292578125000000e+04
2.239640625000000000e+04
2.201716796875000000e+04
2.245074414062500000e+04
2.299363281250000000e+04
2.327804101562500000e+04
2.373916406250000000e+04
2.575508789062500000e+04
2.638388671875000000e+04
2.829601367187500000e+04
2.984417578125000000e+04
3.174139257812500000e+04
3.326470312500000000e+04
3.445398828125000000e+04
3.528691406250000000e+04
3.546640625000000000e+04
3.494054687500000000e+04
3.317237500000000000e+04
3.193800000000000000e+04
2.985637109375000000e+04
2.773186914062500000e+04
2.542263671875000000e+04
2.403713671875000000e+04
2.253949023437500000e+04
2.212064257812500000e+04
2.184478906250000000e+04
2.197975195312500000e+04
2.209489257812500000e+04
2.229441992187500000e+04
2.213257617187500000e+04
2.208393164062500000e+04
2.333277734375000000e+04
2.438656835937500000e+04
2.555652734375000000e+04
2.734708984375000000e+04
2.918983593750000000e+04
3.091398632812500000e+04
3.253865039062500000e+04
3.382617968750000000e+04
3.431413671875000000e+04
3.405595703125000000e+04
3.248193554687500000e+04
3.136969726562500000e+04
2.924852343750000000e+04
2.690876953125000000e+04
2.452093359375000000e+04
2.264035156250000000e+04
2.196565039062500000e+04
2.145865429687500000e+04
2.163625585937500000e+04
2.201269921875000000e+04
2.267826171875000000e+04
2.352369921875000000e+04
2.481802539062500000e+04
2.540240039062500000e+04
2.681011523437500000e+04
2.760138867187500000e+04
2.910083593750000000e+04
3.059441406250000000e+04
3.227855078125000000e+04
3.382570703125000000e+04
3.504713281250000000e+04
3.596455078125000000e+04
3.602994921875000000e+04
3.531349609375000000e+04
3.327868750000000000e+04
3.218187890625000000e+04
2.985115820312500000e+04
2.731931640625000000e+04
2.482856445312500000e+04
2.313442773437500000e+04
2.205047070312500000e+04
2.162341210937500000e+04
2.148405664062500000e+04
2.180425976562500000e+04
2.243664843750000000e+04
2.353289257812500000e+04
2.486127734375000000e+04
2.539687304687500000e+04
2.640155273437500000e+04
2.722315625000000000e+04
2.834978125000000000e+04
2.966071679687500000e+04
3.105750390625000000e+04
3.274733398437500000e+04
3.404951953125000000e+04
3.518673046875000000e+04
3.531790625000000000e+04
3.461147265625000000e+04
3.278527734375000000e+04
3.123904492187500000e+04
2.901633984375000000e+04
2.670583398437500000e+04
2.444648828125000000e+04
2.288953710937500000e+04
2.196492773437500000e+04
2.152791992187500000e+04
2.155877929687500000e+04
2.181164453125000000e+04
2.242988281250000000e+04
2.339511328125000000e+04
2.467209765625000000e+04
2.489427734375000000e+04
2.591218750000000000e+04
2.630441015625000000e+04
2.708309960937500000e+04
2.831238476562500000e+04
2.938518554687500000e+04
3.067879101562500000e+04
3.192648242187500000e+04
3.276439843750000000e+04
3.294129687500000000e+04
3.221883203125000000e+04
3.060284960937500000e+04
2.968033593750000000e+04
2.730525000000000000e+04
2.588375585937500000e+04
2.379388671875000000e+04
2.214685351562500000e+04
2.145002734375000000e+04
2.126491992187500000e+04
2.175435742187500000e+04
2.171283984375000000e+04
2.226073632812500000e+04
2.301095507812500000e+04
2.434828125000000000e+04
2.446266601562500000e+04
2.498651171875000000e+04
2.524808007812500000e+04
2.578998437500000000e+04
2.656367382812500000e+04
2.740709179687500000e+04
2.864450000000000000e+04
2.940815820312500000e+04
3.010917968750000000e+04
3.045619531250000000e+04
3.020760546875000000e+04
2.914609375000000000e+04
2.829454492187500000e+04
2.635959179687500000e+04
2.509710546875000000e+04
2.294657031250000000e+04
2.175236914062500000e+04
2.104944531250000000e+04
2.080584570312500000e+04
2.096237695312500000e+04
2.132781445312500000e+04
2.183979882812500000e+04
2.258938671875000000e+04
2.375531640625000000e+04
2.416598632812500000e+04
2.483992382812500000e+04
2.474560937500000000e+04
2.527748437500000000e+04
2.602164843750000000e+04
2.705060937500000000e+04
2.802692382812500000e+04
2.868783203125000000e+04
2.957567968750000000e+04
2.974596875000000000e+04
2.935513085937500000e+04
2.828268359375000000e+04
2.756755468750000000e+04
2.583486914062500000e+04
2.483625195312500000e+04
2.320773242187500000e+04
2.192344140625000000e+04
2.134092578125000000e+04
2.098905078125000000e+04
2.116220117187500000e+04
2.131617187500000000e+04
2.150744921875000000e+04
2.203813476562500000e+04
2.231059765625000000e+04
2.199440625000000000e+04
2.295558203125000000e+04
2.291956835937500000e+04
2.352322070312500000e+04
2.388744335937500000e+04
2.472086132812500000e+04
2.546301953125000000e+04
2.638035156250000000e+04
2.719181250000000000e+04
2.786858984375000000e+04
2.755051171875000000e+04
2.678971484375000000e+04
2.617782031250000000e+04
2.464116796875000000e+04
2.387924804687500000e+04
2.241669921875000000e+04
2.116667187500000000e+04
2.085428515625000000e+04
2.060479492187500000e+04
2.071020312500000000e+04
2.091433593750000000e+04
2.101192968750000000e+04
2.104889257812500000e+04
2.116327343750000000e+04
2.055168359375000000e+04
2.125664843750000000e+04
2.109422460937500000e+04
2.178441015625000000e+04
2.205719921875000000e+04
2.293818359375000000e+04
2.389492773437500000e+04
2.510133203125000000e+04
2.635338476562500000e+04
2.733714648437500000e+04
2.734829296875000000e+04
2.660144531250000000e+04
2.629740039062500000e+04
2.461875195312500000e+04
2.370620312500000000e+04
2.188008398437500000e+04
2.090157812500000000e+04
2.057606445312500000e+04
2.062830078125000000e+04
2.103982226562500000e+04
2.120341796875000000e+04
2.176856250000000000e+04
2.248799804687500000e+04
2.366882812500000000e+04
2.362357812500000000e+04
2.424060351562500000e+04
2.447660546875000000e+04
2.520370703125000000e+04
2.659810937500000000e+04
2.784963671875000000e+04
2.923010351562500000e+04
3.042710156250000000e+04
3.176345898437500000e+04
3.244041406250000000e+04
3.213451171875000000e+04
3.073419335937500000e+04
2.972899609375000000e+04
2.790734375000000000e+04
2.625691015625000000e+04
2.414607617187500000e+04
2.273767578125000000e+04
2.194089843750000000e+04
2.166752539062500000e+04
2.150655078125000000e+04
2.172728710937500000e+04
2.224335937500000000e+04
2.315375976562500000e+04
2.473350195312500000e+04
2.512448046875000000e+04
2.673462500000000000e+04
2.785557812500000000e+04
2.936172851562500000e+04
3.108070703125000000e+04
3.295333593750000000e+04
3.478435937500000000e+04
3.610500781250000000e+04
3.699905859375000000e+04
3.700378125000000000e+04
3.611714062500000000e+04
3.411566406250000000e+04
3.300606640625000000e+04
3.116738476562500000e+04
2.895962500000000000e+04
2.618419140625000000e+04
2.430213476562500000e+04
2.299985546875000000e+04
2.233903906250000000e+04
2.196564257812500000e+04
2.209880468750000000e+04
2.271772460937500000e+04
2.388823632812500000e+04
2.525075585937500000e+04
2.599047070312500000e+04
2.793833203125000000e+04
2.955378125000000000e+04
3.122526171875000000e+04
3.289692968750000000e+04
3.471323437500000000e+04
3.600494531250000000e+04
3.662935546875000000e+04
3.700595703125000000e+04
3.665259375000000000e+04
3.526510546875000000e+04
3.317704296875000000e+04
3.209634765625000000e+04
2.965514843750000000e+04
2.765280859375000000e+04
2.514430664062500000e+04
2.349775195312500000e+04
2.231445117187500000e+04
2.162032031250000000e+04
2.170663085937500000e+04
2.205155859375000000e+04
2.275925585937500000e+04
2.356217578125000000e+04
2.474641796875000000e+04
2.509710546875000000e+04
2.658206445312500000e+04
2.738807812500000000e+04
2.894857226562500000e+04
3.034784765625000000e+04
3.194133007812500000e+04
3.321521484375000000e+04
3.395344921875000000e+04
3.433691015625000000e+04
3.362580078125000000e+04
3.265203906250000000e+04
3.109610351562500000e+04
2.990051953125000000e+04
2.765871484375000000e+04
2.626845117187500000e+04
2.418292187500000000e+04
2.275856445312500000e+04
2.190772265625000000e+04
2.145692382812500000e+04
2.133628320312500000e+04
2.158044140625000000e+04
2.207293750000000000e+04
2.326547851562500000e+04
2.457972656250000000e+04
2.489814648437500000e+04
2.598013476562500000e+04
2.656591015625000000e+04
2.789951171875000000e+04
2.885955078125000000e+04
3.046066210937500000e+04
3.195829296875000000e+04
3.301937109375000000e+04
3.342800000000000000e+04
3.233019921875000000e+04
3.105501953125000000e+04
2.951231054687500000e+04
2.839540625000000000e+04
2.658116992187500000e+04
2.548761328125000000e+04
2.366711523437500000e+04
2.233277929687500000e+04
2.161339843750000000e+04
2.126684765625000000e+04
2.124811914062500000e+04
2.143935742187500000e+04
2.169450390625000000e+04
2.222887109375000000e+04
2.246859179687500000e+04
2.208052734375000000e+04
2.343959765625000000e+04
2.362471289062500000e+04
2.422754687500000000e+04
2.515679687500000000e+04
2.639254492187500000e+04
2.754738281250000000e+04
2.854603125000000000e+04
2.904319531250000000e+04
2.880774218750000000e+04
2.814800390625000000e+04
2.711354101562500000e+04
2.643314648437500000e+04
2.472352539062500000e+04
2.402082617187500000e+04
2.249699414062500000e+04
2.143915820312500000e+04
2.100056445312500000e+04
2.094507812500000000e+04
2.084279296875000000e+04
2.101877929687500000e+04
2.119832421875000000e+04
2.154241601562500000e+04
2.147864257812500000e+04
2.110393359375000000e+04
2.183275195312500000e+04
2.203415429687500000e+04
2.252331640625000000e+04
2.274085742187500000e+04
2.357661914062500000e+04
2.426104492187500000e+04
2.527920117187500000e+04
2.617025585937500000e+04
2.674329882812500000e+04
2.651043164062500000e+04
2.586199218750000000e+04
2.571907812500000000e+04
2.402306445312500000e+04
2.341498046875000000e+04
2.161203125000000000e+04
2.092120312500000000e+04
2.111503320312500000e+04
2.113980859375000000e+04
2.128422265625000000e+04
2.141648242187500000e+04
2.192357421875000000e+04
2.280688476562500000e+04
2.394697460937500000e+04
2.425084765625000000e+04
2.497317578125000000e+04
2.548390039062500000e+04
2.608034179687500000e+04
2.653427929687500000e+04
2.706406640625000000e+04
2.755739062500000000e+04
2.803283007812500000e+04
2.849379296875000000e+04
2.823182226562500000e+04
2.761723437500000000e+04
2.693191015625000000e+04
2.664699609375000000e+04
2.484464843750000000e+04
2.413200976562500000e+04
2.208392578125000000e+04
2.112569921875000000e+04
2.093580859375000000e+04
2.096554882812500000e+04
2.123561328125000000e+04
2.139296093750000000e+04
2.189575195312500000e+04
2.268993554687500000e+04
2.399584570312500000e+04
2.406553906250000000e+04
2.425098632812500000e+04
2.426909765625000000e+04
2.449542187500000000e+04
2.527464453125000000e+04
2.551891796875000000e+04
2.620693554687500000e+04
2.667037500000000000e+04
2.723284179687500000e+04
2.761693945312500000e+04
2.704244531250000000e+04
2.623646875000000000e+04
2.629780468750000000e+04
2.440544335937500000e+04
2.379893945312500000e+04
2.188074609375000000e+04
2.105727343750000000e+04
2.036657421875000000e+04
2.048820117187500000e+04
2.042473828125000000e+04
2.072637109375000000e+04
2.138531250000000000e+04
2.239009179687500000e+04
2.356535546875000000e+04
2.335954492187500000e+04
2.333211914062500000e+04
2.375166406250000000e+04
2.376420117187500000e+04
2.446514062500000000e+04
2.542930859375000000e+04
2.638203125000000000e+04
2.725007421875000000e+04
2.798222265625000000e+04
2.821852148437500000e+04
2.743356640625000000e+04
2.707485546875000000e+04
2.652269531250000000e+04
2.486526367187500000e+04
2.400829492187500000e+04
2.211536523437500000e+04
2.115380078125000000e+04
2.064013281250000000e+04
2.049496875000000000e+04
2.057869531250000000e+04
2.077616992187500000e+04
2.128788085937500000e+04
2.214811718750000000e+04
2.331424023437500000e+04
2.335644531250000000e+04
2.411464257812500000e+04
2.431643164062500000e+04
2.507404882812500000e+04
2.613167773437500000e+04
2.702678515625000000e+04
2.844855468750000000e+04
2.952226171875000000e+04
3.051250195312500000e+04
3.065244140625000000e+04
3.009652929687500000e+04
2.900891406250000000e+04
2.801050585937500000e+04
2.598069335937500000e+04
2.492109375000000000e+04
2.294752148437500000e+04
2.173517968750000000e+04
2.117228125000000000e+04
2.114420117187500000e+04
2.117099023437500000e+04
2.130121679687500000e+04
2.188725000000000000e+04
2.261163476562500000e+04
2.366767578125000000e+04
2.387028515625000000e+04
2.477822460937500000e+04
2.516997851562500000e+04
2.605552734375000000e+04
2.710918164062500000e+04
2.824167968750000000e+04
2.963112304687500000e+04
3.069707617187500000e+04
3.205010742187500000e+04
3.192575976562500000e+04
3.117500976562500000e+04
2.941079296875000000e+04
2.822947851562500000e+04
2.608839453125000000e+04
2.509053125000000000e+04
2.347610351562500000e+04
2.227176367187500000e+04
2.160516015625000000e+04
2.126648828125000000e+04
2.113863085937500000e+04
2.114780468750000000e+04
2.149950195312500000e+04
2.181512109375000000e+04
2.200668554687500000e+04
2.163955859375000000e+04
2.258654882812500000e+04
2.282925585937500000e+04
2.392788671875000000e+04
2.480970898437500000e+04
2.598885156250000000e+04
2.765389648437500000e+04
2.908316796875000000e+04
3.054290429687500000e+04
3.117564257812500000e+04
3.079882031250000000e+04
2.920333789062500000e+04
2.793497460937500000e+04
2.577101953125000000e+04
2.476725390625000000e+04
2.313265039062500000e+04
2.203275781250000000e+04
2.140646875000000000e+04
2.110146875000000000e+04
2.104259179687500000e+04
2.116354882812500000e+04
2.126317187500000000e+04
2.140671289062500000e+04
2.148040820312500000e+04
2.099606445312500000e+04
2.187874414062500000e+04
2.232823046875000000e+04
2.328233398437500000e+04
2.437608593750000000e+04
2.572088281250000000e+04
2.740427148437500000e+04
2.909360546875000000e+04
3.054539062500000000e+04
3.126547460937500000e+04
3.084933203125000000e+04
2.939717187500000000e+04
2.823798828125000000e+04
2.617502734375000000e+04
2.490107226562500000e+04
2.287515820312500000e+04
2.154593164062500000e+04
2.104726562500000000e+04
2.087530273437500000e+04
2.112302148437500000e+04
2.138471484375000000e+04
2.185565625000000000e+04
2.280395507812500000e+04
2.401081054687500000e+04
2.436466210937500000e+04
2.545267382812500000e+04
2.637985351562500000e+04
2.714810937500000000e+04
2.829521679687500000e+04
3.004369335937500000e+04
3.108272070312500000e+04
3.178677929687500000e+04
3.263149414062500000e+04
3.095368750000000000e+04
3.014954101562500000e+04
2.877594531250000000e+04
2.787208593750000000e+04
2.596737500000000000e+04
2.474589062500000000e+04
2.285881445312500000e+04
2.173433007812500000e+04
2.147188867187500000e+04
2.100711523437500000e+04
2.107814453125000000e+04
2.133729882812500000e+04
2.191597070312500000e+04
2.287405273437500000e+04
2.418706250000000000e+04
2.430921484375000000e+04
2.452896093750000000e+04
2.508995117187500000e+04
2.560641796875000000e+04
2.667856640625000000e+04
2.745931250000000000e+04
2.875863085937500000e+04
2.942824609375000000e+04
2.999194726562500000e+04
2.980977148437500000e+04
2.915063085937500000e+04
2.768505078125000000e+04
2.704027539062500000e+04
2.534110351562500000e+04
2.455476562500000000e+04
2.264543554687500000e+04
2.123070703125000000e+04
2.110720898437500000e+04
2.071942187500000000e+04
2.106123437500000000e+04
2.138465820312500000e+04
2.198076171875000000e+04
2.267935546875000000e+04
2.391992578125000000e+04
2.407788281250000000e+04
2.462448632812500000e+04
2.487208789062500000e+04
2.552945117187500000e+04
2.620226757812500000e+04
2.628729687500000000e+04
2.705632812500000000e+04
2.787956640625000000e+04
2.793380859375000000e+04
2.767663476562500000e+04
2.725609570312500000e+04
2.660793750000000000e+04
2.623744726562500000e+04
2.455469726562500000e+04
2.411780468750000000e+04
2.242611718750000000e+04
2.097584960937500000e+04
2.074072070312500000e+04
2.077280273437500000e+04
2.130916406250000000e+04
2.134521484375000000e+04
2.204004296875000000e+04
2.280253906250000000e+04
2.435506835937500000e+04
2.447265625000000000e+04
2.454367382812500000e+04
2.447277929687500000e+04
2.485687890625000000e+04
2.544670312500000000e+04
2.579846093750000000e+04
2.649002929687500000e+04
2.694341601562500000e+04
2.689827734375000000e+04
2.659280664062500000e+04
2.619219726562500000e+04
2.600250000000000000e+04
2.545997265625000000e+04
2.421762890625000000e+04
2.357124414062500000e+04
2.182759375000000000e+04
2.093143359375000000e+04
2.064150585937500000e+04
2.077743359375000000e+04
2.098408789062500000e+04
2.128055859375000000e+04
2.171174023437500000e+04
2.281748242187500000e+04
2.398410546875000000e+04
2.423102539062500000e+04
2.390218945312500000e+04
2.364828906250000000e+04
2.301681250000000000e+04
2.317361523437500000e+04
2.392232421875000000e+04
2.457760742187500000e+04
2.454416796875000000e+04
2.542395898437500000e+04
2.556208007812500000e+04
2.544153125000000000e+04
2.521930078125000000e+04
2.475653125000000000e+04
2.334978515625000000e+04
2.286773632812500000e+04
2.153253906250000000e+04
2.079414257812500000e+04
2.003127539062500000e+04
2.008431054687500000e+04
2.001573632812500000e+04
2.023270898437500000e+04
2.058350976562500000e+04
2.102279492187500000e+04
2.145665625000000000e+04
2.092209375000000000e+04
2.073420312500000000e+04
2.004663085937500000e+04
2.038986914062500000e+04
2.080342968750000000e+04
2.135829492187500000e+04
2.192833007812500000e+04
2.272529687500000000e+04
2.382260742187500000e+04
2.519053125000000000e+04
2.504548242187500000e+04
2.463291210937500000e+04
2.398610156250000000e+04
2.274459179687500000e+04
2.229581054687500000e+04
2.109814062500000000e+04
2.047742187500000000e+04
2.031213867187500000e+04
2.008202343750000000e+04
2.006261523437500000e+04
2.015229101562500000e+04
2.038732812500000000e+04
2.053887500000000000e+04
2.070037890625000000e+04
2.007141015625000000e+04
2.005163281250000000e+04
1.995882226562500000e+04
2.034714453125000000e+04
2.097314062500000000e+04
2.138880664062500000e+04
2.224211132812500000e+04
2.326000195312500000e+04
2.437687304687500000e+04
2.575934765625000000e+04
2.582916796875000000e+04
2.508224609375000000e+04
2.458019921875000000e+04
2.315354492187500000e+04
2.233497656250000000e+04
2.098393750000000000e+04
2.043320898437500000e+04
2.065284570312500000e+04
2.082545898437500000e+04
2.077687500000000000e+04
2.094778320312500000e+04
2.144349218750000000e+04
2.231941210937500000e+04
2.340258789062500000e+04
2.303602539062500000e+04
2.268687109375000000e+04
2.244125000000000000e+04
2.329872851562500000e+04
2.323064062500000000e+04
2.357897070312500000e+04
2.449748632812500000e+04
2.460961914062500000e+04
2.468486718750000000e+04
2.521570703125000000e+04
2.475163085937500000e+04
2.545847851562500000e+04
2.467290625000000000e+04
2.367563281250000000e+04
2.324155859375000000e+04
2.167734375000000000e+04
2.143151757812500000e+04
2.162251171875000000e+04
2.131193359375000000e+04
2.137301367187500000e+04
2.144775000000000000e+04
2.188632226562500000e+04
2.245357421875000000e+04
2.368076171875000000e+04
2.350447070312500000e+04
2.260302539062500000e+04
2.246508593750000000e+04
2.175715820312500000e+04
2.257080664062500000e+04
2.289304492187500000e+04
2.349063476562500000e+04
2.422111718750000000e+04
2.474199023437500000e+04
2.526331445312500000e+04
2.522956445312500000e+04
2.525522070312500000e+04
2.459914843750000000e+04
2.357928125000000000e+04
2.286694335937500000e+04
2.147603125000000000e+04
2.066315820312500000e+04
2.019691601562500000e+04
2.002125390625000000e+04
1.990880273437500000e+04
2.022435546875000000e+04
2.088480078125000000e+04
2.209647851562500000e+04
2.345346484375000000e+04
2.370970507812500000e+04
2.328780468750000000e+04
2.321574218750000000e+04
2.309224414062500000e+04
2.308411718750000000e+04
2.358128125000000000e+04
2.435137304687500000e+04
2.489421875000000000e+04
2.559693359375000000e+04
2.601609765625000000e+04
2.588058984375000000e+04
2.570658789062500000e+04
2.497966406250000000e+04
2.368370507812500000e+04
2.290530664062500000e+04
2.136310937500000000e+04
2.058431835937500000e+04
2.033478320312500000e+04
2.012484960937500000e+04
2.021761914062500000e+04
2.036292968750000000e+04
2.085047070312500000e+04
2.204259765625000000e+04
2.342453515625000000e+04
2.359213476562500000e+04
2.295143945312500000e+04
2.293125195312500000e+04
2.293855078125000000e+04
2.343369140625000000e+04
2.391706640625000000e+04
2.481693164062500000e+04
2.579099023437500000e+04
2.637747656250000000e+04
2.672342773437500000e+04
2.632153710937500000e+04
2.602954687500000000e+04
2.516372460937500000e+04
2.399620312500000000e+04
2.307581445312500000e+04
2.168430859375000000e+04
2.068566015625000000e+04
2.031887304687500000e+04
2.033032421875000000e+04
2.029792968750000000e+04
2.063350781250000000e+04
2.102158203125000000e+04
2.207745703125000000e+04
2.321860546875000000e+04
2.368777343750000000e+04
2.346930468750000000e+04
2.384458984375000000e+04
2.371337695312500000e+04
2.427181250000000000e+04
2.511826757812500000e+04
2.609491601562500000e+04
2.706017578125000000e+04
2.757327148437500000e+04
2.778137109375000000e+04
2.728948242187500000e+04
2.649204882812500000e+04
2.540135156250000000e+04
2.409950195312500000e+04
2.334652148437500000e+04
2.192310937500000000e+04
2.103251757812500000e+04
2.073575000000000000e+04
2.036983593750000000e+04
2.041346484375000000e+04
2.048412304687500000e+04
2.075709179687500000e+04
2.114510351562500000e+04
2.153797460937500000e+04
2.129039648437500000e+04
2.154981054687500000e+04
2.158229101562500000e+04
2.187388085937500000e+04
2.244960937500000000e+04
2.324698632812500000e+04
2.422958789062500000e+04
2.542505273437500000e+04
2.633816210937500000e+04
2.689826171875000000e+04
2.652863867187500000e+04
2.589728515625000000e+04
2.490053515625000000e+04
2.360975390625000000e+04
2.282509179687500000e+04
2.153645703125000000e+04
2.081012304687500000e+04
2.038408789062500000e+04
2.021988085937500000e+04
2.013129296875000000e+04
2.026669921875000000e+04
2.048219531250000000e+04
2.083762500000000000e+04
2.091160742187500000e+04
2.033114062500000000e+04
2.062960937500000000e+04
2.075855859375000000e+04
2.107287109375000000e+04
2.158370898437500000e+04
2.194934375000000000e+04
2.248004492187500000e+04
2.313519726562500000e+04
2.459287890625000000e+04
2.542096093750000000e+04
2.503566796875000000e+04
2.497360351562500000e+04
2.373597265625000000e+04
2.277577929687500000e+04
2.203444531250000000e+04
2.078365625000000000e+04
2.025268750000000000e+04
2.034080664062500000e+04
2.044407617187500000e+04
2.049720312500000000e+04
2.084191796875000000e+04
2.133117187500000000e+04
2.220912890625000000e+04
2.344051757812500000e+04
2.397129101562500000e+04
2.373427148437500000e+04
2.348642187500000000e+04
2.365962890625000000e+04
2.371448242187500000e+04
2.419465429687500000e+04
2.435076953125000000e+04
2.489576953125000000e+04
2.507466601562500000e+04
2.535784960937500000e+04
2.553183398437500000e+04
2.546858398437500000e+04
2.453802539062500000e+04
2.363514648437500000e+04
2.274138085937500000e+04
2.142346875000000000e+04
2.051133203125000000e+04
2.002844531250000000e+04
1.986119726562500000e+04
1.996498632812500000e+04
2.028864843750000000e+04
2.091134960937500000e+04
2.216407031250000000e+04
2.346583789062500000e+04
2.388681054687500000e+04
2.300622656250000000e+04
2.257592187500000000e+04
2.270334765625000000e+04
2.263827929687500000e+04
2.307143359375000000e+04
2.395922656250000000e+04
2.500497851562500000e+04
2.564284960937500000e+04
2.615178320312500000e+04
2.596309960937500000e+04
2.618092773437500000e+04
2.476627929687500000e+04
2.378453515625000000e+04
2.291025976562500000e+04
2.118334375000000000e+04
2.028528710937500000e+04
2.023393750000000000e+04
2.022213867187500000e+04
2.045896679687500000e+04
2.066760156250000000e+04
2.123014843750000000e+04
2.227479492187500000e+04
2.358062304687500000e+04
2.374035156250000000e+04
2.368788085937500000e+04
2.359977343750000000e+04
2.369987109375000000e+04
2.432107617187500000e+04
2.495638671875000000e+04
2.564848437500000000e+04
2.613428515625000000e+04
2.620248632812500000e+04
2.656633593750000000e+04
2.611585546875000000e+04
2.600584570312500000e+04
2.486173828125000000e+04
2.391302539062500000e+04
2.295108593750000000e+04
2.145838867187500000e+04
2.054583789062500000e+04
2.037428125000000000e+04
2.057522851562500000e+04
2.095935156250000000e+04
2.120103710937500000e+04
2.176704492187500000e+04
2.270177148437500000e+04
2.400281054687500000e+04
2.416562304687500000e+04
2.378045898437500000e+04
2.362290429687500000e+04
2.449571484375000000e+04
2.470658984375000000e+04
2.543005078125000000e+04
2.641590820312500000e+04
2.685215625000000000e+04
2.684889648437500000e+04
2.671784960937500000e+04
2.635568945312500000e+04
2.616283398437500000e+04
2.491820117187500000e+04
2.378288281250000000e+04
2.286665429687500000e+04
2.128158203125000000e+04
2.047382226562500000e+04
2.038722265625000000e+04
2.044319726562500000e+04
2.053599218750000000e+04
2.088249609375000000e+04
2.147380859375000000e+04
2.240681445312500000e+04
2.313782421875000000e+04
2.376236718750000000e+04
2.338767382812500000e+04
2.377866601562500000e+04
2.354932226562500000e+04
2.408356445312500000e+04
2.439097656250000000e+04
2.553049609375000000e+04
2.537239648437500000e+04
2.559638476562500000e+04
2.576278710937500000e+04
2.558316015625000000e+04
2.520730468750000000e+04
2.409669140625000000e+04
2.331187109375000000e+04
2.247068359375000000e+04
2.137434375000000000e+04
2.057975390625000000e+04
2.051700976562500000e+04
2.034152929687500000e+04
2.052417968750000000e+04
2.062742382812500000e+04
2.098646679687500000e+04
2.130175781250000000e+04
2.184143359375000000e+04
2.166316210937500000e+04
2.201352539062500000e+04
2.162060937500000000e+04
2.230568554687500000e+04
2.201168945312500000e+04
2.266510742187500000e+04
2.295517578125000000e+04
2.386512304687500000e+04
2.418535156250000000e+04
2.507038671875000000e+04
2.421300976562500000e+04
2.474690039062500000e+04
2.325738671875000000e+04
2.268891601562500000e+04
2.237572265625000000e+04
2.125170312500000000e+04
2.104467187500000000e+04
2.114679101562500000e+04
2.100784765625000000e+04
2.106972070312500000e+04
2.109417773437500000e+04
2.123257812500000000e+04
2.147231054687500000e+04
2.184234960937500000e+04
2.176911718750000000e+04
2.239258984375000000e+04
2.214333398437500000e+04
2.249025000000000000e+04
2.292813085937500000e+04
2.321004492187500000e+04
2.368325195312500000e+04
2.395981835937500000e+04
2.451232421875000000e+04
2.540268554687500000e+04
2.464155078125000000e+04
2.513486523437500000e+04
2.345403515625000000e+04
2.283671679687500000e+04
2.216368359375000000e+04
2.105046875000000000e+04
2.056119531250000000e+04
2.102623437500000000e+04
2.114252343750000000e+04
2.116271289062500000e+04
2.127857812500000000e+04
2.154897265625000000e+04
2.237801953125000000e+04
2.345969140625000000e+04
2.370305859375000000e+04
2.411343945312500000e+04
2.355524218750000000e+04
2.357905859375000000e+04
2.370147851562500000e+04
2.421239257812500000e+04
2.446987500000000000e+04
2.447204882812500000e+04
2.465782421875000000e+04
2.526932421875000000e+04
2.487886523437500000e+04
2.516096484375000000e+04
2.402264453125000000e+04
2.341771289062500000e+04
2.243087695312500000e+04
2.099132812500000000e+04
2.012904882812500000e+04
2.000628906250000000e+04
2.003228906250000000e+04
2.030980078125000000e+04
2.059599804687500000e+04
2.104108984375000000e+04
2.216952343750000000e+04
2.342340429687500000e+04
2.374711132812500000e+04
2.282218750000000000e+04
2.248000195312500000e+04
2.221164648437500000e+04
2.284629882812500000e+04
2.305801953125000000e+04
2.377737109375000000e+04
2.470250781250000000e+04
2.471208789062500000e+04
2.552412500000000000e+04
2.539780078125000000e+04
2.551981250000000000e+04
2.429468945312500000e+04
2.342001562500000000e+04
2.234605859375000000e+04
2.094361132812500000e+04
1.996669531250000000e+04
1.991538867187500000e+04
2.001436523437500000e+04
1.993750195312500000e+04
2.051308203125000000e+04
2.077550976562500000e+04
2.178944726562500000e+04
2.336703710937500000e+04
2.342409375000000000e+04
2.282586523437500000e+04
2.250962500000000000e+04
2.250215820312500000e+04
2.307128125000000000e+04
2.372190429687500000e+04
2.462602929687500000e+04
2.549845898437500000e+04
2.605085742187500000e+04
2.651311914062500000e+04
2.620108398437500000e+04
2.609166210937500000e+04
2.482863671875000000e+04
2.375243945312500000e+04
2.271483398437500000e+04
2.106791796875000000e+04
2.023846875000000000e+04
2.012421289062500000e+04
2.018720312500000000e+04
2.019833398437500000e+04
2.052789843750000000e+04
2.109226367187500000e+04
2.210244140625000000e+04
2.335276953125000000e+04
2.351226562500000000e+04
2.308794726562500000e+04
2.268158007812500000e+04
2.327595507812500000e+04
2.395825781250000000e+04
2.511880468750000000e+04
2.597656640625000000e+04
2.708039843750000000e+04
2.791404101562500000e+04
2.814423632812500000e+04
2.786403515625000000e+04
2.695486132812500000e+04
2.553612500000000000e+04
2.428193945312500000e+04
2.321882031250000000e+04
2.152213476562500000e+04
2.051652734375000000e+04
2.011999804687500000e+04
2.017175390625000000e+04
2.011268750000000000e+04
2.050962890625000000e+04
2.106786718750000000e+04
2.186675390625000000e+04
2.324585546875000000e+04
2.319749023437500000e+04
2.295559570312500000e+04
2.339838671875000000e+04
2.359892968750000000e+04
2.424325781250000000e+04
2.474979687500000000e+04
2.592274414062500000e+04
2.692422656250000000e+04
2.773031835937500000e+04
2.785135351562500000e+04
2.705360546875000000e+04
2.617753515625000000e+04
2.479288867187500000e+04
2.376515820312500000e+04
2.297560937500000000e+04
2.154941210937500000e+04
2.053595117187500000e+04
2.029033007812500000e+04
2.016286132812500000e+04
2.027633789062500000e+04
2.048258593750000000e+04
2.073666796875000000e+04
2.117831640625000000e+04
2.153801562500000000e+04
2.130383984375000000e+04
2.115455468750000000e+04
2.145316015625000000e+04
2.130980859375000000e+04
2.185498046875000000e+04
2.260796093750000000e+04
2.321097265625000000e+04
2.405267773437500000e+04
2.425549218750000000e+04
2.523884179687500000e+04
2.466496484375000000e+04
2.463979101562500000e+04
2.324253125000000000e+04
2.252130468750000000e+04
2.188603125000000000e+04
2.105966796875000000e+04
2.040982812500000000e+04
2.034794726562500000e+04
2.020600585937500000e+04
2.017195898437500000e+04
2.030598828125000000e+04
2.050072656250000000e+04
2.064390429687500000e+04
2.083970507812500000e+04
2.081489453125000000e+04
2.084231054687500000e+04
2.093801367187500000e+04
2.070532812500000000e+04
2.094816210937500000e+04
2.154707617187500000e+04
2.209471679687500000e+04
2.299000390625000000e+04
2.384466992187500000e+04
2.456663671875000000e+04
2.417385546875000000e+04
2.403904101562500000e+04
2.229316406250000000e+04
2.242869140625000000e+04
2.176931640625000000e+04
2.093393945312500000e+04
2.031587304687500000e+04
2.055155468750000000e+04
2.060703320312500000e+04
2.052446093750000000e+04
2.077018750000000000e+04
2.124590039062500000e+04
2.216919140625000000e+04
2.294925781250000000e+04
2.310698046875000000e+04
2.324782812500000000e+04
2.349318750000000000e+04
2.396915625000000000e+04
2.472729687500000000e+04
2.502155078125000000e+04
2.506494335937500000e+04
2.533484960937500000e+04
2.505767968750000000e+04
2.470081054687500000e+04
2.543850390625000000e+04
2.541063671875000000e+04
2.420400585937500000e+04
2.336785742187500000e+04
2.234898437500000000e+04
2.087344140625000000e+04
2.004672460937500000e+04
1.996330078125000000e+04
2.003022656250000000e+04
2.019253906250000000e+04
2.042886914062500000e+04
2.101311914062500000e+04
2.205580859375000000e+04
2.324519140625000000e+04
2.362667187500000000e+04
2.290759179687500000e+04
2.302082421875000000e+04
2.270446875000000000e+04
2.325972460937500000e+04
2.340788085937500000e+04
2.428897460937500000e+04
2.506117187500000000e+04
2.557240234375000000e+04
2.600955859375000000e+04
2.618769726562500000e+04
2.583302148437500000e+04
2.446637500000000000e+04
2.350495507812500000e+04
2.240345312500000000e+04
2.081922460937500000e+04
2.002980859375000000e+04
2.002760546875000000e+04
2.009030078125000000e+04
2.030501757812500000e+04
2.054279687500000000e+04
2.108990429687500000e+04
2.189398046875000000e+04
2.333871484375000000e+04
2.357757617187500000e+04
2.267633203125000000e+04
2.281398046875000000e+04
2.238991210937500000e+04
2.301511328125000000e+04
2.373868945312500000e+04
2.479600976562500000e+04
2.574074804687500000e+04
2.624644140625000000e+04
2.665243164062500000e+04
2.640315234375000000e+04
2.615337304687500000e+04
2.441902734375000000e+04
2.342869531250000000e+04
2.258761718750000000e+04
2.099023242187500000e+04
2.027926367187500000e+04
2.068125390625000000e+04
2.081143750000000000e+04
2.087574804687500000e+04
2.097421093750000000e+04
2.141630664062500000e+04
2.220134960937500000e+04
2.348120117187500000e+04
2.353834179687500000e+04
2.315466992187500000e+04
2.309287304687500000e+04
2.316592578125000000e+04
2.353428320312500000e+04
2.426679296875000000e+04
2.485855859375000000e+04
2.562729492187500000e+04
2.612719726562500000e+04
2.638458593750000000e+04
2.614154296875000000e+04
2.589829101562500000e+04
2.465684375000000000e+04
2.367626367187500000e+04
2.259194921875000000e+04
2.119511132812500000e+04
2.027766796875000000e+04
2.002845117187500000e+04
1.998241015625000000e+04
2.016320507812500000e+04
2.043527343750000000e+04
2.110097265625000000e+04
2.209482031250000000e+04
2.329215820312500000e+04
2.361966210937500000e+04
2.303241015625000000e+04
2.315869531250000000e+04
2.259271484375000000e+04
2.305509375000000000e+04
2.374950976562500000e+04
2.498558789062500000e+04
2.552273046875000000e+04
2.604649218750000000e+04
2.604136523437500000e+04
2.566045312500000000e+04
2.533671289062500000e+04
2.395507226562500000e+04
2.332959960937500000e+04
2.239475195312500000e+04
2.122089062500000000e+04
2.033127929687500000e+04
2.003559570312500000e+04
1.991650390625000000e+04
2.007806640625000000e+04
2.033934765625000000e+04
2.096835156250000000e+04
2.193233984375000000e+04
2.315507617187500000e+04
2.354665820312500000e+04
2.298471289062500000e+04
2.299394531250000000e+04
2.245785742187500000e+04
2.295137695312500000e+04
2.374243945312500000e+04
2.499437109375000000e+04
2.555645312500000000e+04
2.603049804687500000e+04
2.600700976562500000e+04
2.550399804687500000e+04
2.515723437500000000e+04
2.380385351562500000e+04
2.319316601562500000e+04
2.229826953125000000e+04
2.121366601562500000e+04
2.032637695312500000e+04
1.912618359375000000e+04
1.960685156250000000e+04
1.920850195312500000e+04
1.983828125000000000e+04
2.013091015625000000e+04
2.063536132812500000e+04
2.081882226562500000e+04
2.042094921875000000e+04
2.017514257812500000e+04
1.964676171875000000e+04
2.002938281250000000e+04
2.034701367187500000e+04
2.110558789062500000e+04
2.192719531250000000e+04
2.307225000000000000e+04
2.402750390625000000e+04
2.461486328125000000e+04
2.449283593750000000e+04
2.342301171875000000e+04
2.286614843750000000e+04
2.211801171875000000e+04
2.129863476562500000e+04
2.038349609375000000e+04
1.983302343750000000e+04
1.977862890625000000e+04
1.989206250000000000e+04
2.004324609375000000e+04
2.029678515625000000e+04
2.092133398437500000e+04
2.212708203125000000e+04
2.305920507812500000e+04
2.283022656250000000e+04
2.230225195312500000e+04
2.170852343750000000e+04
2.158662695312500000e+04
2.235493164062500000e+04
2.363631054687500000e+04
2.478402734375000000e+04
2.585097656250000000e+04
2.617300585937500000e+04
2.588805273437500000e+04
2.618795898437500000e+04
2.453213476562500000e+04
2.414892968750000000e+04
2.314811132812500000e+04
2.227725781250000000e+04
2.096145312500000000e+04
2.092548046875000000e+04
2.106638867187500000e+04
2.126119921875000000e+04
2.121358007812500000e+04
2.112308593750000000e+04
2.164406445312500000e+04
2.291719726562500000e+04
2.373823437500000000e+04
2.332395312500000000e+04
2.312915039062500000e+04
2.329399609375000000e+04
2.329721093750000000e+04
2.406878906250000000e+04
2.396977734375000000e+04
2.495654882812500000e+04
2.531796093750000000e+04
2.543858398437500000e+04
2.560231054687500000e+04
2.571896484375000000e+04
2.448263085937500000e+04
2.391827929687500000e+04
2.307195312500000000e+04
2.198982421875000000e+04
2.060305859375000000e+04
1.988423828125000000e+04
1.978415820312500000e+04
1.976497070312500000e+04
2.013767578125000000e+04
2.034832617187500000e+04
2.100686718750000000e+04
2.226296289062500000e+04
2.324276171875000000e+04
2.294891015625000000e+04
2.274722070312500000e+04
2.218282617187500000e+04
2.285433789062500000e+04
2.334462890625000000e+04
2.423645507812500000e+04
2.509766992187500000e+04
2.596555664062500000e+04
2.640707617187500000e+04
2.621120312500000000e+04
2.610574023437500000e+04
2.469154296875000000e+04
2.397993750000000000e+04
2.303516992187500000e+04
2.215715625000000000e+04
2.079095898437500000e+04
2.009448046875000000e+04
1.999384960937500000e+04
2.006956835937500000e+04
2.019161523437500000e+04
2.050401757812500000e+04
2.098966992187500000e+04
2.198921484375000000e+04
2.255855273437500000e+04
2.240004101562500000e+04
2.249019335937500000e+04
2.279807617187500000e+04
2.329473828125000000e+04
2.407188671875000000e+04
2.513493945312500000e+04
2.616214843750000000e+04
2.705620898437500000e+04
2.765868945312500000e+04
2.683884570312500000e+04
2.667692187500000000e+04
2.511147070312500000e+04
2.426474414062500000e+04
2.327844531250000000e+04
2.231378710937500000e+04
2.097212109375000000e+04
2.019468945312500000e+04
1.996781640625000000e+04
1.995391015625000000e+04
2.019418945312500000e+04
2.048031054687500000e+04
2.116424804687500000e+04
2.220730859375000000e+04
2.292689062500000000e+04
2.287846093750000000e+04
2.321999023437500000e+04
2.371204687500000000e+04
2.460371875000000000e+04
2.534808203125000000e+04
2.647472851562500000e+04
2.774723632812500000e+04
2.871310351562500000e+04
2.919792578125000000e+04
2.757138476562500000e+04
2.720216992187500000e+04
2.521216796875000000e+04
2.434429492187500000e+04
2.325061914062500000e+04
2.253852734375000000e+04
2.120344335937500000e+04
2.035716601562500000e+04
2.004703125000000000e+04
2.003014843750000000e+04
2.011566015625000000e+04
2.032069531250000000e+04
2.067323242187500000e+04
2.116980468750000000e+04
2.130592968750000000e+04
2.092053125000000000e+04
2.115675976562500000e+04
2.147892187500000000e+04
2.204154101562500000e+04
2.269857226562500000e+04
2.349008984375000000e+04
2.445644921875000000e+04
2.538386718750000000e+04
2.670897460937500000e+04
2.588366210937500000e+04
2.581999414062500000e+04
2.404317578125000000e+04
2.315901953125000000e+04
2.231645117187500000e+04
2.181234375000000000e+04
2.083730664062500000e+04
2.026943945312500000e+04
2.009981445312500000e+04
2.004255664062500000e+04
2.000582812500000000e+04
2.015522656250000000e+04
2.041090429687500000e+04
2.079969726562500000e+04
2.075963085937500000e+04
2.051401562500000000e+04
2.064411132812500000e+04
2.079188085937500000e+04
2.146236523437500000e+04
2.192932421875000000e+04
2.278483398437500000e+04
2.382290234375000000e+04
2.491594921875000000e+04
2.581959179687500000e+04
2.567579687500000000e+04
2.585875000000000000e+04
2.412838281250000000e+04
2.337569335937500000e+04
2.240496484375000000e+04
2.173074023437500000e+04
2.054710351562500000e+04
2.005256054687500000e+04
2.007630078125000000e+04
2.018331250000000000e+04
2.033471875000000000e+04
2.058926171875000000e+04
2.087704101562500000e+04
2.219287304687500000e+04
2.304069531250000000e+04
2.287894531250000000e+04
2.322524023437500000e+04
2.367456445312500000e+04
2.450142578125000000e+04
2.503525390625000000e+04
2.572974218750000000e+04
2.659932617187500000e+04
2.708720312500000000e+04
2.701192773437500000e+04
2.626724023437500000e+04
2.643560351562500000e+04
2.479816015625000000e+04
2.420300976562500000e+04
2.313223828125000000e+04
2.209961328125000000e+04
2.073330664062500000e+04
1.987046875000000000e+04
1.993235351562500000e+04
2.007414257812500000e+04
2.028362890625000000e+04
2.047771289062500000e+04
2.111922851562500000e+04
2.228259960937500000e+04
2.330550195312500000e+04
2.312781445312500000e+04
2.321830664062500000e+04
2.307714062500000000e+04
2.306643359375000000e+04
2.339189453125000000e+04
2.404761523437500000e+04
2.489800390625000000e+04
2.555806445312500000e+04
2.581859179687500000e+04
2.581289257812500000e+04
2.598329101562500000e+04
2.444049609375000000e+04
2.396727539062500000e+04
2.294346679687500000e+04
2.214221875000000000e+04
2.070022460937500000e+04
1.993355859375000000e+04
1.994642382812500000e+04
1.996983007812500000e+04
2.000702929687500000e+04
2.030991992187500000e+04
2.102761914062500000e+04
2.204419335937500000e+04
2.317570898437500000e+04
2.305639648437500000e+04
2.273058203125000000e+04
2.237783007812500000e+04
2.223363671875000000e+04
2.277527734375000000e+04
2.318498632812500000e+04
2.427788867187500000e+04
2.537897460937500000e+04
2.586198046875000000e+04
2.599509765625000000e+04
2.608916015625000000e+04
2.469394335937500000e+04
2.406917578125000000e+04
2.318504296875000000e+04
2.226190234375000000e+04
2.086667578125000000e+04
1.999755078125000000e+04
1.978379296875000000e+04
1.973371289062500000e+04
1.993305078125000000e+04
2.022253710937500000e+04
2.088472070312500000e+04
2.205466210937500000e+04
2.324694140625000000e+04
2.316005664062500000e+04
2.308633984375000000e+04
2.303715820312500000e+04
2.299594531250000000e+04
2.358359179687500000e+04
2.442383789062500000e+04
2.553824609375000000e+04
2.580060351562500000e+04
2.567328125000000000e+04
2.564732617187500000e+04
2.590568554687500000e+04
2.444039843750000000e+04
2.401423046875000000e+04
2.296790429687500000e+04
2.216148828125000000e+04
2.072649609375000000e+04
2.000240429687500000e+04
1.986311132812500000e+04
1.990178320312500000e+04
2.006469335937500000e+04
2.027700390625000000e+04
2.091394140625000000e+04
2.209729687500000000e+04
2.335980468750000000e+04
2.322297851562500000e+04
2.327148632812500000e+04
2.317401367187500000e+04
2.299908789062500000e+04
2.345268164062500000e+04
2.435700976562500000e+04
2.514083007812500000e+04
2.540032421875000000e+04
2.542417382812500000e+04
2.547987304687500000e+04
2.555651757812500000e+04
2.396070507812500000e+04
2.358947656250000000e+04
2.269622460937500000e+04
2.208438281250000000e+04
2.097272851562500000e+04
2.013473632812500000e+04
1.992590039062500000e+04
1.979946289062500000e+04
1.991541015625000000e+04
2.015706835937500000e+04
2.050081640625000000e+04
2.115416210937500000e+04
2.158824218750000000e+04
2.116915039062500000e+04
2.103744531250000000e+04
2.043347070312500000e+04
2.051818164062500000e+04
2.091656640625000000e+04
2.146979101562500000e+04
2.255066601562500000e+04
2.339349414062500000e+04
2.407505078125000000e+04
2.498253125000000000e+04
2.457927734375000000e+04
2.331078320312500000e+04
2.285710742187500000e+04
2.218104492187500000e+04
2.167475585937500000e+04
2.073220312500000000e+04
2.008585742187500000e+04
1.999072656250000000e+04
1.989386132812500000e+04
1.994289648437500000e+04
2.005890625000000000e+04
2.036364257812500000e+04
2.078154882812500000e+04
2.099825000000000000e+04
2.018106445312500000e+04
2.012009765625000000e+04
1.989065820312500000e+04
2.037858007812500000e+04
2.084095507812500000e+04
2.142597070312500000e+04
2.227889648437500000e+04
2.335008984375000000e+04
2.438678906250000000e+04
2.498842968750000000e+04
2.471667382812500000e+04
2.367910546875000000e+04
2.310829882812500000e+04
2.236070898437500000e+04
2.173201757812500000e+04
2.072601562500000000e+04
2.008414843750000000e+04
1.990707031250000000e+04
1.988669335937500000e+04
1.999287695312500000e+04
2.028052148437500000e+04
2.086918554687500000e+04
2.203342968750000000e+04
2.300810937500000000e+04
2.294776757812500000e+04
2.308339453125000000e+04
2.306581640625000000e+04
2.335309570312500000e+04
2.381949804687500000e+04
2.437474609375000000e+04
2.549674023437500000e+04
2.585349804687500000e+04
2.617971875000000000e+04
2.571915429687500000e+04
2.613261914062500000e+04
2.474432421875000000e+04
2.409586328125000000e+04
2.319159960937500000e+04
2.247287304687500000e+04
2.119540820312500000e+04
2.037076367187500000e+04
2.004539257812500000e+04
1.984930273437500000e+04
2.000091015625000000e+04
2.040034765625000000e+04
2.099445703125000000e+04
2.205290039062500000e+04
2.299561523437500000e+04
2.275062109375000000e+04
2.240525976562500000e+04
2.203243554687500000e+04
2.244215429687500000e+04
2.288007031250000000e+04
2.351105664062500000e+04
2.421370117187500000e+04
2.512231640625000000e+04
2.528111718750000000e+04
2.560882421875000000e+04
2.575467773437500000e+04
2.442618359375000000e+04
2.398504882812500000e+04
2.320062890625000000e+04
2.250701562500000000e+04
2.127695312500000000e+04
2.030136132812500000e+04
2.003695117187500000e+04
1.991356835937500000e+04
2.008456640625000000e+04
2.036577148437500000e+04
2.107565820312500000e+04
2.205069726562500000e+04
2.296687304687500000e+04
2.273200976562500000e+04
2.235677734375000000e+04
2.198459570312500000e+04
2.202417968750000000e+04
2.245002929687500000e+04
2.310364843750000000e+04
2.408836718750000000e+04
2.496631835937500000e+04
2.559331640625000000e+04
2.571882812500000000e+04
2.557152929687500000e+04
2.435348242187500000e+04
2.386123828125000000e+04
2.317575976562500000e+04
2.243978515625000000e+04
2.121697460937500000e+04
2.031473632812500000e+04
1.994211132812500000e+04
1.978714062500000000e+04
1.969314843750000000e+04
1.989859765625000000e+04
