2.803168164062500000e+04
2.963503320312500000e+04
3.080067773437500000e+04
3.183407226562500000e+04
3.290874218750000000e+04
3.387960937500000000e+04
3.463471484375000000e+04
3.513924609375000000e+04
3.489667968750000000e+04
3.300916406250000000e+04
3.020401757812500000e+04
2.761749218750000000e+04
2.462253515625000000e+04
2.276418554687500000e+04
2.168714062500000000e+04
2.105919726562500000e+04
2.060494726562500000e+04
2.074631835937500000e+04
2.296765820312500000e+04
2.432815039062500000e+04
2.458718164062500000e+04
2.395039453125000000e+04
2.378233789062500000e+04
2.580931250000000000e+04
2.822082421875000000e+04
3.021597656250000000e+04
3.119150195312500000e+04
3.238685156250000000e+04
3.331650781250000000e+04
3.390532812500000000e+04
3.443409765625000000e+04
3.487865234375000000e+04
3.435847656250000000e+04
3.242333593750000000e+04
2.939639648437500000e+04
2.685340625000000000e+04
2.430357812500000000e+04
2.276391796875000000e+04
2.182283593750000000e+04
2.123105078125000000e+04
2.080404687500000000e+04
2.083139453125000000e+04
2.237955664062500000e+04
2.337408203125000000e+04
2.319164843750000000e+04
2.270283398437500000e+04
2.292379687500000000e+04
2.418293359375000000e+04
2.632875585937500000e+04
2.826712304687500000e+04
2.973878710937500000e+04
3.054183593750000000e+04
3.143577148437500000e+04
3.200053710937500000e+04
3.264101171875000000e+04
3.307380468750000000e+04
3.289855468750000000e+04
3.132584375000000000e+04
2.943810351562500000e+04
2.731735937500000000e+04
2.415798046875000000e+04
2.239497265625000000e+04
2.144308593750000000e+04
2.088944335937500000e+04
2.049763867187500000e+04
2.028139062500000000e+04
2.101676562500000000e+04
2.183032421875000000e+04
2.110247851562500000e+04
2.010476171875000000e+04
2.037637695312500000e+04
2.152566796875000000e+04
2.383198828125000000e+04
2.636293554687500000e+04
2.807842968750000000e+04
2.896440039062500000e+04
2.990602343750000000e+04
3.064323242187500000e+04
3.090280664062500000e+04
3.150371679687500000e+04
3.144001562500000000e+04
3.007608007812500000e+04
2.852585742187500000e+04
2.698457226562500000e+04
2.464994726562500000e+04
2.241248828125000000e+04
2.123666992187500000e+04
2.064724609375000000e+04
2.040034570312500000e+04
2.020521875000000000e+04
2.050909179687500000e+04
2.132903710937500000e+04
2.106766992187500000e+04
2.088263671875000000e+04
2.121199023437500000e+04
2.274983398437500000e+04
2.520868945312500000e+04
2.755529101562500000e+04
2.897787109375000000e+04
2.986794921875000000e+04
3.070525585937500000e+04
3.168368750000000000e+04
3.247698437500000000e+04
3.304357812500000000e+04
3.292459375000000000e+04
3.141010937500000000e+04
2.979090625000000000e+04
2.820042187500000000e+04
2.476744140625000000e+04
2.226680859375000000e+04
2.123551757812500000e+04
2.083545117187500000e+04
2.059493750000000000e+04
2.037567187500000000e+04
2.144612890625000000e+04
2.338224414062500000e+04
2.378310546875000000e+04
2.308608007812500000e+04
2.345998046875000000e+04
2.558119921875000000e+04
2.779728515625000000e+04
2.908930273437500000e+04
3.011361132812500000e+04
3.096651953125000000e+04
3.209889648437500000e+04
3.312508203125000000e+04
3.389305859375000000e+04
3.449008203125000000e+04
3.440448437500000000e+04
3.275668945312500000e+04
3.054229882812500000e+04
2.818293945312500000e+04
2.476444531250000000e+04
2.260692773437500000e+04
2.167161328125000000e+04
2.113122070312500000e+04
2.073986914062500000e+04
2.059205078125000000e+04
2.225010937500000000e+04
2.410346289062500000e+04
2.444192578125000000e+04
2.412327343750000000e+04
2.404832812500000000e+04
2.568460156250000000e+04
2.830864648437500000e+04
2.998432421875000000e+04
3.093100390625000000e+04
3.189199218750000000e+04
3.286397656250000000e+04
3.356559765625000000e+04
3.433935156250000000e+04
3.500289062500000000e+04
3.489512500000000000e+04
3.300654296875000000e+04
3.016202539062500000e+04
2.752699023437500000e+04
2.469618945312500000e+04
2.280408789062500000e+04
2.185454687500000000e+04
2.126449023437500000e+04
2.083053320312500000e+04
2.080138867187500000e+04
2.292663476562500000e+04
2.469204687500000000e+04
2.512405664062500000e+04
2.506118945312500000e+04
2.509968945312500000e+04
2.728859179687500000e+04
2.971423242187500000e+04
3.123201562500000000e+04
3.262593164062500000e+04
3.397895703125000000e+04
3.529114843750000000e+04
3.592786328125000000e+04
3.602000781250000000e+04
3.646147656250000000e+04
3.602164453125000000e+04
3.381810937500000000e+04
3.089074609375000000e+04
2.861859570312500000e+04
2.615849609375000000e+04
2.404472656250000000e+04
2.273030078125000000e+04
2.195552929687500000e+04
2.166511328125000000e+04
2.253272460937500000e+04
2.435017968750000000e+04
2.549673828125000000e+04
2.602539453125000000e+04
2.653397656250000000e+04
2.749871875000000000e+04
2.933170898437500000e+04
3.137733789062500000e+04
3.303152343750000000e+04
3.451859765625000000e+04
3.611982421875000000e+04
3.700907031250000000e+04
3.719362500000000000e+04
3.672221484375000000e+04
3.704654687500000000e+04
3.628806640625000000e+04
3.348302343750000000e+04
3.043566210937500000e+04
2.866572070312500000e+04
2.689565039062500000e+04
2.483273632812500000e+04
2.332345507812500000e+04
2.243562500000000000e+04
2.215134375000000000e+04
2.264395507812500000e+04
2.413882226562500000e+04
2.471632812500000000e+04
2.473892578125000000e+04
2.488954296875000000e+04
2.580962109375000000e+04
2.760739453125000000e+04
3.016239843750000000e+04
3.201356054687500000e+04
3.308750390625000000e+04
3.431898046875000000e+04
3.514790234375000000e+04
3.559216796875000000e+04
3.548501562500000000e+04
3.578570312500000000e+04
3.554703125000000000e+04
3.345150000000000000e+04
3.049945507812500000e+04
2.824146875000000000e+04
2.599210742187500000e+04
2.417385351562500000e+04
2.285305468750000000e+04
2.201205468750000000e+04
2.154792578125000000e+04
2.200746875000000000e+04
2.336495507812500000e+04
2.388503320312500000e+04
2.361469726562500000e+04
2.344318359375000000e+04
2.362746484375000000e+04
2.521399414062500000e+04
2.845767382812500000e+04
3.050978906250000000e+04
3.152871484375000000e+04
3.225425390625000000e+04
3.297273046875000000e+04
3.368198828125000000e+04
3.409655468750000000e+04
3.473453515625000000e+04
3.442057812500000000e+04
3.273130664062500000e+04
3.006903125000000000e+04
2.734843750000000000e+04
2.466508789062500000e+04
2.292730078125000000e+04
2.197112304687500000e+04
2.139075976562500000e+04
2.096872265625000000e+04
2.112580078125000000e+04
2.308074414062500000e+04
2.445684179687500000e+04
2.519878125000000000e+04
2.563064257812500000e+04
2.582591015625000000e+04
2.699692773437500000e+04
2.895451757812500000e+04
3.037638476562500000e+04
3.164502343750000000e+04
3.255398046875000000e+04
3.359598437500000000e+04
3.428598046875000000e+04
3.481244531250000000e+04
3.540480078125000000e+04
3.484141015625000000e+04
3.230151562500000000e+04
2.934751171875000000e+04
2.702992382812500000e+04
2.473412695312500000e+04
2.306257421875000000e+04
2.212183593750000000e+04
2.144807226562500000e+04
2.104241796875000000e+04
2.151898437500000000e+04
2.381707031250000000e+04
2.504469531250000000e+04
2.541822070312500000e+04
2.582980664062500000e+04
2.591463476562500000e+04
2.695346289062500000e+04
2.847766210937500000e+04
2.982395898437500000e+04
3.115347265625000000e+04
3.219072070312500000e+04
3.313184375000000000e+04
3.397141796875000000e+04
3.445495703125000000e+04
3.505428125000000000e+04
3.455379296875000000e+04
3.193943945312500000e+04
2.915162695312500000e+04
2.704575000000000000e+04
2.492401953125000000e+04
2.313175976562500000e+04
2.206408593750000000e+04
2.143773242187500000e+04
2.098415429687500000e+04
2.163594921875000000e+04
2.385013671875000000e+04
2.508878125000000000e+04
2.550534960937500000e+04
2.562373828125000000e+04
2.543564453125000000e+04
2.658802343750000000e+04
2.847592382812500000e+04
2.993712890625000000e+04
3.113648046875000000e+04
3.220628906250000000e+04
3.310197265625000000e+04
3.365983203125000000e+04
3.413599218750000000e+04
3.458512109375000000e+04
3.399864843750000000e+04
3.164078710937500000e+04
2.893876171875000000e+04
2.686549804687500000e+04
2.458200195312500000e+04
2.287986523437500000e+04
2.194514648437500000e+04
2.126686718750000000e+04
2.087862695312500000e+04
2.158964843750000000e+04
2.375958398437500000e+04
2.488386132812500000e+04
2.532808203125000000e+04
2.511795117187500000e+04
2.473723437500000000e+04
2.588428320312500000e+04
2.804579687500000000e+04
2.962279296875000000e+04
3.063747656250000000e+04
3.162061132812500000e+04
3.252953515625000000e+04
3.338118750000000000e+04
3.404662500000000000e+04
3.456079296875000000e+04
3.410339062500000000e+04
3.187828515625000000e+04
2.912298632812500000e+04
2.693556250000000000e+04
2.435508007812500000e+04
2.264061328125000000e+04
2.169435156250000000e+04
2.104501757812500000e+04
2.062841796875000000e+04
2.072207812500000000e+04
2.287976757812500000e+04
2.444603710937500000e+04
2.465279101562500000e+04
2.395542578125000000e+04
2.392553515625000000e+04
2.541876757812500000e+04
2.791075195312500000e+04
2.959087304687500000e+04
3.062880078125000000e+04
3.158775585937500000e+04
3.246854296875000000e+04
3.331225390625000000e+04
3.397019140625000000e+04
3.456574609375000000e+04
3.428447265625000000e+04
3.225310351562500000e+04
2.963562304687500000e+04
2.727865234375000000e+04
2.444250195312500000e+04
2.268828906250000000e+04
2.171496679687500000e+04
2.110501757812500000e+04
2.065298437500000000e+04
2.053776171875000000e+04
2.215272460937500000e+04
2.318138085937500000e+04
2.300504101562500000e+04
2.216032226562500000e+04
2.197319921875000000e+04
2.358281054687500000e+04
2.693402539062500000e+04
2.928051562500000000e+04
3.032598242187500000e+04
3.127088867187500000e+04
3.239698828125000000e+04
3.325437890625000000e+04
3.389995703125000000e+04
3.413884765625000000e+04
3.357889453125000000e+04
3.208184765625000000e+04
3.023956445312500000e+04
2.791862500000000000e+04
2.488893554687500000e+04
2.294709570312500000e+04
2.202161718750000000e+04
2.139600195312500000e+04
2.095621875000000000e+04
2.099542773437500000e+04
2.243925390625000000e+04
2.321006445312500000e+04
2.292125781250000000e+04
2.265082617187500000e+04
2.286851757812500000e+04
2.448153125000000000e+04
2.740524804687500000e+04
2.903475390625000000e+04
3.065446093750000000e+04
3.190354492187500000e+04
3.281883984375000000e+04
3.378283984375000000e+04
3.384980078125000000e+04
3.398350390625000000e+04
3.363812109375000000e+04
3.237898242187500000e+04
3.060217773437500000e+04
2.832158593750000000e+04
2.518490039062500000e+04
2.312147070312500000e+04
2.210594921875000000e+04
2.146701367187500000e+04
2.108841406250000000e+04
2.161367773437500000e+04
2.366347070312500000e+04
2.493282617187500000e+04
2.549578515625000000e+04
2.613807812500000000e+04
2.629750781250000000e+04
2.743156250000000000e+04
2.957996679687500000e+04
3.117886328125000000e+04
3.252340039062500000e+04
3.404525781250000000e+04
3.549445703125000000e+04
3.639905078125000000e+04
3.606125000000000000e+04
3.635331640625000000e+04
3.585050000000000000e+04
3.325253125000000000e+04
3.023207812500000000e+04
2.799567578125000000e+04
2.556880664062500000e+04
2.351569726562500000e+04
2.238593945312500000e+04
2.160396875000000000e+04
2.166122070312500000e+04
2.248684570312500000e+04
2.406975000000000000e+04
2.522478320312500000e+04
2.562161328125000000e+04
2.590038476562500000e+04
2.586918359375000000e+04
2.717794921875000000e+04
2.886665625000000000e+04
3.047583984375000000e+04
3.203241015625000000e+04
3.311662890625000000e+04
3.433933593750000000e+04
3.542838671875000000e+04
3.558924609375000000e+04
3.601782812500000000e+04
3.571479296875000000e+04
3.347721093750000000e+04
3.046941796875000000e+04
2.815403320312500000e+04
2.563241210937500000e+04
2.362437109375000000e+04
2.236528906250000000e+04
2.165619335937500000e+04
2.138798632812500000e+04
2.228306835937500000e+04
2.407732031250000000e+04
2.535301367187500000e+04
2.576941210937500000e+04
2.582864843750000000e+04
2.582443554687500000e+04
2.711019726562500000e+04
2.935898437500000000e+04
3.078449414062500000e+04
3.214102929687500000e+04
3.337007812500000000e+04
3.445987500000000000e+04
3.520592578125000000e+04
3.543891015625000000e+04
3.594585937500000000e+04
3.547975390625000000e+04
3.315508203125000000e+04
3.030638867187500000e+04
2.812282617187500000e+04
2.564048242187500000e+04
2.369074609375000000e+04
2.236827734375000000e+04
2.168925000000000000e+04
2.153813085937500000e+04
2.254882421875000000e+04
2.415252929687500000e+04
2.533321679687500000e+04
2.577516601562500000e+04
2.593147851562500000e+04
2.609909375000000000e+04
2.710218750000000000e+04
2.895624804687500000e+04
3.026555664062500000e+04
3.140450000000000000e+04
3.265725781250000000e+04
3.387778125000000000e+04
3.484340625000000000e+04
3.506385937500000000e+04
3.542069140625000000e+04
3.443567968750000000e+04
3.171106054687500000e+04
2.910080468750000000e+04
2.701475976562500000e+04
2.484695507812500000e+04
2.311239843750000000e+04
2.204863281250000000e+04
2.136729492187500000e+04
2.113941210937500000e+04
2.210781250000000000e+04
2.388864648437500000e+04
2.506636718750000000e+04
2.542219531250000000e+04
2.560435351562500000e+04
2.547378710937500000e+04
2.653015429687500000e+04
2.869391015625000000e+04
3.017310937500000000e+04
3.163604882812500000e+04
3.286405078125000000e+04
3.395925781250000000e+04
3.477978906250000000e+04
3.495273828125000000e+04
3.546604687500000000e+04
3.485605468750000000e+04
3.240669921875000000e+04
2.946485156250000000e+04
2.703427734375000000e+04
2.470079296875000000e+04
2.309589062500000000e+04
2.204274804687500000e+04
2.138333984375000000e+04
2.099628710937500000e+04
2.155265625000000000e+04
2.326504882812500000e+04
2.392112890625000000e+04
2.379193554687500000e+04
2.346126367187500000e+04
2.327320312500000000e+04
2.416283398437500000e+04
2.642227929687500000e+04
2.884547851562500000e+04
2.989931835937500000e+04
3.058625000000000000e+04
3.136069140625000000e+04
3.201273828125000000e+04
3.258976562500000000e+04
3.291085546875000000e+04
3.238907617187500000e+04
3.089641601562500000e+04
2.904611132812500000e+04
2.695365234375000000e+04
2.448766406250000000e+04
2.274528515625000000e+04
2.184666015625000000e+04
2.124018554687500000e+04
2.087924414062500000e+04
2.093838671875000000e+04
2.207119921875000000e+04
2.261333398437500000e+04
2.209771484375000000e+04
2.144609765625000000e+04
2.128739843750000000e+04
2.226467187500000000e+04
2.470308593750000000e+04
2.716634570312500000e+04
2.864863671875000000e+04
2.969123632812500000e+04
3.098057226562500000e+04
3.144889062500000000e+04
3.186114453125000000e+04
3.212552539062500000e+04
3.159772460937500000e+04
3.042776367187500000e+04
2.934905078125000000e+04
2.765989257812500000e+04
2.458858398437500000e+04
2.243515429687500000e+04
2.160010351562500000e+04
2.109899804687500000e+04
2.084555859375000000e+04
2.095492578125000000e+04
2.272481445312500000e+04
2.422806250000000000e+04
2.497575585937500000e+04
2.534928906250000000e+04
2.589066992187500000e+04
2.642447851562500000e+04
2.721174609375000000e+04
2.778724609375000000e+04
2.899009375000000000e+04
3.003785156250000000e+04
3.068813867187500000e+04
3.149017773437500000e+04
3.200733593750000000e+04
3.223341210937500000e+04
3.137055859375000000e+04
2.898670117187500000e+04
2.713908593750000000e+04
2.544388281250000000e+04
2.356251171875000000e+04
2.219443554687500000e+04
2.151363476562500000e+04
2.106452148437500000e+04
2.079302734375000000e+04
2.120014648437500000e+04
2.313313671875000000e+04
2.436328515625000000e+04
2.479144921875000000e+04
2.437844531250000000e+04
2.457490429687500000e+04
2.612341601562500000e+04
2.852060156250000000e+04
3.026916015625000000e+04
3.130628515625000000e+04
3.240731445312500000e+04
3.374435156250000000e+04
3.472757812500000000e+04
3.533356640625000000e+04
3.595276562500000000e+04
3.538521093750000000e+04
3.310568750000000000e+04
3.036420507812500000e+04
2.784150000000000000e+04
2.500368554687500000e+04
2.304692187500000000e+04
2.197085742187500000e+04
2.132475976562500000e+04
2.091669531250000000e+04
2.146885742187500000e+04
2.354061328125000000e+04
2.474781835937500000e+04
2.528163476562500000e+04
2.558845117187500000e+04
2.534274218750000000e+04
2.701929882812500000e+04
2.929672070312500000e+04
3.088036328125000000e+04
3.265494531250000000e+04
3.362608593750000000e+04
3.495323828125000000e+04
3.584974609375000000e+04
3.597269140625000000e+04
3.631139062500000000e+04
3.561145703125000000e+04
3.312008203125000000e+04
3.035139843750000000e+04
2.801584179687500000e+04
2.547506054687500000e+04
2.345612695312500000e+04
2.215955078125000000e+04
2.142093164062500000e+04
2.119089648437500000e+04
2.218764843750000000e+04
2.383485351562500000e+04
2.498315234375000000e+04
2.543227539062500000e+04
2.552367968750000000e+04
2.545664648437500000e+04
2.712402929687500000e+04
2.966940234375000000e+04
3.130965820312500000e+04
3.284339453125000000e+04
3.423024218750000000e+04
3.566576953125000000e+04
3.643543750000000000e+04
3.608769531250000000e+04
3.604817578125000000e+04
3.517840625000000000e+04
3.288063281250000000e+04
3.025725976562500000e+04
2.798265234375000000e+04
2.552821289062500000e+04
2.355415625000000000e+04
2.241180859375000000e+04
2.181862109375000000e+04
2.201833984375000000e+04
2.272234570312500000e+04
2.413781835937500000e+04
2.513044531250000000e+04
2.568424414062500000e+04
2.593022070312500000e+04
2.622453906250000000e+04
2.715913671875000000e+04
2.887209960937500000e+04
3.045796679687500000e+04
3.179853906250000000e+04
3.323698437500000000e+04
3.473372265625000000e+04
3.546058593750000000e+04
3.512077343750000000e+04
3.498835937500000000e+04
3.387775000000000000e+04
3.148116406250000000e+04
2.916589843750000000e+04
2.716443554687500000e+04
2.508548437500000000e+04
2.347661328125000000e+04
2.246797265625000000e+04
2.205230078125000000e+04
2.245408398437500000e+04
2.326357226562500000e+04
2.375668750000000000e+04
2.408351562500000000e+04
2.398283789062500000e+04
2.342978320312500000e+04
2.256875390625000000e+04
2.311033789062500000e+04
2.610754882812500000e+04
2.865482617187500000e+04
3.013352343750000000e+04
3.093776757812500000e+04
3.201208007812500000e+04
3.272171875000000000e+04
3.339969921875000000e+04
3.388953125000000000e+04
3.351318750000000000e+04
3.181908007812500000e+04
2.966081250000000000e+04
2.697483007812500000e+04
2.401642968750000000e+04
2.240833789062500000e+04
2.144842773437500000e+04
2.087322460937500000e+04
2.043508789062500000e+04
2.052775781250000000e+04
2.204593359375000000e+04
2.259993554687500000e+04
2.200964062500000000e+04
2.077474023437500000e+04
2.058503906250000000e+04
2.182477734375000000e+04
2.461935742187500000e+04
2.787276171875000000e+04
2.931096484375000000e+04
3.077410742187500000e+04
3.157184960937500000e+04
3.260336914062500000e+04
3.311695703125000000e+04
3.377468750000000000e+04
3.350123437500000000e+04
3.176157812500000000e+04
3.023320703125000000e+04
2.829392578125000000e+04
2.437685937500000000e+04
2.220837500000000000e+04
2.128020898437500000e+04
2.081834375000000000e+04
2.043123046875000000e+04
2.038979296875000000e+04
2.218287500000000000e+04
2.373069531250000000e+04
2.450483398437500000e+04
2.388770898437500000e+04
2.381661914062500000e+04
2.582646484375000000e+04
2.875875585937500000e+04
3.065664062500000000e+04
3.193241992187500000e+04
3.335892187500000000e+04
3.468632031250000000e+04
3.580624218750000000e+04
3.607581640625000000e+04
3.660580468750000000e+04
3.603419921875000000e+04
3.397339062500000000e+04
3.133058789062500000e+04
2.822067187500000000e+04
2.497255078125000000e+04
2.300075390625000000e+04
2.193671093750000000e+04
2.118624804687500000e+04
2.080968359375000000e+04
2.139674609375000000e+04
2.335863476562500000e+04
2.452667578125000000e+04
2.504385937500000000e+04
2.487528906250000000e+04
2.465598632812500000e+04
2.681836328125000000e+04
2.944077929687500000e+04
3.110925000000000000e+04
3.256629492187500000e+04
3.413921484375000000e+04
3.559935156250000000e+04
3.651309375000000000e+04
3.637515234375000000e+04
3.690407421875000000e+04
3.638379687500000000e+04
3.414212109375000000e+04
3.132680273437500000e+04
2.837131250000000000e+04
2.538440429687500000e+04
2.333683203125000000e+04
2.215930468750000000e+04
2.140917578125000000e+04
2.107477148437500000e+04
2.180750781250000000e+04
2.352824609375000000e+04
2.479954687500000000e+04
2.545086132812500000e+04
2.528406445312500000e+04
2.504947460937500000e+04
2.726168164062500000e+04
2.993134179687500000e+04
3.143703125000000000e+04
3.277192187500000000e+04
3.419623437500000000e+04
3.529664453125000000e+04
3.600913671875000000e+04
3.614974609375000000e+04
3.669073828125000000e+04
3.609389453125000000e+04
3.353793750000000000e+04
3.045915429687500000e+04
2.762598828125000000e+04
2.493908593750000000e+04
2.302870898437500000e+04
2.196968750000000000e+04
2.122698632812500000e+04
2.093032617187500000e+04
2.184360937500000000e+04
2.378194921875000000e+04
2.488041992187500000e+04
2.556248046875000000e+04
2.529657421875000000e+04
2.472999609375000000e+04
2.631033203125000000e+04
2.865932421875000000e+04
3.018963085937500000e+04
3.126418750000000000e+04
3.206727539062500000e+04
3.282762500000000000e+04
3.347290625000000000e+04
3.433193750000000000e+04
3.526603906250000000e+04
3.504996484375000000e+04
3.251225195312500000e+04
2.936902148437500000e+04
2.673207226562500000e+04
2.412284179687500000e+04
2.248599023437500000e+04
2.158757812500000000e+04
2.094574414062500000e+04
2.055809375000000000e+04
2.102081250000000000e+04
2.341084375000000000e+04
2.464263476562500000e+04
2.520123437500000000e+04
2.429282226562500000e+04
2.403929296875000000e+04
2.593182421875000000e+04
2.853188281250000000e+04
2.999430273437500000e+04
3.087504296875000000e+04
3.201528320312500000e+04
3.312370312500000000e+04
3.398167968750000000e+04
3.464584765625000000e+04
3.522269140625000000e+04
3.453564062500000000e+04
3.196775195312500000e+04
2.916123046875000000e+04
2.648583789062500000e+04
2.392542773437500000e+04
2.229764648437500000e+04
2.148185546875000000e+04
2.090644335937500000e+04
2.047207421875000000e+04
2.064832421875000000e+04
2.245145703125000000e+04
2.300954492187500000e+04
2.305742773437500000e+04
2.185831054687500000e+04
2.177972070312500000e+04
2.299699609375000000e+04
2.560242773437500000e+04
2.816725585937500000e+04
2.950592968750000000e+04
3.051462890625000000e+04
3.152346484375000000e+04
3.246692773437500000e+04
3.313246484375000000e+04
3.344203906250000000e+04
3.269917968750000000e+04
3.080174609375000000e+04
2.901334375000000000e+04
2.680683203125000000e+04
2.374159570312500000e+04
2.199645898437500000e+04
2.117119726562500000e+04
2.072979492187500000e+04
2.031225585937500000e+04
2.022245507812500000e+04
2.133307812500000000e+04
2.177199218750000000e+04
2.112778906250000000e+04
2.008925781250000000e+04
2.052443750000000000e+04
2.167365429687500000e+04
2.400833593750000000e+04
2.675710351562500000e+04
2.862715039062500000e+04
2.970607031250000000e+04
3.092147656250000000e+04
3.206744531250000000e+04
3.267272265625000000e+04
3.323064453125000000e+04
3.260527539062500000e+04
3.088945703125000000e+04
2.956931445312500000e+04
2.797029492187500000e+04
2.457301757812500000e+04
2.210676171875000000e+04
2.117665429687500000e+04
2.079929882812500000e+04
2.044564648437500000e+04
2.042261914062500000e+04
2.226222265625000000e+04
2.375945117187500000e+04
2.458250000000000000e+04
2.404476562500000000e+04
2.402564648437500000e+04
2.554777539062500000e+04
2.817371679687500000e+04
3.010828320312500000e+04
3.155216406250000000e+04
3.305605468750000000e+04
3.446094140625000000e+04
3.541955859375000000e+04
3.547115625000000000e+04
3.603755078125000000e+04
3.539622265625000000e+04
3.305981640625000000e+04
3.028079492187500000e+04
2.715787500000000000e+04
2.421669921875000000e+04
2.252626367187500000e+04
2.165094531250000000e+04
2.109740820312500000e+04
2.071027148437500000e+04
2.138087500000000000e+04
2.338948437500000000e+04
2.464818750000000000e+04
2.544593750000000000e+04
2.532728515625000000e+04
2.539994726562500000e+04
2.676348828125000000e+04
2.902243750000000000e+04
3.123550390625000000e+04
3.278775390625000000e+04
3.458494140625000000e+04
3.603336718750000000e+04
3.715994921875000000e+04
3.698873046875000000e+04
3.703398437500000000e+04
3.622199609375000000e+04
3.400036718750000000e+04
3.143609179687500000e+04
2.853175976562500000e+04
2.554766015625000000e+04
2.347457617187500000e+04
2.231098046875000000e+04
2.162974804687500000e+04
2.158724804687500000e+04
2.267932421875000000e+04
2.428434179687500000e+04
2.531369921875000000e+04
2.624288671875000000e+04
2.661458593750000000e+04
2.755750390625000000e+04
2.837753125000000000e+04
2.983211718750000000e+04
3.204641210937500000e+04
3.407315625000000000e+04
3.572295312500000000e+04
3.677584765625000000e+04
3.743721093750000000e+04
3.679543359375000000e+04
3.613739062500000000e+04
3.499082421875000000e+04
3.201962500000000000e+04
2.939866992187500000e+04
2.722287890625000000e+04
2.499533789062500000e+04
2.314672460937500000e+04
2.215330859375000000e+04
2.187758789062500000e+04
2.214513476562500000e+04
2.321964843750000000e+04
2.435006640625000000e+04
2.530116796875000000e+04
2.616747656250000000e+04
2.643752148437500000e+04
2.689146289062500000e+04
2.808740429687500000e+04
3.014608007812500000e+04
3.183712500000000000e+04
3.357194921875000000e+04
3.525069531250000000e+04
3.630050781250000000e+04
3.725305468750000000e+04
3.705229687500000000e+04
3.697530468750000000e+04
3.599776171875000000e+04
3.329257812500000000e+04
3.049728320312500000e+04
2.809610742187500000e+04
2.548686328125000000e+04
2.341750976562500000e+04
2.220894531250000000e+04
2.151507812500000000e+04
2.156028906250000000e+04
2.264308593750000000e+04
2.390024218750000000e+04
2.501680859375000000e+04
2.577601757812500000e+04
2.584974609375000000e+04
2.582485351562500000e+04
2.698892187500000000e+04
2.903039648437500000e+04
3.083581250000000000e+04
3.201318164062500000e+04
3.354105468750000000e+04
3.490832421875000000e+04
3.590928515625000000e+04
3.588569531250000000e+04
3.603048437500000000e+04
3.499121484375000000e+04
3.206592187500000000e+04
2.930030078125000000e+04
2.696926171875000000e+04
2.475874414062500000e+04
2.308532031250000000e+04
2.206261132812500000e+04
2.132395703125000000e+04
2.113792382812500000e+04
2.232567578125000000e+04
2.351982421875000000e+04
2.404313867187500000e+04
2.423883007812500000e+04
2.395783593750000000e+04
2.404567578125000000e+04
2.469321875000000000e+04
2.741122070312500000e+04
2.985230664062500000e+04
3.171408398437500000e+04
3.290039843750000000e+04
3.393355468750000000e+04
3.447022265625000000e+04
3.450148437500000000e+04
3.438353515625000000e+04
3.339313671875000000e+04
3.149122265625000000e+04
2.919120117187500000e+04
2.648575195312500000e+04
2.422520312500000000e+04
2.282459570312500000e+04
2.253975390625000000e+04
2.152804687500000000e+04
2.137598437500000000e+04
2.237988867187500000e+04
2.352793945312500000e+04
2.406472460937500000e+04
2.421302929687500000e+04
2.387540625000000000e+04
2.384485546875000000e+04
2.509105859375000000e+04
2.760491601562500000e+04
2.989665429687500000e+04
3.145590234375000000e+04
3.287799218750000000e+04
3.361403125000000000e+04
3.431554687500000000e+04
3.467542578125000000e+04
3.472887500000000000e+04
3.384088281250000000e+04
3.180709765625000000e+04
2.946279492187500000e+04
2.657998632812500000e+04
2.422041601562500000e+04
2.279360742187500000e+04
2.216806054687500000e+04
2.145286718750000000e+04
2.110598828125000000e+04
2.195073632812500000e+04
2.378823242187500000e+04
2.493869726562500000e+04
2.604371093750000000e+04
2.677304882812500000e+04
2.690587695312500000e+04
2.764554296875000000e+04
2.930518359375000000e+04
3.126073437500000000e+04
3.308582812500000000e+04
3.496560156250000000e+04
3.642616015625000000e+04
3.731985156250000000e+04
3.702489062500000000e+04
3.628597656250000000e+04
3.509341796875000000e+04
3.234705859375000000e+04
2.982581054687500000e+04
2.778093359375000000e+04
2.541349609375000000e+04
2.344305273437500000e+04
2.240462500000000000e+04
2.229000976562500000e+04
2.237844140625000000e+04
2.344642187500000000e+04
2.436321093750000000e+04
2.546875976562500000e+04
2.621730468750000000e+04
2.637600585937500000e+04
2.621159765625000000e+04
2.661957812500000000e+04
2.785274218750000000e+04
2.915333593750000000e+04
3.019265820312500000e+04
3.113972656250000000e+04
3.194163867187500000e+04
3.261370703125000000e+04
3.332412109375000000e+04
3.390950000000000000e+04
3.301754687500000000e+04
3.050644531250000000e+04
2.826240429687500000e+04
2.630415429687500000e+04
2.417424218750000000e+04
2.260591992187500000e+04
2.164637109375000000e+04
2.102992968750000000e+04
2.074734765625000000e+04
2.206841601562500000e+04
2.372253320312500000e+04
2.477814453125000000e+04
2.570857812500000000e+04
2.511941406250000000e+04
2.475362109375000000e+04
2.561527929687500000e+04
2.681656054687500000e+04
2.802695898437500000e+04
2.890429687500000000e+04
2.948165234375000000e+04
3.007017578125000000e+04
3.061159375000000000e+04
3.133929101562500000e+04
3.136613281250000000e+04
3.040279296875000000e+04
2.858448046875000000e+04
2.713371093750000000e+04
2.542826367187500000e+04
2.332074414062500000e+04
2.190712109375000000e+04
2.113922070312500000e+04
2.063268164062500000e+04
2.029050585937500000e+04
2.018825000000000000e+04
2.176560156250000000e+04
2.308020507812500000e+04
2.419224414062500000e+04
2.412369335937500000e+04
2.441183984375000000e+04
2.492187890625000000e+04
2.602105273437500000e+04
2.753882031250000000e+04
2.887279296875000000e+04
2.996799804687500000e+04
3.099417382812500000e+04
3.203201562500000000e+04
3.262108593750000000e+04
3.287453125000000000e+04
3.154740820312500000e+04
2.919060351562500000e+04
2.757282617187500000e+04
2.545486523437500000e+04
2.310402539062500000e+04
2.167599218750000000e+04
2.096779882812500000e+04
2.050342578125000000e+04
2.012346289062500000e+04
2.036459375000000000e+04
2.192332812500000000e+04
2.300640039062500000e+04
2.407616992187500000e+04
2.391416796875000000e+04
2.422038671875000000e+04
2.464777929687500000e+04
2.563270312500000000e+04
2.722296484375000000e+04
2.859284960937500000e+04
2.971192773437500000e+04
3.072125195312500000e+04
3.161544531250000000e+04
3.221189648437500000e+04
3.224879687500000000e+04
3.093728906250000000e+04
2.873818554687500000e+04
2.727744335937500000e+04
2.518968554687500000e+04
2.306923632812500000e+04
2.164990625000000000e+04
2.092747265625000000e+04
2.040082812500000000e+04
1.996763867187500000e+04
1.983091406250000000e+04
2.096426757812500000e+04
2.144392578125000000e+04
2.184634375000000000e+04
2.092540820312500000e+04
2.115754687500000000e+04
2.174002148437500000e+04
2.307816796875000000e+04
2.505938476562500000e+04
2.634893554687500000e+04
2.694387890625000000e+04
2.746229687500000000e+04
2.830731835937500000e+04
2.907130664062500000e+04
2.930855468750000000e+04
2.893377539062500000e+04
2.753012500000000000e+04
2.658891601562500000e+04
2.485198242187500000e+04
2.322633789062500000e+04
2.169860351562500000e+04
2.069991015625000000e+04
2.000578515625000000e+04
1.951035742187500000e+04
1.915745117187500000e+04
1.976964062500000000e+04
2.019262304687500000e+04
2.033283007812500000e+04
1.926371679687500000e+04
1.959342382812500000e+04
2.045784960937500000e+04
2.185844921875000000e+04
2.352863281250000000e+04
2.494911523437500000e+04
2.619588281250000000e+04
2.738988281250000000e+04
2.865388281250000000e+04
2.958656835937500000e+04
3.009500976562500000e+04
2.961128906250000000e+04
2.820412890625000000e+04
2.744407421875000000e+04
2.592874414062500000e+04
2.390975390625000000e+04
2.187669531250000000e+04
2.053307617187500000e+04
1.991163281250000000e+04
1.954340234375000000e+04
1.919644921875000000e+04
2.016496875000000000e+04
2.160223046875000000e+04
2.322095703125000000e+04
2.291399804687500000e+04
2.301761523437500000e+04
2.355430273437500000e+04
2.486231250000000000e+04
2.660425390625000000e+04
2.790995703125000000e+04
2.899430468750000000e+04
3.011284960937500000e+04
3.108096484375000000e+04
3.196668750000000000e+04
3.246957226562500000e+04
3.148793750000000000e+04
2.953275585937500000e+04
2.810573632812500000e+04
2.572279492187500000e+04
2.277720507812500000e+04
2.122086523437500000e+04
2.049900976562500000e+04
2.015297265625000000e+04
1.974320703125000000e+04
1.951927734375000000e+04
2.097457031250000000e+04
2.201890820312500000e+04
2.340320703125000000e+04
2.251596484375000000e+04
2.255379101562500000e+04
2.304223046875000000e+04
2.524034570312500000e+04
2.756015820312500000e+04
2.888448828125000000e+04
2.994256445312500000e+04
3.104352539062500000e+04
3.203463867187500000e+04
3.282330078125000000e+04
3.323975390625000000e+04
3.207975000000000000e+04
3.007718359375000000e+04
2.845157226562500000e+04
2.582726953125000000e+04
2.286337500000000000e+04
2.135539843750000000e+04
2.079383398437500000e+04
2.039648437500000000e+04
1.998560156250000000e+04
2.009016015625000000e+04
2.165479101562500000e+04
2.275157812500000000e+04
2.366411523437500000e+04
2.320364062500000000e+04
2.331195703125000000e+04
2.418162109375000000e+04
2.645599414062500000e+04
2.851715234375000000e+04
2.990547265625000000e+04
3.118503125000000000e+04
3.255146679687500000e+04
3.364018359375000000e+04
3.412366406250000000e+04
3.478413281250000000e+04
3.378390625000000000e+04
3.162463476562500000e+04
2.963481250000000000e+04
2.671035742187500000e+04
2.355077148437500000e+04
2.193346679687500000e+04
2.120345507812500000e+04
2.069092773437500000e+04
2.024152343750000000e+04
2.091009765625000000e+04
2.264550000000000000e+04
2.378091992187500000e+04
2.486869921875000000e+04
2.370338671875000000e+04
2.363804492187500000e+04
2.503984179687500000e+04
2.805448242187500000e+04
3.020692187500000000e+04
3.176765820312500000e+04
3.320036718750000000e+04
3.460434375000000000e+04
3.576897656250000000e+04
3.604488671875000000e+04
3.647703515625000000e+04
3.539362109375000000e+04
3.314460937500000000e+04
3.062842382812500000e+04
2.728894140625000000e+04
2.416384765625000000e+04
2.240268945312500000e+04
2.155177343750000000e+04
2.092060156250000000e+04
2.063405273437500000e+04
2.166304101562500000e+04
2.295135742187500000e+04
2.412061914062500000e+04
2.520584375000000000e+04
2.476672460937500000e+04
2.428247851562500000e+04
2.624156835937500000e+04
2.916915429687500000e+04
3.098253906250000000e+04
3.257790429687500000e+04
3.421096093750000000e+04
3.579309375000000000e+04
3.701114453125000000e+04
3.707130078125000000e+04
3.713777734375000000e+04
3.592602734375000000e+04
3.364716796875000000e+04
3.094539257812500000e+04
2.780658203125000000e+04
2.490987304687500000e+04
2.294840429687500000e+04
2.179877929687500000e+04
2.107804492187500000e+04
2.102083789062500000e+04
2.197948828125000000e+04
2.284169726562500000e+04
2.333443945312500000e+04
2.371559570312500000e+04
2.325957031250000000e+04
2.295941992187500000e+04
2.459255664062500000e+04
2.828416992187500000e+04
3.073085742187500000e+04
3.217780664062500000e+04
3.349371875000000000e+04
3.468869531250000000e+04
3.600680078125000000e+04
3.633755859375000000e+04
3.616647656250000000e+04
3.455626171875000000e+04
3.261244531250000000e+04
3.036119335937500000e+04
2.688090625000000000e+04
2.404992187500000000e+04
2.256398046875000000e+04
2.167649414062500000e+04
2.106028515625000000e+04
2.075575585937500000e+04
2.170359765625000000e+04
2.252210937500000000e+04
2.267269531250000000e+04
2.268304882812500000e+04
2.222849218750000000e+04
2.218255273437500000e+04
2.325589453125000000e+04
2.669892773437500000e+04
2.991121679687500000e+04
3.128105664062500000e+04
3.286669531250000000e+04
3.419474609375000000e+04
3.512444531250000000e+04
3.524151562500000000e+04
3.499495312500000000e+04
3.363333984375000000e+04
3.203769921875000000e+04
3.060824218750000000e+04
2.729326171875000000e+04
2.409146679687500000e+04
2.243030664062500000e+04
2.158991992187500000e+04
2.103160937500000000e+04
2.073811718750000000e+04
2.176335937500000000e+04
2.317042187500000000e+04
2.438950585937500000e+04
2.575975390625000000e+04
2.585326757812500000e+04
2.570973046875000000e+04
2.666327148437500000e+04
2.853979492187500000e+04
3.014326562500000000e+04
3.166452539062500000e+04
3.349012109375000000e+04
3.479658593750000000e+04
3.553953125000000000e+04
3.540726171875000000e+04
3.541067578125000000e+04
3.397537109375000000e+04
3.127876562500000000e+04
2.863891406250000000e+04
2.597783984375000000e+04
2.374130664062500000e+04
2.227784570312500000e+04
2.155565039062500000e+04
2.101856640625000000e+04
2.079157031250000000e+04
2.213782421875000000e+04
2.323800781250000000e+04
2.421234765625000000e+04
2.532476367187500000e+04
2.502187695312500000e+04
2.512500195312500000e+04
2.584278906250000000e+04
2.698666796875000000e+04
2.818982421875000000e+04
2.895408007812500000e+04
3.032747851562500000e+04
3.127381445312500000e+04
3.176537890625000000e+04
3.193228515625000000e+04
3.208230273437500000e+04
3.087544335937500000e+04
2.876305078125000000e+04
2.695497265625000000e+04
2.488375390625000000e+04
2.294633789062500000e+04
2.175055664062500000e+04
2.110975585937500000e+04
2.061883984375000000e+04
2.022350390625000000e+04
2.082092382812500000e+04
2.231291601562500000e+04
2.326326562500000000e+04
2.412785937500000000e+04
2.396082031250000000e+04
2.371075390625000000e+04
2.464026757812500000e+04
2.548924609375000000e+04
2.676811328125000000e+04
2.771170117187500000e+04
2.862821289062500000e+04
2.950229492187500000e+04
3.025446289062500000e+04
3.120951171875000000e+04
3.154373437500000000e+04
3.063163085937500000e+04
2.854543945312500000e+04
2.707849414062500000e+04
2.499782031250000000e+04
2.278145507812500000e+04
2.128817968750000000e+04
2.049313476562500000e+04
1.999704492187500000e+04
1.960587500000000000e+04
1.955602343750000000e+04
2.086341992187500000e+04
2.228209960937500000e+04
2.381482421875000000e+04
2.341102148437500000e+04
2.296941015625000000e+04
2.334773632812500000e+04
2.439840820312500000e+04
2.622508789062500000e+04
2.772489257812500000e+04
2.889391015625000000e+04
2.992006640625000000e+04
3.108274414062500000e+04
3.203274609375000000e+04
3.218205078125000000e+04
3.081299023437500000e+04
2.893115429687500000e+04
2.757045898437500000e+04
2.575863867187500000e+04
2.284806445312500000e+04
2.121699804687500000e+04
2.051734375000000000e+04
2.022169531250000000e+04
1.978195703125000000e+04
1.971363867187500000e+04
2.086721679687500000e+04
2.201969531250000000e+04
2.335620507812500000e+04
2.279855664062500000e+04
2.246037304687500000e+04
2.297121289062500000e+04
2.500116601562500000e+04
2.726564062500000000e+04
2.892316406250000000e+04
2.994313867187500000e+04
3.090182031250000000e+04
3.216466406250000000e+04
3.296112109375000000e+04
3.338941796875000000e+04
3.206174609375000000e+04
2.995555859375000000e+04
2.833837695312500000e+04
2.577694726562500000e+04
2.289593945312500000e+04
2.148765429687500000e+04
2.082010742187500000e+04
2.047032031250000000e+04
2.009949414062500000e+04
2.030003320312500000e+04
2.122531054687500000e+04
2.137604492187500000e+04
2.132693945312500000e+04
2.037785156250000000e+04
2.043166796875000000e+04
2.152437109375000000e+04
2.409300585937500000e+04
2.675604492187500000e+04
2.878534375000000000e+04
3.020191992187500000e+04
3.152942187500000000e+04
3.296320312500000000e+04
3.364098437500000000e+04
3.393381640625000000e+04
3.264280468750000000e+04
3.069671093750000000e+04
2.928863671875000000e+04
2.710957617187500000e+04
2.361494335937500000e+04
2.176952539062500000e+04
2.110398046875000000e+04
2.080657226562500000e+04
2.044768554687500000e+04
2.060060351562500000e+04
2.124762500000000000e+04
2.140232226562500000e+04
2.158504492187500000e+04
2.142720703125000000e+04
2.126982226562500000e+04
2.213900976562500000e+04
2.460853125000000000e+04
2.756391796875000000e+04
2.976441210937500000e+04
3.147102343750000000e+04
3.272271875000000000e+04
3.402352343750000000e+04
3.466781640625000000e+04
3.483480078125000000e+04
3.313782812500000000e+04
3.126143945312500000e+04
3.000167968750000000e+04
2.773951562500000000e+04
2.383083984375000000e+04
2.212033398437500000e+04
2.146846679687500000e+04
2.101916796875000000e+04
2.064763867187500000e+04
2.137830859375000000e+04
2.222265625000000000e+04
2.252743554687500000e+04
2.299998828125000000e+04
2.266825585937500000e+04
2.243822460937500000e+04
2.375797070312500000e+04
2.725991406250000000e+04
2.986717382812500000e+04
3.139671484375000000e+04
3.275479882812500000e+04
3.418875390625000000e+04
3.566378515625000000e+04
3.607693359375000000e+04
3.590419140625000000e+04
3.395907812500000000e+04
3.220855664062500000e+04
3.070450781250000000e+04
2.725126171875000000e+04
2.373995312500000000e+04
2.224422851562500000e+04
2.153082031250000000e+04
2.101605859375000000e+04
2.088927734375000000e+04
2.230751367187500000e+04
2.341646289062500000e+04
2.452179687500000000e+04
2.582142578125000000e+04
2.614831054687500000e+04
2.621205468750000000e+04
2.736172851562500000e+04
2.964145312500000000e+04
3.137146289062500000e+04
3.290117968750000000e+04
3.455402343750000000e+04
3.616393750000000000e+04
3.743003125000000000e+04
3.731867968750000000e+04
3.695832031250000000e+04
3.535135937500000000e+04
3.302228906250000000e+04
3.050405664062500000e+04
2.760922070312500000e+04
2.478085351562500000e+04
2.295464453125000000e+04
2.199224218750000000e+04
2.147208789062500000e+04
2.179857421875000000e+04
2.300937304687500000e+04
2.382188085937500000e+04
2.484975390625000000e+04
2.612241992187500000e+04
2.626588867187500000e+04
2.625708984375000000e+04
2.730106054687500000e+04
2.977108007812500000e+04
3.161546289062500000e+04
3.332984765625000000e+04
3.514631640625000000e+04
3.688614453125000000e+04
3.810248828125000000e+04
3.781975390625000000e+04
3.702608203125000000e+04
3.529060156250000000e+04
3.297207421875000000e+04
3.067363867187500000e+04
2.794666210937500000e+04
2.509837500000000000e+04
2.314591210937500000e+04
2.214155078125000000e+04
2.195524414062500000e+04
2.217100390625000000e+04
2.325177734375000000e+04
2.419757226562500000e+04
2.529085156250000000e+04
2.654372656250000000e+04
2.676246679687500000e+04
2.693233203125000000e+04
2.829408984375000000e+04
2.979421093750000000e+04
3.132621484375000000e+04
3.328525000000000000e+04
3.475435546875000000e+04
3.622636328125000000e+04
3.694795703125000000e+04
3.639829296875000000e+04
3.606016406250000000e+04
3.401256640625000000e+04
3.134746289062500000e+04
2.925295703125000000e+04
2.723512109375000000e+04
2.497140234375000000e+04
2.322061718750000000e+04
2.246891796875000000e+04
2.236791015625000000e+04
2.256107617187500000e+04
2.367611132812500000e+04
2.435529492187500000e+04
2.526257617187500000e+04
2.645929101562500000e+04
2.654616406250000000e+04
2.629009375000000000e+04
2.648113281250000000e+04
2.804362695312500000e+04
2.984154101562500000e+04
3.138226367187500000e+04
3.280078125000000000e+04
3.391776953125000000e+04
3.486928906250000000e+04
3.526799218750000000e+04
3.518216406250000000e+04
3.342617187500000000e+04
3.057743359375000000e+04
2.805414843750000000e+04
2.579603515625000000e+04
2.391793554687500000e+04
2.243003125000000000e+04
2.161006250000000000e+04
2.085691992187500000e+04
2.158438867187500000e+04
2.292180078125000000e+04
2.338159570312500000e+04
2.378927343750000000e+04
2.398161718750000000e+04
2.256647851562500000e+04
2.194589257812500000e+04
2.298553125000000000e+04
2.643385156250000000e+04
2.925165039062500000e+04
3.098293359375000000e+04
3.194234765625000000e+04
3.310276562500000000e+04
3.421676562500000000e+04
3.476138671875000000e+04
3.492710937500000000e+04
3.339060546875000000e+04
3.153482812500000000e+04
2.924012695312500000e+04
2.594191796875000000e+04
2.341450781250000000e+04
2.212646093750000000e+04
2.129845507812500000e+04
2.078724218750000000e+04
2.046399414062500000e+04
2.181629101562500000e+04
2.226502929687500000e+04
2.238869921875000000e+04
2.233759570312500000e+04
2.078938281250000000e+04
2.053901171875000000e+04
2.131148046875000000e+04
2.479165429687500000e+04
2.848440234375000000e+04
3.035347656250000000e+04
3.133357617187500000e+04
3.243332421875000000e+04
3.364280078125000000e+04
3.420471484375000000e+04
3.444014843750000000e+04
3.279436328125000000e+04
3.114188281250000000e+04
2.957672460937500000e+04
2.625386328125000000e+04
2.300196679687500000e+04
2.154033789062500000e+04
2.105228515625000000e+04
2.064359570312500000e+04
2.013349804687500000e+04
2.110129101562500000e+04
2.226165625000000000e+04
2.331868164062500000e+04
2.479056835937500000e+04
2.401467187500000000e+04
2.367067187500000000e+04
2.467582031250000000e+04
2.758948632812500000e+04
2.974047460937500000e+04
3.127937500000000000e+04
3.268770117187500000e+04
3.416980468750000000e+04
3.552210156250000000e+04
3.585205859375000000e+04
3.590249218750000000e+04
3.411863671875000000e+04
3.184190429687500000e+04
2.889949218750000000e+04
2.529753710937500000e+04
2.288825585937500000e+04
2.164744531250000000e+04
2.103397460937500000e+04
2.053719531250000000e+04
2.031451562500000000e+04
2.164158398437500000e+04
2.250661718750000000e+04
2.357647265625000000e+04
2.503419140625000000e+04
2.434758007812500000e+04
2.356014062500000000e+04
2.424300195312500000e+04
2.702701953125000000e+04
2.926187109375000000e+04
3.060387109375000000e+04
3.201387109375000000e+04
3.336692968750000000e+04
3.467566406250000000e+04
3.501764453125000000e+04
3.515084765625000000e+04
3.336992187500000000e+04
3.104850976562500000e+04
2.853129296875000000e+04
2.520586523437500000e+04
2.264147851562500000e+04
2.148658789062500000e+04
2.100851562500000000e+04
2.058864648437500000e+04
2.026178515625000000e+04
2.137803515625000000e+04
2.237778320312500000e+04
2.330059960937500000e+04
2.461869335937500000e+04
2.374016601562500000e+04
2.316525195312500000e+04
2.351299609375000000e+04
2.540750195312500000e+04
2.792361328125000000e+04
2.936898828125000000e+04
3.036528710937500000e+04
3.158347265625000000e+04
3.247722656250000000e+04
3.306745703125000000e+04
3.335656250000000000e+04
3.169218164062500000e+04
2.977667187500000000e+04
2.769546289062500000e+04
2.501719335937500000e+04
2.249116796875000000e+04
2.111087695312500000e+04
2.060143554687500000e+04
2.024243359375000000e+04
1.986937500000000000e+04
2.054640234375000000e+04
2.145062304687500000e+04
2.196425195312500000e+04
2.353337695312500000e+04
2.311905859375000000e+04
2.225863867187500000e+04
2.255521484375000000e+04
2.383662695312500000e+04
2.612398828125000000e+04
2.779115429687500000e+04
2.883864257812500000e+04
2.971996093750000000e+04
3.080422851562500000e+04
3.158653320312500000e+04
3.181602539062500000e+04
3.024375000000000000e+04
2.871587500000000000e+04
2.708457031250000000e+04
2.502975976562500000e+04
2.233421679687500000e+04
2.095352343750000000e+04
2.031702539062500000e+04
1.993737304687500000e+04
1.951816015625000000e+04
1.964157421875000000e+04
2.057375585937500000e+04
2.150125195312500000e+04
2.330387695312500000e+04
2.327599218750000000e+04
2.269059960937500000e+04
2.295659179687500000e+04
2.356898046875000000e+04
2.549522851562500000e+04
2.703677148437500000e+04
2.824656445312500000e+04
2.931413476562500000e+04
3.017303515625000000e+04
3.106687500000000000e+04
3.100742968750000000e+04
2.933249804687500000e+04
2.804759375000000000e+04
2.635727343750000000e+04
2.473355273437500000e+04
2.263672460937500000e+04
2.124811523437500000e+04
2.050786914062500000e+04
1.996466210937500000e+04
1.946977343750000000e+04
1.965814062500000000e+04
2.022980468750000000e+04
2.082656445312500000e+04
2.163916796875000000e+04
2.087041210937500000e+04
2.050999023437500000e+04
2.081464062500000000e+04
2.140511132812500000e+04
2.285308007812500000e+04
2.475337890625000000e+04
2.600764062500000000e+04
2.702839257812500000e+04
2.817696484375000000e+04
2.908552929687500000e+04
2.898624609375000000e+04
2.807341015625000000e+04
2.708554492187500000e+04
2.578808398437500000e+04
2.455430078125000000e+04
2.284065234375000000e+04
2.108061718750000000e+04
2.013741210937500000e+04
1.950466796875000000e+04
1.902621484375000000e+04
1.916164453125000000e+04
1.959586718750000000e+04
1.994545507812500000e+04
2.056886132812500000e+04
1.917516210937500000e+04
1.881609570312500000e+04
1.916390234375000000e+04
2.009481445312500000e+04
2.148193164062500000e+04
2.329200781250000000e+04
2.461184765625000000e+04
2.605621484375000000e+04
2.750134765625000000e+04
2.847253320312500000e+04
2.887113671875000000e+04
2.804909375000000000e+04
2.734395703125000000e+04
2.608647851562500000e+04
2.485307812500000000e+04
2.295741796875000000e+04
2.131595898437500000e+04
2.020492382812500000e+04
1.953501953125000000e+04
1.902936718750000000e+04
1.917420507812500000e+04
2.010258593750000000e+04
2.127614648437500000e+04
2.341563476562500000e+04
2.297501171875000000e+04
2.224273242187500000e+04
2.246263671875000000e+04
2.370077929687500000e+04
2.588804882812500000e+04
2.797646484375000000e+04
2.928405859375000000e+04
3.047954492187500000e+04
3.220663867187500000e+04
3.313870312500000000e+04
3.306803906250000000e+04
3.132807226562500000e+04
2.978854687500000000e+04
2.825287304687500000e+04
2.593476562500000000e+04
2.292694531250000000e+04
2.143104101562500000e+04
2.083375781250000000e+04
2.059819140625000000e+04
2.047621093750000000e+04
2.144790429687500000e+04
2.222909960937500000e+04
2.320095312500000000e+04
2.514463085937500000e+04
2.487706054687500000e+04
2.455212304687500000e+04
2.538118750000000000e+04
2.797451367187500000e+04
2.998357031250000000e+04
3.166980273437500000e+04
3.327516406250000000e+04
3.520361328125000000e+04
3.693188671875000000e+04
3.716405078125000000e+04
3.616247265625000000e+04
3.404540625000000000e+04
3.233606445312500000e+04
3.023328320312500000e+04
2.673421484375000000e+04
2.369609960937500000e+04
2.215946875000000000e+04
2.132644140625000000e+04
2.085874023437500000e+04
2.123578515625000000e+04
2.250857226562500000e+04
2.305612109375000000e+04
2.406178515625000000e+04
2.546217773437500000e+04
2.529438476562500000e+04
2.493858984375000000e+04
2.606351367187500000e+04
2.888889257812500000e+04
3.094486132812500000e+04
3.266219531250000000e+04
3.424945703125000000e+04
3.550657421875000000e+04
3.618365625000000000e+04
3.600824609375000000e+04
3.541796093750000000e+04
3.338328906250000000e+04
3.101605273437500000e+04
2.797453710937500000e+04
2.512655078125000000e+04
2.302871679687500000e+04
2.171226953125000000e+04
2.096260351562500000e+04
2.041357421875000000e+04
2.088008203125000000e+04
2.239880859375000000e+04
2.295997460937500000e+04
2.376950390625000000e+04
2.488656250000000000e+04
2.414239843750000000e+04
2.408114257812500000e+04
2.470128515625000000e+04
2.672168164062500000e+04
2.876785937500000000e+04
3.057221484375000000e+04
3.220154882812500000e+04
3.321544531250000000e+04
3.390509765625000000e+04
3.345227343750000000e+04
3.273915234375000000e+04
3.120735937500000000e+04
2.940969140625000000e+04
2.667316992187500000e+04
2.422888281250000000e+04
2.245545703125000000e+04
2.142420703125000000e+04
2.086059375000000000e+04
2.058163281250000000e+04
2.081491992187500000e+04
2.197151562500000000e+04
2.246946679687500000e+04
2.340163867187500000e+04
2.479562304687500000e+04
2.477791210937500000e+04
2.504130078125000000e+04
2.524629296875000000e+04
2.628630664062500000e+04
2.731686914062500000e+04
2.915614648437500000e+04
3.067063085937500000e+04
3.169501562500000000e+04
3.255556640625000000e+04
3.220633789062500000e+04
3.146312695312500000e+04
2.995747265625000000e+04
2.831561718750000000e+04
2.587833593750000000e+04
2.391420703125000000e+04
2.223572851562500000e+04
2.122821679687500000e+04
2.069647851562500000e+04
2.034654101562500000e+04
2.029921875000000000e+04
2.097245507812500000e+04
2.108357226562500000e+04
2.124855273437500000e+04
2.156809375000000000e+04
2.116933593750000000e+04
2.156286523437500000e+04
2.187658007812500000e+04
2.281422265625000000e+04
2.470509570312500000e+04
2.691471679687500000e+04
2.836357226562500000e+04
2.904030078125000000e+04
2.993365039062500000e+04
2.999787109375000000e+04
2.963708984375000000e+04
2.814981054687500000e+04
2.713408398437500000e+04
2.532983984375000000e+04
2.392998632812500000e+04
2.203429296875000000e+04
2.086179492187500000e+04
2.026725195312500000e+04
1.982918750000000000e+04
1.918446679687500000e+04
1.943647070312500000e+04
1.959478320312500000e+04
2.003774414062500000e+04
2.046381445312500000e+04
2.025974414062500000e+04
2.041512109375000000e+04
2.070519921875000000e+04
2.128843554687500000e+04
2.231727148437500000e+04
2.360920117187500000e+04
2.503465625000000000e+04
2.636535156250000000e+04
2.750603710937500000e+04
2.813165625000000000e+04
2.808909570312500000e+04
2.722600390625000000e+04
2.664044921875000000e+04
2.517897656250000000e+04
2.416739648437500000e+04
2.243831054687500000e+04
2.101416406250000000e+04
2.016880859375000000e+04
1.932095312500000000e+04
1.902867382812500000e+04
1.957571289062500000e+04
2.028339062500000000e+04
2.162348437500000000e+04
2.360812500000000000e+04
2.407014257812500000e+04
2.357554492187500000e+04
2.348038671875000000e+04
2.385217187500000000e+04
2.479649414062500000e+04
2.606723828125000000e+04
2.683542968750000000e+04
2.761520312500000000e+04
2.851100781250000000e+04
2.901511328125000000e+04
2.891444531250000000e+04
2.755544531250000000e+04
2.684532421875000000e+04
2.511017968750000000e+04
2.370295703125000000e+04
2.180963085937500000e+04
2.058575390625000000e+04
1.992246679687500000e+04
1.932917773437500000e+04
1.916304296875000000e+04
1.981864648437500000e+04
2.063559765625000000e+04
2.191270507812500000e+04
2.382483203125000000e+04
2.383304492187500000e+04
2.298202148437500000e+04
2.297294140625000000e+04
2.309450390625000000e+04
2.402737304687500000e+04
2.480618750000000000e+04
2.593328125000000000e+04
2.663455859375000000e+04
2.783147070312500000e+04
2.868271679687500000e+04
2.895467382812500000e+04
2.759106250000000000e+04
2.699609765625000000e+04
2.502981445312500000e+04
2.370507031250000000e+04
2.175643359375000000e+04
2.056048046875000000e+04
1.974277929687500000e+04
1.931321679687500000e+04
1.896405078125000000e+04
1.960262109375000000e+04
2.025932812500000000e+04
2.165377343750000000e+04
2.359860742187500000e+04
2.321736132812500000e+04
2.181684375000000000e+04
2.185283593750000000e+04
2.202398437500000000e+04
2.353587109375000000e+04
2.529751367187500000e+04
2.663958984375000000e+04
2.784464062500000000e+04
2.905981640625000000e+04
2.977905078125000000e+04
2.969687304687500000e+04
2.820108398437500000e+04
2.739094531250000000e+04
2.566218554687500000e+04
2.431100781250000000e+04
2.209064648437500000e+04
2.072408789062500000e+04
2.001868359375000000e+04
1.953616796875000000e+04
1.900593554687500000e+04
1.928824414062500000e+04
1.982474218750000000e+04
2.093680664062500000e+04
2.303950195312500000e+04
2.255556445312500000e+04
2.153928515625000000e+04
2.191379687500000000e+04
2.379164062500000000e+04
2.582799414062500000e+04
2.741550000000000000e+04
2.857263085937500000e+04
2.962700000000000000e+04
3.084696289062500000e+04
3.164117187500000000e+04
3.154776171875000000e+04
2.976446093750000000e+04
2.853309570312500000e+04
2.677275781250000000e+04
2.501846875000000000e+04
2.244633007812500000e+04
2.096450585937500000e+04
2.037944531250000000e+04
2.013746289062500000e+04
1.991473046875000000e+04
2.039499023437500000e+04
2.098019726562500000e+04
2.160896875000000000e+04
2.326145703125000000e+04
2.301618359375000000e+04
2.208251562500000000e+04
2.232838281250000000e+04
2.448386328125000000e+04
2.704285351562500000e+04
2.834089257812500000e+04
2.935018164062500000e+04
3.068610742187500000e+04
3.163968164062500000e+04
3.246173437500000000e+04
3.219822656250000000e+04
3.014507226562500000e+04
2.861236328125000000e+04
2.651885742187500000e+04
2.448239257812500000e+04
2.233704882812500000e+04
2.116540625000000000e+04
2.063511132812500000e+04
2.036165625000000000e+04
2.019008593750000000e+04
2.063723242187500000e+04
2.086554687500000000e+04
2.113909179687500000e+04
2.186130664062500000e+04
2.161214062500000000e+04
2.126236718750000000e+04
2.160033203125000000e+04
2.292080664062500000e+04
2.521313867187500000e+04
2.690909375000000000e+04
2.819917968750000000e+04
2.959802148437500000e+04
3.107231250000000000e+04
3.190316406250000000e+04
3.121863867187500000e+04
2.968702734375000000e+04
2.844176171875000000e+04
2.681585351562500000e+04
2.526251367187500000e+04
2.301547070312500000e+04
2.128116601562500000e+04
2.057598046875000000e+04
2.027868359375000000e+04
2.013474609375000000e+04
2.053290820312500000e+04
2.062122070312500000e+04
2.069859375000000000e+04
2.127035351562500000e+04
2.119181445312500000e+04
2.101001171875000000e+04
2.132950195312500000e+04
2.275194531250000000e+04
2.485546289062500000e+04
2.657632031250000000e+04
2.814723828125000000e+04
2.954539257812500000e+04
3.098815820312500000e+04
3.148513867187500000e+04
3.085529296875000000e+04
2.949695117187500000e+04
2.854114062500000000e+04
2.702633007812500000e+04
2.543565429687500000e+04
2.281052148437500000e+04
2.101251171875000000e+04
2.041976953125000000e+04
2.017046484375000000e+04
2.014894140625000000e+04
2.082116406250000000e+04
2.131396875000000000e+04
2.238132617187500000e+04
2.432807812500000000e+04
2.479677343750000000e+04
2.466254296875000000e+04
2.511357421875000000e+04
2.596825976562500000e+04
2.710188671875000000e+04
2.876155078125000000e+04
3.017868164062500000e+04
3.088165429687500000e+04
3.200000195312500000e+04
3.151542382812500000e+04
3.066667773437500000e+04
2.926022460937500000e+04
2.788283203125000000e+04
2.543757617187500000e+04
2.330595507812500000e+04
2.173913085937500000e+04
2.091627343750000000e+04
2.053419335937500000e+04
2.016970117187500000e+04
2.018904492187500000e+04
2.066305078125000000e+04
2.087475390625000000e+04
2.161303125000000000e+04
2.348264453125000000e+04
2.386452148437500000e+04
2.314482812500000000e+04
2.309008398437500000e+04
2.364987109375000000e+04
2.485157031250000000e+04
2.635503515625000000e+04
2.746021875000000000e+04
2.850921484375000000e+04
2.920833789062500000e+04
2.982020898437500000e+04
2.990391601562500000e+04
2.862974218750000000e+04
2.762146484375000000e+04
2.580904101562500000e+04
2.423085742187500000e+04
2.198824023437500000e+04
2.062658789062500000e+04
2.006692968750000000e+04
1.941320507812500000e+04
1.930433984375000000e+04
2.031608593750000000e+04
2.104735546875000000e+04
2.197307812500000000e+04
2.375173828125000000e+04
2.385607421875000000e+04
2.293575781250000000e+04
2.294542187500000000e+04
2.335269531250000000e+04
2.424892187500000000e+04
2.547060156250000000e+04
2.635718359375000000e+04
2.723098437500000000e+04
2.820301171875000000e+04
2.883391210937500000e+04
2.847090625000000000e+04
2.737848437500000000e+04
2.659086328125000000e+04
2.475036328125000000e+04
2.380483984375000000e+04
2.206875000000000000e+04
2.051144921875000000e+04
1.977233593750000000e+04
1.927705664062500000e+04
1.954518359375000000e+04
2.014151757812500000e+04
2.098613867187500000e+04
2.204637109375000000e+04
2.408590234375000000e+04
2.459669921875000000e+04
2.430113085937500000e+04
2.384914843750000000e+04
2.353682226562500000e+04
2.402121875000000000e+04
2.465681835937500000e+04
2.572830664062500000e+04
2.668199218750000000e+04
2.747640625000000000e+04
2.770561523437500000e+04
2.784320898437500000e+04
2.725577929687500000e+04
2.598694140625000000e+04
2.422905468750000000e+04
2.310645703125000000e+04
2.142075976562500000e+04
2.026591601562500000e+04
1.950330078125000000e+04
1.916025195312500000e+04
1.940698437500000000e+04
2.019449804687500000e+04
2.082805468750000000e+04
2.223945898437500000e+04
2.385875585937500000e+04
2.459355664062500000e+04
2.435712500000000000e+04
2.320258984375000000e+04
2.249156445312500000e+04
2.220775585937500000e+04
2.267889062500000000e+04
2.328981445312500000e+04
2.413771093750000000e+04
2.532260351562500000e+04
2.623552539062500000e+04
2.691026757812500000e+04
2.664680859375000000e+04
2.547334375000000000e+04
2.370168359375000000e+04
2.273541015625000000e+04
2.109926367187500000e+04
2.013333398437500000e+04
1.920196093750000000e+04
1.904826171875000000e+04
1.912696289062500000e+04
1.982239648437500000e+04
2.011252148437500000e+04
2.071266992187500000e+04
2.161521875000000000e+04
2.077046289062500000e+04
1.933230468750000000e+04
1.902064453125000000e+04
1.914112304687500000e+04
1.966651171875000000e+04
2.031054882812500000e+04
2.142754101562500000e+04
2.261279101562500000e+04
2.404280468750000000e+04
2.537041210937500000e+04
2.631431835937500000e+04
2.606303125000000000e+04
2.517386328125000000e+04
2.385249218750000000e+04
2.299753710937500000e+04
2.172709960937500000e+04
2.069908789062500000e+04
1.985608398437500000e+04
1.904014257812500000e+04
1.882571875000000000e+04
1.926552734375000000e+04
1.940944921875000000e+04
1.968390429687500000e+04
2.041882226562500000e+04
1.951144335937500000e+04
1.855626562500000000e+04
1.865301757812500000e+04
1.931292382812500000e+04
2.014844140625000000e+04
2.115075195312500000e+04
2.209606835937500000e+04
2.321147265625000000e+04
2.498117382812500000e+04
2.657766796875000000e+04
2.727550000000000000e+04
2.646390234375000000e+04
2.590060156250000000e+04
2.442044726562500000e+04
2.329947070312500000e+04
2.172852148437500000e+04
2.058739843750000000e+04
1.998032812500000000e+04
1.908935156250000000e+04
1.868557421875000000e+04
1.934899804687500000e+04
1.989688867187500000e+04
2.121854882812500000e+04
2.325405664062500000e+04
2.324575195312500000e+04
2.203653515625000000e+04
2.222694921875000000e+04
2.241728125000000000e+04
2.305594335937500000e+04
2.363778906250000000e+04
2.416550585937500000e+04
2.479087500000000000e+04
2.564707031250000000e+04
2.648876953125000000e+04
2.663098437500000000e+04
2.647851562500000000e+04
2.583888476562500000e+04
2.470799218750000000e+04
2.378013281250000000e+04
2.187886914062500000e+04
2.042014453125000000e+04
1.971894140625000000e+04
1.913795898437500000e+04
1.945156835937500000e+04
1.972588281250000000e+04
2.034396289062500000e+04
2.150523437500000000e+04
2.350655664062500000e+04
2.354380078125000000e+04
2.098156054687500000e+04
2.074823632812500000e+04
2.127063476562500000e+04
2.190800000000000000e+04
2.264288085937500000e+04
2.348497265625000000e+04
2.422564453125000000e+04
2.559363867187500000e+04
2.665689062500000000e+04
2.698083789062500000e+04
2.642847851562500000e+04
2.557124218750000000e+04
2.441603515625000000e+04
2.349997460937500000e+04
2.179589648437500000e+04
2.048992773437500000e+04
1.946360937500000000e+04
1.899266601562500000e+04
1.894738476562500000e+04
1.976562109375000000e+04
2.025253515625000000e+04
2.176115234375000000e+04
2.367605273437500000e+04
2.371532031250000000e+04
2.119433203125000000e+04
2.105295507812500000e+04
2.098297851562500000e+04
2.187535156250000000e+04
2.318487500000000000e+04
2.406604687500000000e+04
2.505173828125000000e+04
2.623847460937500000e+04
2.703523046875000000e+04
2.704285156250000000e+04
2.651100390625000000e+04
2.561712500000000000e+04
2.422421875000000000e+04
2.327136914062500000e+04
2.149846289062500000e+04
2.036913281250000000e+04
1.958694531250000000e+04
1.894595507812500000e+04
1.902477343750000000e+04
1.961281640625000000e+04
2.010672460937500000e+04
2.153138476562500000e+04
2.358685742187500000e+04
2.356474804687500000e+04
2.078476367187500000e+04
2.052163671875000000e+04
2.080529101562500000e+04
2.221352734375000000e+04
2.364932031250000000e+04
2.476163476562500000e+04
2.582931640625000000e+04
2.708006640625000000e+04
2.807165625000000000e+04
2.778808593750000000e+04
2.684041601562500000e+04
2.588046289062500000e+04
2.450002734375000000e+04
2.338367773437500000e+04
2.172069531250000000e+04
2.042298242187500000e+04
1.962920117187500000e+04
1.903269140625000000e+04
1.887055078125000000e+04
1.964620898437500000e+04
1.998669726562500000e+04
2.139499609375000000e+04
2.328357226562500000e+04
2.352995703125000000e+04
2.121233593750000000e+04
2.147880859375000000e+04
2.217914062500000000e+04
2.379738476562500000e+04
2.524977539062500000e+04
2.629687695312500000e+04
2.733336523437500000e+04
2.853416210937500000e+04
2.944676171875000000e+04
2.910013281250000000e+04
2.719278515625000000e+04
2.607766601562500000e+04
2.451573437500000000e+04
2.347636523437500000e+04
2.178145117187500000e+04
2.058821289062500000e+04
2.000453125000000000e+04
1.938572265625000000e+04
1.891226757812500000e+04
1.914834765625000000e+04
1.935851953125000000e+04
1.979917187500000000e+04
2.075344726562500000e+04
2.063622070312500000e+04
1.965654687500000000e+04
1.989898242187500000e+04
2.100437304687500000e+04
2.223072656250000000e+04
2.343573828125000000e+04
2.443344140625000000e+04
2.548256054687500000e+04
2.685318359375000000e+04
2.811083984375000000e+04
2.817757812500000000e+04
2.668721289062500000e+04
2.570366796875000000e+04
2.413854492187500000e+04
2.315994140625000000e+04
2.176198242187500000e+04
2.070687304687500000e+04
1.988819921875000000e+04
1.919304101562500000e+04
1.858523437500000000e+04
1.882822851562500000e+04
1.895744921875000000e+04
1.936191406250000000e+04
1.995432031250000000e+04
1.969773242187500000e+04
1.915401171875000000e+04
1.908607421875000000e+04
1.948421289062500000e+04
2.028158984375000000e+04
2.147635156250000000e+04
2.229159765625000000e+04
2.316190625000000000e+04
2.462085156250000000e+04
2.578963671875000000e+04
2.635938476562500000e+04
2.596388671875000000e+04
2.484247070312500000e+04
2.342503125000000000e+04
2.250167187500000000e+04
2.092993164062500000e+04
1.991452148437500000e+04
1.929921875000000000e+04
1.887849804687500000e+04
1.920840625000000000e+04
1.995152929687500000e+04
2.052068554687500000e+04
2.188413085937500000e+04
2.378346093750000000e+04
2.439495898437500000e+04
2.279678125000000000e+04
2.225800000000000000e+04
2.203973437500000000e+04
2.223844726562500000e+04
2.278444921875000000e+04
2.354079296875000000e+04
2.420300781250000000e+04
2.499754882812500000e+04
2.599697851562500000e+04
2.674670507812500000e+04
2.615631054687500000e+04
2.445886914062500000e+04
2.336018164062500000e+04
2.207607226562500000e+04
2.063781054687500000e+04
1.972066015625000000e+04
1.919036718750000000e+04
1.892331250000000000e+04
1.922433789062500000e+04
1.999278710937500000e+04
2.058882421875000000e+04
2.203845898437500000e+04
2.384669140625000000e+04
2.425322070312500000e+04
2.137594335937500000e+04
2.073457812500000000e+04
2.062308789062500000e+04
2.116912500000000000e+04
2.221163867187500000e+04
2.333491992187500000e+04
2.471667382812500000e+04
2.623025976562500000e+04
2.734266406250000000e+04
2.751465820312500000e+04
2.691108007812500000e+04
2.568238476562500000e+04
2.452259570312500000e+04
2.354572460937500000e+04
2.163182812500000000e+04
2.024812695312500000e+04
1.948810351562500000e+04
1.883879882812500000e+04
1.909113281250000000e+04
1.958119140625000000e+04
2.026106835937500000e+04
2.164505468750000000e+04
2.365523828125000000e+04
2.399747656250000000e+04
2.230768359375000000e+04
2.205890820312500000e+04
2.205507421875000000e+04
2.287185742187500000e+04
2.399313085937500000e+04
2.513392773437500000e+04
2.594132031250000000e+04
2.655527734375000000e+04
2.746037695312500000e+04
2.729849218750000000e+04
2.655857812500000000e+04
2.541378125000000000e+04
2.434512500000000000e+04
2.318527343750000000e+04
2.150908593750000000e+04
2.027968359375000000e+04
1.945333789062500000e+04
1.898505273437500000e+04
1.935908398437500000e+04
1.996868164062500000e+04
2.061500195312500000e+04
2.193610937500000000e+04
2.385178320312500000e+04
2.436636523437500000e+04
2.279911718750000000e+04
2.205386328125000000e+04
2.250065820312500000e+04
2.326320507812500000e+04
2.466774218750000000e+04
2.579674609375000000e+04
2.703983007812500000e+04
2.749832812500000000e+04
2.780916796875000000e+04
2.779557812500000000e+04
2.657616992187500000e+04
2.542375000000000000e+04
2.408159179687500000e+04
2.300192382812500000e+04
2.122520117187500000e+04
2.003293554687500000e+04
1.934627929687500000e+04
1.892473632812500000e+04
1.914720117187500000e+04
1.975702343750000000e+04
2.029646289062500000e+04
2.153859375000000000e+04
2.302093164062500000e+04
2.394448242187500000e+04
2.207744140625000000e+04
2.234333007812500000e+04
2.216009960937500000e+04
2.287242578125000000e+04
2.348418945312500000e+04
2.474709765625000000e+04
2.527980468750000000e+04
2.581331445312500000e+04
2.661462304687500000e+04
2.651844921875000000e+04
2.557880859375000000e+04
2.415409765625000000e+04
2.326285351562500000e+04
2.230315625000000000e+04
2.088615820312500000e+04
1.979676953125000000e+04
1.926766406250000000e+04
1.898394726562500000e+04
1.955916992187500000e+04
1.991144335937500000e+04
2.022239453125000000e+04
2.057812890625000000e+04
2.169725195312500000e+04
2.170733007812500000e+04
2.048487890625000000e+04
2.025221093750000000e+04
2.030290039062500000e+04
2.071475585937500000e+04
2.147081054687500000e+04
2.216642578125000000e+04
2.305067187500000000e+04
2.476275390625000000e+04
2.563212304687500000e+04
2.557440234375000000e+04
2.553811132812500000e+04
2.401413671875000000e+04
2.326977734375000000e+04
2.281336914062500000e+04
2.138914062500000000e+04
2.005490429687500000e+04
1.940577539062500000e+04
1.917583789062500000e+04
1.973098242187500000e+04
1.972776562500000000e+04
1.974673437500000000e+04
2.011325976562500000e+04
2.106868945312500000e+04
2.110616992187500000e+04
2.082795703125000000e+04
2.060616992187500000e+04
2.098888476562500000e+04
2.165328710937500000e+04
2.240585156250000000e+04
2.324019726562500000e+04
2.373096289062500000e+04
2.449786523437500000e+04
2.548457617187500000e+04
2.594500195312500000e+04
2.594670507812500000e+04
2.483934960937500000e+04
2.365793945312500000e+04
2.271989257812500000e+04
2.106683593750000000e+04
1.964185937500000000e+04
1.905412109375000000e+04
1.893450000000000000e+04
1.953682226562500000e+04
1.989050195312500000e+04
2.034310937500000000e+04
2.156702343750000000e+04
2.334889843750000000e+04
2.417062890625000000e+04
2.402164257812500000e+04
2.376278710937500000e+04
2.356667578125000000e+04
2.310087695312500000e+04
2.320466406250000000e+04
2.342714453125000000e+04
2.390607226562500000e+04
2.429036328125000000e+04
2.486156445312500000e+04
2.592126171875000000e+04
2.597789062500000000e+04
2.486779296875000000e+04
2.335370703125000000e+04
2.177875000000000000e+04
2.019379101562500000e+04
1.956591796875000000e+04
1.927912695312500000e+04
1.909393945312500000e+04
1.989829687500000000e+04
2.049905468750000000e+04
2.099490234375000000e+04
2.226262500000000000e+04
2.385808203125000000e+04
2.437130664062500000e+04
2.206873828125000000e+04
2.126288476562500000e+04
2.085685546875000000e+04
2.123181250000000000e+04
2.163689648437500000e+04
2.257723046875000000e+04
2.342360937500000000e+04
2.451971679687500000e+04
2.585982226562500000e+04
2.647096679687500000e+04
2.585845703125000000e+04
2.466560937500000000e+04
2.366874414062500000e+04
2.248519531250000000e+04
2.093930078125000000e+04
1.966585351562500000e+04
1.917257812500000000e+04
1.891740429687500000e+04
1.917916601562500000e+04
2.008547070312500000e+04
2.021606445312500000e+04
2.148354687500000000e+04
2.352159765625000000e+04
2.394009765625000000e+04
2.162358398437500000e+04
2.095587695312500000e+04
2.088612890625000000e+04
2.149221679687500000e+04
2.242534765625000000e+04
2.356096679687500000e+04
2.479736132812500000e+04
2.597990234375000000e+04
2.717233593750000000e+04
2.702483984375000000e+04
2.634356445312500000e+04
2.521026171875000000e+04
2.408372851562500000e+04
2.293050781250000000e+04
2.118758203125000000e+04
2.000892187500000000e+04
1.927956835937500000e+04
1.886740039062500000e+04
1.906359765625000000e+04
1.965462890625000000e+04
2.014863281250000000e+04
2.133311132812500000e+04
2.327208398437500000e+04
2.388969921875000000e+04
2.170953320312500000e+04
2.089983593750000000e+04
2.122490625000000000e+04
2.222412304687500000e+04
2.394025976562500000e+04
2.534836914062500000e+04
2.662246875000000000e+04
2.774397265625000000e+04
2.879803906250000000e+04
2.860353906250000000e+04
2.735321679687500000e+04
2.612359765625000000e+04
2.482507031250000000e+04
2.351956835937500000e+04
2.166245312500000000e+04
2.037231835937500000e+04
1.953899414062500000e+04
1.898631640625000000e+04
1.887822656250000000e+04
1.946068945312500000e+04
1.989438867187500000e+04
2.088424414062500000e+04
2.287462695312500000e+04
2.325848437500000000e+04
2.141222851562500000e+04
2.122868750000000000e+04
2.169282031250000000e+04
2.280696679687500000e+04
2.408743359375000000e+04
2.524692968750000000e+04
2.638769921875000000e+04
2.741259765625000000e+04
2.829356835937500000e+04
2.758413085937500000e+04
2.638990625000000000e+04
2.507835546875000000e+04
2.397960937500000000e+04
2.301398242187500000e+04
2.141985156250000000e+04
2.017999609375000000e+04
1.936339453125000000e+04
1.880310742187500000e+04
1.888546289062500000e+04
1.929644531250000000e+04
1.947244726562500000e+04
1.999216210937500000e+04
2.083389062500000000e+04
2.107450000000000000e+04
1.961748437500000000e+04
1.955606445312500000e+04
1.984608203125000000e+04
2.052970117187500000e+04
2.152714062500000000e+04
2.245956250000000000e+04
2.355236914062500000e+04
2.459252343750000000e+04
2.584599414062500000e+04
2.551757226562500000e+04
2.502885742187500000e+04
2.356308398437500000e+04
2.270808398437500000e+04
2.189696093750000000e+04
2.077634960937500000e+04
1.972052343750000000e+04
1.920216992187500000e+04
1.898076757812500000e+04
1.925292773437500000e+04
1.939760937500000000e+04
1.953937500000000000e+04
1.985020703125000000e+04
2.046013085937500000e+04
2.075099023437500000e+04
1.955749609375000000e+04
1.929441015625000000e+04
1.930542187500000000e+04
1.961921093750000000e+04
2.023171679687500000e+04
2.105745898437500000e+04
2.216331835937500000e+04
2.375260546875000000e+04
2.510808203125000000e+04
2.521736523437500000e+04
2.466400390625000000e+04
2.304599804687500000e+04
2.265888476562500000e+04
2.190018750000000000e+04
2.073810546875000000e+04
1.962409375000000000e+04
1.913147265625000000e+04
1.900851953125000000e+04
1.949010742187500000e+04
1.961218164062500000e+04
2.018758007812500000e+04
2.146557617187500000e+04
2.297403710937500000e+04
2.373289453125000000e+04
2.292502734375000000e+04
2.289355273437500000e+04
2.339300000000000000e+04
2.342299609375000000e+04
2.397166601562500000e+04
2.468771875000000000e+04
2.552848632812500000e+04
2.559107226562500000e+04
2.595038476562500000e+04
2.637312695312500000e+04
2.597922265625000000e+04
2.447146875000000000e+04
2.313572460937500000e+04
2.161314257812500000e+04
2.016937890625000000e+04
1.947700781250000000e+04
1.904137500000000000e+04
1.910109765625000000e+04
1.947048046875000000e+04
1.980773046875000000e+04
2.031903906250000000e+04
2.152435742187500000e+04
2.327772460937500000e+04
2.410817773437500000e+04
2.222844335937500000e+04
2.143171875000000000e+04
2.123681054687500000e+04
2.166108789062500000e+04
2.230879687500000000e+04
2.333339062500000000e+04
2.434813476562500000e+04
2.548922460937500000e+04
2.662435937500000000e+04
2.690096289062500000e+04
2.612121289062500000e+04
2.468425000000000000e+04
2.371549218750000000e+04
2.249948828125000000e+04
2.088346875000000000e+04
1.976670312500000000e+04
1.914872656250000000e+04
1.876138867187500000e+04
1.916903710937500000e+04
1.955134960937500000e+04
2.012594335937500000e+04
2.113029492187500000e+04
2.316644335937500000e+04
2.401169140625000000e+04
2.178603320312500000e+04
2.116339453125000000e+04
2.095323437500000000e+04
2.166029296875000000e+04
2.280167968750000000e+04
2.410249804687500000e+04
2.545311914062500000e+04
2.664240625000000000e+04
2.790634570312500000e+04
2.768927343750000000e+04
2.678813867187500000e+04
2.537869726562500000e+04
2.419815820312500000e+04
2.319390820312500000e+04
2.146528906250000000e+04
2.013805078125000000e+04
1.938317187500000000e+04
1.878397460937500000e+04
1.909540625000000000e+04
1.940842968750000000e+04
1.992951171875000000e+04
2.109050195312500000e+04
2.315446875000000000e+04
2.394167578125000000e+04
2.214890625000000000e+04
2.139612695312500000e+04
2.154905859375000000e+04
2.213283398437500000e+04
2.337590234375000000e+04
2.442687890625000000e+04
2.529544726562500000e+04
2.647274804687500000e+04
2.754776757812500000e+04
2.735012304687500000e+04
2.628672656250000000e+04
2.495860156250000000e+04
2.398707617187500000e+04
2.280382421875000000e+04
2.135416796875000000e+04
2.018086914062500000e+04
1.932149023437500000e+04
1.873771484375000000e+04
1.896027929687500000e+04
1.928205078125000000e+04
1.980236914062500000e+04
2.101369531250000000e+04
2.300725781250000000e+04
2.392257421875000000e+04
2.179294531250000000e+04
2.114864453125000000e+04
2.094368554687500000e+04
2.154536523437500000e+04
2.265049804687500000e+04
2.397091210937500000e+04
2.508649414062500000e+04
2.621957031250000000e+04
2.715852148437500000e+04
2.682406640625000000e+04
2.572455859375000000e+04
2.412403515625000000e+04
2.348061132812500000e+04
2.238925390625000000e+04
2.097664257812500000e+04
1.982697265625000000e+04
1.910381835937500000e+04
1.871293750000000000e+04
1.912805468750000000e+04
1.942607421875000000e+04
1.999653515625000000e+04
2.124199804687500000e+04
2.319539062500000000e+04
2.404337500000000000e+04
2.186667382812500000e+04
2.119510742187500000e+04
2.079702148437500000e+04
2.135981054687500000e+04
2.245252343750000000e+04
2.389277148437500000e+04
2.499132421875000000e+04
2.619940429687500000e+04
2.710414843750000000e+04
2.674555468750000000e+04
2.558697460937500000e+04
2.379077148437500000e+04
2.312063281250000000e+04
2.196493945312500000e+04
2.058054687500000000e+04
1.954795507812500000e+04
1.862050585937500000e+04
1.862158203125000000e+04
1.848572265625000000e+04
1.912788476562500000e+04
1.918416406250000000e+04
1.976971093750000000e+04
2.009139453125000000e+04
1.894974023437500000e+04
1.859800781250000000e+04
1.848567578125000000e+04
1.874639062500000000e+04
1.922057617187500000e+04
1.993651171875000000e+04
2.105466210937500000e+04
2.271159765625000000e+04
2.486903320312500000e+04
2.585535351562500000e+04
2.570275000000000000e+04
2.417468359375000000e+04
2.337796484375000000e+04
2.220142578125000000e+04
2.105813476562500000e+04
2.003965234375000000e+04
1.947375000000000000e+04
1.917363281250000000e+04
1.946177929687500000e+04
1.942381640625000000e+04
1.953988085937500000e+04
2.020296875000000000e+04
2.179677148437500000e+04
2.323803906250000000e+04
2.150337695312500000e+04
2.057672265625000000e+04
1.995078125000000000e+04
2.017284179687500000e+04
2.107730078125000000e+04
2.244240039062500000e+04
2.423455859375000000e+04
2.603942578125000000e+04
2.775355859375000000e+04
2.741807421875000000e+04
2.709759960937500000e+04
2.567727343750000000e+04
2.495937695312500000e+04
2.400134375000000000e+04
2.262217968750000000e+04
2.070354492187500000e+04
1.951142382812500000e+04
1.907690820312500000e+04
1.972431054687500000e+04
1.982740039062500000e+04
2.000508398437500000e+04
2.066382226562500000e+04
2.204388867187500000e+04
2.358538476562500000e+04
2.283184179687500000e+04
2.286056640625000000e+04
2.284068945312500000e+04
2.289096093750000000e+04
2.286435156250000000e+04
2.300398632812500000e+04
2.405207421875000000e+04
2.511157421875000000e+04
2.622633203125000000e+04
2.681884570312500000e+04
2.680405273437500000e+04
2.520875390625000000e+04
2.435189648437500000e+04
2.275632421875000000e+04
2.127079101562500000e+04
1.990242187500000000e+04
1.931306445312500000e+04
1.921798242187500000e+04
1.976501757812500000e+04
2.006740820312500000e+04
2.003482421875000000e+04
2.067608398437500000e+04
2.201168359375000000e+04
2.339284375000000000e+04
2.208574218750000000e+04
2.157141210937500000e+04
2.107457617187500000e+04
2.146285742187500000e+04
2.208549609375000000e+04
2.311198632812500000e+04
2.451247851562500000e+04
2.590861132812500000e+04
2.767096875000000000e+04
2.763688476562500000e+04
2.703190625000000000e+04
2.552896484375000000e+04
2.453450390625000000e+04
2.330498632812500000e+04
2.202834960937500000e+04
2.036962890625000000e+04
1.935103906250000000e+04
1.888000195312500000e+04
1.931994140625000000e+04
1.951528125000000000e+04
1.968671093750000000e+04
2.014604882812500000e+04
2.138190625000000000e+04
2.243258593750000000e+04
2.138411328125000000e+04
2.117399023437500000e+04
2.154389062500000000e+04
2.191277734375000000e+04
2.294853515625000000e+04
2.444860156250000000e+04
2.581637890625000000e+04
2.707270117187500000e+04
2.860987695312500000e+04
2.815078320312500000e+04
2.744938476562500000e+04
2.592383593750000000e+04
2.481637695312500000e+04
2.351570117187500000e+04
2.210395703125000000e+04
2.043682617187500000e+04
1.940156445312500000e+04
1.895412695312500000e+04
1.916810546875000000e+04
1.953553710937500000e+04
1.958299609375000000e+04
2.023493359375000000e+04
2.149288867187500000e+04
2.275269531250000000e+04
2.149398046875000000e+04
2.129366406250000000e+04
2.164968945312500000e+04
2.279697070312500000e+04
2.434770898437500000e+04
2.582790625000000000e+04
2.704306250000000000e+04
2.809394335937500000e+04
2.955852929687500000e+04
2.876466601562500000e+04
2.779470898437500000e+04
2.592827343750000000e+04
2.473582617187500000e+04
2.329519531250000000e+04
2.209903906250000000e+04
2.055508984375000000e+04
1.957413867187500000e+04
1.903269531250000000e+04
1.902599023437500000e+04
1.919139648437500000e+04
1.918150390625000000e+04
1.940773632812500000e+04
1.997691015625000000e+04
2.036253906250000000e+04
1.928103906250000000e+04
1.959753710937500000e+04
2.032760351562500000e+04
2.113650390625000000e+04
2.221303710937500000e+04
2.348496093750000000e+04
2.475906445312500000e+04
2.594867382812500000e+04
2.793401953125000000e+04
2.737712890625000000e+04
2.666128125000000000e+04
2.521477148437500000e+04
2.393575585937500000e+04
2.288578125000000000e+04
2.199558203125000000e+04
2.075903125000000000e+04
1.969811132812500000e+04
1.876988281250000000e+04
1.877136132812500000e+04
1.875500585937500000e+04
1.879766796875000000e+04
1.898479882812500000e+04
1.942747070312500000e+04
1.963826171875000000e+04
1.896007421875000000e+04
1.905379492187500000e+04
1.973432617187500000e+04
2.073496679687500000e+04
2.180157421875000000e+04
2.293799804687500000e+04
2.405063867187500000e+04
2.538543945312500000e+04
2.719678906250000000e+04
2.710024023437500000e+04
2.666660156250000000e+04
2.515625976562500000e+04
2.415500781250000000e+04
2.312341210937500000e+04
2.218205664062500000e+04
2.082874218750000000e+04
1.980719140625000000e+04
1.886108398437500000e+04
1.888341015625000000e+04
1.900700000000000000e+04
1.919219140625000000e+04
1.951302734375000000e+04
2.109554492187500000e+04
2.266911718750000000e+04
2.177431054687500000e+04
2.174735937500000000e+04
2.239797851562500000e+04
2.340975781250000000e+04
2.456323242187500000e+04
2.547652539062500000e+04
2.629533789062500000e+04
2.714525000000000000e+04
2.785484765625000000e+04
2.752376953125000000e+04
2.714055468750000000e+04
2.530837890625000000e+04
2.437664257812500000e+04
2.287325781250000000e+04
2.153925976562500000e+04
2.001158789062500000e+04
1.906612890625000000e+04
1.882155468750000000e+04
1.914670117187500000e+04
1.933207031250000000e+04
1.941994921875000000e+04
2.010221289062500000e+04
2.144152929687500000e+04
2.312260351562500000e+04
2.317832617187500000e+04
2.251043164062500000e+04
2.292862890625000000e+04
2.221700195312500000e+04
2.272758398437500000e+04
2.320475390625000000e+04
2.430611523437500000e+04
2.543376562500000000e+04
2.711980078125000000e+04
2.741553515625000000e+04
2.732938867187500000e+04
2.571920117187500000e+04
2.455726367187500000e+04
2.310211328125000000e+04
2.177486914062500000e+04
2.002111523437500000e+04
1.914286328125000000e+04
1.890980273437500000e+04
1.943934375000000000e+04
1.953017773437500000e+04
1.964385937500000000e+04
2.031842773437500000e+04
2.156583398437500000e+04
2.327413867187500000e+04
2.267547656250000000e+04
2.192750390625000000e+04
2.140225976562500000e+04
2.118146679687500000e+04
2.165261132812500000e+04
2.217426757812500000e+04
2.344195898437500000e+04
2.512653515625000000e+04
2.711448437500000000e+04
2.741465234375000000e+04
2.710159570312500000e+04
2.526581250000000000e+04
2.447649804687500000e+04
2.314978515625000000e+04
2.185577343750000000e+04
2.016522070312500000e+04
1.928458593750000000e+04
1.889872265625000000e+04
1.937241210937500000e+04
1.962726953125000000e+04
1.974925000000000000e+04
2.038078710937500000e+04
2.170511523437500000e+04
2.339946679687500000e+04
2.242272851562500000e+04
2.206264257812500000e+04
2.160224023437500000e+04
2.170349804687500000e+04
2.242664648437500000e+04
2.358840039062500000e+04
2.505082226562500000e+04
2.596099609375000000e+04
2.692640039062500000e+04
2.713227343750000000e+04
2.697125781250000000e+04
2.514559570312500000e+04
2.441170507812500000e+04
2.308455468750000000e+04
2.186243554687500000e+04
2.001902539062500000e+04
1.922223437500000000e+04
1.907171484375000000e+04
1.959162500000000000e+04
1.967053515625000000e+04
1.976602148437500000e+04
2.038945117187500000e+04
2.165497265625000000e+04
2.332724804687500000e+04
2.278662304687500000e+04
2.188304492187500000e+04
2.174365429687500000e+04
2.178768945312500000e+04
2.242635546875000000e+04
2.349873046875000000e+04
2.476699804687500000e+04
2.571259179687500000e+04
2.663182812500000000e+04
2.690139648437500000e+04
2.642845898437500000e+04
2.426940039062500000e+04
2.361337890625000000e+04
2.243821093750000000e+04
2.138467773437500000e+04
1.996470507812500000e+04
1.924379882812500000e+04
1.917870507812500000e+04
1.961422070312500000e+04
1.969631445312500000e+04
1.976372265625000000e+04
2.003632617187500000e+04
2.072935742187500000e+04
2.139450000000000000e+04
2.040889062500000000e+04
1.969956835937500000e+04
1.923337500000000000e+04
1.922655078125000000e+04
1.971300585937500000e+04
2.038092382812500000e+04
2.159556835937500000e+04
2.331094335937500000e+04
2.533553515625000000e+04
2.621726757812500000e+04
2.582403125000000000e+04
2.414825390625000000e+04
2.349968359375000000e+04
2.254720117187500000e+04
2.163787695312500000e+04
2.031705273437500000e+04
1.948403125000000000e+04
1.920869140625000000e+04
1.947570703125000000e+04
1.930438671875000000e+04
1.924308203125000000e+04
1.950994140625000000e+04
2.001943750000000000e+04
2.058301367187500000e+04
1.915010937500000000e+04
1.864899023437500000e+04
1.863633007812500000e+04
1.920631835937500000e+04
1.994964062500000000e+04
2.073748632812500000e+04
2.180444140625000000e+04
2.335169335937500000e+04
2.583690625000000000e+04
2.667893750000000000e+04
2.630773242187500000e+04
2.478271289062500000e+04
2.408399804687500000e+04
2.300283789062500000e+04
2.193003710937500000e+04
2.048998828125000000e+04
1.949565625000000000e+04
1.897660742187500000e+04
1.919747851562500000e+04
1.914563085937500000e+04
1.932319531250000000e+04
1.993275976562500000e+04
2.150040234375000000e+04
2.314682031250000000e+04
2.203609570312500000e+04
2.126566992187500000e+04
2.134288085937500000e+04
2.200538671875000000e+04
2.304824023437500000e+04
2.446388867187500000e+04
2.563818945312500000e+04
2.706190429687500000e+04
2.766767578125000000e+04
2.736828320312500000e+04
2.697484765625000000e+04
2.524439453125000000e+04
2.453344335937500000e+04
2.333821484375000000e+04
2.232255664062500000e+04
2.040904101562500000e+04
1.932443164062500000e+04
1.911151562500000000e+04
1.944497265625000000e+04
1.942251953125000000e+04
1.953782421875000000e+04
2.005953710937500000e+04
2.137756445312500000e+04
2.292152734375000000e+04
2.264608007812500000e+04
2.184688085937500000e+04
2.139622070312500000e+04
2.146492773437500000e+04
2.187127539062500000e+04
2.255435546875000000e+04
2.359861718750000000e+04
2.498364648437500000e+04
2.651595312500000000e+04
2.711319921875000000e+04
2.711268750000000000e+04
2.564208007812500000e+04
2.468326953125000000e+04
2.344422851562500000e+04
2.219147851562500000e+04
2.055279492187500000e+04
1.949437695312500000e+04
1.934770507812500000e+04
1.991291406250000000e+04
2.003849218750000000e+04
2.012890429687500000e+04
2.081556250000000000e+04
2.202111718750000000e+04
2.339665820312500000e+04
2.235772656250000000e+04
2.058861132812500000e+04
2.055850000000000000e+04
2.032556054687500000e+04
2.112009570312500000e+04
2.208302539062500000e+04
2.352172460937500000e+04
2.511866796875000000e+04
2.727890820312500000e+04
2.737890820312500000e+04
2.683545703125000000e+04
2.493972265625000000e+04
2.418525000000000000e+04
2.312596484375000000e+04
2.196599218750000000e+04
2.032016015625000000e+04
1.933088085937500000e+04
1.886245898437500000e+04
1.943712695312500000e+04
1.932807226562500000e+04
1.937646289062500000e+04
