5.475776367187500000e+02
5.481566162109375000e+02
5.407786865234375000e+02
5.344474487304687500e+02
5.249506225585937500e+02
5.110203247070312500e+02
4.477632446289062500e+02
4.341858825683593750e+02
4.211483459472656250e+02
4.092496948242187500e+02
4.017565917968750000e+02
4.036483764648437500e+02
4.015821838378906250e+02
4.016645202636718750e+02
3.998248596191406250e+02
3.963664550781250000e+02
3.928823242187500000e+02
3.868136596679687500e+02
3.818344421386718750e+02
3.757690734863281250e+02
3.693226318359375000e+02
3.637127380371093750e+02
3.088261718750000000e+02
2.714698181152343750e+02
2.240537872314453125e+02
1.576575469970703125e+02
1.075567474365234375e+02
1.023813781738281250e+02
9.336981201171875000e+01
9.640696716308593750e+01
9.731871032714843750e+01
9.835740661621093750e+01
1.013259124755859375e+02
1.097942352294921875e+02
1.255643005371093750e+02
1.367067718505859375e+02
1.501804351806640625e+02
1.630748138427734375e+02
1.820300140380859375e+02
2.055375061035156250e+02
2.336445770263671875e+02
2.563417968750000000e+02
2.771732482910156250e+02
2.931447753906250000e+02
3.238080749511718750e+02
3.252960510253906250e+02
3.255989685058593750e+02
3.538917236328125000e+02
3.538365783691406250e+02
3.537691650390625000e+02
3.547617187500000000e+02
3.553013916015625000e+02
3.549303283691406250e+02
3.566885070800781250e+02
3.577190551757812500e+02
3.389340515136718750e+02
3.158602294921875000e+02
3.162342834472656250e+02
3.178439025878906250e+02
3.186194763183593750e+02
3.220208129882812500e+02
3.236552429199218750e+02
3.247239379882812500e+02
3.235288085937500000e+02
3.203982543945312500e+02
3.198162536621093750e+02
3.194004211425781250e+02
3.193478088378906250e+02
3.195903320312500000e+02
3.218240356445312500e+02
3.220314025878906250e+02
3.239277038574218750e+02
3.239153137207031250e+02
3.259686889648437500e+02
3.281857910156250000e+02
3.300628662109375000e+02
3.306937255859375000e+02
3.318849792480468750e+02
3.319421691894531250e+02
3.319613952636718750e+02
3.319816589355468750e+02
3.299067687988281250e+02
3.280116577148437500e+02
3.260057678222656250e+02
3.237913208007812500e+02
3.218605041503906250e+02
3.197996215820312500e+02
3.202164306640625000e+02
3.199964599609375000e+02
3.198014221191406250e+02
3.198837585449218750e+02
3.199352416992187500e+02
3.188659973144531250e+02
3.201391906738281250e+02
3.200465698242187500e+02
3.207948303222656250e+02
3.198749389648437500e+02
3.196704101562500000e+02
3.193596801757812500e+02
3.195554504394531250e+02
3.190004882812500000e+02
3.138932189941406250e+02
3.139473876953125000e+02
3.129339294433593750e+02
3.120643310546875000e+02
3.149780578613281250e+02
3.159050598144531250e+02
3.180921936035156250e+02
3.193326721191406250e+02
3.195150756835937500e+02
3.228987426757812500e+02
3.261505432128906250e+02
3.258543090820312500e+02
3.279083251953125000e+02
3.298633728027343750e+02
3.333247070312500000e+02
3.356471557617187500e+02
3.380331726074218750e+02
3.397417602539062500e+02
3.407314758300781250e+02
3.426959838867187500e+02
3.460195312500000000e+02
3.498234558105468750e+02
3.548867187500000000e+02
3.603833618164062500e+02
3.637470703125000000e+02
3.659400634765625000e+02
3.678851013183593750e+02
3.709169311523437500e+02
3.716958312988281250e+02
3.737550964355468750e+02
3.738560791015625000e+02
3.739397888183593750e+02
3.748949890136718750e+02
3.738595275878906250e+02
3.737807617187500000e+02
3.737937316894531250e+02
3.757070312500000000e+02
3.756508789062500000e+02
3.775150756835937500e+02
3.778201293945312500e+02
3.780976257324218750e+02
3.776603088378906250e+02
3.768071899414062500e+02
3.776018676757812500e+02
3.859355468750000000e+02
3.936024169921875000e+02
3.914510498046875000e+02
3.916184692382812500e+02
3.896424255371093750e+02
3.897214355468750000e+02
3.897605285644531250e+02
3.896389770507812500e+02
3.901662597656250000e+02
3.719116516113281250e+02
3.755944519042968750e+02
3.780794982910156250e+02
3.860975341796875000e+02
3.858893127441406250e+02
3.811274414062500000e+02
3.828942565917968750e+02
3.809794006347656250e+02
3.806065063476562500e+02
3.804945678710937500e+02
3.775864257812500000e+02
3.765752868652343750e+02
3.760621643066406250e+02
3.734382324218750000e+02
3.746903076171875000e+02
3.765157165527343750e+02
3.753046264648437500e+02
3.775468750000000000e+02
3.776911010742187500e+02
3.806383666992187500e+02
3.805784606933593750e+02
3.480056762695312500e+02
3.668463134765625000e+02
3.679872741699218750e+02
3.692018127441406250e+02
3.690380554199218750e+02
3.697471313476562500e+02
3.753069763183593750e+02
3.747362060546875000e+02
3.758316345214843750e+02
3.646113281250000000e+02
3.637922668457031250e+02
3.639671325683593750e+02
3.656021423339843750e+02
3.710399780273437500e+02
3.739459228515625000e+02
3.777577819824218750e+02
3.787485046386718750e+02
3.797360839843750000e+02
3.804976806640625000e+02
3.799228820800781250e+02
3.806646118164062500e+02
3.806382446289062500e+02
3.805245971679687500e+02
3.814821472167968750e+02
3.787299499511718750e+02
3.775901794433593750e+02
3.763453063964843750e+02
3.746315612792968750e+02
3.758906555175781250e+02
3.758536682128906250e+02
3.778185119628906250e+02
3.778292541503906250e+02
3.782699584960937500e+02
3.811362915039062500e+02
3.816087341308593750e+02
3.838110656738281250e+02
3.874413452148437500e+02
3.869876403808593750e+02
3.830338134765625000e+02
3.810791015625000000e+02
3.809573974609375000e+02
3.798772888183593750e+02
3.808117980957031250e+02
3.797763977050781250e+02
3.797010803222656250e+02
3.795509033203125000e+02
3.797248535156250000e+02
3.776747436523437500e+02
3.777551269531250000e+02
3.776787719726562500e+02
3.776134338378906250e+02
3.766920776367187500e+02
3.746523742675781250e+02
3.713952026367187500e+02
3.678103332519531250e+02
3.657722473144531250e+02
3.612054138183593750e+02
3.906612548828125000e+02
3.896245422363281250e+02
3.855322875976562500e+02
3.829755249023437500e+02
3.774292297363281250e+02
3.777307434082031250e+02
3.782598571777343750e+02
3.778980712890625000e+02
3.758051757812500000e+02
3.756228942871093750e+02
3.773400268554687500e+02
3.699898681640625000e+02
3.676951904296875000e+02
3.680517883300781250e+02
3.687112426757812500e+02
3.696335449218750000e+02
3.707571716308593750e+02
3.719466857910156250e+02
3.716625366210937500e+02
3.719815979003906250e+02
3.717056579589843750e+02
3.699827575683593750e+02
3.687503662109375000e+02
3.695772705078125000e+02
3.666513671875000000e+02
3.643249816894531250e+02
3.617210083007812500e+02
3.617429809570312500e+02
3.619755554199218750e+02
3.627375793457031250e+02
3.637917785644531250e+02
3.670598144531250000e+02
3.740957336425781250e+02
3.728654785156250000e+02
3.716530761718750000e+02
3.706728820800781250e+02
3.697080383300781250e+02
3.687431640625000000e+02
3.667057495117187500e+02
3.657223815917968750e+02
3.595878906250000000e+02
3.595289611816406250e+02
3.597369689941406250e+02
3.611450805664062500e+02
3.622662963867187500e+02
3.640625610351562500e+02
3.628816528320312500e+02
3.617303466796875000e+02
3.610211791992187500e+02
3.598618469238281250e+02
3.578586120605468750e+02
3.539636230468750000e+02
3.499446716308593750e+02
3.457849121093750000e+02
3.608033447265625000e+02
3.618386840820312500e+02
3.608053588867187500e+02
3.589936828613281250e+02
3.597050170898437500e+02
3.587742919921875000e+02
3.577021789550781250e+02
3.577933959960937500e+02
3.380272827148437500e+02
3.377788085937500000e+02
3.396708068847656250e+02
3.391549987792968750e+02
3.397589416503906250e+02
3.541256103515625000e+02
3.522459716796875000e+02
3.519189758300781250e+02
3.507907104492187500e+02
3.499570922851562500e+02
3.476308288574218750e+02
3.460231323242187500e+02
3.319591064453125000e+02
3.319320373535156250e+02
3.347159423828125000e+02
3.382873840332031250e+02
3.396472167968750000e+02
3.407564086914062500e+02
3.429832153320312500e+02
3.436530151367187500e+02
3.451859130859375000e+02
3.459889831542968750e+02
3.448128051757812500e+02
3.405494689941406250e+02
3.380186157226562500e+02
3.345220031738281250e+02
3.338998413085937500e+02
3.339273986816406250e+02
3.350184631347656250e+02
3.358797607421875000e+02
3.365488891601562500e+02
3.392357482910156250e+02
3.419284057617187500e+02
3.439763793945312500e+02
3.436489868164062500e+02
3.440716552734375000e+02
3.461457824707031250e+02
3.478967590332031250e+02
3.477388000488281250e+02
3.415480651855468750e+02
3.423731994628906250e+02
3.719621276855468750e+02
3.710454101562500000e+02
3.693903808593750000e+02
3.705187072753906250e+02
3.694355163574218750e+02
3.685341796875000000e+02
3.689605407714843750e+02
3.678140258789062500e+02
3.490338745117187500e+02
3.418287658691406250e+02
3.399027099609375000e+02
3.408476867675781250e+02
3.885220947265625000e+02
3.896388549804687500e+02
3.902149963378906250e+02
3.914763793945312500e+02
3.909792175292968750e+02
3.930664062500000000e+02
3.929655761718750000e+02
3.933813171386718750e+02
3.478290405273437500e+02
3.472572631835937500e+02
3.469718627929687500e+02
3.472792663574218750e+02
3.496951904296875000e+02
3.500273742675781250e+02
3.474073791503906250e+02
3.469516296386718750e+02
3.468688354492187500e+02
3.477821960449218750e+02
3.479924316406250000e+02
3.478434753417968750e+02
3.459680786132812500e+02
3.458100891113281250e+02
3.484788208007812500e+02
3.518136901855468750e+02
3.557019348144531250e+02
3.576013793945312500e+02
3.616903076171875000e+02
3.614555969238281250e+02
3.627934265136718750e+02
3.619153442382812500e+02
3.622383117675781250e+02
3.605589599609375000e+02
3.616707458496093750e+02
3.635866699218750000e+02
3.643105163574218750e+02
3.657354431152343750e+02
3.671112670898437500e+02
3.667940063476562500e+02
3.667231445312500000e+02
3.667828674316406250e+02
3.660463562011718750e+02
3.677182006835937500e+02
3.676078796386718750e+02
3.686124877929687500e+02
3.685912170410156250e+02
3.686659851074218750e+02
3.656618957519531250e+02
4.051284179687500000e+02
4.052744445800781250e+02
4.013889465332031250e+02
4.004356384277343750e+02
3.991670227050781250e+02
3.953701782226562500e+02
3.965830383300781250e+02
3.947186889648437500e+02
3.541244201660156250e+02
3.538772583007812500e+02
3.528739624023437500e+02
3.517492065429687500e+02
3.497400817871093750e+02
3.497376403808593750e+02
3.506966857910156250e+02
3.517513122558593750e+02
3.528386535644531250e+02
3.545052795410156250e+02
3.520518798828125000e+02
3.535558166503906250e+02
3.560097961425781250e+02
3.556821899414062500e+02
3.557756347656250000e+02
3.552610473632812500e+02
3.517440490722656250e+02
3.488450012207031250e+02
3.488528442382812500e+02
3.457719421386718750e+02
3.446511230468750000e+02
3.436718444824218750e+02
3.419369812011718750e+02
3.398412780761718750e+02
3.396868896484375000e+02
3.389339599609375000e+02
3.376580505371093750e+02
3.389113464355468750e+02
3.398666687011718750e+02
3.397919921875000000e+02
3.398525390625000000e+02
3.397661437988281250e+02
3.389176635742187500e+02
3.399305114746093750e+02
3.397923278808593750e+02
3.402209167480468750e+02
3.378129272460937500e+02
3.383416748046875000e+02
3.379397888183593750e+02
3.381241760253906250e+02
3.367133789062500000e+02
3.360664062500000000e+02
3.359385986328125000e+02
3.340507812500000000e+02
3.338888244628906250e+02
3.349385681152343750e+02
3.358782043457031250e+02
3.385852355957031250e+02
3.376711425781250000e+02
3.368315734863281250e+02
3.375694885253906250e+02
3.352857360839843750e+02
3.358547973632812500e+02
3.340652160644531250e+02
3.322388916015625000e+02
3.299517211914062500e+02
3.313013000488281250e+02
3.297349243164062500e+02
3.277670288085937500e+02
3.555909423828125000e+02
3.558083801269531250e+02
3.554705505371093750e+02
3.558454895019531250e+02
3.575286865234375000e+02
3.574902954101562500e+02
3.579350891113281250e+02
3.573575439453125000e+02
3.298458251953125000e+02
3.318686218261718750e+02
3.307402648925781250e+02
3.320390930175781250e+02
3.310486145019531250e+02
3.318231506347656250e+02
3.320973510742187500e+02
3.316999511718750000e+02
3.331553344726562500e+02
3.330271606445312500e+02
3.316039428710937500e+02
3.308324279785156250e+02
3.299486083984375000e+02
3.294795227050781250e+02
3.276373291015625000e+02
3.253602600097656250e+02
3.259850769042968750e+02
3.237975769042968750e+02
3.221230468750000000e+02
3.200379638671875000e+02
3.149774475097656250e+02
3.059056396484375000e+02
2.981080932617187500e+02
2.911153564453125000e+02
2.815219726562500000e+02
2.730996398925781250e+02
2.641359558105468750e+02
2.564196472167968750e+02
2.504830780029296875e+02
2.436318817138671875e+02
2.384768524169921875e+02
2.395376739501953125e+02
2.394152069091796875e+02
2.395839691162109375e+02
2.397051696777343750e+02
2.394857482910156250e+02
2.395766601562500000e+02
2.394555969238281250e+02
2.394142456054687500e+02
2.383954162597656250e+02
2.374013366699218750e+02
2.402537078857421875e+02
2.516132507324218750e+02
2.564001464843750000e+02
2.644554443359375000e+02
2.723771667480468750e+02
2.801347045898437500e+02
2.885543212890625000e+02
2.978170166015625000e+02
3.043362121582031250e+02
3.140594482421875000e+02
3.179828796386718750e+02
3.198420410156250000e+02
3.210689086914062500e+02
3.220600891113281250e+02
3.403555603027343750e+02
3.406608886718750000e+02
3.418175659179687500e+02
3.436046142578125000e+02
3.446600341796875000e+02
3.448335266113281250e+02
3.437603149414062500e+02
3.437746582031250000e+02
3.425514221191406250e+02
3.444498596191406250e+02
3.437156982421875000e+02
3.438233337402343750e+02
3.426945190429687500e+02
3.420618591308593750e+02
3.418952636718750000e+02
3.438399353027343750e+02
3.438174743652343750e+02
3.435066528320312500e+02
3.441606140136718750e+02
3.417363891601562500e+02
3.360342712402343750e+02
3.314085693359375000e+02
3.280527038574218750e+02
3.242183837890625000e+02
3.213394775390625000e+02
3.208562316894531250e+02
3.207844848632812500e+02
3.208254394531250000e+02
3.197734375000000000e+02
3.199591979980468750e+02
3.211826782226562500e+02
3.220168762207031250e+02
3.220552062988281250e+02
3.206829528808593750e+02
3.201078491210937500e+02
3.179006347656250000e+02
3.179103698730468750e+02
3.138862609863281250e+02
3.111451416015625000e+02
3.063405456542968750e+02
3.040689697265625000e+02
3.019879150390625000e+02
2.980353088378906250e+02
2.940694274902343750e+02
2.900455017089843750e+02
2.881107788085937500e+02
2.860617065429687500e+02
2.821253967285156250e+02
2.811527099609375000e+02
2.792490844726562500e+02
2.773804016113281250e+02
2.732621459960937500e+02
2.722482299804687500e+02
2.699626770019531250e+02
2.681545715332031250e+02
2.681513671875000000e+02
2.662489929199218750e+02
2.699494934082031250e+02
2.733714294433593750e+02
2.803767395019531250e+02
2.859313964843750000e+02
2.901014099121093750e+02
2.940155029296875000e+02
2.984325256347656250e+02
3.057324218750000000e+02
3.161197509765625000e+02
3.204443359375000000e+02
3.230923461914062500e+02
3.234188537597656250e+02
3.264977111816406250e+02
3.258354492187500000e+02
3.280713806152343750e+02
3.438685913085937500e+02
3.437909851074218750e+02
3.437570190429687500e+02
3.438232727050781250e+02
3.437380676269531250e+02
3.436941223144531250e+02
3.438172607421875000e+02
3.429471435546875000e+02
3.268713378906250000e+02
3.241915588378906250e+02
3.237884826660156250e+02
3.230124816894531250e+02
3.218917541503906250e+02
3.207720031738281250e+02
3.189065246582031250e+02
3.160704650878906250e+02
3.080892333984375000e+02
2.988182067871093750e+02
2.940166320800781250e+02
2.862633361816406250e+02
2.832805175781250000e+02
2.790059509277343750e+02
2.773852233886718750e+02
2.762528686523437500e+02
2.782629089355468750e+02
2.741940002441406250e+02
2.742408752441406250e+02
2.752187500000000000e+02
2.757988281250000000e+02
2.803421630859375000e+02
2.862006530761718750e+02
2.899403991699218750e+02
2.863622131347656250e+02
2.950746765136718750e+02
3.010719299316406250e+02
3.082605590820312500e+02
3.158624267578125000e+02
3.201475830078125000e+02
3.217432250976562500e+02
3.239945983886718750e+02
3.257390747070312500e+02
3.290434570312500000e+02
3.305474548339843750e+02
3.349407348632812500e+02
3.322487792968750000e+02
3.340089416503906250e+02
3.355329284667968750e+02
3.339180603027343750e+02
3.337500610351562500e+02
3.338183898925781250e+02
3.336945495605468750e+02
3.339101867675781250e+02
3.336274414062500000e+02
3.338988952636718750e+02
3.357400512695312500e+02
3.357772216796875000e+02
3.400274047851562500e+02
3.427537536621093750e+02
3.437642822265625000e+02
3.449899597167968750e+02
3.450509948730468750e+02
3.478654174804687500e+02
3.440314636230468750e+02
3.439122924804687500e+02
3.447355651855468750e+02
3.433983154296875000e+02
3.416406860351562500e+02
3.417546081542968750e+02
3.415772705078125000e+02
3.437791748046875000e+02
3.441455383300781250e+02
3.439544372558593750e+02
3.448324890136718750e+02
3.468284301757812500e+02
3.476954345703125000e+02
3.492783203125000000e+02
3.497645263671875000e+02
3.489077453613281250e+02
3.478419189453125000e+02
3.455643615722656250e+02
3.439537963867187500e+02
3.419708251953125000e+02
3.407371520996093750e+02
3.397868652343750000e+02
3.390579528808593750e+02
3.376142272949218750e+02
3.379396362304687500e+02
3.378768615722656250e+02
3.373685913085937500e+02
3.367056579589843750e+02
3.366094665527343750e+02
3.360176696777343750e+02
3.350885314941406250e+02
3.337353820800781250e+02
3.317360534667968750e+02
3.317705078125000000e+02
3.308414001464843750e+02
3.298379211425781250e+02
3.278421020507812500e+02
3.277615051269531250e+02
3.268049926757812500e+02
3.278741149902343750e+02
3.277683105468750000e+02
3.278529663085937500e+02
3.299018249511718750e+02
3.317992553710937500e+02
3.338986511230468750e+02
3.382276000976562500e+02
3.381785888671875000e+02
3.405512390136718750e+02
3.424581909179687500e+02
3.453880920410156250e+02
3.497158813476562500e+02
3.530895690917968750e+02
3.580028991699218750e+02
3.600204162597656250e+02
3.630015258789062500e+02
3.650011901855468750e+02
3.674880676269531250e+02
3.688761291503906250e+02
3.676095886230468750e+02
3.685928955078125000e+02
3.695700073242187500e+02
3.714870910644531250e+02
3.714930419921875000e+02
3.697213439941406250e+02
3.715976257324218750e+02
3.716948242187500000e+02
3.696117553710937500e+02
3.676896972656250000e+02
3.658884887695312500e+02
3.638728027343750000e+02
3.639570617675781250e+02
3.628878784179687500e+02
3.618151245117187500e+02
3.573600769042968750e+02
3.538981323242187500e+02
3.503017578125000000e+02
3.452467956542968750e+02
3.439272460937500000e+02
3.421315917968750000e+02
3.401658935546875000e+02
3.386735534667968750e+02
3.387005004882812500e+02
3.389557495117187500e+02
3.400755615234375000e+02
3.399949340820312500e+02
3.388890075683593750e+02
3.379810791015625000e+02
3.380451660156250000e+02
3.363951721191406250e+02
3.338887939453125000e+02
3.695016174316406250e+02
3.675408325195312500e+02
3.675181274414062500e+02
3.655398254394531250e+02
3.645865478515625000e+02
3.626511840820312500e+02
3.585053405761718750e+02
3.558498229980468750e+02
3.239393920898437500e+02
3.221479492187500000e+02
3.176665039062500000e+02
3.161808776855468750e+02
3.146836853027343750e+02
3.140050048828125000e+02
3.140169067382812500e+02
3.169450073242187500e+02
3.178379211425781250e+02
3.200059204101562500e+02
3.208299560546875000e+02
3.224211120605468750e+02
3.238252868652343750e+02
3.277614440917968750e+02
3.316223144531250000e+02
3.312808532714843750e+02
3.319527893066406250e+02
3.319584960937500000e+02
3.335840759277343750e+02
3.340678100585937500e+02
3.339523620605468750e+02
3.337756958007812500e+02
3.298815002441406250e+02
3.261525268554687500e+02
3.250493469238281250e+02
3.258376159667968750e+02
3.247816772460937500e+02
3.229326782226562500e+02
3.220399780273437500e+02
3.198582458496093750e+02
3.159685974121093750e+02
3.129098205566406250e+02
3.087979125976562500e+02
3.020860290527343750e+02
2.982036743164062500e+02
2.941690979003906250e+02
2.920111389160156250e+02
2.891395874023437500e+02
2.838439941406250000e+02
2.790793151855468750e+02
2.742624511718750000e+02
2.691340026855468750e+02
2.664119567871093750e+02
2.634507446289062500e+02
2.601017150878906250e+02
2.602768249511718750e+02
2.602956848144531250e+02
2.601619262695312500e+02
2.583387451171875000e+02
2.582398986816406250e+02
2.584288024902343750e+02
2.563254394531250000e+02
2.562213745117187500e+02
2.573974609375000000e+02
2.563991699218750000e+02
2.527978057861328125e+02
2.702428283691406250e+02
2.702860107421875000e+02
2.683649902343750000e+02
2.678933715820312500e+02
2.662688598632812500e+02
2.682005310058593750e+02
2.713996276855468750e+02
2.736213684082031250e+02
2.486402893066406250e+02
2.505196380615234375e+02
2.579851684570312500e+02
2.604436950683593750e+02
2.632769470214843750e+02
2.691045227050781250e+02
2.785171813964843750e+02
2.883027954101562500e+02
2.949460754394531250e+02
3.039972229003906250e+02
3.119657592773437500e+02
3.172554626464843750e+02
3.201336059570312500e+02
3.210153503417968750e+02
3.210020446777343750e+02
3.236449279785156250e+02
3.236717529296875000e+02
3.218142089843750000e+02
3.176379089355468750e+02
3.200133361816406250e+02
3.232008666992187500e+02
3.223959960937500000e+02
3.180269775390625000e+02
3.223614501953125000e+02
3.238838500976562500e+02
3.256848754882812500e+02
3.259041137695312500e+02
3.269071350097656250e+02
3.284230651855468750e+02
3.298059692382812500e+02
3.287011108398437500e+02
3.278191223144531250e+02
3.279458618164062500e+02
3.271465148925781250e+02
3.270014038085937500e+02
3.269581909179687500e+02
3.282692871093750000e+02
3.278949584960937500e+02
3.299308471679687500e+02
3.300704040527343750e+02
3.314010314941406250e+02
3.300116271972656250e+02
3.318842773437500000e+02
3.309075622558593750e+02
3.295870361328125000e+02
3.298611450195312500e+02
3.318584594726562500e+02
3.318630676269531250e+02
3.317578430175781250e+02
3.298381042480468750e+02
3.297968139648437500e+02
3.275093078613281250e+02
3.282730712890625000e+02
3.272026672363281250e+02
3.259924621582031250e+02
3.249813537597656250e+02
3.251783447265625000e+02
3.251809997558593750e+02
3.239679870605468750e+02
3.237767028808593750e+02
3.238272705078125000e+02
3.240147399902343750e+02
3.236938476562500000e+02
3.228334350585937500e+02
3.218845214843750000e+02
3.220222473144531250e+02
3.218054809570312500e+02
3.198556823730468750e+02
3.196747131347656250e+02
3.179563903808593750e+02
3.163316650390625000e+02
3.097624816894531250e+02
3.079035339355468750e+02
3.057273864746093750e+02
3.021551818847656250e+02
2.980918884277343750e+02
2.953869628906250000e+02
2.909259338378906250e+02
2.868071899414062500e+02
2.802628479003906250e+02
2.742028808593750000e+02
2.701762695312500000e+02
2.621401062011718750e+02
2.592627258300781250e+02
2.564397277832031250e+02
2.523477325439453125e+02
2.484512939453125000e+02
2.472413635253906250e+02
2.475027618408203125e+02
2.453943023681640625e+02
2.444566955566406250e+02
2.464423675537109375e+02
2.464247283935546875e+02
2.524557037353515625e+02
2.582920227050781250e+02
2.593972778320312500e+02
2.654338684082031250e+02
2.743125305175781250e+02
2.843413696289062500e+02
2.934203186035156250e+02
2.937163085937500000e+02
2.919687194824218750e+02
2.953398437500000000e+02
3.040366516113281250e+02
3.120444946289062500e+02
3.209388122558593750e+02
3.219248046875000000e+02
3.208340454101562500e+02
3.229395446777343750e+02
3.298429260253906250e+02
3.346487121582031250e+02
3.376725769042968750e+02
3.372492980957031250e+02
3.384967041015625000e+02
3.378884582519531250e+02
3.362309570312500000e+02
3.361379089355468750e+02
3.359144287109375000e+02
3.322621459960937500e+02
3.341271362304687500e+02
3.290450439453125000e+02
3.241135253906250000e+02
3.181383666992187500e+02
3.142347412109375000e+02
3.279028625488281250e+02
3.794273681640625000e+02
3.791136169433593750e+02
3.785859069824218750e+02
3.765643920898437500e+02
3.748755187988281250e+02
3.813934631347656250e+02
3.865912170410156250e+02
3.855765075683593750e+02
3.008762512207031250e+02
2.892307128906250000e+02
2.907064208984375000e+02
2.980909118652343750e+02
3.113665771484375000e+02
3.133852233886718750e+02
3.159854736328125000e+02
3.167600708007812500e+02
3.146726074218750000e+02
3.119499816894531250e+02
3.129255981445312500e+02
3.180443725585937500e+02
2.971361999511718750e+02
2.901484680175781250e+02
2.940136413574218750e+02
3.021408386230468750e+02
3.049378051757812500e+02
3.063558349609375000e+02
3.108917846679687500e+02
3.167810058593750000e+02
3.216616821289062500e+02
3.279733886718750000e+02
3.292270507812500000e+02
3.476466064453125000e+02
3.489231567382812500e+02
3.574102478027343750e+02
3.657338562011718750e+02
3.700229492187500000e+02
3.857379760742187500e+02
3.894790649414062500e+02
3.909682312011718750e+02
3.937416381835937500e+02
3.937216186523437500e+02
3.875137634277343750e+02
3.877182312011718750e+02
3.905545349121093750e+02
4.083457031250000000e+02
4.084183349609375000e+02
4.076130676269531250e+02
4.073355712890625000e+02
4.008959960937500000e+02
3.981351318359375000e+02
3.898285827636718750e+02
3.776925964355468750e+02
3.703111572265625000e+02
3.560714416503906250e+02
3.507211303710937500e+02
3.476731567382812500e+02
3.434984436035156250e+02
2.776883239746093750e+02
2.710950012207031250e+02
2.704205322265625000e+02
2.662437438964843750e+02
2.647071228027343750e+02
2.695726013183593750e+02
2.760874938964843750e+02
2.731291198730468750e+02
2.779927673339843750e+02
2.690398254394531250e+02
2.702304992675781250e+02
2.862998046875000000e+02
2.962468872070312500e+02
3.507935180664062500e+02
3.767867126464843750e+02
3.870067749023437500e+02
3.964918823242187500e+02
4.055360107421875000e+02
4.092274780273437500e+02
4.169792785644531250e+02
4.164398803710937500e+02
4.149140014648437500e+02
4.075898437500000000e+02
3.963884582519531250e+02
3.955682067871093750e+02
3.956640930175781250e+02
3.954673461914062500e+02
3.934001464843750000e+02
3.936917724609375000e+02
3.918047180175781250e+02
3.957406311035156250e+02
3.945317993164062500e+02
3.878601684570312500e+02
3.913707885742187500e+02
3.918810119628906250e+02
3.858759765625000000e+02
3.886665649414062500e+02
3.888106079101562500e+02
3.864066772460937500e+02
3.857155151367187500e+02
3.819756469726562500e+02
3.816528625488281250e+02
3.845993957519531250e+02
3.832650451660156250e+02
3.792746276855468750e+02
3.849050598144531250e+02
3.850268554687500000e+02
3.858605651855468750e+02
3.926980285644531250e+02
3.957409973144531250e+02
3.955805664062500000e+02
3.955967712402343750e+02
3.986983947753906250e+02
4.004518432617187500e+02
3.976824340820312500e+02
4.054913940429687500e+02
4.126355895996093750e+02
4.154583740234375000e+02
4.134276733398437500e+02
4.065523376464843750e+02
3.982848205566406250e+02
4.017381286621093750e+02
3.919704589843750000e+02
3.815975036621093750e+02
3.727284851074218750e+02
3.614812011718750000e+02
3.535434875488281250e+02
3.500122985839843750e+02
3.478799438476562500e+02
3.418622741699218750e+02
3.422030639648437500e+02
3.330721130371093750e+02
3.320774230957031250e+02
3.310111694335937500e+02
3.317933349609375000e+02
3.339081726074218750e+02
3.306642761230468750e+02
3.299007873535156250e+02
3.279415588378906250e+02
3.271243896484375000e+02
3.251770629882812500e+02
3.237745971679687500e+02
3.276835632324218750e+02
3.268965759277343750e+02
3.258944396972656250e+02
3.251249084472656250e+02
3.259323730468750000e+02
3.262366027832031250e+02
3.261188049316406250e+02
3.264064941406250000e+02
3.259793701171875000e+02
3.260307006835937500e+02
3.258552856445312500e+02
3.259077758789062500e+02
3.258706054687500000e+02
3.245713500976562500e+02
3.261126098632812500e+02
3.257373352050781250e+02
3.257580566406250000e+02
3.258084106445312500e+02
3.280774536132812500e+02
3.280921630859375000e+02
3.286917724609375000e+02
3.300334167480468750e+02
3.320082092285156250e+02
3.292852478027343750e+02
3.308367004394531250e+02
3.319421691894531250e+02
3.526018676757812500e+02
3.547996520996093750e+02
3.640078430175781250e+02
3.825745544433593750e+02
3.829248352050781250e+02
3.843151855468750000e+02
3.856112670898437500e+02
3.870535583496093750e+02
3.878330078125000000e+02
3.876315002441406250e+02
3.876862487792968750e+02
3.869515380859375000e+02
3.677734680175781250e+02
3.559473571777343750e+02
3.566989746093750000e+02
3.558248901367187500e+02
3.558252258300781250e+02
3.558037414550781250e+02
3.546654968261718750e+02
3.540882873535156250e+02
3.518859252929687500e+02
3.520268554687500000e+02
3.519006042480468750e+02
3.499212951660156250e+02
3.488525085449218750e+02
3.614601440429687500e+02
3.815603637695312500e+02
3.786159057617187500e+02
3.796482849121093750e+02
3.785467834472656250e+02
3.776367797851562500e+02
3.768830871582031250e+02
3.754691162109375000e+02
3.768036499023437500e+02
3.359354553222656250e+02
3.359345703125000000e+02
3.345957031250000000e+02
3.347444458007812500e+02
3.329707641601562500e+02
3.328211975097656250e+02
3.318816223144531250e+02
3.318231811523437500e+02
3.319819641113281250e+02
3.317211914062500000e+02
3.309645080566406250e+02
3.310257873535156250e+02
3.301332092285156250e+02
3.294060363769531250e+02
3.278429565429687500e+02
3.269109497070312500e+02
3.249770202636718750e+02
3.240861816406250000e+02
3.218527832031250000e+02
3.199218444824218750e+02
3.179032287597656250e+02
3.159268188476562500e+02
3.161399230957031250e+02
3.138536376953125000e+02
3.141000061035156250e+02
3.133397521972656250e+02
3.142459716796875000e+02
3.143362426757812500e+02
3.120262451171875000e+02
3.101682739257812500e+02
3.090544433593750000e+02
3.061828918457031250e+02
3.059829406738281250e+02
3.042624206542968750e+02
3.040471801757812500e+02
3.037511596679687500e+02
3.029128723144531250e+02
3.022168579101562500e+02
3.031456298828125000e+02
3.039553222656250000e+02
3.068363952636718750e+02
3.129927368164062500e+02
3.170026245117187500e+02
3.220270996093750000e+02
3.238322143554687500e+02
3.246516418457031250e+02
3.251515808105468750e+02
3.271140747070312500e+02
3.280505981445312500e+02
3.305146484375000000e+02
3.299956054687500000e+02
3.301011657714843750e+02
3.288623962402343750e+02
3.290675659179687500e+02
3.280844116210937500e+02
3.277579650878906250e+02
3.278266601562500000e+02
3.279164123535156250e+02
3.269846496582031250e+02
3.258502807617187500e+02
3.258712158203125000e+02
3.257744445800781250e+02
3.239758605957031250e+02
3.224652099609375000e+02
3.160506286621093750e+02
3.078843078613281250e+02
3.034432067871093750e+02
2.950489501953125000e+02
2.892239074707031250e+02
2.851830749511718750e+02
2.789820251464843750e+02
2.677753295898437500e+02
2.603287353515625000e+02
2.522701721191406250e+02
2.483908996582031250e+02
2.485106811523437500e+02
2.488421478271484375e+02
2.483524475097656250e+02
2.472180480957031250e+02
2.463770141601562500e+02
2.467303314208984375e+02
2.465798187255859375e+02
2.473201446533203125e+02
2.484509887695312500e+02
2.484492950439453125e+02
2.483514404296875000e+02
2.492681427001953125e+02
2.504016571044921875e+02
2.523671417236328125e+02
2.544221343994140625e+02
2.563436889648437500e+02
2.583570861816406250e+02
2.612747192382812500e+02
2.643932495117187500e+02
2.663733520507812500e+02
2.703299560546875000e+02
2.701883544921875000e+02
2.731725463867187500e+02
3.100599975585937500e+02
3.139335021972656250e+02
3.198070373535156250e+02
3.220636596679687500e+02
3.241625366210937500e+02
3.240783691406250000e+02
3.258507080078125000e+02
3.249821777343750000e+02
3.198625183105468750e+02
3.177940368652343750e+02
3.256763610839843750e+02
3.358056945800781250e+02
3.320362548828125000e+02
3.338077087402343750e+02
3.358359375000000000e+02
3.366301879882812500e+02
3.372451477050781250e+02
3.391405639648437500e+02
3.398208312988281250e+02
3.413985900878906250e+02
3.341965332031250000e+02
3.364423828125000000e+02
3.354761047363281250e+02
3.439728698730468750e+02
3.916984863281250000e+02
3.908197326660156250e+02
3.897401123046875000e+02
3.896791992187500000e+02
3.907094726562500000e+02
3.917431030273437500e+02
3.916539001464843750e+02
3.915664367675781250e+02
3.460920715332031250e+02
3.442296447753906250e+02
3.439487609863281250e+02
3.420548095703125000e+02
3.487496948242187500e+02
3.460170898437500000e+02
3.457855834960937500e+02
3.439700317382812500e+02
3.438211975097656250e+02
3.430595703125000000e+02
3.421187744140625000e+02
3.406255493164062500e+02
3.356967163085937500e+02
3.220036315917968750e+02
3.200211181640625000e+02
3.202455749511718750e+02
3.189996032714843750e+02
3.199809265136718750e+02
3.479720764160156250e+02
3.477400512695312500e+02
3.468283996582031250e+02
3.455424499511718750e+02
3.486383361816406250e+02
3.467458496093750000e+02
3.454129028320312500e+02
3.449878234863281250e+02
3.161506652832031250e+02
3.159173278808593750e+02
3.177470092773437500e+02
3.144732666015625000e+02
3.249240722656250000e+02
3.250238952636718750e+02
3.248423767089843750e+02
3.279068603515625000e+02
3.301733703613281250e+02
3.309925231933593750e+02
3.317636108398437500e+02
3.320767822265625000e+02
3.159226989746093750e+02
3.153915100097656250e+02
3.151666870117187500e+02
3.170419616699218750e+02
3.166567993164062500e+02
3.161014709472656250e+02
3.155552368164062500e+02
3.299417419433593750e+02
3.259673156738281250e+02
3.260037231445312500e+02
3.241193237304687500e+02
3.219562683105468750e+02
3.228113708496093750e+02
3.229771118164062500e+02
3.219931945800781250e+02
3.078416442871093750e+02
3.068805541992187500e+02
3.081129150390625000e+02
3.096670837402343750e+02
3.091273193359375000e+02
3.250065917968750000e+02
3.261017150878906250e+02
3.283554992675781250e+02
3.281824951171875000e+02
3.270095214843750000e+02
3.249524230957031250e+02
3.229345092773437500e+02
3.183080139160156250e+02
3.042436523437500000e+02
3.042086486816406250e+02
3.038461303710937500e+02
3.041011047363281250e+02
3.042044372558593750e+02
3.019855651855468750e+02
2.949408874511718750e+02
2.942688293457031250e+02
2.921335449218750000e+02
3.447795715332031250e+02
3.438686218261718750e+02
3.435979309082031250e+02
3.436519165039062500e+02
3.428535766601562500e+02
3.498141784667968750e+02
3.477182922363281250e+02
3.499561462402343750e+02
3.534087524414062500e+02
3.507231140136718750e+02
3.485123596191406250e+02
3.500226440429687500e+02
3.499956970214843750e+02
2.727885131835937500e+02
2.662588806152343750e+02
2.500235595703125000e+02
2.405087127685546875e+02
2.397531738281250000e+02
2.374135589599609375e+02
2.509272003173828125e+02
2.852389831542968750e+02
2.922375183105468750e+02
3.002210083007812500e+02
3.281452636718750000e+02
3.319949645996093750e+02
3.317873535156250000e+02
3.320641784667968750e+02
3.423683776855468750e+02
3.420907897949218750e+02
3.398610839843750000e+02
3.408894653320312500e+02
3.357534790039062500e+02
3.255684509277343750e+02
3.198293762207031250e+02
3.150581665039062500e+02
2.911509704589843750e+02
2.865542297363281250e+02
3.377808227539062500e+02
3.363443603515625000e+02
3.343799438476562500e+02
3.320828857421875000e+02
3.291365051269531250e+02
3.239282836914062500e+02
3.140291748046875000e+02
3.081064147949218750e+02
2.981930541992187500e+02
2.858826293945312500e+02
2.782662048339843750e+02
2.739894104003906250e+02
2.702932739257812500e+02
2.688125915527343750e+02
2.665570983886718750e+02
1.951513977050781250e+02
2.048766479492187500e+02
2.069636535644531250e+02
2.065362396240234375e+02
2.067303771972656250e+02
2.066252899169921875e+02
2.066858062744140625e+02
2.067401123046875000e+02
2.106804199218750000e+02
2.066773681640625000e+02
2.066858367919921875e+02
2.071168518066406250e+02
2.066672515869140625e+02
2.067617340087890625e+02
2.046961364746093750e+02
2.364052886962890625e+02
2.373586273193359375e+02
2.383645935058593750e+02
2.396386871337890625e+02
2.404957733154296875e+02
2.402642822265625000e+02
2.414852447509765625e+02
2.425903778076171875e+02
2.325753479003906250e+02
2.145379028320312500e+02
2.136575927734375000e+02
2.165972900390625000e+02
2.187911071777343750e+02
2.225690765380859375e+02
2.523737792968750000e+02
2.544890899658203125e+02
2.773736572265625000e+02
3.041412658691406250e+02
3.061022949218750000e+02
3.080623779296875000e+02
3.101244812011718750e+02
3.117379455566406250e+02
3.145288696289062500e+02
3.150644531250000000e+02
3.188155822753906250e+02
3.206984863281250000e+02
2.702730102539062500e+02
1.716958923339843750e+02
1.819179382324218750e+02
1.858056640625000000e+02
1.906558685302734375e+02
1.936452026367187500e+02
1.956841430664062500e+02
1.976100158691406250e+02
1.988311462402343750e+02
2.047540893554687500e+02
2.087357482910156250e+02
2.088283081054687500e+02
2.087457885742187500e+02
2.106647949218750000e+02
2.098487243652343750e+02
2.095763702392578125e+02
2.085943756103515625e+02
2.058196716308593750e+02
2.039733123779296875e+02
2.026869659423828125e+02
2.005915527343750000e+02
2.006693267822265625e+02
2.015381469726562500e+02
2.030203399658203125e+02
2.178357391357421875e+02
2.224254302978515625e+02
2.296530914306640625e+02
2.425238494873046875e+02
2.494518737792968750e+02
2.822743835449218750e+02
2.835055847167968750e+02
2.856785278320312500e+02
2.896287231445312500e+02
2.930480957031250000e+02
2.958352355957031250e+02
2.839574279785156250e+02
2.772897033691406250e+02
2.701092224121093750e+02
2.502835998535156250e+02
2.725880737304687500e+02
2.866903686523437500e+02
2.859762878417968750e+02
2.859583435058593750e+02
2.861696777343750000e+02
2.871841735839843750e+02
2.882582397460937500e+02
2.881843872070312500e+02
2.891387023925781250e+02
2.763362121582031250e+02
2.782269592285156250e+02
2.822196350097656250e+02
3.079157409667968750e+02
3.212389221191406250e+02
3.497506103515625000e+02
3.631080627441406250e+02
3.625986633300781250e+02
3.616745300292968750e+02
3.616907043457031250e+02
3.593265686035156250e+02
3.596755371093750000e+02
3.597048034667968750e+02
3.602027282714843750e+02
2.741465759277343750e+02
3.079915161132812500e+02
3.101449890136718750e+02
3.098299255371093750e+02
3.104673767089843750e+02
3.101531982421875000e+02
3.101444091796875000e+02
3.079820556640625000e+02
3.080041198730468750e+02
2.990918884277343750e+02
2.483899230957031250e+02
2.266151580810546875e+02
2.099826812744140625e+02
1.969367828369140625e+02
1.820890502929687500e+02
1.786374511718750000e+02
1.786558685302734375e+02
1.787748718261718750e+02
1.768231811523437500e+02
1.700758209228515625e+02
1.691116333007812500e+02
1.681069488525390625e+02
1.927514038085937500e+02
1.959156646728515625e+02
1.988478088378906250e+02
2.365400238037109375e+02
2.662166748046875000e+02
2.674031372070312500e+02
2.674477539062500000e+02
2.664983215332031250e+02
2.641621093750000000e+02
2.634327697753906250e+02
2.631405944824218750e+02
2.630617370605468750e+02
2.227134399414062500e+02
1.231637420654296875e+02
1.197553100585937500e+02
1.167555389404296875e+02
1.152406158447265625e+02
1.163048248291015625e+02
1.163002471923828125e+02
1.162476501464843750e+02
1.172088317871093750e+02
1.164290618896484375e+02
1.162438049316406250e+02
1.178607025146484375e+02
1.184494018554687500e+02
1.141407318115234375e+02
1.080947113037109375e+02
1.045439605712890625e+02
1.036898498535156250e+02
1.026947631835937500e+02
1.034991607666015625e+02
1.048397064208984375e+02
1.070297698974609375e+02
1.068041229248046875e+02
1.055225982666015625e+02
1.047244873046875000e+02
1.087471618652343750e+02
1.088058319091796875e+02
1.134234466552734375e+02
1.158367309570312500e+02
1.179290771484375000e+02
1.811401367187500000e+02
1.810818634033203125e+02
2.068055877685546875e+02
2.068237762451171875e+02
2.086017456054687500e+02
2.106300354003906250e+02
2.106561126708984375e+02
2.126416015625000000e+02
2.147122344970703125e+02
2.195643005371093750e+02
1.840839538574218750e+02
2.265410003662109375e+02
2.275585327148437500e+02
2.286766357421875000e+02
2.295429687500000000e+02
2.305496826171875000e+02
2.305866546630859375e+02
2.316215667724609375e+02
2.334074401855468750e+02
2.205726470947265625e+02
2.059068450927734375e+02
2.067707366943359375e+02
2.066819000244140625e+02
2.109068603515625000e+02
2.026197814941406250e+02
2.195896759033203125e+02
2.215859375000000000e+02
2.226071472167968750e+02
2.246026153564453125e+02
2.275384979248046875e+02
2.285327301025390625e+02
2.355237579345703125e+02
2.345604858398437500e+02
2.345603027343750000e+02
2.346038055419921875e+02
2.643017578125000000e+02
2.643181762695312500e+02
2.663530273437500000e+02
2.682838745117187500e+02
2.702067565917968750e+02
2.732847290039062500e+02
2.743220520019531250e+02
2.762854309082031250e+02
2.525407104492187500e+02
2.432802276611328125e+02
2.573298339843750000e+02
2.604082946777343750e+02
2.614511413574218750e+02
2.624018859863281250e+02
2.645230102539062500e+02
2.643001098632812500e+02
2.665677185058593750e+02
2.665549621582031250e+02
2.485421142578125000e+02
2.465172424316406250e+02
2.466610412597656250e+02
2.470428924560546875e+02
2.495563964843750000e+02
2.642158813476562500e+02
3.061576843261718750e+02
3.071415710449218750e+02
3.060793762207031250e+02
3.062261047363281250e+02
3.061038513183593750e+02
3.081017456054687500e+02
3.100048522949218750e+02
3.132089233398437500e+02
2.782424926757812500e+02
2.722887268066406250e+02
2.762104797363281250e+02
2.861757507324218750e+02
3.039317626953125000e+02
3.040931091308593750e+02
3.046744079589843750e+02
3.059234313964843750e+02
3.060862121582031250e+02
3.060457153320312500e+02
3.069284667968750000e+02
3.081735229492187500e+02
3.089621582031250000e+02
3.101925354003906250e+02
3.095145263671875000e+02
3.100727233886718750e+02
3.100482177734375000e+02
3.421354064941406250e+02
3.427718505859375000e+02
3.419220275878906250e+02
3.423492736816406250e+02
3.419622497558593750e+02
3.417089233398437500e+02
3.416851806640625000e+02
3.410077514648437500e+02
2.800958251953125000e+02
2.784750061035156250e+02
2.782607421875000000e+02
2.800775451660156250e+02
2.827717590332031250e+02
2.856846923828125000e+02
3.073207702636718750e+02
3.080429382324218750e+02
3.099890441894531250e+02
3.098140563964843750e+02
3.082429504394531250e+02
3.039346313476562500e+02
3.120523071289062500e+02
3.209670104980468750e+02
3.219479675292968750e+02
3.220023803710937500e+02
3.243036193847656250e+02
3.257898864746093750e+02
3.277965393066406250e+02
3.281457824707031250e+02
3.296288757324218750e+02
3.219939880371093750e+02
2.960921020507812500e+02
2.942836303710937500e+02
2.770352783203125000e+02
2.735547180175781250e+02
2.689552001953125000e+02
2.626826477050781250e+02
2.543964996337890625e+02
2.463045959472656250e+02
2.403438873291015625e+02
2.294436340332031250e+02
2.195362548828125000e+02
2.137261657714843750e+02
2.095042419433593750e+02
2.095668334960937500e+02
2.058959960937500000e+02
2.007117309570312500e+02
1.978608551025390625e+02
1.940587921142578125e+02
1.857807769775390625e+02
1.791379394531250000e+02
1.711963806152343750e+02
1.620064697265625000e+02
1.561317291259765625e+02
1.531613616943359375e+02
1.541937255859375000e+02
1.523429565429687500e+02
1.522362060546875000e+02
1.452752075195312500e+02
1.384578094482421875e+02
1.329010772705078125e+02
2.127279663085937500e+02
2.106519775390625000e+02
2.086962738037109375e+02
2.067048797607421875e+02
2.026240692138671875e+02
1.999761962890625000e+02
1.978872985839843750e+02
1.728710479736328125e+02
1.709153442382812500e+02
1.700654296875000000e+02
1.472705535888671875e+02
1.453121948242187500e+02
1.452522888183593750e+02
1.432728424072265625e+02
1.433014068603515625e+02
1.413115692138671875e+02
1.392684326171875000e+02
1.532266845703125000e+02
1.532084350585937500e+02
1.561532592773437500e+02
1.551129150390625000e+02
1.561098785400390625e+02
1.700764770507812500e+02
1.708875732421875000e+02
1.691287231445312500e+02
2.186161193847656250e+02
2.186400909423828125e+02
2.187222595214843750e+02
2.186337890625000000e+02
2.186559448242187500e+02
2.186933898925781250e+02
2.187080993652343750e+02
2.185980377197265625e+02
2.105270233154296875e+02
1.649686279296875000e+02
1.739744720458984375e+02
1.752169342041015625e+02
1.751829071044921875e+02
1.770234680175781250e+02
1.779995574951171875e+02
1.788070678710937500e+02
1.808689422607421875e+02
1.809494476318359375e+02
1.690364990234375000e+02
1.711415100097656250e+02
1.750419769287109375e+02
1.789363250732421875e+02
1.808063507080078125e+02
1.828438415527343750e+02
1.946982421875000000e+02
2.067475280761718750e+02
2.107769470214843750e+02
2.135598449707031250e+02
2.177073364257812500e+02
2.214673461914062500e+02
2.295978240966796875e+02
2.326469573974609375e+02
2.337160949707031250e+02
2.346253356933593750e+02
2.404559783935546875e+02
2.414781188964843750e+02
2.425236968994140625e+02
2.436192321777343750e+02
2.445242156982421875e+02
2.425102539062500000e+02
2.384727478027343750e+02
2.365125732421875000e+02
2.165268707275390625e+02
1.929631652832031250e+02
1.910756072998046875e+02
1.886582641601562500e+02
1.868446502685546875e+02
1.711723327636718750e+02
1.949575500488281250e+02
1.927621612548828125e+02
1.907452545166015625e+02
1.887970123291015625e+02
1.868984069824218750e+02
1.870605621337890625e+02
1.890122222900390625e+02
1.869106597900390625e+02
1.691085815429687500e+02
1.650759124755859375e+02
2.008099212646484375e+02
2.007467803955078125e+02
1.997093505859375000e+02
2.008744354248046875e+02
2.007542572021484375e+02
2.017400970458984375e+02
2.037262420654296875e+02
2.086246795654296875e+02
2.116221008300781250e+02
2.145981597900390625e+02
2.166603088378906250e+02
2.186910400390625000e+02
2.236779022216796875e+02
2.275969085693359375e+02
2.325050354003906250e+02
2.209637908935546875e+02
2.226502990722656250e+02
2.229379882812500000e+02
2.215679779052734375e+02
2.265010223388671875e+02
2.566121826171875000e+02
2.574038696289062500e+02
2.623824768066406250e+02
2.642654724121093750e+02
2.644115905761718750e+02
2.643987426757812500e+02
2.624142150878906250e+02
2.603400878906250000e+02
2.622290344238281250e+02
2.622350463867187500e+02
2.542996978759765625e+02
2.583543090820312500e+02
1.847404479980468750e+02
1.880102081298828125e+02
1.990150909423828125e+02
2.045780487060546875e+02
2.146131591796875000e+02
2.205746459960937500e+02
2.225782470703125000e+02
2.266095275878906250e+02
2.325739746093750000e+02
2.345726318359375000e+02
2.363321838378906250e+02
2.322632751464843750e+02
2.361405181884765625e+02
2.374666137695312500e+02
2.384621276855468750e+02
2.392764587402343750e+02
2.402460174560546875e+02
2.424739227294921875e+02
2.425459899902343750e+02
2.424506683349609375e+02
2.383819274902343750e+02
2.385895843505859375e+02
2.383659667968750000e+02
2.374888153076171875e+02
2.364267120361328125e+02
2.365697784423828125e+02
2.345647888183593750e+02
2.345818176269531250e+02
2.347714233398437500e+02
2.522809295654296875e+02
2.513977661132812500e+02
2.504500274658203125e+02
2.544035491943359375e+02
2.563368835449218750e+02
2.605934448242187500e+02
2.604407958984375000e+02
2.636141662597656250e+02
2.636328430175781250e+02
2.611358032226562500e+02
2.610412292480468750e+02
2.453994293212890625e+02
2.464818420410156250e+02
2.483309631347656250e+02
2.495713958740234375e+02
2.447669219970703125e+02
2.426111907958984375e+02
2.403096771240234375e+02
2.385260314941406250e+02
2.365627288818359375e+02
2.166574859619140625e+02
2.126756896972656250e+02
2.086238250732421875e+02
2.185877075195312500e+02
2.156944732666015625e+02
2.106564331054687500e+02
2.065432128906250000e+02
2.006870727539062500e+02
1.969841156005859375e+02
1.950993957519531250e+02
1.958686981201171875e+02
1.910016784667968750e+02
1.890089721679687500e+02
1.888469543457031250e+02
1.861858215332031250e+02
1.850853118896484375e+02
1.841678009033203125e+02
1.850628967285156250e+02
1.837152557373046875e+02
1.830988922119140625e+02
1.829961242675781250e+02
1.730817718505859375e+02
3.050415954589843750e+02
3.061837463378906250e+02
3.068159790039062500e+02
3.079745788574218750e+02
3.080050964355468750e+02
3.079956359863281250e+02
3.061151123046875000e+02
3.040216674804687500e+02
3.149293212890625000e+02
3.159772033691406250e+02
3.170232543945312500e+02
3.159507141113281250e+02
3.159540710449218750e+02
3.158347778320312500e+02
3.159391174316406250e+02
3.159314880371093750e+02
2.426675567626953125e+02
2.090941009521484375e+02
2.088452911376953125e+02
2.047829284667968750e+02
2.040347747802734375e+02
2.065387268066406250e+02
2.084688110351562500e+02
2.166130371093750000e+02
2.184518432617187500e+02
2.206008758544921875e+02
2.206333770751953125e+02
2.256090393066406250e+02
2.386082305908203125e+02
2.463632507324218750e+02
2.564349060058593750e+02
2.623351135253906250e+02
2.663870239257812500e+02
2.667684326171875000e+02
2.663312988281250000e+02
3.120774841308593750e+02
3.191424865722656250e+02
3.190215759277343750e+02
3.290408325195312500e+02
3.279794006347656250e+02
3.278257141113281250e+02
3.288739624023437500e+02
3.277631530761718750e+02
3.268817749023437500e+02
3.121084289550781250e+02
3.140554199218750000e+02
3.060458374023437500e+02
2.960401000976562500e+02
2.822737731933593750e+02
2.783591308593750000e+02
2.962463989257812500e+02
3.180538635253906250e+02
3.178432617187500000e+02
3.258567810058593750e+02
3.291638183593750000e+02
3.320664062500000000e+02
3.380003356933593750e+02
3.379739074707031250e+02
3.388235778808593750e+02
3.377111816406250000e+02
3.418683166503906250e+02
3.310499877929687500e+02
3.351271057128906250e+02
3.636336364746093750e+02
3.716376953125000000e+02
3.705858459472656250e+02
3.706930541992187500e+02
3.715722045898437500e+02
3.715222167968750000e+02
3.712905273437500000e+02
3.636724548339843750e+02
3.180601806640625000e+02
3.030215454101562500e+02
3.116554870605468750e+02
3.070232543945312500e+02
2.980427856445312500e+02
2.934093627929687500e+02
3.460455627441406250e+02
3.478921508789062500e+02
3.735994567871093750e+02
3.975514221191406250e+02
4.054417114257812500e+02
4.053937072753906250e+02
4.053547058105468750e+02
4.050169067382812500e+02
4.062102355957031250e+02
4.064483642578125000e+02
3.916026306152343750e+02
3.916919555664062500e+02
3.559330444335937500e+02
3.470935363769531250e+02
3.460462341308593750e+02
3.454604187011718750e+02
3.454509887695312500e+02
3.278231506347656250e+02
3.276900024414062500e+02
3.190762329101562500e+02
2.882062377929687500e+02
2.901766662597656250e+02
2.894749755859375000e+02
3.119458923339843750e+02
3.097346191406250000e+02
3.109025268554687500e+02
3.098748779296875000e+02
3.020885009765625000e+02
2.952164916992187500e+02
2.901457824707031250e+02
2.883052978515625000e+02
2.818961486816406250e+02
2.719531555175781250e+02
2.583350219726562500e+02
2.841652832031250000e+02
2.821350097656250000e+02
2.812035827636718750e+02
2.831097717285156250e+02
2.822602844238281250e+02
2.842534179687500000e+02
2.862702026367187500e+02
2.861972045898437500e+02
2.703363647460937500e+02
2.723425292968750000e+02
2.733348083496093750e+02
2.720876159667968750e+02
2.415506591796875000e+02
3.109859313964843750e+02
3.288510437011718750e+02
3.320147705078125000e+02
3.527507629394531250e+02
3.586877441406250000e+02
3.643169555664062500e+02
3.688838195800781250e+02
3.692762756347656250e+02
3.686603698730468750e+02
3.714038085937500000e+02
3.717001647949218750e+02
3.405730590820312500e+02
3.396912841796875000e+02
2.980688171386718750e+02
2.987344360351562500e+02
2.988578186035156250e+02
2.990695800781250000e+02
2.919966735839843750e+02
2.926207580566406250e+02
2.928659362792968750e+02
2.943291625976562500e+02
2.971223754882812500e+02
2.981585693359375000e+02
3.002372436523437500e+02
3.170871887207031250e+02
3.646785888671875000e+02
3.696690063476562500e+02
3.874276733398437500e+02
4.003231811523437500e+02
4.001985473632812500e+02
3.983165588378906250e+02
4.211851196289062500e+02
4.213099670410156250e+02
4.113633728027343750e+02
4.116151123046875000e+02
4.116528930664062500e+02
3.776904602050781250e+02
3.699135437011718750e+02
3.568172607421875000e+02
3.318859252929687500e+02
3.204829101562500000e+02
3.199013671875000000e+02
3.129954833984375000e+02
3.178877258300781250e+02
3.158939819335937500e+02
3.000462951660156250e+02
3.022469177246093750e+02
3.013923950195312500e+02
3.003632507324218750e+02
2.949620056152343750e+02
2.901500244140625000e+02
2.912933349609375000e+02
2.842740478515625000e+02
2.823936767578125000e+02
2.771467285156250000e+02
2.773293151855468750e+02
2.802796020507812500e+02
2.722521057128906250e+02
2.454341888427734375e+02
2.434551239013671875e+02
2.434064025878906250e+02
2.425157165527343750e+02
2.215150604248046875e+02
2.484398651123046875e+02
2.802448730468750000e+02
2.941023864746093750e+02
2.948967285156250000e+02
2.952007141113281250e+02
3.062792968750000000e+02
3.071274719238281250e+02
3.067940368652343750e+02
3.084020080566406250e+02
3.092301940917968750e+02
3.057375488281250000e+02
3.112687072753906250e+02
3.121170654296875000e+02
2.861939392089843750e+02
2.730482788085937500e+02
2.722339782714843750e+02
2.712622680664062500e+02
2.725096130371093750e+02
2.726626892089843750e+02
2.731522827148437500e+02
2.741076660156250000e+02
2.583941955566406250e+02
2.384068603515625000e+02
2.345001068115234375e+02
2.246588287353515625e+02
2.664040222167968750e+02
2.831575927734375000e+02
2.920478515625000000e+02
2.970281372070312500e+02
3.040069580078125000e+02
3.072222900390625000e+02
3.101832885742187500e+02
3.262478942871093750e+02
3.117993469238281250e+02
3.090002746582031250e+02
2.886913757324218750e+02
3.268920288085937500e+02
3.336041870117187500e+02
3.418932189941406250e+02
3.428543090820312500e+02
3.439145507812500000e+02
3.445940246582031250e+02
3.446868591308593750e+02
3.456311035156250000e+02
3.398005676269531250e+02
3.069054565429687500e+02
2.891241455078125000e+02
2.800556945800781250e+02
2.564248046875000000e+02
2.671644287109375000e+02
2.760644226074218750e+02
2.700294494628906250e+02
2.654821166992187500e+02
2.543890380859375000e+02
2.524356689453125000e+02
2.504628295898437500e+02
2.483865966796875000e+02
2.573710021972656250e+02
2.485076446533203125e+02
2.454022979736328125e+02
2.494568786621093750e+02
2.464665832519531250e+02
2.434146881103515625e+02
2.445077056884765625e+02
2.445170440673828125e+02
2.454127807617187500e+02
2.464159851074218750e+02
2.503572082519531250e+02
2.484636993408203125e+02
2.029256134033203125e+02
1.979929351806640625e+02
1.978964691162109375e+02
2.245882873535156250e+02
2.424490814208984375e+02
2.493993988037109375e+02
2.505379791259765625e+02
2.484851531982421875e+02
2.464382171630859375e+02
2.446257629394531250e+02
2.584633178710937500e+02
2.574276733398437500e+02
2.523526000976562500e+02
2.513079528808593750e+02
2.405184478759765625e+02
2.305247955322265625e+02
2.007856140136718750e+02
2.055938568115234375e+02
2.325122985839843750e+02
2.354677276611328125e+02
2.583533020019531250e+02
2.739080810546875000e+02
2.731545715332031250e+02
2.733217163085937500e+02
2.723866882324218750e+02
2.722879028320312500e+02
2.742835388183593750e+02
2.743441162109375000e+02
2.514955902099609375e+02
2.543552093505859375e+02
2.545500488281250000e+02
2.544244232177734375e+02
2.545108184814453125e+02
2.563668823242187500e+02
2.216203613281250000e+02
2.216395568847656250e+02
2.215488739013671875e+02
2.097236022949218750e+02
2.076979370117187500e+02
2.057533569335937500e+02
2.036278381347656250e+02
2.345267639160156250e+02
2.225793457031250000e+02
2.224601745605468750e+02
2.205155334472656250e+02
2.207123107910156250e+02
2.207497863769531250e+02
2.206778411865234375e+02
2.206743164062500000e+02
1.600188598632812500e+02
1.639304504394531250e+02
1.660162811279296875e+02
2.136327972412109375e+02
2.285175476074218750e+02
2.305168914794921875e+02
2.325909271240234375e+02
2.334986572265625000e+02
2.337150726318359375e+02
2.108717346191406250e+02
2.483652343750000000e+02
2.493868408203125000e+02
2.474710845947265625e+02
2.464340209960937500e+02
2.485063781738281250e+02
2.534047851562500000e+02
2.544561157226562500e+02
2.583559570312500000e+02
2.414526214599609375e+02
2.435366973876953125e+02
2.454233551025390625e+02
2.523182373046875000e+02
2.453910369873046875e+02
2.396149139404296875e+02
2.374944915771484375e+02
2.584523010253906250e+02
2.852110290527343750e+02
3.069468688964843750e+02
3.397192077636718750e+02
3.518087158203125000e+02
3.537488098144531250e+02
3.578957519531250000e+02
3.637437438964843750e+02
3.607103576660156250e+02
3.912894897460937500e+02
3.915279846191406250e+02
3.916911315917968750e+02
3.922257385253906250e+02
3.925181274414062500e+02
3.696320190429687500e+02
3.656997375488281250e+02
3.497967224121093750e+02
3.226265869140625000e+02
3.217198181152343750e+02
3.208882446289062500e+02
3.207053222656250000e+02
3.191771545410156250e+02
3.118406066894531250e+02
2.883463745117187500e+02
2.883865356445312500e+02
2.881689147949218750e+02
2.890988159179687500e+02
2.931639404296875000e+02
3.040045776367187500e+02
3.021341857910156250e+02
3.090653381347656250e+02
3.038566589355468750e+02
3.000959472656250000e+02
2.920691223144531250e+02
2.883029479980468750e+02
2.685269165039062500e+02
2.622785339355468750e+02
2.604216308593750000e+02
2.243651123046875000e+02
2.135440368652343750e+02
2.094658508300781250e+02
2.066857147216796875e+02
2.147579803466796875e+02
2.147050323486328125e+02
2.444179534912109375e+02
2.432445526123046875e+02
2.333440399169921875e+02
2.355396881103515625e+02
2.355997314453125000e+02
2.445510864257812500e+02
2.703497314453125000e+02
2.712994689941406250e+02
2.654129638671875000e+02
2.663291625976562500e+02
2.663716125488281250e+02
2.674083251953125000e+02
2.782863464355468750e+02
2.802865295410156250e+02
2.979639282226562500e+02
2.990654296875000000e+02
3.238224182128906250e+02
3.308573608398437500e+02
3.338350524902343750e+02
3.485450744628906250e+02
3.486400756835937500e+02
3.496261291503906250e+02
3.359391784667968750e+02
3.645228576660156250e+02
3.553633117675781250e+02
3.564687805175781250e+02
3.569382324218750000e+02
3.388888854980468750e+02
3.201281127929687500e+02
3.239667358398437500e+02
3.217796630859375000e+02
3.217393798828125000e+02
3.397050781250000000e+02
3.351639099121093750e+02
3.399297790527343750e+02
2.859824829101562500e+02
2.981106262207031250e+02
2.970727844238281250e+02
2.953026428222656250e+02
2.892876892089843750e+02
2.878138122558593750e+02
3.022887878417968750e+02
2.724140319824218750e+02
2.732788696289062500e+02
2.580530395507812500e+02
2.573562011718750000e+02
2.712231750488281250e+02
2.722443847656250000e+02
2.732289428710937500e+02
2.693014526367187500e+02
2.643122558593750000e+02
2.612791137695312500e+02
2.594718017578125000e+02
2.662549133300781250e+02
2.743057556152343750e+02
2.781971740722656250e+02
2.702604675292968750e+02
2.922221679687500000e+02
2.980636596679687500e+02
2.731443481445312500e+02
2.693646850585937500e+02
2.771571350097656250e+02
2.861270446777343750e+02
3.040135192871093750e+02
3.020980529785156250e+02
2.960849914550781250e+02
2.981390380859375000e+02
2.990311889648437500e+02
2.993862915039062500e+02
2.987892150878906250e+02
2.989655151367187500e+02
2.954326477050781250e+02
3.030140075683593750e+02
3.129332580566406250e+02
3.081307067871093750e+02
3.088706054687500000e+02
3.099873046875000000e+02
3.119906921386718750e+02
3.376666564941406250e+02
3.455536804199218750e+02
3.673507080078125000e+02
3.715041198730468750e+02
3.759443359375000000e+02
3.815250854492187500e+02
3.852145690917968750e+02
3.994077148437500000e+02
3.786343078613281250e+02
4.071386108398437500e+02
4.062193908691406250e+02
3.969920043945312500e+02
4.052488098144531250e+02
4.074696044921875000e+02
4.064432678222656250e+02
3.901557617187500000e+02
3.913491516113281250e+02
3.636371154785156250e+02
3.657699279785156250e+02
3.628114929199218750e+02
3.616950378417968750e+02
3.636907958984375000e+02
3.814204711914062500e+02
3.696553955078125000e+02
3.677953491210937500e+02
3.616840820312500000e+02
3.636148071289062500e+02
3.389964294433593750e+02
3.338829040527343750e+02
3.319240417480468750e+02
3.041305541992187500e+02
2.496681976318359375e+02
2.445298461914062500e+02
2.434943542480468750e+02
2.212259979248046875e+02
2.314875488281250000e+02
2.523048553466796875e+02
2.509304504394531250e+02
2.571864318847656250e+02
2.649198303222656250e+02
2.861073913574218750e+02
2.900480041503906250e+02
2.841311950683593750e+02
2.842736511230468750e+02
2.663245544433593750e+02
2.624360046386718750e+02
2.592443237304687500e+02
2.662919921875000000e+02
2.663287353515625000e+02
2.621941528320312500e+02
2.523778076171875000e+02
2.397759857177734375e+02
2.453678894042968750e+02
2.494431762695312500e+02
2.543313598632812500e+02
2.584505920410156250e+02
2.523838348388671875e+02
2.534221191406250000e+02
2.594150390625000000e+02
2.592944030761718750e+02
2.563314208984375000e+02
2.543666381835937500e+02
2.542924041748046875e+02
2.532830200195312500e+02
2.454773864746093750e+02
2.404645233154296875e+02
2.225397949218750000e+02
2.187307739257812500e+02
2.076490478515625000e+02
2.036817626953125000e+02
2.106773986816406250e+02
2.077025756835937500e+02
2.384417724609375000e+02
2.137691650390625000e+02
2.127167205810546875e+02
2.156510620117187500e+02
2.335301818847656250e+02
2.354691314697265625e+02
2.355664367675781250e+02
2.345358886718750000e+02
2.176159667968750000e+02
2.157705688476562500e+02
2.405590667724609375e+02
2.414959106445312500e+02
2.425168609619140625e+02
2.364135894775390625e+02
2.385453643798828125e+02
2.435823669433593750e+02
2.425531616210937500e+02
2.424905548095703125e+02
2.445586395263671875e+02
2.454903717041015625e+02
2.485622253417968750e+02
2.505758361816406250e+02
2.752402038574218750e+02
2.642984008789062500e+02
2.416175079345703125e+02
2.423197021484375000e+02
3.486040649414062500e+02
3.575904235839843750e+02
3.637985534667968750e+02
3.692752380371093750e+02
3.575873413085937500e+02
3.231053771972656250e+02
3.456495361328125000e+02
3.457149963378906250e+02
3.466208801269531250e+02
3.467128295898437500e+02
3.459237670898437500e+02
3.429396057128906250e+02
3.416669616699218750e+02
2.762515563964843750e+02
2.729205017089843750e+02
2.334978332519531250e+02
2.328786468505859375e+02
2.333932342529296875e+02
3.387876892089843750e+02
3.475366821289062500e+02
3.479111938476562500e+02
3.356893310546875000e+02
3.296948547363281250e+02
2.752924499511718750e+02
2.961244201660156250e+02
3.098182067871093750e+02
3.127264404296875000e+02
3.099812622070312500e+02
3.040526733398437500e+02
3.029486389160156250e+02
2.979937438964843750e+02
2.980878295898437500e+02
2.861363525390625000e+02
2.861626586914062500e+02
2.821452026367187500e+02
2.296000671386718750e+02
2.352260894775390625e+02
2.347733917236328125e+02
2.325929260253906250e+02
2.344829711914062500e+02
2.325790863037109375e+02
2.284990997314453125e+02
2.226482543945312500e+02
2.196671447753906250e+02
2.047450561523437500e+02
2.385734405517578125e+02
2.335631713867187500e+02
2.443801727294921875e+02
2.465414733886718750e+02
2.494937286376953125e+02
2.504594421386718750e+02
2.504469451904296875e+02
2.474508666992187500e+02
2.495341644287109375e+02
2.455101623535156250e+02
2.464447631835937500e+02
2.664176330566406250e+02
2.822141113281250000e+02
3.100312805175781250e+02
3.099440612792968750e+02
3.377812194824218750e+02
3.517887573242187500e+02
3.546211242675781250e+02
3.785781860351562500e+02
3.865790405273437500e+02
3.894211120605468750e+02
3.935552368164062500e+02
4.003587951660156250e+02
3.873818054199218750e+02
3.578302307128906250e+02
3.668847045898437500e+02
3.389307250976562500e+02
3.527418823242187500e+02
3.537265625000000000e+02
3.516807861328125000e+02
3.767671813964843750e+02
3.806111145019531250e+02
3.865393981933593750e+02
4.022929077148437500e+02
4.031534423828125000e+02
4.023401489257812500e+02
4.012143859863281250e+02
3.993864135742187500e+02
4.013897399902343750e+02
4.033424682617187500e+02
3.882467651367187500e+02
4.142883605957031250e+02
3.931616210937500000e+02
3.956836242675781250e+02
4.003276367187500000e+02
4.016264648437500000e+02
4.008032531738281250e+02
3.972791442871093750e+02
4.016782836914062500e+02
4.074881591796875000e+02
4.144521179199218750e+02
3.976304321289062500e+02
3.965729064941406250e+02
3.965636596679687500e+02
4.321666564941406250e+02
4.318586730957031250e+02
4.123941040039062500e+02
4.093606567382812500e+02
4.023728637695312500e+02
3.993773498535156250e+02
4.033136901855468750e+02
4.016279907226562500e+02
4.154818420410156250e+02
4.114280090332031250e+02
4.163055725097656250e+02
4.112096252441406250e+02
4.187147521972656250e+02
4.233149719238281250e+02
4.002463989257812500e+02
3.969927062988281250e+02
4.062399597167968750e+02
3.817615051269531250e+02
3.767592163085937500e+02
3.748740844726562500e+02
3.708625793457031250e+02
3.735524597167968750e+02
3.675794677734375000e+02
3.758466186523437500e+02
3.895539550781250000e+02
3.925119934082031250e+02
3.945408935546875000e+02
3.961932983398437500e+02
3.931221618652343750e+02
3.918819274902343750e+02
3.874874572753906250e+02
3.810733337402343750e+02
3.656929016113281250e+02
3.589743957519531250e+02
3.628283081054687500e+02
3.956039733886718750e+02
3.953014526367187500e+02
3.974715270996093750e+02
3.990397338867187500e+02
4.014942932128906250e+02
4.045391540527343750e+02
4.072739562988281250e+02
4.103153381347656250e+02
3.975444335937500000e+02
3.935169372558593750e+02
3.924748535156250000e+02
3.916700439453125000e+02
3.882887268066406250e+02
3.995217590332031250e+02
3.989436645507812500e+02
3.925105285644531250e+02
3.904050292968750000e+02
3.867243957519531250e+02
3.815668945312500000e+02
3.793775329589843750e+02
3.805345458984375000e+02
3.676892089843750000e+02
3.675503234863281250e+02
3.725567626953125000e+02
3.835274047851562500e+02
3.932660522460937500e+02
3.895363159179687500e+02
3.934225158691406250e+02
3.907867126464843750e+02
3.877922973632812500e+02
3.880480651855468750e+02
3.884317932128906250e+02
3.877206726074218750e+02
3.738966979980468750e+02
3.643121032714843750e+02
3.587822265625000000e+02
3.575567016601562500e+02
3.550089416503906250e+02
3.557203979492187500e+02
3.529430541992187500e+02
3.509463195800781250e+02
3.436821899414062500e+02
3.397452697753906250e+02
3.396466674804687500e+02
3.487370300292968750e+02
3.506468811035156250e+02
3.537640075683593750e+02
3.577361755371093750e+02
3.587277832031250000e+02
3.685883789062500000e+02
3.764602966308593750e+02
3.725439147949218750e+02
3.662884826660156250e+02
3.681593627929687500e+02
3.697090148925781250e+02
3.659674987792968750e+02
3.651570129394531250e+02
3.634906311035156250e+02
3.707408142089843750e+02
3.688724365234375000e+02
3.685474853515625000e+02
3.674705810546875000e+02
3.748534545898437500e+02
3.756245727539062500e+02
3.733872070312500000e+02
3.726907653808593750e+02
3.596491699218750000e+02
3.447723388671875000e+02
3.439494018554687500e+02
3.410953979492187500e+02
3.558151550292968750e+02
3.527991027832031250e+02
3.775728759765625000e+02
3.944408264160156250e+02
3.925223388671875000e+02
3.905013122558593750e+02
3.902279663085937500e+02
4.093940734863281250e+02
4.122843017578125000e+02
4.164962158203125000e+02
4.125577392578125000e+02
4.012536621093750000e+02
3.945801391601562500e+02
3.964953613281250000e+02
3.966760253906250000e+02
3.814599304199218750e+02
3.724520263671875000e+02
3.696543884277343750e+02
3.686259460449218750e+02
3.658128051757812500e+02
3.556640014648437500e+02
3.577019042968750000e+02
3.605495300292968750e+02
3.606554870605468750e+02
3.608205261230468750e+02
3.806344299316406250e+02
3.796870422363281250e+02
3.767485961914062500e+02
3.787423706054687500e+02
3.861914672851562500e+02
3.873248596191406250e+02
3.855525207519531250e+02
3.824217224121093750e+02
3.777102050781250000e+02
3.756291503906250000e+02
3.698873901367187500e+02
3.598684997558593750e+02
3.478484802246093750e+02
3.479046936035156250e+02
3.488536376953125000e+02
3.515537109375000000e+02
3.566340026855468750e+02
3.608607177734375000e+02
3.625061950683593750e+02
3.608519897460937500e+02
3.595928039550781250e+02
3.548206176757812500e+02
3.468622131347656250e+02
3.473146057128906250e+02
3.453168334960937500e+02
3.437468566894531250e+02
3.428750610351562500e+02
3.413892822265625000e+02
3.472541503906250000e+02
3.613252258300781250e+02
3.821750793457031250e+02
3.803307495117187500e+02
3.785317687988281250e+02
3.759795227050781250e+02
3.468767089843750000e+02
3.446595458984375000e+02
3.440036315917968750e+02
3.277381896972656250e+02
3.160055236816406250e+02
3.145633544921875000e+02
3.150326538085937500e+02
3.258666381835937500e+02
3.248175964355468750e+02
2.803825378417968750e+02
2.721526184082031250e+02
2.701225280761718750e+02
2.688724975585937500e+02
2.713441772460937500e+02
2.690302429199218750e+02
2.660245056152343750e+02
2.574723815917968750e+02
2.572998962402343750e+02
2.582775268554687500e+02
2.584241943359375000e+02
2.464753265380859375e+02
2.406292724609375000e+02
2.415244140625000000e+02
2.424494628906250000e+02
2.354995727539062500e+02
2.375139007568359375e+02
2.395210571289062500e+02
2.465590972900390625e+02
2.514242401123046875e+02
2.642941284179687500e+02
2.702973937988281250e+02
2.703571166992187500e+02
2.733150329589843750e+02
2.733878173828125000e+02
2.742987670898437500e+02
2.742345581054687500e+02
2.712522583007812500e+02
2.703645019531250000e+02
2.544459533691406250e+02
2.544509582519531250e+02
2.226441802978515625e+02
2.225690765380859375e+02
2.205478057861328125e+02
2.196484985351562500e+02
2.346605072021484375e+02
2.304408569335937500e+02
2.295256500244140625e+02
2.284340209960937500e+02
2.117035827636718750e+02
2.285339355468750000e+02
2.304947509765625000e+02
2.315633850097656250e+02
2.296309204101562500e+02
2.315656127929687500e+02
2.325506439208984375e+02
2.395463256835937500e+02
2.395176544189453125e+02
2.424770202636718750e+02
2.413712005615234375e+02
2.365646209716796875e+02
2.425071563720703125e+02
2.554694824218750000e+02
2.554759216308593750e+02
2.553780517578125000e+02
2.554032287597656250e+02
2.524344635009765625e+02
2.524549102783203125e+02
2.524313507080078125e+02
2.523461914062500000e+02
2.423859710693359375e+02
2.563975219726562500e+02
2.543779754638671875e+02
2.464676361083984375e+02
2.445379791259765625e+02
2.543716125488281250e+02
2.583713378906250000e+02
2.682137451171875000e+02
2.623700561523437500e+02
2.613636779785156250e+02
2.683491516113281250e+02
2.652391052246093750e+02
2.614064025878906250e+02
2.723197937011718750e+02
2.732828674316406250e+02
2.633442993164062500e+02
2.633118896484375000e+02
2.643245544433593750e+02
2.474304504394531250e+02
2.602835693359375000e+02
2.663896484375000000e+02
2.663192749023437500e+02
2.643530578613281250e+02
2.653404235839843750e+02
2.722692565917968750e+02
2.723527526855468750e+02
2.732258605957031250e+02
2.514031066894531250e+02
2.514889678955078125e+02
2.575061950683593750e+02
2.474910583496093750e+02
2.525577545166015625e+02
2.534102172851562500e+02
2.544860229492187500e+02
2.544418334960937500e+02
2.554934082031250000e+02
2.712642822265625000e+02
2.502815856933593750e+02
2.563051452636718750e+02
2.445226287841796875e+02
2.435550842285156250e+02
2.593604736328125000e+02
2.554792175292968750e+02
2.584237060546875000e+02
2.614496459960937500e+02
2.702651672363281250e+02
2.713575134277343750e+02
2.901601562500000000e+02
2.543608551025390625e+02
2.584552917480468750e+02
2.632814636230468750e+02
2.315121307373046875e+02
2.344536132812500000e+02
1.590385437011718750e+02
1.591771850585937500e+02
1.589611206054687500e+02
1.558172302246093750e+02
1.747847290039062500e+02
1.757517852783203125e+02
1.796764221191406250e+02
1.818282012939453125e+02
1.827390594482421875e+02
2.017388305664062500e+02
2.045930633544921875e+02
2.086958465576171875e+02
2.105657958984375000e+02
2.132965240478515625e+02
2.170369415283203125e+02
2.188309326171875000e+02
2.196379852294921875e+02
2.229464569091796875e+02
2.249223327636718750e+02
2.970978698730468750e+02
2.961259765625000000e+02
2.941550903320312500e+02
2.940213317871093750e+02
2.940311889648437500e+02
2.950506896972656250e+02
2.968614501953125000e+02
2.980155029296875000e+02
2.981366577148437500e+02
3.000812072753906250e+02
3.010451660156250000e+02
3.041488342285156250e+02
3.059883117675781250e+02
3.079033813476562500e+02
3.092857971191406250e+02
3.112699584960937500e+02
3.115235595703125000e+02
3.138204650878906250e+02
3.179492187500000000e+02
3.201900634765625000e+02
3.207015075683593750e+02
3.223161621093750000e+02
3.229335021972656250e+02
3.230577697753906250e+02
3.219114379882812500e+02
3.228135986328125000e+02
3.208808898925781250e+02
3.199183349609375000e+02
3.199871215820312500e+02
3.181808776855468750e+02
3.148906250000000000e+02
3.137190551757812500e+02
3.129902648925781250e+02
3.140526428222656250e+02
3.141657714843750000e+02
3.100552062988281250e+02
3.060853271484375000e+02
3.040876770019531250e+02
3.022343444824218750e+02
3.009675903320312500e+02
2.978631286621093750e+02
2.954751586914062500e+02
3.336400756835937500e+02
3.294259948730468750e+02
3.280962219238281250e+02
3.258005676269531250e+02
3.249432983398437500e+02
3.258700561523437500e+02
3.279064331054687500e+02
3.338885192871093750e+02
3.774696350097656250e+02
3.832680664062500000e+02
3.874396362304687500e+02
3.942386169433593750e+02
3.985180053710937500e+02
3.992538757324218750e+02
3.991125488281250000e+02
3.912321166992187500e+02
3.884844665527343750e+02
3.852823486328125000e+02
3.864375610351562500e+02
3.847442626953125000e+02
3.816721496582031250e+02
3.802953491210937500e+02
3.759417724609375000e+02
3.657329101562500000e+02
3.559694519042968750e+02
3.654538879394531250e+02
3.098856811523437500e+02
3.088961181640625000e+02
3.093108215332031250e+02
3.092117919921875000e+02
3.040097351074218750e+02
3.001068420410156250e+02
2.699986267089843750e+02
2.681114807128906250e+02
2.682650451660156250e+02
2.662699279785156250e+02
2.623538513183593750e+02
2.604425964355468750e+02
2.594032897949218750e+02
2.632611083984375000e+02
2.622360839843750000e+02
1.593480834960937500e+02
1.648656463623046875e+02
1.681399383544921875e+02
1.767696228027343750e+02
1.777205963134765625e+02
1.767395324707031250e+02
1.807035064697265625e+02
1.867893371582031250e+02
1.848867492675781250e+02
1.860901794433593750e+02
1.851293792724609375e+02
1.848406524658203125e+02
1.837803039550781250e+02
1.800431823730468750e+02
1.768639526367187500e+02
2.107027587890625000e+02
1.957374725341796875e+02
1.898134155273437500e+02
1.868479156494140625e+02
1.858695220947265625e+02
1.857599639892578125e+02
1.838968353271484375e+02
1.828443145751953125e+02
1.918268585205078125e+02
2.066763305664062500e+02
2.096873779296875000e+02
2.136523284912109375e+02
2.137746276855468750e+02
2.136644897460937500e+02
2.126318054199218750e+02
2.105864105224609375e+02
2.126566314697265625e+02
2.045191192626953125e+02
2.056403503417968750e+02
2.026773529052734375e+02
2.016581573486328125e+02
1.997598571777343750e+02
2.008794555664062500e+02
2.046733398437500000e+02
2.087144622802734375e+02
1.928891143798828125e+02
1.898287200927734375e+02
1.878090820312500000e+02
1.868056182861328125e+02
1.867470855712890625e+02
1.866979675292968750e+02
1.897431182861328125e+02
2.007545776367187500e+02
2.127251739501953125e+02
2.166640625000000000e+02
2.226120300292968750e+02
2.246170806884765625e+02
2.275794372558593750e+02
2.305602722167968750e+02
2.393716583251953125e+02
2.424398193359375000e+02
2.424214935302734375e+02
2.393576660156250000e+02
2.432996368408203125e+02
2.453746185302734375e+02
2.485778045654296875e+02
2.494202117919921875e+02
2.434027099609375000e+02
2.374852294921875000e+02
2.305616149902343750e+02
2.236032409667968750e+02
2.225987548828125000e+02
2.225624237060546875e+02
2.226426696777343750e+02
2.095468139648437500e+02
2.056354064941406250e+02
2.264286804199218750e+02
2.326625976562500000e+02
2.395272979736328125e+02
2.405192260742187500e+02
2.474741363525390625e+02
2.564844665527343750e+02
2.573429565429687500e+02
2.574185180664062500e+02
2.583760070800781250e+02
2.553382110595703125e+02
2.533824310302734375e+02
2.515357208251953125e+02
2.524435729980468750e+02
2.473141326904296875e+02
2.384761047363281250e+02
2.277367706298828125e+02
2.266035919189453125e+02
2.087753295898437500e+02
2.065276031494140625e+02
2.086640930175781250e+02
2.106146087646484375e+02
2.106273345947265625e+02
2.127191925048828125e+02
2.146084289550781250e+02
2.206780242919921875e+02
2.375009155273437500e+02
2.473790435791015625e+02
2.552889862060546875e+02
2.603941650390625000e+02
2.583013916015625000e+02
2.563482055664062500e+02
2.534456024169921875e+02
2.504474792480468750e+02
2.484288177490234375e+02
2.305776214599609375e+02
2.307528839111328125e+02
2.235193634033203125e+02
2.226004791259765625e+02
2.216348419189453125e+02
2.205849151611328125e+02
2.186100616455078125e+02
2.057623748779296875e+02
2.028140106201171875e+02
1.968655242919921875e+02
1.927998199462890625e+02
1.869005737304687500e+02
1.898981018066406250e+02
1.879128112792968750e+02
2.096965179443359375e+02
2.195626220703125000e+02
2.454543609619140625e+02
2.455185852050781250e+02
2.444350585937500000e+02
2.464365539550781250e+02
2.465239868164062500e+02
2.476220092773437500e+02
2.484695587158203125e+02
2.405181427001953125e+02
2.106167907714843750e+02
2.115694122314453125e+02
2.127144317626953125e+02
2.126352691650390625e+02
2.125347900390625000e+02
1.996719207763671875e+02
2.275074615478515625e+02
2.354031066894531250e+02
2.394232330322265625e+02
2.405188598632812500e+02
2.384727783203125000e+02
2.365595245361328125e+02
2.325187683105468750e+02
2.304500885009765625e+02
2.246339569091796875e+02
2.235034179687500000e+02
2.245996704101562500e+02
2.236358337402343750e+02
2.235925750732421875e+02
2.235290374755859375e+02
2.236417999267578125e+02
2.237409515380859375e+02
2.225426483154296875e+02
2.225191955566406250e+02
2.186303100585937500e+02
2.226407165527343750e+02
2.235590820312500000e+02
2.245635528564453125e+02
2.265807952880859375e+02
2.275483398437500000e+02
2.276361083984375000e+02
2.286586608886718750e+02
2.314937744140625000e+02
2.335847473144531250e+02
2.375208129882812500e+02
2.215074768066406250e+02
2.205398254394531250e+02
2.165686035156250000e+02
2.028881378173828125e+02
1.888445739746093750e+02
1.838085632324218750e+02
1.816967620849609375e+02
1.777689056396484375e+02
1.748431701660156250e+02
1.729895477294921875e+02
1.720382385253906250e+02
1.849493713378906250e+02
1.869504241943359375e+02
1.878882751464843750e+02
1.908188323974609375e+02
2.007084045410156250e+02
2.036865692138671875e+02
2.056490783691406250e+02
2.076697998046875000e+02
2.286585845947265625e+02
2.414415588378906250e+02
2.464932403564453125e+02
2.494022216796875000e+02
2.373052673339843750e+02
2.385222778320312500e+02
2.443888397216796875e+02
2.503572387695312500e+02
2.593186645507812500e+02
2.882377929687500000e+02
2.958628845214843750e+02
3.019181823730468750e+02
3.049235839843750000e+02
3.079336853027343750e+02
3.100379638671875000e+02
3.120363464355468750e+02
3.108914489746093750e+02
2.792724914550781250e+02
2.781705017089843750e+02
2.961693420410156250e+02
2.961896972656250000e+02
2.948384399414062500e+02
2.941026916503906250e+02
2.970297546386718750e+02
2.980229797363281250e+02
2.981458435058593750e+02
2.978991394042968750e+02
2.978332519531250000e+02
2.893121337890625000e+02
2.860570983886718750e+02
2.790650939941406250e+02
2.705992431640625000e+02
3.031690063476562500e+02
3.000656127929687500e+02
2.951649475097656250e+02
2.909244995117187500e+02
2.891562500000000000e+02
2.850270080566406250e+02
2.829976196289062500e+02
2.828159790039062500e+02
2.810717163085937500e+02
2.800727233886718750e+02
2.821516723632812500e+02
2.850855407714843750e+02
2.901446228027343750e+02
2.921829833984375000e+02
2.891311035156250000e+02
2.831668701171875000e+02
2.802164611816406250e+02
2.564083251953125000e+02
2.444517059326171875e+02
2.392551422119140625e+02
2.359364471435546875e+02
2.320940246582031250e+02
2.286860961914062500e+02
2.216572418212890625e+02
2.207411346435546875e+02
2.195919494628906250e+02
2.196514282226562500e+02
2.226126098632812500e+02
2.245775756835937500e+02
2.245315551757812500e+02
2.255743408203125000e+02
2.315134887695312500e+02
2.316122436523437500e+02
2.314979248046875000e+02
2.304470825195312500e+02
2.305298004150390625e+02
2.344878234863281250e+02
2.395484008789062500e+02
2.405414276123046875e+02
2.374889984130859375e+02
2.364896697998046875e+02
2.385062103271484375e+02
2.484643096923828125e+02
2.543146057128906250e+02
2.602256164550781250e+02
2.682376403808593750e+02
2.703663330078125000e+02
2.752017517089843750e+02
2.861790161132812500e+02
2.971130981445312500e+02
2.990220642089843750e+02
2.930720825195312500e+02
3.002221679687500000e+02
3.111627197265625000e+02
3.118127136230468750e+02
3.120910339355468750e+02
3.144919738769531250e+02
3.100509643554687500e+02
3.072545776367187500e+02
3.062734069824218750e+02
3.062331237792968750e+02
3.020376892089843750e+02
3.020351867675781250e+02
3.019797668457031250e+02
2.961915893554687500e+02
2.881521911621093750e+02
2.810636901855468750e+02
2.743424682617187500e+02
2.621604003906250000e+02
2.472514648437500000e+02
2.364123382568359375e+02
2.250409088134765625e+02
2.135124969482421875e+02
2.034331512451171875e+02
1.828630065917968750e+02
1.788222045898437500e+02
1.728047485351562500e+02
1.678887786865234375e+02
1.638833312988281250e+02
1.609429016113281250e+02
1.768295593261718750e+02
1.747765350341796875e+02
1.707399139404296875e+02
1.689144592285156250e+02
1.659800109863281250e+02
1.610614776611328125e+02
1.568961944580078125e+02
1.531451110839843750e+02
1.392367553710937500e+02
1.233143615722656250e+02
1.222139282226562500e+02
1.222985382080078125e+02
1.212858428955078125e+02
1.222792663574218750e+02
1.233205108642578125e+02
1.232410430908203125e+02
1.242751770019531250e+02
1.252156372070312500e+02
1.233637084960937500e+02
1.272868804931640625e+02
1.273355560302734375e+02
1.293372039794921875e+02
1.292394256591796875e+02
1.312610626220703125e+02
1.412337341308593750e+02
1.431959991455078125e+02
1.471167297363281250e+02
1.479739227294921875e+02
1.501417236328125000e+02
1.510759735107421875e+02
1.539009552001953125e+02
1.560065307617187500e+02
1.668372955322265625e+02
1.877032775878906250e+02
1.917239532470703125e+02
1.919894866943359375e+02
1.917974548339843750e+02
1.947498168945312500e+02
1.988201293945312500e+02
2.027373809814453125e+02
2.007713317871093750e+02
1.769466400146484375e+02
1.749980468750000000e+02
1.737015686035156250e+02
1.758681335449218750e+02
1.757857818603515625e+02
1.767693023681640625e+02
1.787916870117187500e+02
1.700443878173828125e+02
1.757294769287109375e+02
1.750983276367187500e+02
1.749283294677734375e+02
1.708898010253906250e+02
1.678919525146484375e+02
1.629058380126953125e+02
1.589756011962890625e+02
1.531258544921875000e+02
1.303257446289062500e+02
1.253215332031250000e+02
1.211081542968750000e+02
1.171920166015625000e+02
1.132852172851562500e+02
1.131466674804687500e+02
1.181697540283203125e+02
1.467866973876953125e+02
1.468730010986328125e+02
1.469562225341796875e+02
1.461317901611328125e+02
1.459259796142578125e+02
1.490217590332031250e+02
1.489358825683593750e+02
1.478965606689453125e+02
1.449956054687500000e+02
1.352573394775390625e+02
1.362259368896484375e+02
1.372807006835937500e+02
1.372792053222656250e+02
1.371337738037109375e+02
1.363142242431640625e+02
1.371558380126953125e+02
1.360949249267578125e+02
1.224410247802734375e+02
1.116130676269531250e+02
1.115009460449218750e+02
1.103897247314453125e+02
1.092848052978515625e+02
1.072186431884765625e+02
1.052820739746093750e+02
1.042204895019531250e+02
1.052851562500000000e+02
1.072386016845703125e+02
1.081979980468750000e+02
1.072212066650390625e+02
1.042707366943359375e+02
1.032948608398437500e+02
1.004263763427734375e+02
9.830667114257812500e+01
9.552452087402343750e+01
9.171443176269531250e+01
9.159974670410156250e+01
8.976612854003906250e+01
8.974244689941406250e+01
8.964921569824218750e+01
8.863256835937500000e+01
8.789907836914062500e+01
8.790907287597656250e+01
8.772520446777343750e+01
8.762734985351562500e+01
8.278341674804687500e+01
8.210758972167968750e+01
8.271411132812500000e+01
8.364021301269531250e+01
8.360491943359375000e+01
8.370191955566406250e+01
8.362089538574218750e+01
8.549047851562500000e+01
8.750505065917968750e+01
8.947377014160156250e+01
1.022446594238281250e+02
1.032190246582031250e+02
1.052974395751953125e+02
1.092152862548828125e+02
1.163113708496093750e+02
1.192843933105468750e+02
1.212962646484375000e+02
1.242890319824218750e+02
1.273563385009765625e+02
1.234979553222656250e+02
1.274761962890625000e+02
1.293621520996093750e+02
1.302844696044921875e+02
1.322195434570312500e+02
1.372141876220703125e+02
1.393186492919921875e+02
1.411507110595703125e+02
1.441667938232421875e+02
1.461477966308593750e+02
1.647879333496093750e+02
1.787667541503906250e+02
1.837003784179687500e+02
1.847767028808593750e+02
1.887552337646484375e+02
1.997700195312500000e+02
2.026802215576171875e+02
2.046263732910156250e+02
2.066591339111328125e+02
2.137206573486328125e+02
2.176292419433593750e+02
2.275397491455078125e+02
2.314351806640625000e+02
2.692383117675781250e+02
2.791861877441406250e+02
2.871722412109375000e+02
2.952070312500000000e+02
3.030633239746093750e+02
3.080205383300781250e+02
3.111578063964843750e+02
3.148452148437500000e+02
3.169226074218750000e+02
3.191898803710937500e+02
3.157738037109375000e+02
3.157566833496093750e+02
3.150691223144531250e+02
2.950739135742187500e+02
2.950586853027343750e+02
2.920499877929687500e+02
2.868962707519531250e+02
2.514321594238281250e+02
2.526724243164062500e+02
2.670973815917968750e+02
2.681591186523437500e+02
2.671980895996093750e+02
2.683298645019531250e+02
2.732811889648437500e+02
2.761554565429687500e+02
2.762496032714843750e+02
2.781217346191406250e+02
2.821551208496093750e+02
2.801303710937500000e+02
2.822660217285156250e+02
2.821629333496093750e+02
2.851981811523437500e+02
2.861335449218750000e+02
2.858885498046875000e+02
2.881133728027343750e+02
2.818363952636718750e+02
2.823009643554687500e+02
2.821002807617187500e+02
2.812720947265625000e+02
2.813536682128906250e+02
2.841204528808593750e+02
2.782060852050781250e+02
2.762402038574218750e+02
2.762405090332031250e+02
2.752026672363281250e+02
2.783421020507812500e+02
2.881711120605468750e+02
2.921807250976562500e+02
2.920500793457031250e+02
2.949949645996093750e+02
2.939640502929687500e+02
2.941777954101562500e+02
2.942898559570312500e+02
2.961370849609375000e+02
2.996707458496093750e+02
2.997656860351562500e+02
3.016812133789062500e+02
3.025724182128906250e+02
3.040773010253906250e+02
3.060609741210937500e+02
3.069926452636718750e+02
3.060456237792968750e+02
3.059503479003906250e+02
3.060647277832031250e+02
3.051268005371093750e+02
3.028287658691406250e+02
3.021986999511718750e+02
3.000592041015625000e+02
2.980834045410156250e+02
2.939353332519531250e+02
2.801015625000000000e+02
2.791763610839843750e+02
2.801173095703125000e+02
2.770739746093750000e+02
2.722803344726562500e+02
2.733126831054687500e+02
2.701723327636718750e+02
2.632449035644531250e+02
2.565344848632812500e+02
2.523742218017578125e+02
2.476748962402343750e+02
2.442860412597656250e+02
2.433829498291015625e+02
2.414247283935546875e+02
2.395616455078125000e+02
2.415765838623046875e+02
2.415147552490234375e+02
2.405070190429687500e+02
2.394508666992187500e+02
2.355265960693359375e+02
2.325519409179687500e+02
2.284626159667968750e+02
2.126061248779296875e+02
2.096801452636718750e+02
2.087126770019531250e+02
2.047824096679687500e+02
1.997738952636718750e+02
1.956967315673828125e+02
1.918195037841796875e+02
1.848931121826171875e+02
1.818760833740234375e+02
1.798719024658203125e+02
1.788175048828125000e+02
1.788361968994140625e+02
1.769110565185546875e+02
1.809876556396484375e+02
1.928696746826171875e+02
2.017694244384765625e+02
2.008658599853515625e+02
2.007364807128906250e+02
1.987437591552734375e+02
1.987213745117187500e+02
1.997030792236328125e+02
1.987078857421875000e+02
1.986369476318359375e+02
1.976666870117187500e+02
1.792539672851562500e+02
1.761217651367187500e+02
1.779905700683593750e+02
1.769770050048828125e+02
1.770509643554687500e+02
1.768042297363281250e+02
1.957328948974609375e+02
1.968037261962890625e+02
1.977586517333984375e+02
1.958307647705078125e+02
1.936973114013671875e+02
1.930370635986328125e+02
1.928428649902343750e+02
1.798415679931640625e+02
1.798246002197265625e+02
1.849968109130859375e+02
1.817478942871093750e+02
1.808193359375000000e+02
1.817698822021484375e+02
1.808284301757812500e+02
1.808497924804687500e+02
1.808902587890625000e+02
1.810984344482421875e+02
1.778799743652343750e+02
1.789876098632812500e+02
1.918294067382812500e+02
1.988355407714843750e+02
1.997967224121093750e+02
2.008286132812500000e+02
2.026617279052734375e+02
2.028406677246093750e+02
2.037380371093750000e+02
2.046707000732421875e+02
2.066855468750000000e+02
2.027458190917968750e+02
1.966676483154296875e+02
1.977092437744140625e+02
2.040341796875000000e+02
2.295822753906250000e+02
2.374404754638671875e+02
2.415901794433593750e+02
2.454940338134765625e+02
2.473834838867187500e+02
2.493119964599609375e+02
2.504816589355468750e+02
2.514872741699218750e+02
2.513964538574218750e+02
2.501680450439453125e+02
2.455320129394531250e+02
2.366668243408203125e+02
2.513525695800781250e+02
2.561877441406250000e+02
2.614393920898437500e+02
2.663464355468750000e+02
2.723302612304687500e+02
2.771069030761718750e+02
2.802808227539062500e+02
2.862345275878906250e+02
2.922611083984375000e+02
2.970174560546875000e+02
2.983511962890625000e+02
2.948900451660156250e+02
2.932272033691406250e+02
2.950488281250000000e+02
2.941520080566406250e+02
2.909839172363281250e+02
2.892116699218750000e+02
2.881600952148437500e+02
2.872003173828125000e+02
2.871049499511718750e+02
2.862998962402343750e+02
2.744566650390625000e+02
2.732591552734375000e+02
2.862159118652343750e+02
2.851730957031250000e+02
2.841944274902343750e+02
2.802025451660156250e+02
2.792679138183593750e+02
2.772331542968750000e+02
2.763377685546875000e+02
2.741922912597656250e+02
2.583422546386718750e+02
2.573678588867187500e+02
2.544579315185546875e+02
2.504410400390625000e+02
2.486651458740234375e+02
2.454099578857421875e+02
2.395687408447265625e+02
2.375944213867187500e+02
2.354312896728515625e+02
2.652229309082031250e+02
2.701641540527343750e+02
2.713971862792968750e+02
2.722107543945312500e+02
2.739384460449218750e+02
2.733810119628906250e+02
2.737886962890625000e+02
2.751648254394531250e+02
2.844045410156250000e+02
2.912039489746093750e+02
3.020205078125000000e+02
3.139714660644531250e+02
3.238656005859375000e+02
3.340317382812500000e+02
3.474676513671875000e+02
3.557868347167968750e+02
3.686095581054687500e+02
3.752089843750000000e+02
3.791789245605468750e+02
3.806401672363281250e+02
3.828731994628906250e+02
3.828968811035156250e+02
3.835457763671875000e+02
3.819755249023437500e+02
3.805627441406250000e+02
3.756036071777343750e+02
3.775135192871093750e+02
3.755696105957031250e+02
3.746371154785156250e+02
3.732289428710937500e+02
3.734914855957031250e+02
3.774759216308593750e+02
3.783558654785156250e+02
3.776460266113281250e+02
3.765651550292968750e+02
3.751557922363281250e+02
3.756709289550781250e+02
3.741039733886718750e+02
3.692989196777343750e+02
3.637983703613281250e+02
3.582731323242187500e+02
3.536361389160156250e+02
3.529370422363281250e+02
3.549452514648437500e+02
3.599539794921875000e+02
3.660054931640625000e+02
3.667442626953125000e+02
3.697903747558593750e+02
3.974286804199218750e+02
4.051776733398437500e+02
4.081781005859375000e+02
4.132270507812500000e+02
4.181526489257812500e+02
4.262016906738281250e+02
4.311516723632812500e+02
3.374756164550781250e+02
3.347714233398437500e+02
3.281698608398437500e+02
3.356548461914062500e+02
3.379947509765625000e+02
3.368738403320312500e+02
3.339118652343750000e+02
3.343744812011718750e+02
3.339290161132812500e+02
4.291795349121093750e+02
4.282208557128906250e+02
4.282702636718750000e+02
4.291639709472656250e+02
4.292398986816406250e+02
4.311032714843750000e+02
4.390176391601562500e+02
4.430919494628906250e+02
4.419410400390625000e+02
4.351908264160156250e+02
4.313995056152343750e+02
4.303491821289062500e+02
4.292884826660156250e+02
4.262256469726562500e+02
4.273291320800781250e+02
4.252809143066406250e+02
4.223085937500000000e+02
4.204258728027343750e+02
4.164879150390625000e+02
4.130346984863281250e+02
4.084089355468750000e+02
4.040883483886718750e+02
3.982062072753906250e+02
3.938765258789062500e+02
3.878242187500000000e+02
3.848554077148437500e+02
3.817764282226562500e+02
3.787690429687500000e+02
3.799102172851562500e+02
3.817753601074218750e+02
3.778924255371093750e+02
3.757455444335937500e+02
3.737678833007812500e+02
3.737225646972656250e+02
3.758188171386718750e+02
3.749297180175781250e+02
3.757405090332031250e+02
3.778460083007812500e+02
3.764342956542968750e+02
3.754767150878906250e+02
3.755626831054687500e+02
3.736204223632812500e+02
3.725677490234375000e+02
3.716225891113281250e+02
3.737213439941406250e+02
3.772471923828125000e+02
4.024608154296875000e+02
4.033332519531250000e+02
4.063062133789062500e+02
3.856695556640625000e+02
3.902623596191406250e+02
3.954375915527343750e+02
3.948988952636718750e+02
3.918948974609375000e+02
3.919842224121093750e+02
3.964762573242187500e+02
3.956537780761718750e+02
3.936872253417968750e+02
3.917225036621093750e+02
3.895381469726562500e+02
3.874114685058593750e+02
3.833613586425781250e+02
3.794266052246093750e+02
3.756105651855468750e+02
3.765764160156250000e+02
3.776429138183593750e+02
3.775268249511718750e+02
3.776187744140625000e+02
3.737845764160156250e+02
3.675773010253906250e+02
3.513943481445312500e+02
3.510818481445312500e+02
3.517841796875000000e+02
3.521443481445312500e+02
3.475954589843750000e+02
3.326121826171875000e+02
3.449829101562500000e+02
3.475105895996093750e+02
3.496059570312500000e+02
3.416408691406250000e+02
3.407109069824218750e+02
3.416059570312500000e+02
3.441600341796875000e+02
3.485629882812500000e+02
3.488248901367187500e+02
3.457654113769531250e+02
3.452510375976562500e+02
3.485215454101562500e+02
3.544053039550781250e+02
3.556575622558593750e+02
3.567229309082031250e+02
3.615265502929687500e+02
3.656160888671875000e+02
3.706539611816406250e+02
3.766608581542968750e+02
3.092841796875000000e+02
3.085238952636718750e+02
3.077906188964843750e+02
3.091364746093750000e+02
3.816232910156250000e+02
3.794470214843750000e+02
3.733739929199218750e+02
2.911753234863281250e+02
2.968143005371093750e+02
2.968617858886718750e+02
2.939337768554687500e+02
2.911062622070312500e+02
2.898474426269531250e+02
2.900343627929687500e+02
2.892238159179687500e+02
2.907134704589843750e+02
2.999371948242187500e+02
3.030725402832031250e+02
3.041224060058593750e+02
3.041406250000000000e+02
3.052278442382812500e+02
3.029539184570312500e+02
3.011096801757812500e+02
3.036824340820312500e+02
3.041833496093750000e+02
3.054973144531250000e+02
3.054839477539062500e+02
3.031199645996093750e+02
3.001932983398437500e+02
2.969423217773437500e+02
2.970412597656250000e+02
2.952294616699218750e+02
2.909960327148437500e+02
2.843063964843750000e+02
2.843547058105468750e+02
2.833334655761718750e+02
2.831759033203125000e+02
2.832738037109375000e+02
2.831565246582031250e+02
2.842777709960937500e+02
2.792761230468750000e+02
2.733595581054687500e+02
3.357610473632812500e+02
3.319817810058593750e+02
3.269538574218750000e+02
3.280946350097656250e+02
3.297738647460937500e+02
3.296112060546875000e+02
3.214143676757812500e+02
3.113287048339843750e+02
3.091487731933593750e+02
3.101802368164062500e+02
3.114942932128906250e+02
3.144963073730468750e+02
3.140033874511718750e+02
3.139616394042968750e+02
3.128739013671875000e+02
3.149583435058593750e+02
3.129087219238281250e+02
3.086867675781250000e+02
3.063881835937500000e+02
3.035963745117187500e+02
3.028675537109375000e+02
2.997366638183593750e+02
3.001048889160156250e+02
3.009314575195312500e+02
3.019882202148437500e+02
3.050669555664062500e+02
3.150055847167968750e+02
3.140524902343750000e+02
3.108261718750000000e+02
3.031569824218750000e+02
2.961936645507812500e+02
2.930299072265625000e+02
2.837871704101562500e+02
2.762604370117187500e+02
2.561861877441406250e+02
2.405262451171875000e+02
2.345284576416015625e+02
2.336533355712890625e+02
2.373647918701171875e+02
2.374539489746093750e+02
2.387877807617187500e+02
2.405247192382812500e+02
2.415640563964843750e+02
2.425479736328125000e+02
2.444567718505859375e+02
2.462903900146484375e+02
2.474272308349609375e+02
2.475034942626953125e+02
2.404351043701171875e+02
2.325582427978515625e+02
2.275927276611328125e+02
2.217443542480468750e+02
2.154866638183593750e+02
2.126779022216796875e+02
2.085699005126953125e+02
2.037152709960937500e+02
2.026759490966796875e+02
1.956763153076171875e+02
1.816931304931640625e+02
2.027515258789062500e+02
2.037394104003906250e+02
2.046676635742187500e+02
2.038258514404296875e+02
2.017065277099609375e+02
1.998513641357421875e+02
1.988094635009765625e+02
1.986856536865234375e+02
1.987285003662109375e+02
1.986656951904296875e+02
2.037429504394531250e+02
2.077264251708984375e+02
2.057872314453125000e+02
2.027841491699218750e+02
2.016700897216796875e+02
2.036788024902343750e+02
2.087350463867187500e+02
2.105950012207031250e+02
2.106366729736328125e+02
2.008122711181640625e+02
2.016685333251953125e+02
2.046302337646484375e+02
2.086304016113281250e+02
2.126458129882812500e+02
2.138297424316406250e+02
2.127421264648437500e+02
2.117724304199218750e+02
2.116954345703125000e+02
2.128660125732421875e+02
2.166216583251953125e+02
2.205072479248046875e+02
2.285503082275390625e+02
2.305281524658203125e+02
2.315554199218750000e+02
2.314940490722656250e+02
2.325305633544921875e+02
2.365864868164062500e+02
3.079676513671875000e+02
3.060111694335937500e+02
3.040810546875000000e+02
3.021031799316406250e+02
2.981197814941406250e+02
2.909520263671875000e+02
2.872099609375000000e+02
2.838010864257812500e+02
2.861849365234375000e+02
2.944685668945312500e+02
2.983264160156250000e+02
3.010409851074218750e+02
3.030308837890625000e+02
3.028232727050781250e+02
3.040903930664062500e+02
3.055043029785156250e+02
3.883766479492187500e+02
3.932053527832031250e+02
3.981318664550781250e+02
3.994683532714843750e+02
4.044191589355468750e+02
4.081850585937500000e+02
4.074696350097656250e+02
4.055307922363281250e+02
4.020338134765625000e+02
4.032889709472656250e+02
4.036330261230468750e+02
4.034149475097656250e+02
4.043922424316406250e+02
4.034769592285156250e+02
4.013776245117187500e+02
3.993580017089843750e+02
3.974776611328125000e+02
3.953519287109375000e+02
3.947746276855468750e+02
3.925781555175781250e+02
3.925516967773437500e+02
3.966597595214843750e+02
4.045305786132812500e+02
4.093973083496093750e+02
4.113594055175781250e+02
4.133922729492187500e+02
4.144759826660156250e+02
4.144118041992187500e+02
4.100762023925781250e+02
4.087096862792968750e+02
4.128540344238281250e+02
4.213685302734375000e+02
4.263937988281250000e+02
4.314230041503906250e+02
4.344558410644531250e+02
4.373704223632812500e+02
4.402056884765625000e+02
4.421836547851562500e+02
4.421903991699218750e+02
4.421530456542968750e+02
4.392317810058593750e+02
4.381267700195312500e+02
4.381461791992187500e+02
4.391833496093750000e+02
4.381208190917968750e+02
4.363224487304687500e+02
4.313274230957031250e+02
4.233115234375000000e+02
4.134348754882812500e+02
4.026651306152343750e+02
3.929466857910156250e+02
