4.078599853515625000e+02
4.002672729492187500e+02
4.035686950683593750e+02
4.211639404296875000e+02
4.273954772949218750e+02
4.332655334472656250e+02
4.345369873046875000e+02
4.236784667968750000e+02
4.259109497070312500e+02
4.285230102539062500e+02
4.102900085449218750e+02
4.127319641113281250e+02
4.075713195800781250e+02
4.071080322265625000e+02
4.060226135253906250e+02
3.858356018066406250e+02
3.572781677246093750e+02
3.662341613769531250e+02
3.598340148925781250e+02
3.591221618652343750e+02
3.570021972656250000e+02
3.572745971679687500e+02
3.571322326660156250e+02
3.451113281250000000e+02
2.833707275390625000e+02
2.423822631835937500e+02
2.132201080322265625e+02
1.702393646240234375e+02
1.439526519775390625e+02
1.456536712646484375e+02
1.418140563964843750e+02
1.427029876708984375e+02
1.523280792236328125e+02
1.668575134277343750e+02
1.738043060302734375e+02
1.899325408935546875e+02
2.037012481689453125e+02
2.067220153808593750e+02
2.148651123046875000e+02
2.205641937255859375e+02
2.446405029296875000e+02
2.716792602539062500e+02
3.262348327636718750e+02
2.801500854492187500e+02
3.277399597167968750e+02
3.332963562011718750e+02
3.576720275878906250e+02
3.483288574218750000e+02
3.473605346679687500e+02
3.745981445312500000e+02
3.734483337402343750e+02
3.663984680175781250e+02
3.564547119140625000e+02
3.581925048828125000e+02
3.585426025390625000e+02
3.581224060058593750e+02
3.616274108886718750e+02
3.466994323730468750e+02
3.057295837402343750e+02
3.166576232910156250e+02
3.401933898925781250e+02
3.489196166992187500e+02
3.587202758789062500e+02
3.426004028320312500e+02
3.434721679687500000e+02
3.414947509765625000e+02
3.474521789550781250e+02
3.466356811523437500e+02
3.466121826171875000e+02
3.479483337402343750e+02
3.425044860839843750e+02
3.501615600585937500e+02
3.432889404296875000e+02
3.466272277832031250e+02
3.416080017089843750e+02
3.419261169433593750e+02
3.430788269042968750e+02
3.471351928710937500e+02
3.560386962890625000e+02
3.526707153320312500e+02
3.571462097167968750e+02
3.511496582031250000e+02
3.486459350585937500e+02
3.427783203125000000e+02
3.417028808593750000e+02
3.444982604980468750e+02
3.492263183593750000e+02
3.370554504394531250e+02
3.383294372558593750e+02
3.400323486328125000e+02
3.385855407714843750e+02
3.481843566894531250e+02
3.511905517578125000e+02
3.433786621093750000e+02
3.568865966796875000e+02
3.443377990722656250e+02
3.365243225097656250e+02
3.396381835937500000e+02
3.357487487792968750e+02
3.375268859863281250e+02
3.346674194335937500e+02
3.304954833984375000e+02
3.377377624511718750e+02
3.334131164550781250e+02
3.397106628417968750e+02
3.376219177246093750e+02
3.343435974121093750e+02
3.379011840820312500e+02
3.365283508300781250e+02
3.428457641601562500e+02
3.496591491699218750e+02
3.468134155273437500e+02
3.784102172851562500e+02
3.770235900878906250e+02
3.663542175292968750e+02
3.606956787109375000e+02
3.770610656738281250e+02
3.761672058105468750e+02
3.734319458007812500e+02
3.823092346191406250e+02
3.754323120117187500e+02
3.823476867675781250e+02
3.857709655761718750e+02
3.908133239746093750e+02
3.910479736328125000e+02
3.997024230957031250e+02
4.080863952636718750e+02
4.072592773437500000e+02
4.075682373046875000e+02
3.989159545898437500e+02
4.029155883789062500e+02
4.056974487304687500e+02
4.093022766113281250e+02
4.075374145507812500e+02
3.996379394531250000e+02
4.028915100097656250e+02
4.077727050781250000e+02
4.100292663574218750e+02
4.144054870605468750e+02
4.100258789062500000e+02
4.127050170898437500e+02
4.116560058593750000e+02
4.061883850097656250e+02
4.106338500976562500e+02
4.075949401855468750e+02
4.098447875976562500e+02
4.034194946289062500e+02
4.045473022460937500e+02
4.149885864257812500e+02
4.119324340820312500e+02
4.098908996582031250e+02
4.167250061035156250e+02
4.156123352050781250e+02
4.144637756347656250e+02
4.090602416992187500e+02
4.028101196289062500e+02
3.898651733398437500e+02
3.986830444335937500e+02
4.072380981445312500e+02
4.154971008300781250e+02
4.063144226074218750e+02
4.112955017089843750e+02
4.149438781738281250e+02
4.049840393066406250e+02
4.056114807128906250e+02
4.073737182617187500e+02
4.087794494628906250e+02
4.089214172363281250e+02
4.068851623535156250e+02
3.995082397460937500e+02
3.939520568847656250e+02
3.950766601562500000e+02
3.965680236816406250e+02
4.013819580078125000e+02
3.995621643066406250e+02
4.017407226562500000e+02
4.079954833984375000e+02
3.930176086425781250e+02
4.031842956542968750e+02
4.012947082519531250e+02
3.977330322265625000e+02
4.040691833496093750e+02
4.060818176269531250e+02
4.047079467773437500e+02
4.166188964843750000e+02
4.109403991699218750e+02
4.148334045410156250e+02
4.003171081542968750e+02
3.989709167480468750e+02
4.023363952636718750e+02
4.011347351074218750e+02
4.072699584960937500e+02
4.079974365234375000e+02
4.138264160156250000e+02
4.025600280761718750e+02
3.995291442871093750e+02
3.950531311035156250e+02
3.988945922851562500e+02
4.041531372070312500e+02
4.059222717285156250e+02
4.059681396484375000e+02
4.001009521484375000e+02
3.903506469726562500e+02
3.925282592773437500e+02
3.918927307128906250e+02
4.003539733886718750e+02
4.075272521972656250e+02
4.043997497558593750e+02
4.138899841308593750e+02
4.086618041992187500e+02
4.146204833984375000e+02
4.189387207031250000e+02
4.057628173828125000e+02
4.058209533691406250e+02
4.195231018066406250e+02
4.187019348144531250e+02
4.153567199707031250e+02
4.169487609863281250e+02
4.022940063476562500e+02
4.003563232421875000e+02
3.952305603027343750e+02
3.999545288085937500e+02
3.971620788574218750e+02
4.076508789062500000e+02
4.054505004882812500e+02
3.969053344726562500e+02
3.903705444335937500e+02
3.904685974121093750e+02
3.944459228515625000e+02
3.967575073242187500e+02
3.943052062988281250e+02
4.035768737792968750e+02
3.995184631347656250e+02
4.005761413574218750e+02
4.095619506835937500e+02
4.099758911132812500e+02
4.146980285644531250e+02
4.087514343261718750e+02
4.027275695800781250e+02
4.043478088378906250e+02
4.015346374511718750e+02
4.029063110351562500e+02
4.019686889648437500e+02
3.997525329589843750e+02
4.035612182617187500e+02
3.960944213867187500e+02
3.910373840332031250e+02
3.936167602539062500e+02
4.040330200195312500e+02
4.043143310546875000e+02
4.000573425292968750e+02
4.040449829101562500e+02
4.028642272949218750e+02
3.965160827636718750e+02
3.823494873046875000e+02
3.845301208496093750e+02
4.001387939453125000e+02
4.101759338378906250e+02
4.095346069335937500e+02
4.078901672363281250e+02
4.022812194824218750e+02
4.008480224609375000e+02
3.951833496093750000e+02
3.952451782226562500e+02
3.981080017089843750e+02
3.956089172363281250e+02
3.951946105957031250e+02
3.885278625488281250e+02
3.921709899902343750e+02
3.955764465332031250e+02
3.943626708984375000e+02
3.929962158203125000e+02
3.949797668457031250e+02
3.902125244140625000e+02
3.768217468261718750e+02
3.767093200683593750e+02
3.746839904785156250e+02
3.813990783691406250e+02
3.856446533203125000e+02
3.869463806152343750e+02
3.816246643066406250e+02
3.855806579589843750e+02
3.899741821289062500e+02
3.920577087402343750e+02
3.880255737304687500e+02
3.746191711425781250e+02
3.676595153808593750e+02
3.762510070800781250e+02
3.849187927246093750e+02
3.777696228027343750e+02
3.758536071777343750e+02
3.714198303222656250e+02
3.706982421875000000e+02
3.678146362304687500e+02
3.667849731445312500e+02
3.702574462890625000e+02
3.615582275390625000e+02
3.579604187011718750e+02
3.627807922363281250e+02
3.553261413574218750e+02
3.529994506835937500e+02
3.637607421875000000e+02
3.610167846679687500e+02
3.584450073242187500e+02
3.605807800292968750e+02
3.658417663574218750e+02
3.598484497070312500e+02
3.696432495117187500e+02
3.568034057617187500e+02
3.569031982421875000e+02
3.639346923828125000e+02
3.701366577148437500e+02
3.612639465332031250e+02
3.578717956542968750e+02
3.650354614257812500e+02
3.614817504882812500e+02
3.572689208984375000e+02
3.692318115234375000e+02
3.712895507812500000e+02
3.741818542480468750e+02
3.604695739746093750e+02
3.566253356933593750e+02
3.777874450683593750e+02
3.809413452148437500e+02
3.660521240234375000e+02
3.636363220214843750e+02
3.720812988281250000e+02
3.800901489257812500e+02
3.788276672363281250e+02
3.883374023437500000e+02
3.798719482421875000e+02
3.786395263671875000e+02
3.840758361816406250e+02
3.909273071289062500e+02
3.923414916992187500e+02
3.740793151855468750e+02
3.642415771484375000e+02
3.888072204589843750e+02
3.913008728027343750e+02
3.872169189453125000e+02
3.951051025390625000e+02
3.941746520996093750e+02
3.912695007324218750e+02
3.839407348632812500e+02
3.788209838867187500e+02
3.728825073242187500e+02
3.681922607421875000e+02
3.700525512695312500e+02
3.778881225585937500e+02
3.986896057128906250e+02
3.991704406738281250e+02
4.040068054199218750e+02
4.073022155761718750e+02
4.103976440429687500e+02
4.145941162109375000e+02
4.182005310058593750e+02
4.103890991210937500e+02
3.793929748535156250e+02
3.711450805664062500e+02
3.742673034667968750e+02
3.765059814453125000e+02
3.781582336425781250e+02
3.787676696777343750e+02
3.765206604003906250e+02
3.716959228515625000e+02
3.758792419433593750e+02
3.666236877441406250e+02
3.645809936523437500e+02
3.545360107421875000e+02
3.602510986328125000e+02
3.707656555175781250e+02
3.922359619140625000e+02
3.950595092773437500e+02
3.933183898925781250e+02
3.946105957031250000e+02
3.986014404296875000e+02
4.086863403320312500e+02
3.896141052246093750e+02
3.905964355468750000e+02
3.891631469726562500e+02
3.762425842285156250e+02
3.928227233886718750e+02
3.912983398437500000e+02
3.935209655761718750e+02
3.993068847656250000e+02
3.983016662597656250e+02
3.890850219726562500e+02
3.860382385253906250e+02
3.834698486328125000e+02
3.841372985839843750e+02
3.974789733886718750e+02
3.911528930664062500e+02
3.852919921875000000e+02
3.815375976562500000e+02
3.832236328125000000e+02
3.903461303710937500e+02
4.085092468261718750e+02
4.049017639160156250e+02
4.184194335937500000e+02
4.140247802734375000e+02
4.200694885253906250e+02
4.129255371093750000e+02
4.148284301757812500e+02
4.029209899902343750e+02
3.562128295898437500e+02
3.728320922851562500e+02
3.706201782226562500e+02
3.771342468261718750e+02
3.789848022460937500e+02
3.646695251464843750e+02
3.744391479492187500e+02
3.771029663085937500e+02
3.733330078125000000e+02
3.741767578125000000e+02
3.761506347656250000e+02
3.807166748046875000e+02
3.879929199218750000e+02
3.839746398925781250e+02
3.778597412109375000e+02
3.761823730468750000e+02
3.847117614746093750e+02
3.839966430664062500e+02
3.774404296875000000e+02
3.771002197265625000e+02
3.776163024902343750e+02
3.722157287597656250e+02
3.596101989746093750e+02
3.470137329101562500e+02
3.405905151367187500e+02
3.713248901367187500e+02
3.542117004394531250e+02
3.626198425292968750e+02
3.609567565917968750e+02
3.622716674804687500e+02
3.611208496093750000e+02
3.580860900878906250e+02
3.539579467773437500e+02
3.631036987304687500e+02
3.660611572265625000e+02
3.712460632324218750e+02
3.699023742675781250e+02
3.680409240722656250e+02
3.723382568359375000e+02
3.673638305664062500e+02
3.636047058105468750e+02
3.616480712890625000e+02
3.580471496582031250e+02
3.523146667480468750e+02
3.578173217773437500e+02
3.600007019042968750e+02
3.624772949218750000e+02
3.544972534179687500e+02
3.558387145996093750e+02
3.611876525878906250e+02
3.598106994628906250e+02
3.511792602539062500e+02
3.611529235839843750e+02
3.446319580078125000e+02
3.448716430664062500e+02
3.458195190429687500e+02
3.565190124511718750e+02
3.450015563964843750e+02
3.420281677246093750e+02
3.827104797363281250e+02
3.737535400390625000e+02
3.681286010742187500e+02
3.734325561523437500e+02
3.796806945800781250e+02
3.773284912109375000e+02
3.877809143066406250e+02
3.788927612304687500e+02
3.524263305664062500e+02
3.565180969238281250e+02
3.539805603027343750e+02
3.552805786132812500e+02
3.521771850585937500e+02
3.512009277343750000e+02
3.484031372070312500e+02
3.460989990234375000e+02
3.629741210937500000e+02
3.490929260253906250e+02
3.504714355468750000e+02
3.508089904785156250e+02
3.504456481933593750e+02
3.405345458984375000e+02
3.449942321777343750e+02
3.314256591796875000e+02
3.377633972167968750e+02
3.351827697753906250e+02
3.425629272460937500e+02
3.109674987792968750e+02
3.122632446289062500e+02
3.145049438476562500e+02
2.806707763671875000e+02
2.711574707031250000e+02
2.706208801269531250e+02
2.611615295410156250e+02
2.439150543212890625e+02
2.357278594970703125e+02
2.379496917724609375e+02
2.293108367919921875e+02
2.264820861816406250e+02
2.490512695312500000e+02
2.495939636230468750e+02
2.490676879882812500e+02
2.529974822998046875e+02
2.581406250000000000e+02
2.830216369628906250e+02
2.573504943847656250e+02
2.678669738769531250e+02
2.607634582519531250e+02
2.583136291503906250e+02
2.907482910156250000e+02
2.968439636230468750e+02
2.762591552734375000e+02
3.070107421875000000e+02
3.002135009765625000e+02
3.244522094726562500e+02
3.210318298339843750e+02
3.317018737792968750e+02
3.316786499023437500e+02
3.607218322753906250e+02
3.398758239746093750e+02
3.410137329101562500e+02
3.406035156250000000e+02
3.427073364257812500e+02
3.640854492187500000e+02
3.587132873535156250e+02
3.522802734375000000e+02
3.508659057617187500e+02
3.623733215332031250e+02
3.480396118164062500e+02
3.525721130371093750e+02
3.558126525878906250e+02
3.555792846679687500e+02
3.660852355957031250e+02
3.677104797363281250e+02
3.676301269531250000e+02
3.643293762207031250e+02
3.600535888671875000e+02
3.628919067382812500e+02
3.683295593261718750e+02
3.681176452636718750e+02
3.513802185058593750e+02
3.528969116210937500e+02
3.540305786132812500e+02
3.473718566894531250e+02
3.418084411621093750e+02
3.425198974609375000e+02
3.377893371582031250e+02
3.336105346679687500e+02
3.259131469726562500e+02
3.303971862792968750e+02
3.351423339843750000e+02
3.274166259765625000e+02
3.266058349609375000e+02
3.399455261230468750e+02
3.355331115722656250e+02
3.382843627929687500e+02
3.501367797851562500e+02
3.345406494140625000e+02
3.408742065429687500e+02
3.397341003417968750e+02
3.198254394531250000e+02
3.164932861328125000e+02
3.168106384277343750e+02
3.116905517578125000e+02
3.118955383300781250e+02
3.027601623535156250e+02
2.908301696777343750e+02
2.808297424316406250e+02
2.835465087890625000e+02
2.849096374511718750e+02
2.856525268554687500e+02
2.893544921875000000e+02
2.843422546386718750e+02
2.889396362304687500e+02
2.725125732421875000e+02
2.761059875488281250e+02
2.743010253906250000e+02
2.782827758789062500e+02
2.884274291992187500e+02
2.776968383789062500e+02
3.074823608398437500e+02
2.932745666503906250e+02
3.202304687500000000e+02
3.303329467773437500e+02
3.164121704101562500e+02
3.230917053222656250e+02
3.352145080566406250e+02
3.512925720214843750e+02
3.551679077148437500e+02
3.562687377929687500e+02
3.560109252929687500e+02
3.500489196777343750e+02
3.491091613769531250e+02
3.481650085449218750e+02
3.513714599609375000e+02
3.674514160156250000e+02
3.607821655273437500e+02
3.632458496093750000e+02
3.545850830078125000e+02
3.634204711914062500e+02
3.507410278320312500e+02
3.499862060546875000e+02
3.438074340820312500e+02
3.309938659667968750e+02
3.251015014648437500e+02
3.269871826171875000e+02
3.269051513671875000e+02
3.291454162597656250e+02
3.227872924804687500e+02
3.233071899414062500e+02
3.104019775390625000e+02
3.082209167480468750e+02
3.043567504882812500e+02
3.005664367675781250e+02
2.921172180175781250e+02
2.884888916015625000e+02
2.881818847656250000e+02
2.844969177246093750e+02
2.819398803710937500e+02
2.978618164062500000e+02
2.886418762207031250e+02
2.904487304687500000e+02
2.870187683105468750e+02
2.840700073242187500e+02
3.055481872558593750e+02
3.167398986816406250e+02
3.176928710937500000e+02
2.996101684570312500e+02
3.269167175292968750e+02
3.408673400878906250e+02
3.425148925781250000e+02
3.702418823242187500e+02
3.607805480957031250e+02
3.625103454589843750e+02
3.639490356445312500e+02
3.603719177246093750e+02
3.659910583496093750e+02
3.752154235839843750e+02
3.703798217773437500e+02
3.652958984375000000e+02
3.635557556152343750e+02
3.667217407226562500e+02
3.626041870117187500e+02
3.696624450683593750e+02
3.491661071777343750e+02
3.423594970703125000e+02
3.464591064453125000e+02
3.530777587890625000e+02
3.577070312500000000e+02
3.604664306640625000e+02
3.609606628417968750e+02
3.755126037597656250e+02
3.754682006835937500e+02
3.791752319335937500e+02
3.781949768066406250e+02
3.807329711914062500e+02
3.710556640625000000e+02
3.701296691894531250e+02
3.755856018066406250e+02
3.775099182128906250e+02
3.790324096679687500e+02
3.814129028320312500e+02
3.718739929199218750e+02
3.735183715820312500e+02
3.746692810058593750e+02
3.715034484863281250e+02
3.777518310546875000e+02
3.771857604980468750e+02
3.634826965332031250e+02
3.630032348632812500e+02
3.668071289062500000e+02
3.628421020507812500e+02
3.678187255859375000e+02
3.642886047363281250e+02
3.594035644531250000e+02
3.572773742675781250e+02
3.591177062988281250e+02
3.592127990722656250e+02
3.608332824707031250e+02
3.574517211914062500e+02
3.567232971191406250e+02
3.562348937988281250e+02
3.597464294433593750e+02
3.568318481445312500e+02
3.608132019042968750e+02
3.548302917480468750e+02
3.473267211914062500e+02
3.460963745117187500e+02
3.409833068847656250e+02
3.492132568359375000e+02
3.466978454589843750e+02
3.451444091796875000e+02
3.402630615234375000e+02
3.368117980957031250e+02
3.299424438476562500e+02
3.341088867187500000e+02
3.518790283203125000e+02
3.382071228027343750e+02
3.402569885253906250e+02
3.645923156738281250e+02
3.720359802246093750e+02
3.810168151855468750e+02
3.894864196777343750e+02
3.816221008300781250e+02
3.736891479492187500e+02
3.862702331542968750e+02
3.944165954589843750e+02
4.075717468261718750e+02
4.006623840332031250e+02
4.095407104492187500e+02
4.184515991210937500e+02
4.051480102539062500e+02
3.973450317382812500e+02
4.035782165527343750e+02
4.054052124023437500e+02
3.941583251953125000e+02
3.824212036132812500e+02
3.806098937988281250e+02
3.854250488281250000e+02
3.895478210449218750e+02
3.885994873046875000e+02
3.941872863769531250e+02
3.928309326171875000e+02
3.811317138671875000e+02
3.845885314941406250e+02
3.783150939941406250e+02
3.851477050781250000e+02
3.947234802246093750e+02
3.851758728027343750e+02
3.873017272949218750e+02
3.787105712890625000e+02
3.706344604492187500e+02
3.657789001464843750e+02
3.678987426757812500e+02
3.637975769042968750e+02
3.526753234863281250e+02
3.531181030273437500e+02
3.652510375976562500e+02
3.615149841308593750e+02
3.642902832031250000e+02
3.555395202636718750e+02
3.549087219238281250e+02
3.461473083496093750e+02
3.458999023437500000e+02
3.454341735839843750e+02
3.452362670898437500e+02
3.415849304199218750e+02
3.696869812011718750e+02
3.717209472656250000e+02
3.741206359863281250e+02
3.677911987304687500e+02
3.655013122558593750e+02
3.629457092285156250e+02
3.636204833984375000e+02
3.631158752441406250e+02
3.182490844726562500e+02
3.207445373535156250e+02
3.197933349609375000e+02
3.185409851074218750e+02
3.130467224121093750e+02
3.189513854980468750e+02
3.335293273925781250e+02
3.444604187011718750e+02
3.349530639648437500e+02
3.490817871093750000e+02
3.372596435546875000e+02
3.439790649414062500e+02
3.430446472167968750e+02
3.459837341308593750e+02
3.562421264648437500e+02
3.539835205078125000e+02
3.566163330078125000e+02
3.612756958007812500e+02
3.625515136718750000e+02
3.513055114746093750e+02
3.467603759765625000e+02
3.422833557128906250e+02
3.362364196777343750e+02
3.437136840820312500e+02
3.270340576171875000e+02
3.320949401855468750e+02
3.294686279296875000e+02
3.301316833496093750e+02
3.246325683593750000e+02
3.210576782226562500e+02
3.122675476074218750e+02
3.136593933105468750e+02
3.146615295410156250e+02
3.045299072265625000e+02
3.012351989746093750e+02
2.943370361328125000e+02
2.937642211914062500e+02
2.981802062988281250e+02
2.973150329589843750e+02
2.826591491699218750e+02
2.958196411132812500e+02
2.748848876953125000e+02
2.745170898437500000e+02
2.803627929687500000e+02
2.778687744140625000e+02
2.755336914062500000e+02
2.716445922851562500e+02
2.679558105468750000e+02
2.660693359375000000e+02
2.674549560546875000e+02
2.701717834472656250e+02
2.686787414550781250e+02
2.718641662597656250e+02
2.720297851562500000e+02
2.800600585937500000e+02
2.756772766113281250e+02
2.905068969726562500e+02
2.813351135253906250e+02
2.849964599609375000e+02
2.703657531738281250e+02
2.665238647460937500e+02
2.884962158203125000e+02
3.047356872558593750e+02
2.854404907226562500e+02
2.567473144531250000e+02
2.786514892578125000e+02
3.413216552734375000e+02
2.617106628417968750e+02
3.233423156738281250e+02
3.204893188476562500e+02
3.596599121093750000e+02
3.426004333496093750e+02
3.332440795898437500e+02
3.681450195312500000e+02
3.804721069335937500e+02
3.529963378906250000e+02
3.429376525878906250e+02
3.393063049316406250e+02
3.373065795898437500e+02
3.403504333496093750e+02
3.418344726562500000e+02
3.297627868652343750e+02
3.247220764160156250e+02
3.368376770019531250e+02
3.586184082031250000e+02
3.391440734863281250e+02
3.333189697265625000e+02
3.633356323242187500e+02
3.379183349609375000e+02
3.484458007812500000e+02
3.617940979003906250e+02
3.585211181640625000e+02
3.583518676757812500e+02
3.528090209960937500e+02
3.465362548828125000e+02
3.555123596191406250e+02
3.588962707519531250e+02
3.534598388671875000e+02
3.569765625000000000e+02
3.498779602050781250e+02
3.539195556640625000e+02
3.466743164062500000e+02
3.540227966308593750e+02
3.386931457519531250e+02
3.470759582519531250e+02
3.357144165039062500e+02
3.293220214843750000e+02
3.295563659667968750e+02
3.247340698242187500e+02
3.340917663574218750e+02
3.542789306640625000e+02
3.561282653808593750e+02
3.635942687988281250e+02
3.506728820800781250e+02
3.549769897460937500e+02
3.660056152343750000e+02
3.582474365234375000e+02
3.524819335937500000e+02
3.559114990234375000e+02
3.632463989257812500e+02
3.485256347656250000e+02
3.488905029296875000e+02
3.467691955566406250e+02
3.400368652343750000e+02
3.406485290527343750e+02
3.421870422363281250e+02
3.392575683593750000e+02
3.307544250488281250e+02
3.274868164062500000e+02
3.222674255371093750e+02
3.282764282226562500e+02
3.225542297363281250e+02
3.195446777343750000e+02
3.153465576171875000e+02
3.176689147949218750e+02
3.018007202148437500e+02
3.057658081054687500e+02
3.072733154296875000e+02
2.984403381347656250e+02
2.944447021484375000e+02
2.908718872070312500e+02
2.856558227539062500e+02
2.767054138183593750e+02
2.729835815429687500e+02
2.720773925781250000e+02
2.721940002441406250e+02
2.584405212402343750e+02
2.580980224609375000e+02
2.546558074951171875e+02
2.511499633789062500e+02
2.494959259033203125e+02
2.505111083984375000e+02
2.502733764648437500e+02
2.494373626708984375e+02
2.529237518310546875e+02
2.549802551269531250e+02
2.567311401367187500e+02
2.933771667480468750e+02
3.091307373046875000e+02
2.768415527343750000e+02
3.300959167480468750e+02
3.201047668457031250e+02
3.379167175292968750e+02
3.463512878417968750e+02
3.129447326660156250e+02
3.105301208496093750e+02
3.229424133300781250e+02
3.359416503906250000e+02
3.483889770507812500e+02
3.630173645019531250e+02
3.485711975097656250e+02
3.401231689453125000e+02
3.338430480957031250e+02
3.702699890136718750e+02
3.717168884277343750e+02
3.682325134277343750e+02
3.585975952148437500e+02
3.476503295898437500e+02
3.429336547851562500e+02
3.388228149414062500e+02
3.356868591308593750e+02
3.457984924316406250e+02
3.554285278320312500e+02
3.521524658203125000e+02
3.699352416992187500e+02
3.568242187500000000e+02
3.315554809570312500e+02
3.310724182128906250e+02
3.435799560546875000e+02
3.775339660644531250e+02
3.902472229003906250e+02
3.965843505859375000e+02
3.932215270996093750e+02
4.055164489746093750e+02
4.091695251464843750e+02
4.069758605957031250e+02
4.008723754882812500e+02
3.358479003906250000e+02
2.912363281250000000e+02
3.530801696777343750e+02
3.363532104492187500e+02
3.345200195312500000e+02
3.387480468750000000e+02
3.347597961425781250e+02
3.279679260253906250e+02
3.219862670898437500e+02
3.277611083984375000e+02
3.490047912597656250e+02
3.782518310546875000e+02
3.216850280761718750e+02
2.973991394042968750e+02
3.292760009765625000e+02
3.473494873046875000e+02
3.388260192871093750e+02
3.601578063964843750e+02
3.659681091308593750e+02
3.789196166992187500e+02
3.806627807617187500e+02
3.952643432617187500e+02
3.774417114257812500e+02
3.872807312011718750e+02
3.939068603515625000e+02
3.977148437500000000e+02
4.015091552734375000e+02
3.894078063964843750e+02
3.953203125000000000e+02
3.998384094238281250e+02
4.020457153320312500e+02
4.078686523437500000e+02
4.093320007324218750e+02
4.099304809570312500e+02
4.134646606445312500e+02
4.109531555175781250e+02
4.120273132324218750e+02
4.125777282714843750e+02
4.184516296386718750e+02
4.186507263183593750e+02
4.143562316894531250e+02
4.204167785644531250e+02
4.143717041015625000e+02
4.006849975585937500e+02
3.891305236816406250e+02
3.720794067382812500e+02
3.700170898437500000e+02
3.693709411621093750e+02
3.650828857421875000e+02
2.737246704101562500e+02
2.903081665039062500e+02
2.865045471191406250e+02
2.835849609375000000e+02
2.936565856933593750e+02
3.390221557617187500e+02
3.254165039062500000e+02
3.067377929687500000e+02
3.647928161621093750e+02
2.890924377441406250e+02
3.408252563476562500e+02
3.764804992675781250e+02
3.850303955078125000e+02
3.956133728027343750e+02
4.098964233398437500e+02
4.115934753417968750e+02
4.047806396484375000e+02
4.112459716796875000e+02
4.204761657714843750e+02
4.126528015136718750e+02
4.057218933105468750e+02
4.167394409179687500e+02
4.127689514160156250e+02
4.072538452148437500e+02
4.042028198242187500e+02
3.975033874511718750e+02
4.014482116699218750e+02
3.952765197753906250e+02
4.059975585937500000e+02
4.025011901855468750e+02
3.980448608398437500e+02
4.113613891601562500e+02
4.012094421386718750e+02
3.978437500000000000e+02
4.044536743164062500e+02
4.054365234375000000e+02
3.997981567382812500e+02
4.051426391601562500e+02
4.160681762695312500e+02
4.133141174316406250e+02
4.139479370117187500e+02
4.168569641113281250e+02
4.238460083007812500e+02
4.177803039550781250e+02
4.102946472167968750e+02
3.966884155273437500e+02
4.066417541503906250e+02
4.086874389648437500e+02
4.095852355957031250e+02
4.159456481933593750e+02
4.140755920410156250e+02
4.120935668945312500e+02
4.124104919433593750e+02
4.120155639648437500e+02
4.127963867187500000e+02
4.117641906738281250e+02
4.145222473144531250e+02
4.282381591796875000e+02
4.286193237304687500e+02
4.118204040527343750e+02
4.138093261718750000e+02
4.173598022460937500e+02
4.144191894531250000e+02
4.082402648925781250e+02
3.989096069335937500e+02
3.860930175781250000e+02
3.805877685546875000e+02
3.658411865234375000e+02
3.671317443847656250e+02
3.681601867675781250e+02
3.616562500000000000e+02
3.524647521972656250e+02
3.590272216796875000e+02
3.698312683105468750e+02
3.611656494140625000e+02
3.593221130371093750e+02
3.530838623046875000e+02
3.534429931640625000e+02
3.548093872070312500e+02
3.521731567382812500e+02
3.549397888183593750e+02
3.564143981933593750e+02
3.654278564453125000e+02
3.625499572753906250e+02
3.547255554199218750e+02
3.489101257324218750e+02
3.582652893066406250e+02
3.610731506347656250e+02
3.546280517578125000e+02
3.489927978515625000e+02
3.486405639648437500e+02
3.330366210937500000e+02
3.381384277343750000e+02
3.426790466308593750e+02
3.332942504882812500e+02
3.266188964843750000e+02
3.401984558105468750e+02
3.301357116699218750e+02
3.306345214843750000e+02
3.303218383789062500e+02
3.406187744140625000e+02
3.355878906250000000e+02
3.434505615234375000e+02
3.554036254882812500e+02
3.595431823730468750e+02
3.504918823242187500e+02
3.660310974121093750e+02
3.773402709960937500e+02
3.933660888671875000e+02
3.878134155273437500e+02
3.981858825683593750e+02
4.120456542968750000e+02
4.160704956054687500e+02
4.143454284667968750e+02
4.088883666992187500e+02
4.120009155273437500e+02
4.105534667968750000e+02
4.006271057128906250e+02
4.001539611816406250e+02
4.000166320800781250e+02
3.861864318847656250e+02
3.744280090332031250e+02
3.732041320800781250e+02
3.723763732910156250e+02
3.651178588867187500e+02
3.677157592773437500e+02
3.611404113769531250e+02
3.685829772949218750e+02
3.606058044433593750e+02
3.589636535644531250e+02
3.694517822265625000e+02
3.619295349121093750e+02
3.716993713378906250e+02
3.808567504882812500e+02
3.901789550781250000e+02
3.932768249511718750e+02
3.910874633789062500e+02
3.869758300781250000e+02
3.879093322753906250e+02
3.872649230957031250e+02
3.846726379394531250e+02
3.847097778320312500e+02
3.526456909179687500e+02
3.517521057128906250e+02
3.379559020996093750e+02
3.493488159179687500e+02
3.427409057617187500e+02
3.388034667968750000e+02
3.393948059082031250e+02
3.421025695800781250e+02
3.429418029785156250e+02
3.386730041503906250e+02
3.397555236816406250e+02
3.409308471679687500e+02
3.417478027343750000e+02
3.534104309082031250e+02
3.511840515136718750e+02
3.357214965820312500e+02
3.332084655761718750e+02
3.340019531250000000e+02
3.337155456542968750e+02
3.321196899414062500e+02
3.267031555175781250e+02
3.212751770019531250e+02
3.265519409179687500e+02
3.265736999511718750e+02
3.253593750000000000e+02
3.287611083984375000e+02
3.242157287597656250e+02
3.231680603027343750e+02
3.273235778808593750e+02
3.189980468750000000e+02
3.148271484375000000e+02
3.118705444335937500e+02
3.065664672851562500e+02
3.163136596679687500e+02
3.162306823730468750e+02
3.190224304199218750e+02
3.143992004394531250e+02
3.129309997558593750e+02
3.227955627441406250e+02
3.265690307617187500e+02
3.294129638671875000e+02
3.530269470214843750e+02
3.350339965820312500e+02
3.526480102539062500e+02
3.519099731445312500e+02
3.467765197753906250e+02
3.561630859375000000e+02
3.689079895019531250e+02
3.638414611816406250e+02
3.725075073242187500e+02
3.674901123046875000e+02
3.542451477050781250e+02
3.396674804687500000e+02
3.362039489746093750e+02
3.379573974609375000e+02
3.365332336425781250e+02
3.450932617187500000e+02
3.477447509765625000e+02
3.389359436035156250e+02
3.210354919433593750e+02
3.139571533203125000e+02
3.170973205566406250e+02
3.189554138183593750e+02
3.177969970703125000e+02
3.085520324707031250e+02
3.043419799804687500e+02
2.971398925781250000e+02
2.913668518066406250e+02
2.872183227539062500e+02
2.868828430175781250e+02
2.800607604980468750e+02
2.660051574707031250e+02
2.487644195556640625e+02
2.449765014648437500e+02
2.611917419433593750e+02
2.638329162597656250e+02
2.577486877441406250e+02
2.464620513916015625e+02
2.463374023437500000e+02
2.490308685302734375e+02
2.535360717773437500e+02
2.566143188476562500e+02
2.611503601074218750e+02
2.577666015625000000e+02
2.562471923828125000e+02
2.621190490722656250e+02
2.667478332519531250e+02
2.655412292480468750e+02
2.684690856933593750e+02
2.793997497558593750e+02
2.820564270019531250e+02
2.827061157226562500e+02
2.882785339355468750e+02
2.918086547851562500e+02
2.885771179199218750e+02
2.959873962402343750e+02
2.975552673339843750e+02
2.916806945800781250e+02
3.430623168945312500e+02
3.435705871582031250e+02
3.434174499511718750e+02
3.405038146972656250e+02
3.411354370117187500e+02
3.356857604980468750e+02
3.270171813964843750e+02
3.378164367675781250e+02
3.440105895996093750e+02
3.446638488769531250e+02
3.350433959960937500e+02
3.620260925292968750e+02
3.558750000000000000e+02
3.550851745605468750e+02
3.680267944335937500e+02
3.688365478515625000e+02
3.695328674316406250e+02
3.770408630371093750e+02
3.815666809082031250e+02
3.768130187988281250e+02
3.752939147949218750e+02
3.827064208984375000e+02
3.710802612304687500e+02
3.764157409667968750e+02
3.920288391113281250e+02
3.904969177246093750e+02
3.891229858398437500e+02
3.889039611816406250e+02
3.952082214355468750e+02
3.952732543945312500e+02
3.942624511718750000e+02
3.944150695800781250e+02
3.521242675781250000e+02
3.423891906738281250e+02
3.596354064941406250e+02
3.636876525878906250e+02
3.638870849609375000e+02
3.528276672363281250e+02
3.506194152832031250e+02
3.472964782714843750e+02
3.523916015625000000e+02
3.566392211914062500e+02
3.495230712890625000e+02
3.442519531250000000e+02
3.412229614257812500e+02
3.262166442871093750e+02
3.328306274414062500e+02
3.328924865722656250e+02
3.366784362792968750e+02
3.355744628906250000e+02
3.564580383300781250e+02
3.546269226074218750e+02
3.514977416992187500e+02
3.539559631347656250e+02
3.603140563964843750e+02
3.554562377929687500e+02
3.566822204589843750e+02
3.525794982910156250e+02
3.210953063964843750e+02
3.237123718261718750e+02
3.285072631835937500e+02
3.218715515136718750e+02
3.400036315917968750e+02
3.436611633300781250e+02
3.372743225097656250e+02
3.415595703125000000e+02
3.407235412597656250e+02
3.462149047851562500e+02
3.461419067382812500e+02
3.498753967285156250e+02
3.268018188476562500e+02
3.395934753417968750e+02
3.340505981445312500e+02
3.390939025878906250e+02
3.336914367675781250e+02
3.219869079589843750e+02
3.244485168457031250e+02
3.388363647460937500e+02
3.343386535644531250e+02
3.338677062988281250e+02
3.322373046875000000e+02
3.364757080078125000e+02
3.355612182617187500e+02
3.356387634277343750e+02
3.306973876953125000e+02
3.082653808593750000e+02
3.134063415527343750e+02
3.215810546875000000e+02
3.267005920410156250e+02
3.273657836914062500e+02
3.402359619140625000e+02
3.380786743164062500e+02
3.463501281738281250e+02
3.424270629882812500e+02
3.423994445800781250e+02
3.432684631347656250e+02
3.428457336425781250e+02
3.202651367187500000e+02
3.021152343750000000e+02
3.047073669433593750e+02
3.080065307617187500e+02
3.165909423828125000e+02
3.063912658691406250e+02
3.059019470214843750e+02
2.924563293457031250e+02
2.986912231445312500e+02
3.075955810546875000e+02
3.503830261230468750e+02
3.471800842285156250e+02
3.414033508300781250e+02
3.399403076171875000e+02
3.427551574707031250e+02
3.500233154296875000e+02
3.429341430664062500e+02
3.479770202636718750e+02
3.538379211425781250e+02
3.473980407714843750e+02
3.522926635742187500e+02
3.507844543457031250e+02
3.540939941406250000e+02
2.667309265136718750e+02
2.602302246093750000e+02
2.581693725585937500e+02
2.508762664794921875e+02
2.512825622558593750e+02
2.465562438964843750e+02
2.624698486328125000e+02
2.993634643554687500e+02
2.996457519531250000e+02
3.317594604492187500e+02
3.539685668945312500e+02
3.621450805664062500e+02
3.548419494628906250e+02
3.509099121093750000e+02
3.627337951660156250e+02
3.457920532226562500e+02
3.549216308593750000e+02
3.555414733886718750e+02
3.519218750000000000e+02
3.279183959960937500e+02
3.067615661621093750e+02
2.976205444335937500e+02
2.713228149414062500e+02
2.803305969238281250e+02
3.259490966796875000e+02
3.228738098144531250e+02
3.191537170410156250e+02
2.901859741210937500e+02
2.807877197265625000e+02
2.928565979003906250e+02
2.634952392578125000e+02
2.719379577636718750e+02
2.443788452148437500e+02
2.354113769531250000e+02
2.244330902099609375e+02
2.189981842041015625e+02
2.175507659912109375e+02
2.113538360595703125e+02
2.083105468750000000e+02
1.506265411376953125e+02
1.745884704589843750e+02
1.842433776855468750e+02
1.881330566406250000e+02
1.949345092773437500e+02
2.000318298339843750e+02
2.128029327392578125e+02
2.164525756835937500e+02
2.414366607666015625e+02
2.252301483154296875e+02
2.256441955566406250e+02
2.180142822265625000e+02
2.174110107421875000e+02
2.210550231933593750e+02
2.246532897949218750e+02
2.552407989501953125e+02
2.541296844482421875e+02
2.412223205566406250e+02
2.485027465820312500e+02
2.574739990234375000e+02
2.398605499267578125e+02
2.465948333740234375e+02
2.419901733398437500e+02
2.347998657226562500e+02
2.146886138916015625e+02
2.214721527099609375e+02
2.287280426025390625e+02
2.330391998291015625e+02
2.378843994140625000e+02
2.706351013183593750e+02
2.641017761230468750e+02
2.958169860839843750e+02
3.282501831054687500e+02
3.369081726074218750e+02
3.123077697753906250e+02
3.070935058593750000e+02
3.079214172363281250e+02
3.035874023437500000e+02
2.989165649414062500e+02
3.105437316894531250e+02
3.138623046875000000e+02
2.505585784912109375e+02
1.756186828613281250e+02
2.084538421630859375e+02
2.079220275878906250e+02
2.105324554443359375e+02
2.161819763183593750e+02
2.225671386718750000e+02
2.230396423339843750e+02
2.223288879394531250e+02
2.380790252685546875e+02
2.327151184082031250e+02
2.312158966064453125e+02
2.321942901611328125e+02
2.409818267822265625e+02
2.383529052734375000e+02
2.403812866210937500e+02
2.364115753173828125e+02
2.316560058593750000e+02
2.324961700439453125e+02
2.281647644042968750e+02
2.317210540771484375e+02
2.272501373291015625e+02
2.307078552246093750e+02
2.319869537353515625e+02
2.644905700683593750e+02
2.458212890625000000e+02
2.686194763183593750e+02
2.841209411621093750e+02
2.796492919921875000e+02
3.168991088867187500e+02
2.976923828125000000e+02
3.093501586914062500e+02
3.202677917480468750e+02
3.193054809570312500e+02
3.224836120605468750e+02
2.951694030761718750e+02
2.945495300292968750e+02
2.819154357910156250e+02
2.577688598632812500e+02
2.951626892089843750e+02
3.024751892089843750e+02
3.055509643554687500e+02
2.971130065917968750e+02
2.976752624511718750e+02
2.961632995605468750e+02
2.953384094238281250e+02
3.014387817382812500e+02
3.210407409667968750e+02
2.955941162109375000e+02
3.277903137207031250e+02
3.228195800781250000e+02
3.456432189941406250e+02
3.658414916992187500e+02
3.801585083007812500e+02
3.843312988281250000e+02
3.757822570800781250e+02
3.814868469238281250e+02
3.810855407714843750e+02
3.695692138671875000e+02
3.637507629394531250e+02
3.629028930664062500e+02
3.576992187500000000e+02
2.575379638671875000e+02
2.902961425781250000e+02
3.053736572265625000e+02
3.008359985351562500e+02
3.057636718750000000e+02
3.027816772460937500e+02
2.964840698242187500e+02
2.890217590332031250e+02
2.807021179199218750e+02
2.694025878906250000e+02
2.213571166992187500e+02
2.007343444824218750e+02
2.023653259277343750e+02
1.975076293945312500e+02
1.855209503173828125e+02
1.864532775878906250e+02
1.873488616943359375e+02
1.950388946533203125e+02
2.015041961669921875e+02
2.023547821044921875e+02
2.021982269287109375e+02
2.026848297119140625e+02
2.302454681396484375e+02
2.287948760986328125e+02
2.353510131835937500e+02
2.713652038574218750e+02
2.941946105957031250e+02
2.810520629882812500e+02
2.741965332031250000e+02
2.778014221191406250e+02
2.795611572265625000e+02
2.692015686035156250e+02
2.636890563964843750e+02
2.712643127441406250e+02
2.244933929443359375e+02
1.707916564941406250e+02
1.630208435058593750e+02
1.633101501464843750e+02
1.681899719238281250e+02
1.739449462890625000e+02
1.745362701416015625e+02
1.762178802490234375e+02
1.790769958496093750e+02
1.835771942138671875e+02
1.850124816894531250e+02
1.876885986328125000e+02
1.846104278564453125e+02
1.853775024414062500e+02
1.821694335937500000e+02
1.832671966552734375e+02
1.825998229980468750e+02
1.828502655029296875e+02
1.830108947753906250e+02
1.829044189453125000e+02
1.823893432617187500e+02
1.812239990234375000e+02
1.839694366455078125e+02
1.842928466796875000e+02
1.845134277343750000e+02
1.843539581298828125e+02
1.859697570800781250e+02
1.866308288574218750e+02
1.906795196533203125e+02
2.324634704589843750e+02
2.188082733154296875e+02
2.414413909912109375e+02
2.280856781005859375e+02
2.314791870117187500e+02
2.332866363525390625e+02
2.354584655761718750e+02
2.371282501220703125e+02
2.415539398193359375e+02
2.458348083496093750e+02
2.169486389160156250e+02
2.567405700683593750e+02
2.502820587158203125e+02
2.457837829589843750e+02
2.460090789794921875e+02
2.475876922607421875e+02
2.489222106933593750e+02
2.450830230712890625e+02
2.477419433593750000e+02
2.346645202636718750e+02
2.232399444580078125e+02
2.285370635986328125e+02
2.313749542236328125e+02
2.332385406494140625e+02
2.258995513916015625e+02
2.449222564697265625e+02
2.441388702392578125e+02
2.437846221923828125e+02
2.477790374755859375e+02
2.499562530517578125e+02
2.500593109130859375e+02
2.603475952148437500e+02
2.536610565185546875e+02
2.549390716552734375e+02
2.617392272949218750e+02
2.863063049316406250e+02
2.847305908203125000e+02
2.776689758300781250e+02
2.776339416503906250e+02
2.839432678222656250e+02
2.817758483886718750e+02
2.867560119628906250e+02
2.851209411621093750e+02
2.641119689941406250e+02
2.680483093261718750e+02
2.896104431152343750e+02
2.901737670898437500e+02
2.809719543457031250e+02
2.790537719726562500e+02
2.765807800292968750e+02
2.745092163085937500e+02
2.938930053710937500e+02
2.786638183593750000e+02
2.580303955078125000e+02
2.593424987792968750e+02
2.604800415039062500e+02
2.669319458007812500e+02
2.714551086425781250e+02
2.921263732910156250e+02
3.295212707519531250e+02
3.140462341308593750e+02
3.146177673339843750e+02
3.204041748046875000e+02
3.191821594238281250e+02
3.217618103027343750e+02
3.204885253906250000e+02
3.358572998046875000e+02
2.752054748535156250e+02
2.968851318359375000e+02
2.910062255859375000e+02
3.166993713378906250e+02
3.385441284179687500e+02
3.174240722656250000e+02
3.319311218261718750e+02
3.349801635742187500e+02
3.258549194335937500e+02
3.252980651855468750e+02
3.252803955078125000e+02
3.283023681640625000e+02
3.347655334472656250e+02
3.305115051269531250e+02
3.331030273437500000e+02
3.327239379882812500e+02
3.249769287109375000e+02
3.509179077148437500e+02
3.386442260742187500e+02
3.373179626464843750e+02
3.516582946777343750e+02
3.557666015625000000e+02
3.454337158203125000e+02
3.439743957519531250e+02
3.418646850585937500e+02
2.738872680664062500e+02
2.677136535644531250e+02
2.766958618164062500e+02
2.974507141113281250e+02
2.941806030273437500e+02
2.830789794921875000e+02
3.047731323242187500e+02
3.021825256347656250e+02
3.172590026855468750e+02
3.186177062988281250e+02
3.148344726562500000e+02
3.102689514160156250e+02
3.274216613769531250e+02
3.444240417480468750e+02
3.560262451171875000e+02
3.371138916015625000e+02
3.377770690917968750e+02
3.309924621582031250e+02
3.329198913574218750e+02
3.387382507324218750e+02
3.488175964355468750e+02
3.326638183593750000e+02
3.201511840820312500e+02
2.882903442382812500e+02
2.650740661621093750e+02
2.692351989746093750e+02
2.849833984375000000e+02
2.649242858886718750e+02
2.517228393554687500e+02
2.372889862060546875e+02
2.293560485839843750e+02
2.132196502685546875e+02
2.164405517578125000e+02
2.138031921386718750e+02
2.155718841552734375e+02
2.259104461669921875e+02
2.250120391845703125e+02
2.265264587402343750e+02
2.268006439208984375e+02
2.255177154541015625e+02
2.181401519775390625e+02
2.139033966064453125e+02
2.120932464599609375e+02
2.042830200195312500e+02
2.003424682617187500e+02
1.968470458984375000e+02
1.968476409912109375e+02
1.978644714355468750e+02
2.002171020507812500e+02
1.999422454833984375e+02
1.913825683593750000e+02
1.864218139648437500e+02
2.359487457275390625e+02
2.292371063232421875e+02
2.305232696533203125e+02
2.226124267578125000e+02
2.195976867675781250e+02
2.181988525390625000e+02
2.170305023193359375e+02
2.026729278564453125e+02
1.990940551757812500e+02
1.987849426269531250e+02
1.887746582031250000e+02
1.928681488037109375e+02
1.908806304931640625e+02
1.919444122314453125e+02
1.890452423095703125e+02
1.919864044189453125e+02
1.934504547119140625e+02
2.012497863769531250e+02
2.008800048828125000e+02
2.056255187988281250e+02
2.059809722900390625e+02
1.968594207763671875e+02
2.054454193115234375e+02
2.040633850097656250e+02
2.023560791015625000e+02
2.398470916748046875e+02
2.336012725830078125e+02
2.494312286376953125e+02
2.231857299804687500e+02
2.242197570800781250e+02
2.328216857910156250e+02
2.282897186279296875e+02
2.202606506347656250e+02
2.170336914062500000e+02
1.905691070556640625e+02
2.002864837646484375e+02
1.986973114013671875e+02
2.025669250488281250e+02
2.066571350097656250e+02
2.108380126953125000e+02
2.072018737792968750e+02
2.144740753173828125e+02
2.212675781250000000e+02
2.044336090087890625e+02
2.080494842529296875e+02
2.163654479980468750e+02
2.202847442626953125e+02
2.280955963134765625e+02
2.201418457031250000e+02
2.307928466796875000e+02
2.338945465087890625e+02
2.316496124267578125e+02
2.340822296142578125e+02
2.378806915283203125e+02
2.407861175537109375e+02
2.529716949462890625e+02
2.485132598876953125e+02
2.488989562988281250e+02
2.545310668945312500e+02
2.607567443847656250e+02
2.606270141601562500e+02
2.515813903808593750e+02
2.465881500244140625e+02
2.507193603515625000e+02
2.502383117675781250e+02
2.457307739257812500e+02
2.421473388671875000e+02
2.222580718994140625e+02
1.941101074218750000e+02
2.021907043457031250e+02
2.037776184082031250e+02
2.055248107910156250e+02
1.908279418945312500e+02
2.132281036376953125e+02
2.115399017333984375e+02
2.116026153564453125e+02
2.110732116699218750e+02
2.092933502197265625e+02
2.112158660888671875e+02
2.158568878173828125e+02
2.187035064697265625e+02
2.028000793457031250e+02
2.041373596191406250e+02
2.297293701171875000e+02
2.260503540039062500e+02
2.226849212646484375e+02
2.212996215820312500e+02
2.215984954833984375e+02
2.242462005615234375e+02
2.326827239990234375e+02
2.441158599853515625e+02
2.288497009277343750e+02
2.362889404296875000e+02
2.412094573974609375e+02
2.403126831054687500e+02
2.481832122802734375e+02
2.516311492919921875e+02
2.499056549072265625e+02
2.347818450927734375e+02
2.372993927001953125e+02
2.382211303710937500e+02
2.387987365722656250e+02
2.472418212890625000e+02
2.756771545410156250e+02
2.738448486328125000e+02
2.774745483398437500e+02
2.843549499511718750e+02
2.802527770996093750e+02
2.632285461425781250e+02
2.597859497070312500e+02
2.531677246093750000e+02
2.581383972167968750e+02
2.594072570800781250e+02
2.536764831542968750e+02
2.598143005371093750e+02
2.000217132568359375e+02
2.222099151611328125e+02
2.332027435302734375e+02
2.467159576416015625e+02
2.523046112060546875e+02
2.599023742675781250e+02
2.528473358154296875e+02
2.739218750000000000e+02
2.646074523925781250e+02
2.650592956542968750e+02
2.610863647460937500e+02
2.547956542968750000e+02
2.542300872802734375e+02
2.608154602050781250e+02
2.630069885253906250e+02
2.642002563476562500e+02
2.566464538574218750e+02
2.558351135253906250e+02
2.544773559570312500e+02
2.505283660888671875e+02
2.495863494873046875e+02
2.540440521240234375e+02
2.600695190429687500e+02
2.681557617187500000e+02
2.563988342285156250e+02
2.579153137207031250e+02
2.555654754638671875e+02
2.574053039550781250e+02
2.695442504882812500e+02
2.896754760742187500e+02
2.724791870117187500e+02
2.850404357910156250e+02
2.891973571777343750e+02
2.840318298339843750e+02
2.831905822753906250e+02
2.870447082519531250e+02
2.798793029785156250e+02
2.797815551757812500e+02
2.795131530761718750e+02
2.854945373535156250e+02
2.621250915527343750e+02
2.629136962890625000e+02
2.649840087890625000e+02
2.628245239257812500e+02
2.580158386230468750e+02
2.678664855957031250e+02
2.493220977783203125e+02
2.446273498535156250e+02
2.494372406005859375e+02
2.417627258300781250e+02
2.298372039794921875e+02
2.230055999755859375e+02
2.339338073730468750e+02
2.302587432861328125e+02
2.265520172119140625e+02
2.259834747314453125e+02
2.253149871826171875e+02
2.239385986328125000e+02
2.232602233886718750e+02
2.252031707763671875e+02
2.210344543457031250e+02
2.210767822265625000e+02
2.229186706542968750e+02
2.215644378662109375e+02
2.180670318603515625e+02
2.159871826171875000e+02
2.197622222900390625e+02
2.199101562500000000e+02
2.169935607910156250e+02
2.131282806396484375e+02
2.077911224365234375e+02
2.853259582519531250e+02
3.156591491699218750e+02
3.144946899414062500e+02
3.123566894531250000e+02
3.168234558105468750e+02
3.149642333984375000e+02
3.096217041015625000e+02
2.946565246582031250e+02
3.163840332031250000e+02
3.004418334960937500e+02
3.001647949218750000e+02
3.038251953125000000e+02
2.980928344726562500e+02
2.956673583984375000e+02
3.003621215820312500e+02
2.976098022460937500e+02
2.272856140136718750e+02
2.030442047119140625e+02
2.197760162353515625e+02
2.129593658447265625e+02
2.065004272460937500e+02
2.134368743896484375e+02
2.281174621582031250e+02
2.367442626953125000e+02
2.341674041748046875e+02
2.423041839599609375e+02
2.478624725341796875e+02
2.521848449707031250e+02
2.694485168457031250e+02
2.904434814453125000e+02
2.953929443359375000e+02
2.957044982910156250e+02
2.926982421875000000e+02
2.998763427734375000e+02
2.910976562500000000e+02
3.351598815917968750e+02
3.412410888671875000e+02
3.256123657226562500e+02
3.372913208007812500e+02
3.480621337890625000e+02
3.482591247558593750e+02
3.318280639648437500e+02
3.214444885253906250e+02
3.205751953125000000e+02
3.043440551757812500e+02
2.977232360839843750e+02
2.995890197753906250e+02
2.899453735351562500e+02
2.675808715820312500e+02
2.882084960937500000e+02
3.109875488281250000e+02
3.251807250976562500e+02
3.102439270019531250e+02
3.391019897460937500e+02
3.503253173828125000e+02
3.437915344238281250e+02
3.576599121093750000e+02
3.602299499511718750e+02
3.624156188964843750e+02
3.630209960937500000e+02
3.625118713378906250e+02
3.453957824707031250e+02
3.577414855957031250e+02
3.803524475097656250e+02
3.875554199218750000e+02
3.796853942871093750e+02
3.740232238769531250e+02
3.683765869140625000e+02
3.653876953125000000e+02
3.632951049804687500e+02
3.587065429687500000e+02
3.105176696777343750e+02
3.022666320800781250e+02
3.078418273925781250e+02
2.925798034667968750e+02
2.971409301757812500e+02
2.896127319335937500e+02
3.466507263183593750e+02
3.592049560546875000e+02
3.720482177734375000e+02
3.898668823242187500e+02
4.026250000000000000e+02
4.085996704101562500e+02
4.130210266113281250e+02
4.099273376464843750e+02
4.115590820312500000e+02
4.098038330078125000e+02
4.047178955078125000e+02
3.968263549804687500e+02
3.847791748046875000e+02
3.561701660156250000e+02
3.433019714355468750e+02
3.415733032226562500e+02
3.447146606445312500e+02
3.157215270996093750e+02
3.184360961914062500e+02
3.130983276367187500e+02
2.725558471679687500e+02
2.801284179687500000e+02
2.802575683593750000e+02
2.987496337890625000e+02
2.857753906250000000e+02
2.854043273925781250e+02
2.888738098144531250e+02
2.685125732421875000e+02
2.705172729492187500e+02
2.745194396972656250e+02
2.665006713867187500e+02
2.502373809814453125e+02
2.435517120361328125e+02
2.224766387939453125e+02
2.654075317382812500e+02
2.479550628662109375e+02
2.671247558593750000e+02
2.608086242675781250e+02
2.784187316894531250e+02
2.687787170410156250e+02
2.772038269042968750e+02
2.755517578125000000e+02
2.560477600097656250e+02
2.613315124511718750e+02
2.686313476562500000e+02
2.804830017089843750e+02
2.428713531494140625e+02
3.260475463867187500e+02
3.579050598144531250e+02
3.571601867675781250e+02
3.767672729492187500e+02
3.707896728515625000e+02
3.838455810546875000e+02
3.744805297851562500e+02
3.708245544433593750e+02
3.656495056152343750e+02
3.695165405273437500e+02
3.874946899414062500e+02
3.531123352050781250e+02
3.548294372558593750e+02
2.907844848632812500e+02
2.858883666992187500e+02
2.975688781738281250e+02
2.987265014648437500e+02
2.936944274902343750e+02
3.036585083007812500e+02
2.992906188964843750e+02
2.925882263183593750e+02
3.251160278320312500e+02
3.300878601074218750e+02
3.215339355468750000e+02
3.398343200683593750e+02
3.646148376464843750e+02
3.832033691406250000e+02
3.934974365234375000e+02
4.018944702148437500e+02
4.097483215332031250e+02
4.115386352539062500e+02
4.108145141601562500e+02
4.065106201171875000e+02
3.997725219726562500e+02
3.978186035156250000e+02
4.055505371093750000e+02
3.817622070312500000e+02
3.680254211425781250e+02
3.542105712890625000e+02
3.324047241210937500e+02
3.093427124023437500e+02
3.203928222656250000e+02
3.197362060546875000e+02
3.161394042968750000e+02
3.022964477539062500e+02
2.934055480957031250e+02
2.940241699218750000e+02
2.887972412109375000e+02
2.873341064453125000e+02
2.857281494140625000e+02
2.860195922851562500e+02
2.694816284179687500e+02
2.655383911132812500e+02
2.596872253417968750e+02
2.574355163574218750e+02
2.614050903320312500e+02
2.666643981933593750e+02
2.456263732910156250e+02
2.065980834960937500e+02
1.935883789062500000e+02
2.054285888671875000e+02
2.129234924316406250e+02
1.921199340820312500e+02
2.158235321044921875e+02
2.455078277587890625e+02
2.568831176757812500e+02
2.753701782226562500e+02
2.642595520019531250e+02
2.927476196289062500e+02
2.818251037597656250e+02
2.802500000000000000e+02
2.769228820800781250e+02
2.767463378906250000e+02
2.639293212890625000e+02
2.782124023437500000e+02
2.865674133300781250e+02
2.701889953613281250e+02
2.430887298583984375e+02
2.439045410156250000e+02
2.365811462402343750e+02
2.387007446289062500e+02
2.425395050048828125e+02
2.488355712890625000e+02
2.500243682861328125e+02
2.287067718505859375e+02
2.133880920410156250e+02
2.210101623535156250e+02
2.227507324218750000e+02
2.775159301757812500e+02
2.933965148925781250e+02
3.080529174804687500e+02
3.132883911132812500e+02
3.432019653320312500e+02
3.205642089843750000e+02
3.261710815429687500e+02
3.459876403808593750e+02
3.298731689453125000e+02
3.222321777343750000e+02
2.999196472167968750e+02
3.526018676757812500e+02
3.631756286621093750e+02
3.573657531738281250e+02
3.505268859863281250e+02
3.400636291503906250e+02
3.358351135253906250e+02
3.388615417480468750e+02
3.444839172363281250e+02
3.347271728515625000e+02
2.964482116699218750e+02
2.725571899414062500e+02
2.693347778320312500e+02
2.373002471923828125e+02
2.521678466796875000e+02
2.613195800781250000e+02
2.513762207031250000e+02
2.460460815429687500e+02
2.456411895751953125e+02
2.499834594726562500e+02
2.509564819335937500e+02
2.497730712890625000e+02
2.684478759765625000e+02
2.547355957031250000e+02
2.500816497802734375e+02
2.580991821289062500e+02
2.540577850341796875e+02
2.447526855468750000e+02
2.452617645263671875e+02
2.459552459716796875e+02
2.476576232910156250e+02
2.537037963867187500e+02
2.682866210937500000e+02
2.582000122070312500e+02
2.164883422851562500e+02
2.191985015869140625e+02
2.240818176269531250e+02
2.499741210937500000e+02
2.635588378906250000e+02
2.602122802734375000e+02
2.601574096679687500e+02
2.546500396728515625e+02
2.520075225830078125e+02
2.466615905761718750e+02
2.586568298339843750e+02
2.551476745605468750e+02
2.480014953613281250e+02
2.444473114013671875e+02
2.376404876708984375e+02
2.287873687744140625e+02
2.089653472900390625e+02
2.169690551757812500e+02
2.422879791259765625e+02
2.449573974609375000e+02
2.717645874023437500e+02
2.819385681152343750e+02
2.755575866699218750e+02
2.740593872070312500e+02
2.739219665527343750e+02
2.704483947753906250e+02
2.686837158203125000e+02
2.516758117675781250e+02
2.351433410644531250e+02
2.455022735595703125e+02
2.427760772705078125e+02
2.374178924560546875e+02
2.370256347656250000e+02
2.430491180419921875e+02
2.086761779785156250e+02
2.110854797363281250e+02
2.186744232177734375e+02
2.127619171142578125e+02
2.141355133056640625e+02
2.160047912597656250e+02
2.168183135986328125e+02
2.454606933593750000e+02
2.257283325195312500e+02
2.326958312988281250e+02
2.310870971679687500e+02
2.396179046630859375e+02
2.373938140869140625e+02
2.340976562500000000e+02
2.391094970703125000e+02
1.992822418212890625e+02
2.062788848876953125e+02
2.033497467041015625e+02
2.399543151855468750e+02
2.501571655273437500e+02
2.480074310302734375e+02
2.535848541259765625e+02
2.494323883056640625e+02
2.551084747314453125e+02
2.337988433837890625e+02
2.817534179687500000e+02
2.665830383300781250e+02
2.641669921875000000e+02
2.682988281250000000e+02
2.626356506347656250e+02
2.686369323730468750e+02
2.734569702148437500e+02
2.718869323730468750e+02
2.517558441162109375e+02
2.541143646240234375e+02
2.549021301269531250e+02
2.606022949218750000e+02
2.571274719238281250e+02
2.563253479003906250e+02
2.607669372558593750e+02
2.894077758789062500e+02
3.195704040527343750e+02
3.413941955566406250e+02
3.688289184570312500e+02
3.835134887695312500e+02
3.801341552734375000e+02
3.842779846191406250e+02
3.896312561035156250e+02
3.890131835937500000e+02
3.992098388671875000e+02
4.007484436035156250e+02
3.984252929687500000e+02
3.971240844726562500e+02
3.917324829101562500e+02
3.798883361816406250e+02
3.749724121093750000e+02
3.524908447265625000e+02
3.185570983886718750e+02
3.066734619140625000e+02
3.069915771484375000e+02
3.128521423339843750e+02
3.078327331542968750e+02
2.911925659179687500e+02
2.735621643066406250e+02
2.800839538574218750e+02
2.729081115722656250e+02
2.753417358398437500e+02
2.825211791992187500e+02
2.991944274902343750e+02
2.877379760742187500e+02
3.068043518066406250e+02
2.952283630371093750e+02
2.850479431152343750e+02
2.739280700683593750e+02
2.728996276855468750e+02
2.506457366943359375e+02
2.438764038085937500e+02
2.427893218994140625e+02
2.110375366210937500e+02
1.994665222167968750e+02
2.051039733886718750e+02
2.092022857666015625e+02
2.183411102294921875e+02
2.168795318603515625e+02
2.513042602539062500e+02
2.476494598388671875e+02
2.376219940185546875e+02
2.432709960937500000e+02
2.445628051757812500e+02
2.552703552246093750e+02
2.819433898925781250e+02
2.788535461425781250e+02
2.739481811523437500e+02
2.720375061035156250e+02
2.758511047363281250e+02
2.777378845214843750e+02
2.916541748046875000e+02
2.926642456054687500e+02
3.169473571777343750e+02
3.085609436035156250e+02
3.385810241699218750e+02
3.342458496093750000e+02
3.378932189941406250e+02
3.553116149902343750e+02
3.462221069335937500e+02
3.379543457031250000e+02
3.214192199707031250e+02
3.490823059082031250e+02
3.548716735839843750e+02
3.487681884765625000e+02
3.494054565429687500e+02
3.302691955566406250e+02
2.819366455078125000e+02
3.009984436035156250e+02
3.047765808105468750e+02
2.978536682128906250e+02
3.124414672851562500e+02
2.994597778320312500e+02
3.180935363769531250e+02
2.476736450195312500e+02
2.783627014160156250e+02
2.792208862304687500e+02
2.788388366699218750e+02
2.784414672851562500e+02
2.708828735351562500e+02
2.845495910644531250e+02
2.482446136474609375e+02
2.582189941406250000e+02
2.440244903564453125e+02
2.445806579589843750e+02
2.644149475097656250e+02
2.578391723632812500e+02
2.612496643066406250e+02
2.669472045898437500e+02
2.757987060546875000e+02
2.770984191894531250e+02
2.752812805175781250e+02
2.890147705078125000e+02
2.865471496582031250e+02
2.924495544433593750e+02
2.787833251953125000e+02
3.120320739746093750e+02
3.058261718750000000e+02
2.796996154785156250e+02
2.877820434570312500e+02
3.064131164550781250e+02
3.042216796875000000e+02
3.244802246093750000e+02
3.111915588378906250e+02
3.135574951171875000e+02
3.111641845703125000e+02
3.100511169433593750e+02
3.131945190429687500e+02
3.094394531250000000e+02
3.062985839843750000e+02
3.030021972656250000e+02
3.145162353515625000e+02
3.281282653808593750e+02
3.124523315429687500e+02
3.296912536621093750e+02
3.376714477539062500e+02
3.225410766601562500e+02
3.651760253906250000e+02
3.695663757324218750e+02
3.862251892089843750e+02
3.884648132324218750e+02
3.924899597167968750e+02
3.996227722167968750e+02
4.069608154296875000e+02
4.184154052734375000e+02
3.997912902832031250e+02
4.043066711425781250e+02
4.063635864257812500e+02
3.945891113281250000e+02
3.957862548828125000e+02
3.961074523925781250e+02
4.001415405273437500e+02
3.931672058105468750e+02
3.871725463867187500e+02
3.568774719238281250e+02
3.444646606445312500e+02
3.460648498535156250e+02
3.467806091308593750e+02
3.559796142578125000e+02
3.638978881835937500e+02
3.617714233398437500e+02
3.412951965332031250e+02
3.377446594238281250e+02
3.504933776855468750e+02
3.261647338867187500e+02
2.997500000000000000e+02
3.133027343750000000e+02
2.886999511718750000e+02
2.140207519531250000e+02
2.123381652832031250e+02
2.253663635253906250e+02
2.058271026611328125e+02
2.060123138427734375e+02
2.320015869140625000e+02
2.309268798828125000e+02
2.522329559326171875e+02
2.651089477539062500e+02
2.953835449218750000e+02
3.004686279296875000e+02
2.918574523925781250e+02
2.809310607910156250e+02
2.508207397460937500e+02
2.530103912353515625e+02
2.520309753417968750e+02
2.645863037109375000e+02
2.665379028320312500e+02
2.547006072998046875e+02
2.445373687744140625e+02
2.394738311767578125e+02
2.621986083984375000e+02
2.605364990234375000e+02
2.616620483398437500e+02
2.677762756347656250e+02
2.637700500488281250e+02
2.663494262695312500e+02
2.740280151367187500e+02
2.686763000488281250e+02
2.656511840820312500e+02
2.619440612792968750e+02
2.587463378906250000e+02
2.576741333007812500e+02
2.519430541992187500e+02
2.516046142578125000e+02
2.374395751953125000e+02
2.291197814941406250e+02
2.190360107421875000e+02
2.177498474121093750e+02
2.284461975097656250e+02
2.209563903808593750e+02
2.589468383789062500e+02
2.273568878173828125e+02
2.324517974853515625e+02
2.368836822509765625e+02
2.553244628906250000e+02
2.556024780273437500e+02
2.521724395751953125e+02
2.506923065185546875e+02
2.358832397460937500e+02
2.330420989990234375e+02
2.615218200683593750e+02
2.519645385742187500e+02
2.545582885742187500e+02
2.553657379150390625e+02
2.548099670410156250e+02
2.651473388671875000e+02
2.564588012695312500e+02
2.515654449462890625e+02
2.455178680419921875e+02
2.515218505859375000e+02
2.671017456054687500e+02
2.595796203613281250e+02
3.028220520019531250e+02
2.737480163574218750e+02
2.591541137695312500e+02
2.801425170898437500e+02
3.387513427734375000e+02
3.632234802246093750e+02
3.728906250000000000e+02
3.799288024902343750e+02
3.668110656738281250e+02
3.504016113281250000e+02
3.423147888183593750e+02
3.323595886230468750e+02
3.219590454101562500e+02
3.095224304199218750e+02
3.057515869140625000e+02
3.057658996582031250e+02
3.075725402832031250e+02
2.327225341796875000e+02
2.498992767333984375e+02
2.127624816894531250e+02
2.300629730224609375e+02
2.331350097656250000e+02
3.168058166503906250e+02
3.538260498046875000e+02
3.461236267089843750e+02
3.338333129882812500e+02
3.504313049316406250e+02
2.771069946289062500e+02
3.154553222656250000e+02
3.215961608886718750e+02
3.189327087402343750e+02
3.131267089843750000e+02
3.016663818359375000e+02
3.051106262207031250e+02
2.911512451171875000e+02
2.968586120605468750e+02
2.800788879394531250e+02
2.807563171386718750e+02
2.706990661621093750e+02
2.217245025634765625e+02
2.386533050537109375e+02
2.314510498046875000e+02
2.370381622314453125e+02
2.414850616455078125e+02
2.355367584228515625e+02
2.346005859375000000e+02
2.296673889160156250e+02
2.294231872558593750e+02
2.248409423828125000e+02
2.666258850097656250e+02
2.427437591552734375e+02
2.680622558593750000e+02
2.564221801757812500e+02
2.658979492187500000e+02
2.662526855468750000e+02
2.707163391113281250e+02
2.623499145507812500e+02
2.720608215332031250e+02
2.566515808105468750e+02
2.638624877929687500e+02
2.900707397460937500e+02
3.074351501464843750e+02
3.418553161621093750e+02
3.274106750488281250e+02
3.641873168945312500e+02
3.748529663085937500e+02
3.712175598144531250e+02
3.866383361816406250e+02
3.889550476074218750e+02
3.882283630371093750e+02
3.977892150878906250e+02
4.052981567382812500e+02
4.002555847167968750e+02
3.736032104492187500e+02
3.724453125000000000e+02
3.512008666992187500e+02
3.554850463867187500e+02
3.600946350097656250e+02
3.618936462402343750e+02
3.799922790527343750e+02
3.895379638671875000e+02
3.898879089355468750e+02
4.016827087402343750e+02
3.984279174804687500e+02
3.938443298339843750e+02
3.963126220703125000e+02
3.990604858398437500e+02
4.016988525390625000e+02
4.059222717285156250e+02
4.023835144042968750e+02
4.083046875000000000e+02
3.981083984375000000e+02
4.046073608398437500e+02
4.054617614746093750e+02
4.107178039550781250e+02
4.101128845214843750e+02
4.123617248535156250e+02
4.137525939941406250e+02
4.165609436035156250e+02
4.149100036621093750e+02
4.057311096191406250e+02
4.041459350585937500e+02
4.010724792480468750e+02
4.052536621093750000e+02
4.114487609863281250e+02
4.091488647460937500e+02
3.981001281738281250e+02
3.914404296875000000e+02
3.981547241210937500e+02
4.031797790527343750e+02
4.021563415527343750e+02
4.047676391601562500e+02
3.952653198242187500e+02
3.941338195800781250e+02
3.958308410644531250e+02
4.002109985351562500e+02
4.106618041992187500e+02
4.104619445800781250e+02
4.097320861816406250e+02
4.123655090332031250e+02
3.960096740722656250e+02
3.887545776367187500e+02
3.880079345703125000e+02
3.912170410156250000e+02
3.901715698242187500e+02
3.803759460449218750e+02
3.951074523925781250e+02
4.020179443359375000e+02
3.999947204589843750e+02
4.004111938476562500e+02
4.037644958496093750e+02
4.020824890136718750e+02
4.006966247558593750e+02
4.002846374511718750e+02
4.016955566406250000e+02
3.892565917968750000e+02
3.780127563476562500e+02
3.793111267089843750e+02
3.948161010742187500e+02
4.003847656250000000e+02
4.015434875488281250e+02
4.051405334472656250e+02
4.116896362304687500e+02
4.173525695800781250e+02
4.168988342285156250e+02
4.208630065917968750e+02
4.135837707519531250e+02
4.059886169433593750e+02
4.053673095703125000e+02
4.050817565917968750e+02
3.993929443359375000e+02
4.111299743652343750e+02
4.107572631835937500e+02
4.086838073730468750e+02
4.001343078613281250e+02
3.949539184570312500e+02
3.858997802734375000e+02
3.828689575195312500e+02
3.841937866210937500e+02
3.749376525878906250e+02
3.734981689453125000e+02
3.850887756347656250e+02
3.921643066406250000e+02
3.904052124023437500e+02
3.863426818847656250e+02
3.928103637695312500e+02
3.941836853027343750e+02
3.919054260253906250e+02
3.947467346191406250e+02
3.993788452148437500e+02
4.077532348632812500e+02
3.935492858886718750e+02
3.743998107910156250e+02
3.704711914062500000e+02
3.673139343261718750e+02
3.628126831054687500e+02
3.622402343750000000e+02
3.632327880859375000e+02
3.620799255371093750e+02
3.597149658203125000e+02
3.440852966308593750e+02
3.556379089355468750e+02
3.558830871582031250e+02
3.579224243164062500e+02
3.577019653320312500e+02
3.623281860351562500e+02
3.698456726074218750e+02
3.803496398925781250e+02
3.877652587890625000e+02
3.912840576171875000e+02
3.874907226562500000e+02
3.930545349121093750e+02
3.941647033691406250e+02
3.767347717285156250e+02
3.842369995117187500e+02
3.807339477539062500e+02
3.888392333984375000e+02
3.869815979003906250e+02
3.772931518554687500e+02
3.742823791503906250e+02
3.777994689941406250e+02
3.727162780761718750e+02
3.722131652832031250e+02
3.708191223144531250e+02
3.584362182617187500e+02
3.523475646972656250e+02
3.507894897460937500e+02
3.558129577636718750e+02
3.715918579101562500e+02
3.613387145996093750e+02
3.779344482421875000e+02
3.910728149414062500e+02
3.967375793457031250e+02
3.970558471679687500e+02
4.054375610351562500e+02
4.195445251464843750e+02
4.242424011230468750e+02
4.248859252929687500e+02
4.244237670898437500e+02
4.216599731445312500e+02
4.108011169433593750e+02
3.991505126953125000e+02
3.953930358886718750e+02
3.871447448730468750e+02
3.730478210449218750e+02
3.693711547851562500e+02
3.704504089355468750e+02
3.723563842773437500e+02
3.614776611328125000e+02
3.675063781738281250e+02
3.727187805175781250e+02
3.723693847656250000e+02
3.749247131347656250e+02
3.861244812011718750e+02
3.891029663085937500e+02
3.894578552246093750e+02
3.888267517089843750e+02
3.976269531250000000e+02
3.990212402343750000e+02
4.019305419921875000e+02
4.025643615722656250e+02
4.001079101562500000e+02
3.949678344726562500e+02
3.865159606933593750e+02
3.731356811523437500e+02
3.628633422851562500e+02
3.661664733886718750e+02
3.720158691406250000e+02
3.693509216308593750e+02
3.738249511718750000e+02
3.776341552734375000e+02
3.765575256347656250e+02
3.708956909179687500e+02
3.720254211425781250e+02
3.720867614746093750e+02
3.699043884277343750e+02
3.701925354003906250e+02
3.572536926269531250e+02
3.543498840332031250e+02
3.576426086425781250e+02
3.449855957031250000e+02
3.440353393554687500e+02
3.619193115234375000e+02
3.861545410156250000e+02
3.872874145507812500e+02
3.821238098144531250e+02
3.779398498535156250e+02
3.419927062988281250e+02
3.252768859863281250e+02
3.238386230468750000e+02
3.072759399414062500e+02
2.875595703125000000e+02
3.019714660644531250e+02
2.979645385742187500e+02
3.026817016601562500e+02
2.971895446777343750e+02
2.462124023437500000e+02
2.507168426513671875e+02
2.434182739257812500e+02
2.568292236328125000e+02
2.689022216796875000e+02
2.619855957031250000e+02
2.645721130371093750e+02
2.592444763183593750e+02
2.534218750000000000e+02
2.631266174316406250e+02
2.719023742675781250e+02
2.530534820556640625e+02
2.476681365966796875e+02
2.510049743652343750e+02
2.538286437988281250e+02
2.476077880859375000e+02
2.561629638671875000e+02
2.604790039062500000e+02
2.616334228515625000e+02
2.725640563964843750e+02
2.843343811035156250e+02
2.811871337890625000e+02
2.769066162109375000e+02
2.904229736328125000e+02
2.756599121093750000e+02
2.855364074707031250e+02
2.839556884765625000e+02
2.781065368652343750e+02
2.822638244628906250e+02
2.563218688964843750e+02
2.670322875976562500e+02
2.408916320800781250e+02
2.474287261962890625e+02
2.397779693603515625e+02
2.398881683349609375e+02
2.482177886962890625e+02
2.408333129882812500e+02
2.410028839111328125e+02
2.426638641357421875e+02
2.279858703613281250e+02
2.498522949218750000e+02
2.449854736328125000e+02
2.466787414550781250e+02
2.431062927246093750e+02
2.470095977783203125e+02
2.572766418457031250e+02
2.556122283935546875e+02
2.540132141113281250e+02
2.742537841796875000e+02
2.493876190185546875e+02
2.511179351806640625e+02
2.646495361328125000e+02
2.835795288085937500e+02
2.700660705566406250e+02
2.716761779785156250e+02
2.708153076171875000e+02
2.604638061523437500e+02
2.569284057617187500e+02
2.578486022949218750e+02
2.517309265136718750e+02
2.460310821533203125e+02
2.537009582519531250e+02
2.514328765869140625e+02
2.523184051513671875e+02
2.442950286865234375e+02
2.622583923339843750e+02
2.616875915527343750e+02
2.789875183105468750e+02
2.621572570800781250e+02
2.646217041015625000e+02
2.784952392578125000e+02
2.704761047363281250e+02
2.675943908691406250e+02
2.807285156250000000e+02
2.839365234375000000e+02
2.680538635253906250e+02
2.725110473632812500e+02
2.649060058593750000e+02
2.505411529541015625e+02
2.762088012695312500e+02
2.735360717773437500e+02
2.717357788085937500e+02
2.652911682128906250e+02
2.675525207519531250e+02
2.803500976562500000e+02
2.730642089843750000e+02
2.773908996582031250e+02
2.543903656005859375e+02
2.562745361328125000e+02
2.675751647949218750e+02
2.538397674560546875e+02
2.695111389160156250e+02
2.625090332031250000e+02
2.638149414062500000e+02
2.651903686523437500e+02
2.703148193359375000e+02
2.955386352539062500e+02
2.534394989013671875e+02
2.746405334472656250e+02
2.623376770019531250e+02
2.627790222167968750e+02
2.853468627929687500e+02
2.684725646972656250e+02
2.741109313964843750e+02
2.935890502929687500e+02
2.866324768066406250e+02
2.775005493164062500e+02
2.959117431640625000e+02
2.493522338867187500e+02
2.596341552734375000e+02
2.651890258789062500e+02
2.362088623046875000e+02
2.420870666503906250e+02
1.919753265380859375e+02
1.942194976806640625e+02
1.929233703613281250e+02
2.010280609130859375e+02
2.260474853515625000e+02
2.154191894531250000e+02
2.449823608398437500e+02
2.158228302001953125e+02
2.326603393554687500e+02
2.364716033935546875e+02
2.417458953857421875e+02
2.409180450439453125e+02
2.474049835205078125e+02
2.525888519287109375e+02
2.589257507324218750e+02
2.621615295410156250e+02
2.622043762207031250e+02
2.602709045410156250e+02
2.588518371582031250e+02
3.279051208496093750e+02
3.061949768066406250e+02
3.120208129882812500e+02
3.101255187988281250e+02
3.094735107421875000e+02
3.141360168457031250e+02
3.212369689941406250e+02
3.187674865722656250e+02
3.225384216308593750e+02
3.323452758789062500e+02
3.204776000976562500e+02
3.511141052246093750e+02
3.322115173339843750e+02
3.370680236816406250e+02
3.323671569824218750e+02
3.406283264160156250e+02
3.415629882812500000e+02
3.432675170898437500e+02
3.558951110839843750e+02
3.490981445312500000e+02
3.561515197753906250e+02
3.527498168945312500e+02
3.533171081542968750e+02
3.454215698242187500e+02
3.430411682128906250e+02
3.420315246582031250e+02
3.359331665039062500e+02
3.343475036621093750e+02
3.319032897949218750e+02
3.323691101074218750e+02
3.286966552734375000e+02
3.322733459472656250e+02
3.321826782226562500e+02
3.411616821289062500e+02
3.408881530761718750e+02
3.338389892578125000e+02
3.204616088867187500e+02
3.226082763671875000e+02
3.189451599121093750e+02
3.174830932617187500e+02
3.190594787597656250e+02
3.195760192871093750e+02
3.647449035644531250e+02
3.494411315917968750e+02
3.449956970214843750e+02
3.488643493652343750e+02
3.559658813476562500e+02
3.535766601562500000e+02
3.533699951171875000e+02
3.664574584960937500e+02
3.924498901367187500e+02
3.957436828613281250e+02
3.964330749511718750e+02
4.021527404785156250e+02
4.069589538574218750e+02
4.080497741699218750e+02
4.078496093750000000e+02
4.022209777832031250e+02
3.983739929199218750e+02
3.943640136718750000e+02
3.904017028808593750e+02
3.868922424316406250e+02
3.824810791015625000e+02
3.777015991210937500e+02
3.717082519531250000e+02
3.637531127929687500e+02
3.533700866699218750e+02
3.629840698242187500e+02
2.999691772460937500e+02
3.185756530761718750e+02
3.161026306152343750e+02
3.114140319824218750e+02
3.018729858398437500e+02
3.017306518554687500e+02
2.645963134765625000e+02
2.790378112792968750e+02
2.778012390136718750e+02
2.832626342773437500e+02
2.766480407714843750e+02
2.762337646484375000e+02
2.780481872558593750e+02
2.836806335449218750e+02
2.875365295410156250e+02
2.001771697998046875e+02
2.195487670898437500e+02
2.124474487304687500e+02
2.189055328369140625e+02
2.139413604736328125e+02
2.139391326904296875e+02
2.174805603027343750e+02
2.201191864013671875e+02
2.178753509521484375e+02
2.159662475585937500e+02
2.147449645996093750e+02
2.156041412353515625e+02
2.148469543457031250e+02
2.106102447509765625e+02
2.096600494384765625e+02
2.357787170410156250e+02
2.177590789794921875e+02
2.185730895996093750e+02
2.139331817626953125e+02
2.140595092773437500e+02
2.144943695068359375e+02
2.165255126953125000e+02
2.167266693115234375e+02
2.251481323242187500e+02
2.406830749511718750e+02
2.338590087890625000e+02
2.399375000000000000e+02
2.387575378417968750e+02
2.371722564697265625e+02
2.347392730712890625e+02
2.323554840087890625e+02
2.345404510498046875e+02
2.265454101562500000e+02
2.287505950927734375e+02
2.246450042724609375e+02
2.243745117187500000e+02
2.226365509033203125e+02
2.244438476562500000e+02
2.299361724853515625e+02
2.347709503173828125e+02
2.184847106933593750e+02
2.183875579833984375e+02
2.159590301513671875e+02
2.158926391601562500e+02
2.177713775634765625e+02
2.184269256591796875e+02
2.272601776123046875e+02
2.324635772705078125e+02
2.437628784179687500e+02
2.438627471923828125e+02
2.465045928955078125e+02
2.535756683349609375e+02
2.522619628906250000e+02
2.540718383789062500e+02
2.648928833007812500e+02
2.634396362304687500e+02
2.634059448242187500e+02
2.588103637695312500e+02
2.636724243164062500e+02
2.629655761718750000e+02
2.661997070312500000e+02
2.660416870117187500e+02
2.567995605468750000e+02
2.517239074707031250e+02
2.442345733642578125e+02
2.378885650634765625e+02
2.363751373291015625e+02
2.360357208251953125e+02
2.362583160400390625e+02
2.277782745361328125e+02
2.283007659912109375e+02
2.521352691650390625e+02
2.511485748291015625e+02
2.641810302734375000e+02
2.571326599121093750e+02
2.723075866699218750e+02
2.741790466308593750e+02
2.780386352539062500e+02
2.765508117675781250e+02
2.774060974121093750e+02
2.716638183593750000e+02
2.698182373046875000e+02
2.644089050292968750e+02
2.671582641601562500e+02
2.607844848632812500e+02
2.517602233886718750e+02
2.418320465087890625e+02
2.445047760009765625e+02
2.279208526611328125e+02
2.286592559814453125e+02
2.288121948242187500e+02
2.324099731445312500e+02
2.328397216796875000e+02
2.367114105224609375e+02
2.412059478759765625e+02
2.425874938964843750e+02
2.621542968750000000e+02
2.640273437500000000e+02
2.732792358398437500e+02
2.761417846679687500e+02
2.708270263671875000e+02
2.694147644042968750e+02
2.660724792480468750e+02
2.625164184570312500e+02
2.607539062500000000e+02
2.420271911621093750e+02
2.447778625488281250e+02
2.378908691406250000e+02
2.377630920410156250e+02
2.363770904541015625e+02
2.365372009277343750e+02
2.351264648437500000e+02
2.242246246337890625e+02
2.237626342773437500e+02
2.185135345458984375e+02
2.181522064208984375e+02
2.153693542480468750e+02
2.281762542724609375e+02
2.189510192871093750e+02
2.471360778808593750e+02
2.433726348876953125e+02
2.678443603515625000e+02
2.571066284179687500e+02
2.596987915039062500e+02
2.611196594238281250e+02
2.617858581542968750e+02
2.635905761718750000e+02
2.628992919921875000e+02
2.534606933593750000e+02
2.274028778076171875e+02
2.341288909912109375e+02
2.336843261718750000e+02
2.344032592773437500e+02
2.339452972412109375e+02
2.244612426757812500e+02
2.502287445068359375e+02
2.528407440185546875e+02
2.546770172119140625e+02
2.539826049804687500e+02
2.506283264160156250e+02
2.498380737304687500e+02
2.515292205810546875e+02
2.520402832031250000e+02
2.432254028320312500e+02
2.432062072753906250e+02
2.484817352294921875e+02
2.403728332519531250e+02
2.482809753417968750e+02
2.425410156250000000e+02
2.452634887695312500e+02
2.455372924804687500e+02
2.415901947021484375e+02
2.447624664306640625e+02
2.400062408447265625e+02
2.468512878417968750e+02
2.458362121582031250e+02
2.460509490966796875e+02
2.494167022705078125e+02
2.468079223632812500e+02
2.491185302734375000e+02
2.410683746337890625e+02
2.519145050048828125e+02
2.483857727050781250e+02
2.527502288818359375e+02
2.370788421630859375e+02
2.419176483154296875e+02
2.365798492431640625e+02
2.221664276123046875e+02
2.180605010986328125e+02
2.132909851074218750e+02
2.130001831054687500e+02
2.111142883300781250e+02
2.097313995361328125e+02
2.108342590332031250e+02
2.113183593750000000e+02
2.239617614746093750e+02
2.183939056396484375e+02
2.191294097900390625e+02
2.230499877929687500e+02
2.322844085693359375e+02
2.389149475097656250e+02
2.388834381103515625e+02
2.396221618652343750e+02
2.611249694824218750e+02
2.708597412109375000e+02
2.690238647460937500e+02
2.746536254882812500e+02
2.626832580566406250e+02
2.748489379882812500e+02
2.743869323730468750e+02
2.816765441894531250e+02
2.959409179687500000e+02
3.165173645019531250e+02
3.210480651855468750e+02
3.193578796386718750e+02
3.221134643554687500e+02
3.260528869628906250e+02
3.268268432617187500e+02
3.271776733398437500e+02
3.232579040527343750e+02
2.837519836425781250e+02
2.918178710937500000e+02
3.124136962890625000e+02
3.023085632324218750e+02
3.060911865234375000e+02
3.129042053222656250e+02
3.181738891601562500e+02
3.107318115234375000e+02
3.150357666015625000e+02
3.081975708007812500e+02
3.157339782714843750e+02
3.011893005371093750e+02
3.033620605468750000e+02
2.974151916503906250e+02
2.883010559082031250e+02
3.319230651855468750e+02
3.118916320800781250e+02
3.058825988769531250e+02
3.013414611816406250e+02
3.005833740234375000e+02
2.939183654785156250e+02
2.918413696289062500e+02
2.933341674804687500e+02
2.899396667480468750e+02
2.901518249511718750e+02
2.931173095703125000e+02
3.002629394531250000e+02
3.042974243164062500e+02
3.054223937988281250e+02
3.016655273437500000e+02
2.932838745117187500e+02
2.884973449707031250e+02
2.601141967773437500e+02
2.552185363769531250e+02
2.527932891845703125e+02
2.506378784179687500e+02
2.502525329589843750e+02
2.473680267333984375e+02
2.446495971679687500e+02
2.430131530761718750e+02
2.414779205322265625e+02
2.413846435546875000e+02
2.483627166748046875e+02
2.459781188964843750e+02
2.451715240478515625e+02
2.468491973876953125e+02
2.505983886718750000e+02
2.492933654785156250e+02
2.507244110107421875e+02
2.500937805175781250e+02
2.532368927001953125e+02
2.592948913574218750e+02
2.659215087890625000e+02
2.644064025878906250e+02
2.723389282226562500e+02
2.600026855468750000e+02
2.632300720214843750e+02
2.897009582519531250e+02
2.726293640136718750e+02
2.944062500000000000e+02
3.008209838867187500e+02
2.953043518066406250e+02
3.149662475585937500e+02
3.278786926269531250e+02
3.369270935058593750e+02
3.137213134765625000e+02
3.088989257812500000e+02
3.166981506347656250e+02
3.272360839843750000e+02
3.230598449707031250e+02
3.229284667968750000e+02
3.254978637695312500e+02
3.200061340332031250e+02
3.218756713867187500e+02
3.131623535156250000e+02
3.142391052246093750e+02
3.103591613769531250e+02
3.186571350097656250e+02
3.151953125000000000e+02
3.078051452636718750e+02
2.961595458984375000e+02
2.859435119628906250e+02
2.792807312011718750e+02
2.669812622070312500e+02
2.517693786621093750e+02
2.416495971679687500e+02
2.334214324951171875e+02
2.264516754150390625e+02
2.194872131347656250e+02
2.041136779785156250e+02
2.038249969482421875e+02
1.979186553955078125e+02
1.973666381835937500e+02
1.969192504882812500e+02
1.980666656494140625e+02
2.093205261230468750e+02
2.062742462158203125e+02
2.040278930664062500e+02
2.032299957275390625e+02
2.012346801757812500e+02
1.980303802490234375e+02
1.982393188476562500e+02
1.968959350585937500e+02
1.875559082031250000e+02
1.812767028808593750e+02
1.821388397216796875e+02
1.825218963623046875e+02
1.825087432861328125e+02
1.814989318847656250e+02
1.855654144287109375e+02
1.859773254394531250e+02
1.874340057373046875e+02
1.842973632812500000e+02
1.837253570556640625e+02
1.862750549316406250e+02
1.852427520751953125e+02
1.856577301025390625e+02
1.860600128173828125e+02
1.887270660400390625e+02
1.930900573730468750e+02
1.930594482421875000e+02
1.951139373779296875e+02
1.959874877929687500e+02
1.985255432128906250e+02
1.975758209228515625e+02
1.994692382812500000e+02
2.034068450927734375e+02
2.077488098144531250e+02
2.198073730468750000e+02
2.207971954345703125e+02
2.181353149414062500e+02
2.175581665039062500e+02
2.241166076660156250e+02
2.302523956298828125e+02
2.344357910156250000e+02
2.252883758544921875e+02
2.052360839843750000e+02
2.096054382324218750e+02
2.073041076660156250e+02
2.098249053955078125e+02
2.075474853515625000e+02
2.088929748535156250e+02
2.129300384521484375e+02
2.075135192871093750e+02
2.125384521484375000e+02
2.048556671142578125e+02
2.076380004882812500e+02
2.037934112548828125e+02
2.023840484619140625e+02
1.985135803222656250e+02
1.955041809082031250e+02
1.919952850341796875e+02
1.810273437500000000e+02
1.799887237548828125e+02
1.786269989013671875e+02
1.783889312744140625e+02
1.779208984375000000e+02
1.782133941650390625e+02
1.829916687011718750e+02
2.001411895751953125e+02
1.941617431640625000e+02
1.936526184082031250e+02
1.929348602294921875e+02
1.935594024658203125e+02
1.958768005371093750e+02
1.945424957275390625e+02
1.959353179931640625e+02
1.955121917724609375e+02
1.935516662597656250e+02
1.911135559082031250e+02
1.899471282958984375e+02
1.900897979736328125e+02
1.895596160888671875e+02
1.875470275878906250e+02
1.880243988037109375e+02
1.863187408447265625e+02
1.810854187011718750e+02
1.767845306396484375e+02
1.779320220947265625e+02
1.781533355712890625e+02
1.782499237060546875e+02
1.776689758300781250e+02
1.774974670410156250e+02
1.771197357177734375e+02
1.782400970458984375e+02
1.797811126708984375e+02
1.806135101318359375e+02
1.805553131103515625e+02
1.796152191162109375e+02
1.790236663818359375e+02
1.791498260498046875e+02
1.788316497802734375e+02
1.781964263916015625e+02
1.772594909667968750e+02
1.787163848876953125e+02
1.784379425048828125e+02
1.800362396240234375e+02
1.804644317626953125e+02
1.798789215087890625e+02
1.794658203125000000e+02
1.800587463378906250e+02
1.802031707763671875e+02
1.813096771240234375e+02
1.804689178466796875e+02
1.804136505126953125e+02
1.814470367431640625e+02
1.808601531982421875e+02
1.802335205078125000e+02
1.800238342285156250e+02
1.802708282470703125e+02
1.784610443115234375e+02
1.817918548583984375e+02
1.828847808837890625e+02
1.897521209716796875e+02
1.868046417236328125e+02
1.878507843017578125e+02
1.883986358642578125e+02
1.911318664550781250e+02
1.907087707519531250e+02
1.900322418212890625e+02
1.901500701904296875e+02
1.901927642822265625e+02
1.876443023681640625e+02
1.891659088134765625e+02
1.891381988525390625e+02
1.886077270507812500e+02
1.887559509277343750e+02
1.901093139648437500e+02
1.903040771484375000e+02
1.919416198730468750e+02
1.944883728027343750e+02
1.947377929687500000e+02
2.100620422363281250e+02
2.182361602783203125e+02
2.183200073242187500e+02
2.178077239990234375e+02
2.223884429931640625e+02
2.337610321044921875e+02
2.341348419189453125e+02
2.329577484130859375e+02
2.352662048339843750e+02
2.457988891601562500e+02
2.414724426269531250e+02
2.535938873291015625e+02
2.545578155517578125e+02
2.980456848144531250e+02
3.019382019042968750e+02
3.051437072753906250e+02
3.060801696777343750e+02
3.202581481933593750e+02
3.211221923828125000e+02
3.231658630371093750e+02
3.291319885253906250e+02
3.336951904296875000e+02
3.349625854492187500e+02
3.276284790039062500e+02
3.269418029785156250e+02
3.258580017089843750e+02
3.011718750000000000e+02
3.047106323242187500e+02
2.970092773437500000e+02
2.916013488769531250e+02
2.505630950927734375e+02
2.652556457519531250e+02
2.775988769531250000e+02
2.800262451171875000e+02
2.791046142578125000e+02
2.765328369140625000e+02
2.928881530761718750e+02
3.082822570800781250e+02
3.018422546386718750e+02
3.058753051757812500e+02
3.093213500976562500e+02
2.940198974609375000e+02
3.079583435058593750e+02
2.997121582031250000e+02
3.112763366699218750e+02
3.079797363281250000e+02
3.079862060546875000e+02
3.060213012695312500e+02
2.999954223632812500e+02
3.006932678222656250e+02
2.979587402343750000e+02
2.961270751953125000e+02
2.949394226074218750e+02
2.976245727539062500e+02
2.906269531250000000e+02
2.878911132812500000e+02
2.913542175292968750e+02
2.891613464355468750e+02
2.934011840820312500e+02
3.090867614746093750e+02
3.345803222656250000e+02
3.032107543945312500e+02
3.263674926757812500e+02
3.117453002929687500e+02
3.135041198730468750e+02
3.158898620605468750e+02
3.235921936035156250e+02
3.229172363281250000e+02
3.215738830566406250e+02
3.358458862304687500e+02
3.283088989257812500e+02
3.244073486328125000e+02
3.282724609375000000e+02
3.234224548339843750e+02
3.218959655761718750e+02
3.223616638183593750e+02
3.193515014648437500e+02
3.188898010253906250e+02
3.156107482910156250e+02
3.135800781250000000e+02
3.102958679199218750e+02
3.059192810058593750e+02
2.993973388671875000e+02
2.828340454101562500e+02
2.937697448730468750e+02
2.985730895996093750e+02
2.901346130371093750e+02
2.840201721191406250e+02
2.859428100585937500e+02
2.801893615722656250e+02
2.685885314941406250e+02
2.639930725097656250e+02
2.618181152343750000e+02
2.623470764160156250e+02
2.633242492675781250e+02
2.601231384277343750e+02
2.612574462890625000e+02
2.575788879394531250e+02
2.589924011230468750e+02
2.564745483398437500e+02
2.553167419433593750e+02
2.551910858154296875e+02
2.510227355957031250e+02
2.478230590820312500e+02
2.442082214355468750e+02
2.319773864746093750e+02
2.322519073486328125e+02
2.311890716552734375e+02
2.279697265625000000e+02
2.264589996337890625e+02
2.228322143554687500e+02
2.198656616210937500e+02
2.130050506591796875e+02
2.122076416015625000e+02
2.105821228027343750e+02
2.105346374511718750e+02
2.108201446533203125e+02
2.119297637939453125e+02
2.240219116210937500e+02
2.251014099121093750e+02
2.346756134033203125e+02
2.273622436523437500e+02
2.260888061523437500e+02
2.245189056396484375e+02
2.225994415283203125e+02
2.259902801513671875e+02
2.246269531250000000e+02
2.255137481689453125e+02
2.242062530517578125e+02
2.122566375732421875e+02
2.133003082275390625e+02
2.134702301025390625e+02
2.115442199707031250e+02
2.125295257568359375e+02
2.106601562500000000e+02
2.229451141357421875e+02
2.199391937255859375e+02
2.228641510009765625e+02
2.179991455078125000e+02
2.175160980224609375e+02
2.160137329101562500e+02
2.187042541503906250e+02
2.108926391601562500e+02
2.119431915283203125e+02
2.136497192382812500e+02
2.116159667968750000e+02
2.113356628417968750e+02
2.145294189453125000e+02
2.099500427246093750e+02
2.145035095214843750e+02
2.112661895751953125e+02
2.129730834960937500e+02
2.106446075439453125e+02
2.121544647216796875e+02
2.226552734375000000e+02
2.269588470458984375e+02
2.252402954101562500e+02
2.297178955078125000e+02
2.272261352539062500e+02
2.261414794921875000e+02
2.267590942382812500e+02
2.284671478271484375e+02
2.273950347900390625e+02
2.250137634277343750e+02
2.218857269287109375e+02
2.341755218505859375e+02
2.455615997314453125e+02
2.600512084960937500e+02
2.613726501464843750e+02
2.642645874023437500e+02
2.676192932128906250e+02
2.690830688476562500e+02
2.644647521972656250e+02
2.684647521972656250e+02
2.663915710449218750e+02
2.670081787109375000e+02
2.636532287597656250e+02
2.598212585449218750e+02
2.585610961914062500e+02
2.774986877441406250e+02
2.800346374511718750e+02
3.070646667480468750e+02
2.890061035156250000e+02
3.036304321289062500e+02
2.968713684082031250e+02
2.990382385253906250e+02
3.095988769531250000e+02
3.090284423828125000e+02
3.203450317382812500e+02
3.203553771972656250e+02
3.161713256835937500e+02
3.144367370605468750e+02
3.140304260253906250e+02
3.099382019042968750e+02
3.025072326660156250e+02
3.012860412597656250e+02
2.978811645507812500e+02
2.965941467285156250e+02
2.942835998535156250e+02
2.924167785644531250e+02
2.762171020507812500e+02
2.800494079589843750e+02
3.014108581542968750e+02
2.890417175292968750e+02
2.967781372070312500e+02
2.919606933593750000e+02
2.915141296386718750e+02
2.893066711425781250e+02
2.879667663574218750e+02
2.847431640625000000e+02
2.691919860839843750e+02
2.793014831542968750e+02
2.704493103027343750e+02
2.728438720703125000e+02
2.850397949218750000e+02
2.832881774902343750e+02
2.850029907226562500e+02
2.637527770996093750e+02
2.806477050781250000e+02
3.077009582519531250e+02
2.918044128417968750e+02
2.972585754394531250e+02
2.934105529785156250e+02
2.953842163085937500e+02
2.917509765625000000e+02
2.963615112304687500e+02
3.078715515136718750e+02
3.328313293457031250e+02
3.533529663085937500e+02
3.651919555664062500e+02
3.670007629394531250e+02
3.619669189453125000e+02
3.691256103515625000e+02
3.809885253906250000e+02
3.894967956542968750e+02
3.940404663085937500e+02
3.949254760742187500e+02
3.984320068359375000e+02
4.021101379394531250e+02
4.023979187011718750e+02
3.996382141113281250e+02
3.975011291503906250e+02
3.953188476562500000e+02
3.935811157226562500e+02
3.874060974121093750e+02
3.848499145507812500e+02
3.798999023437500000e+02
3.769450988769531250e+02
3.711382751464843750e+02
3.699333801269531250e+02
3.905940246582031250e+02
3.941719970703125000e+02
3.960774230957031250e+02
3.960238952636718750e+02
3.966459960937500000e+02
3.884424743652343750e+02
3.797636108398437500e+02
3.683464660644531250e+02
3.689616394042968750e+02
3.766837158203125000e+02
3.708398437500000000e+02
3.728602600097656250e+02
3.918030700683593750e+02
3.963256225585937500e+02
3.997614440917968750e+02
3.899944763183593750e+02
3.851694641113281250e+02
4.065322875976562500e+02
4.132373962402343750e+02
4.211194458007812500e+02
4.138703002929687500e+02
4.171433410644531250e+02
4.194698486328125000e+02
4.224929809570312500e+02
3.579873657226562500e+02
3.793887939453125000e+02
3.863176879882812500e+02
3.844426879882812500e+02
3.717540283203125000e+02
3.563258972167968750e+02
3.633923339843750000e+02
3.651962890625000000e+02
3.641943664550781250e+02
4.159018554687500000e+02
4.272402343750000000e+02
4.307983093261718750e+02
4.317084655761718750e+02
4.321692810058593750e+02
4.297096862792968750e+02
4.342272033691406250e+02
4.376054992675781250e+02
4.361632690429687500e+02
4.306108093261718750e+02
4.190805969238281250e+02
4.150140686035156250e+02
4.162271728515625000e+02
4.137997131347656250e+02
4.169679260253906250e+02
4.210460510253906250e+02
4.158707580566406250e+02
4.158644714355468750e+02
4.097560729980468750e+02
4.033879394531250000e+02
3.987799072265625000e+02
3.926802368164062500e+02
3.923962707519531250e+02
3.948800354003906250e+02
3.967276000976562500e+02
3.961918945312500000e+02
3.972202453613281250e+02
3.955988769531250000e+02
3.987509460449218750e+02
3.992636718750000000e+02
3.972508544921875000e+02
3.929170227050781250e+02
3.895949707031250000e+02
3.885412902832031250e+02
3.855763549804687500e+02
3.795558166503906250e+02
3.828116149902343750e+02
3.876956176757812500e+02
3.878068237304687500e+02
3.864514465332031250e+02
3.861594848632812500e+02
3.860761718750000000e+02
3.814649047851562500e+02
3.748875732421875000e+02
3.807479553222656250e+02
3.902951660156250000e+02
4.034211730957031250e+02
4.095209045410156250e+02
4.101536560058593750e+02
3.994671630859375000e+02
4.006577758789062500e+02
4.059540405273437500e+02
4.083316650390625000e+02
4.063039550781250000e+02
4.080301208496093750e+02
4.106894226074218750e+02
4.061749572753906250e+02
3.984744873046875000e+02
3.955091552734375000e+02
3.974102172851562500e+02
3.881410522460937500e+02
3.799959106445312500e+02
3.761647949218750000e+02
3.755698852539062500e+02
3.858086547851562500e+02
3.838069458007812500e+02
3.838321228027343750e+02
3.754377136230468750e+02
3.655237731933593750e+02
3.634222106933593750e+02
3.531828308105468750e+02
3.617166442871093750e+02
3.664057922363281250e+02
3.775317993164062500e+02
3.582823791503906250e+02
3.424365539550781250e+02
3.676598510742187500e+02
3.687990722656250000e+02
3.698953552246093750e+02
3.562130432128906250e+02
3.655013732910156250e+02
3.602026367187500000e+02
3.581276550292968750e+02
3.611650695800781250e+02
3.585840454101562500e+02
3.556772766113281250e+02
3.548631591796875000e+02
3.668804016113281250e+02
3.762382202148437500e+02
3.786067810058593750e+02
3.825473937988281250e+02
3.873083801269531250e+02
3.836618652343750000e+02
3.811862792968750000e+02
3.861205139160156250e+02
3.055866699218750000e+02
3.304015197753906250e+02
3.420633544921875000e+02
3.403475341796875000e+02
3.888306274414062500e+02
3.963573303222656250e+02
3.859068298339843750e+02
2.942287902832031250e+02
3.375791015625000000e+02
2.986638488769531250e+02
3.130815734863281250e+02
3.071096801757812500e+02
3.073967895507812500e+02
3.049754943847656250e+02
3.034063720703125000e+02
3.085593566894531250e+02
3.493203735351562500e+02
3.475819702148437500e+02
3.333707580566406250e+02
3.431186523437500000e+02
3.420220642089843750e+02
3.195667114257812500e+02
3.188233947753906250e+02
3.210751647949218750e+02
3.331378173828125000e+02
3.306262512207031250e+02
3.148783569335937500e+02
3.217798156738281250e+02
3.167247314453125000e+02
3.184745483398437500e+02
3.201169433593750000e+02
3.162785949707031250e+02
3.093722839355468750e+02
3.005296020507812500e+02
3.016133117675781250e+02
2.955732727050781250e+02
2.944809265136718750e+02
3.031459350585937500e+02
2.867931518554687500e+02
2.953567810058593750e+02
2.896024475097656250e+02
2.973318786621093750e+02
3.587371520996093750e+02
3.498538818359375000e+02
3.428550109863281250e+02
3.428726501464843750e+02
3.467145385742187500e+02
3.468820495605468750e+02
3.363390808105468750e+02
3.236685180664062500e+02
3.180971984863281250e+02
3.221184692382812500e+02
3.326735534667968750e+02
3.343600463867187500e+02
3.387540283203125000e+02
3.315368347167968750e+02
3.269967346191406250e+02
3.304359130859375000e+02
3.315084838867187500e+02
3.122122192382812500e+02
3.116976623535156250e+02
3.089357299804687500e+02
3.078562622070312500e+02
3.045042114257812500e+02
3.086318969726562500e+02
3.082053222656250000e+02
3.211707458496093750e+02
3.247137756347656250e+02
3.303569030761718750e+02
3.229183044433593750e+02
3.180979919433593750e+02
3.185628662109375000e+02
2.955305480957031250e+02
3.002214355468750000e+02
2.879801940917968750e+02
2.824733276367187500e+02
2.629479370117187500e+02
2.505644226074218750e+02
2.523154449462890625e+02
2.522645568847656250e+02
2.595482177734375000e+02
2.534542846679687500e+02
2.546831665039062500e+02
2.543574523925781250e+02
2.547058715820312500e+02
2.585514526367187500e+02
2.603093872070312500e+02
2.675535888671875000e+02
2.728413085937500000e+02
2.676684265136718750e+02
2.558548278808593750e+02
2.497540435791015625e+02
2.429972229003906250e+02
2.379624481201171875e+02
2.330241546630859375e+02
2.313191680908203125e+02
2.276938171386718750e+02
2.245121307373046875e+02
2.226149902343750000e+02
2.181724548339843750e+02
2.109974060058593750e+02
2.319019927978515625e+02
2.346329345703125000e+02
2.288343505859375000e+02
2.281874694824218750e+02
2.266028442382812500e+02
2.246808929443359375e+02
2.310276489257812500e+02
2.237532501220703125e+02
2.245467224121093750e+02
2.289804840087890625e+02
2.416815338134765625e+02
2.352550201416015625e+02
2.258231201171875000e+02
2.259509582519531250e+02
2.268834075927734375e+02
2.296301727294921875e+02
2.391193847656250000e+02
2.311258239746093750e+02
2.409165039062500000e+02
2.239574127197265625e+02
2.285718078613281250e+02
2.278150329589843750e+02
2.342200622558593750e+02
2.394144897460937500e+02
2.374248199462890625e+02
2.346482543945312500e+02
2.338233032226562500e+02
2.366567382812500000e+02
2.369270019531250000e+02
2.397557525634765625e+02
2.432691345214843750e+02
2.522717132568359375e+02
2.555478973388671875e+02
2.545775756835937500e+02
2.620647583007812500e+02
2.567363586425781250e+02
2.647756042480468750e+02
3.218077697753906250e+02
3.253034057617187500e+02
3.218631591796875000e+02
3.152404785156250000e+02
3.094813232421875000e+02
3.101125793457031250e+02
3.100148315429687500e+02
3.075853576660156250e+02
3.101668090820312500e+02
3.283750610351562500e+02
3.364693298339843750e+02
3.471084594726562500e+02
3.475560302734375000e+02
3.472256774902343750e+02
3.500154418945312500e+02
3.485993652343750000e+02
3.974966125488281250e+02
4.097214965820312500e+02
4.169326477050781250e+02
4.177463073730468750e+02
4.185761413574218750e+02
4.222630310058593750e+02
4.200469970703125000e+02
4.161923522949218750e+02
4.139812622070312500e+02
4.116098937988281250e+02
4.115321044921875000e+02
4.092579345703125000e+02
4.043922119140625000e+02
4.063394165039062500e+02
4.016148681640625000e+02
3.941725463867187500e+02
3.917326049804687500e+02
3.906559448242187500e+02
3.943435058593750000e+02
3.971712951660156250e+02
3.986859130859375000e+02
3.995602416992187500e+02
4.022630615234375000e+02
4.059341125488281250e+02
4.091415405273437500e+02
4.112002868652343750e+02
4.149723510742187500e+02
4.193839111328125000e+02
4.175903015136718750e+02
4.164005737304687500e+02
4.240789489746093750e+02
4.294490966796875000e+02
4.328533325195312500e+02
4.338995666503906250e+02
4.393996276855468750e+02
4.380325927734375000e+02
4.266160583496093750e+02
4.226581420898437500e+02
4.254576721191406250e+02
4.259603881835937500e+02
4.239703979492187500e+02
4.215648498535156250e+02
4.252483825683593750e+02
4.225002136230468750e+02
4.200717773437500000e+02
4.187660522460937500e+02
4.134210510253906250e+02
4.074582519531250000e+02
3.992225952148437500e+02
