1.687884807586669922e+00
1.696402072906494141e+00
2.297519207000732422e+00
2.782115936279296875e+00
2.636830806732177734e+00
2.634680747985839844e+00
2.683279514312744141e+00
2.919974327087402344e+00
1.972975730895996094e+00
-4.600811004638671875e+00
-6.021737098693847656e+00
-4.168869018554687500e+00
-3.529112815856933594e+00
-3.881327629089355469e+00
-4.256075859069824219e+00
-4.321178436279296875e+00
-4.930814743041992188e+00
-4.455350875854492188e+00
-4.538072586059570312e+00
-5.027097702026367188e+00
-5.569728851318359375e+00
-6.162943840026855469e+00
-4.832867622375488281e+00
-3.655292510986328125e+00
-3.485965728759765625e+00
-2.889237403869628906e+00
-3.405062675476074219e+00
-3.400700569152832031e+00
-3.148401260375976562e+00
-3.396736145019531250e+00
-2.826860427856445312e+00
-2.810929298400878906e+00
-3.796604156494140625e+00
-4.481528282165527344e+00
-4.532905578613281250e+00
-4.237441062927246094e+00
-4.752405166625976562e+00
-5.679348945617675781e+00
-6.236805915832519531e+00
-6.222556114196777344e+00
-6.694324493408203125e+00
-6.715424537658691406e+00
-6.782596588134765625e+00
-6.110902786254882812e+00
-5.944314002990722656e+00
-6.315966606140136719e+00
-5.537041664123535156e+00
-6.050893783569335938e+00
-5.654351234436035156e+00
-4.765450477600097656e+00
-5.335508346557617188e+00
-5.347750663757324219e+00
-5.365938186645507812e+00
-2.771758735179901123e-01
-1.117734536528587341e-01
8.168750405311584473e-01
5.742850899696350098e-01
7.706678472459316254e-03
1.110509395599365234e+00
1.878945827484130859e+00
1.224106311798095703e+00
2.046902179718017578e+00
2.286585807800292969e+00
3.293456554412841797e+00
3.372283458709716797e+00
2.196169853210449219e+00
2.944416522979736328e+00
3.078809738159179688e+00
4.020230293273925781e+00
4.563314437866210938e+00
5.097764015197753906e+00
5.080405235290527344e+00
4.888212680816650391e+00
5.444723129272460938e+00
5.407639503479003906e+00
5.456871509552001953e+00
5.928408622741699219e+00
2.373328208923339844e+00
1.355344295501708984e+00
1.330231666564941406e+00
3.933611214160919189e-01
-1.769949913024902344e+00
-3.725376129150390625e+00
-8.055712699890136719e+00
-3.528720855712890625e+00
-3.591829299926757812e+00
-3.653260231018066406e+00
-5.183419227600097656e+00
-5.993254661560058594e+00
-5.996650695800781250e+00
-7.343263626098632812e+00
-7.529785156250000000e+00
-8.032147407531738281e+00
-7.926177024841308594e+00
-8.031641960144042969e+00
-7.692399024963378906e+00
-7.544268608093261719e+00
-7.424368858337402344e+00
-7.290502548217773438e+00
-7.152411460876464844e+00
-6.662881851196289062e+00
6.446143150329589844e+00
6.655070304870605469e+00
6.679139137268066406e+00
7.018944263458251953e+00
6.873831272125244141e+00
6.999086856842041016e+00
6.585071563720703125e+00
6.426280021667480469e+00
6.135369777679443359e+00
5.932090759277343750e+00
5.832685947418212891e+00
6.936709403991699219e+00
6.865575313568115234e+00
6.702614307403564453e+00
6.803723812103271484e+00
6.699379444122314453e+00
7.167485237121582031e+00
7.781473636627197266e+00
6.973932266235351562e+00
7.589667320251464844e+00
7.880857467651367188e+00
7.611902713775634766e+00
7.028272151947021484e+00
1.669435024261474609e+00
-1.752142906188964844e+00
-4.656260490417480469e+00
-3.464862823486328125e+00
-3.752619743347167969e+00
-2.780911445617675781e+00
-1.869491577148437500e+00
-8.152608275413513184e-01
-6.994590163230895996e-01
2.411632835865020752e-01
-1.291780173778533936e-01
8.378935456275939941e-01
8.449477195739746094e+00
7.739549160003662109e+00
7.152223110198974609e+00
7.186187267303466797e+00
7.121028900146484375e+00
7.121105670928955078e+00
7.056515216827392578e+00
6.883648395538330078e+00
7.226806640625000000e+00
4.706403732299804688e+00
5.195837020874023438e+00
4.896337032318115234e+00
8.331211090087890625e+00
1.014441871643066406e+01
1.019759178161621094e+01
1.007286739349365234e+01
9.257495880126953125e+00
8.138720512390136719e+00
7.816359519958496094e+00
6.915583133697509766e+00
7.336636066436767578e+00
7.661681652069091797e+00
6.036117553710937500e+00
4.671234607696533203e+00
4.128695487976074219e+00
5.715852379798889160e-01
1.685717582702636719e+00
2.796300411224365234e+00
3.450466156005859375e+00
3.360894680023193359e+00
1.795917892456054688e+01
1.803641700744628906e+01
1.804411697387695312e+01
1.773177909851074219e+01
1.759426307678222656e+01
1.695407104492187500e+01
1.721160888671875000e+01
1.664747810363769531e+01
1.681456947326660156e+01
1.675704193115234375e+01
1.670386695861816406e+01
1.716262435913085938e+01
1.705777931213378906e+01
1.665723800659179688e+01
1.713656806945800781e+01
1.702806663513183594e+01
1.756371688842773438e+01
1.716420555114746094e+01
1.663253211975097656e+01
1.670392417907714844e+01
1.603689002990722656e+01
1.665763473510742188e+01
1.664548492431640625e+01
1.618517684936523438e+01
1.605937957763671875e+01
1.499751091003417969e+01
1.487873649597167969e+01
1.551242923736572266e+01
1.556728744506835938e+01
1.551915073394775391e+01
1.483550930023193359e+01
1.153796768188476562e+01
1.072580623626708984e+01
1.046760368347167969e+01
1.058529281616210938e+01
1.169139957427978516e+01
1.277841186523437500e+01
1.305285644531250000e+01
1.446291065216064453e+01
1.443044376373291016e+01
1.502607154846191406e+01
1.368731689453125000e+01
1.301061248779296875e+01
1.433284473419189453e+01
1.384120750427246094e+01
1.532347679138183594e+01
1.414182090759277344e+01
1.469680690765380859e+01
1.485725307464599609e+01
1.140213012695312500e+01
1.640563011169433594e+01
1.651548576354980469e+01
1.665323448181152344e+01
1.774335289001464844e+01
1.601661491394042969e+01
1.742323875427246094e+01
1.752352523803710938e+01
1.688089561462402344e+01
1.672202682495117188e+01
1.659266471862792969e+01
1.655629158020019531e+01
1.652503776550292969e+01
1.662333106994628906e+01
1.646970558166503906e+01
1.685210418701171875e+01
1.674302101135253906e+01
1.671398735046386719e+01
1.608428382873535156e+01
1.622880744934082031e+01
1.615896797180175781e+01
1.590669155120849609e+01
1.624800872802734375e+01
1.663274955749511719e+01
1.660969924926757812e+01
1.708678054809570312e+01
1.712337875366210938e+01
1.731656455993652344e+01
1.772039031982421875e+01
1.813950347900390625e+01
1.693971633911132812e+01
1.681724548339843750e+01
1.210187053680419922e+01
1.252857017517089844e+01
1.239311885833740234e+01
1.193114757537841797e+01
1.184992694854736328e+01
1.206073188781738281e+01
1.226545143127441406e+01
1.276066207885742188e+01
1.289859390258789062e+01
1.313367652893066406e+01
1.318700885772705078e+01
1.319905376434326172e+01
1.359191894531250000e+01
1.419264793395996094e+01
1.419016361236572266e+01
1.462829113006591797e+01
1.456483173370361328e+01
1.456457138061523438e+01
1.538022232055664062e+01
1.575429916381835938e+01
1.586320781707763672e+01
1.575187587738037109e+01
1.585821914672851562e+01
1.596990394592285156e+01
1.586319828033447266e+01
1.579504680633544922e+01
1.599474525451660156e+01
1.594808578491210938e+01
1.588381958007812500e+01
1.584564113616943359e+01
1.549514198303222656e+01
1.537244892120361328e+01
1.534660911560058594e+01
1.542873954772949219e+01
1.544468975067138672e+01
1.529914665222167969e+01
1.538392925262451172e+01
1.537253189086914062e+01
1.524473857879638672e+01
-1.262347221374511719e+00
-2.528964996337890625e+00
-1.893984794616699219e+00
-9.062191098928451538e-02
7.150307297706604004e-01
1.621513366699218750e+00
1.669621467590332031e+00
2.622393608093261719e+00
1.701171875000000000e+00
1.742029190063476562e+00
1.647708892822265625e+00
1.991982936859130859e+00
1.978905200958251953e+00
2.591817855834960938e+00
2.596015930175781250e+00
2.701111316680908203e+00
2.592730522155761719e+00
2.831832408905029297e+00
1.586832523345947266e+00
2.043440341949462891e+00
1.970831394195556641e+00
1.924957275390625000e+00
1.721787929534912109e+00
2.607896804809570312e+00
1.032020568847656250e+00
-2.161397635936737061e-01
1.183834448456764221e-01
-1.403458595275878906e+00
-1.587620735168457031e+00
-2.246837615966796875e+00
-2.276454925537109375e+00
-2.422174453735351562e+00
1.672562789916992188e+01
1.905372047424316406e+01
1.928939247131347656e+01
1.966363716125488281e+01
1.952704620361328125e+01
1.966220664978027344e+01
1.960474014282226562e+01
1.950897407531738281e+01
1.941864585876464844e+01
1.931151962280273438e+01
1.959100341796875000e+01
1.915729522705078125e+01
1.879074287414550781e+01
1.905531501770019531e+01
1.979057121276855469e+01
1.937278366088867188e+01
1.936380577087402344e+01
1.889313125610351562e+01
1.862973594665527344e+01
1.832613372802734375e+01
1.837559318542480469e+01
1.841263198852539062e+01
1.684701538085937500e+01
1.645088195800781250e+01
1.556312561035156250e+01
1.690019416809082031e+01
1.646689414978027344e+01
1.648208999633789062e+01
1.698860931396484375e+01
1.785095024108886719e+01
1.838670921325683594e+01
1.842614555358886719e+01
1.805834197998046875e+01
1.800873947143554688e+01
1.793769645690917969e+01
1.784010696411132812e+01
1.774139595031738281e+01
1.817973518371582031e+01
1.769387626647949219e+01
1.805366897583007812e+01
1.850917816162109375e+01
1.743729019165039062e+01
1.748253250122070312e+01
1.876810455322265625e+01
1.924351882934570312e+01
1.934921073913574219e+01
1.935723876953125000e+01
1.922379493713378906e+01
1.862632942199707031e+01
1.833735084533691406e+01
1.848090553283691406e+01
1.825887680053710938e+01
1.820328140258789062e+01
1.832952880859375000e+01
1.797970390319824219e+01
1.804870605468750000e+01
1.813741493225097656e+01
1.815520095825195312e+01
1.815935325622558594e+01
1.804376029968261719e+01
1.711744499206542969e+01
1.736263465881347656e+01
1.612049865722656250e+01
1.513829994201660156e+01
1.570558834075927734e+01
1.502368354797363281e+01
1.590423965454101562e+01
1.517151355743408203e+01
1.603577995300292969e+01
1.731381988525390625e+01
1.884330749511718750e+01
1.921931076049804688e+01
1.922121429443359375e+01
1.886308670043945312e+01
1.876248550415039062e+01
1.866264915466308594e+01
1.860507202148437500e+01
1.812508010864257812e+01
1.847661781311035156e+01
1.874891471862792969e+01
1.907238960266113281e+01
1.894497871398925781e+01
1.885086059570312500e+01
1.878854942321777344e+01
1.839653396606445312e+01
1.823964500427246094e+01
1.813043594360351562e+01
1.845013236999511719e+01
1.836242866516113281e+01
1.898994636535644531e+01
2.002754020690917969e+01
2.007050704956054688e+01
1.976534461975097656e+01
1.976421928405761719e+01
1.957166099548339844e+01
1.988751220703125000e+01
2.001428985595703125e+01
2.011204910278320312e+01
2.019621086120605469e+01
2.023726654052734375e+01
2.018181228637695312e+01
2.001551055908203125e+01
1.962891578674316406e+01
1.929816818237304688e+01
1.829874610900878906e+01
1.812969779968261719e+01
1.800925827026367188e+01
1.801544761657714844e+01
1.770761108398437500e+01
1.771565628051757812e+01
1.811168479919433594e+01
1.761568641662597656e+01
1.686675643920898438e+01
1.650592613220214844e+01
1.503785705566406250e+01
1.396016216278076172e+01
1.379475402832031250e+01
1.308234119415283203e+01
1.359594058990478516e+01
1.424288558959960938e+01
1.396726322174072266e+01
1.553155899047851562e+01
1.508926486968994141e+01
1.428268337249755859e+01
1.559755706787109375e+01
1.549682807922363281e+01
1.550945091247558594e+01
1.552409839630126953e+01
1.539620304107666016e+01
1.545760154724121094e+01
1.497782516479492188e+01
1.595979118347167969e+01
1.584760856628417969e+01
1.723834991455078125e+01
1.809669113159179688e+01
1.749375534057617188e+01
1.708296203613281250e+01
1.571973037719726562e+01
1.665624237060546875e+01
1.572314548492431641e+01
1.543157958984375000e+01
1.572930240631103516e+01
1.600865745544433594e+01
1.594889926910400391e+01
1.500341510772705078e+01
1.535282897949218750e+01
1.488021659851074219e+01
1.584993267059326172e+01
1.399852085113525391e+01
1.467719364166259766e+01
1.684937667846679688e+01
1.617166900634765625e+01
1.725970268249511719e+01
1.687301826477050781e+01
1.632015037536621094e+01
1.632369232177734375e+01
1.674023628234863281e+01
1.687125015258789062e+01
1.638137245178222656e+01
1.644499397277832031e+01
1.683530998229980469e+01
1.634062385559082031e+01
1.578849220275878906e+01
1.561911773681640625e+01
1.585311889648437500e+01
1.572536087036132812e+01
1.520836544036865234e+01
1.513727664947509766e+01
1.460817146301269531e+01
1.427246093750000000e+01
1.476533699035644531e+01
1.653109931945800781e+01
1.603402709960937500e+01
1.621077537536621094e+01
1.814925956726074219e+01
1.767758750915527344e+01
1.724679565429687500e+01
1.761289215087890625e+01
1.721423339843750000e+01
1.725742721557617188e+01
1.754095649719238281e+01
1.740639877319335938e+01
1.736044311523437500e+01
1.730330848693847656e+01
1.770614624023437500e+01
1.757291221618652344e+01
1.674364089965820312e+01
1.599724006652832031e+01
1.582506179809570312e+01
1.705095481872558594e+01
1.723997688293457031e+01
1.729976654052734375e+01
1.776457405090332031e+01
1.753675270080566406e+01
1.701221084594726562e+01
1.816705131530761719e+01
1.806356811523437500e+01
1.763459014892578125e+01
1.694222831726074219e+01
1.694396972656250000e+01
1.642967605590820312e+01
1.654036903381347656e+01
1.661160469055175781e+01
1.675028800964355469e+01
1.694910430908203125e+01
1.705908393859863281e+01
1.711346054077148438e+01
1.718373870849609375e+01
1.701500892639160156e+01
1.706935882568359375e+01
1.740979576110839844e+01
1.756239128112792969e+01
1.733865547180175781e+01
1.792539024353027344e+01
1.770885467529296875e+01
1.772007179260253906e+01
1.787541007995605469e+01
1.701801300048828125e+01
1.753960990905761719e+01
1.796407127380371094e+01
1.816351509094238281e+01
1.810593414306640625e+01
1.846654891967773438e+01
1.890817260742187500e+01
1.885954284667968750e+01
1.877212333679199219e+01
1.879558372497558594e+01
1.885360527038574219e+01
1.854759788513183594e+01
1.831044960021972656e+01
1.817204093933105469e+01
1.679664993286132812e+01
1.604993247985839844e+01
1.595058536529541016e+01
1.483781051635742188e+01
1.614865875244140625e+01
1.705671882629394531e+01
1.744837379455566406e+01
1.810004615783691406e+01
1.815479278564453125e+01
1.773885154724121094e+01
1.789992141723632812e+01
1.784143829345703125e+01
1.826431083679199219e+01
1.827219009399414062e+01
1.838130569458007812e+01
1.855412483215332031e+01
1.843315887451171875e+01
1.817775344848632812e+01
1.822246932983398438e+01
1.839493370056152344e+01
1.796208190917968750e+01
1.756795883178710938e+01
1.608918380737304688e+01
1.520059299468994141e+01
1.429704189300537109e+01
1.386885738372802734e+01
1.389726066589355469e+01
1.348202323913574219e+01
1.365222454071044922e+01
1.277929687500000000e+01
1.166801548004150391e+01
1.040475940704345703e+01
1.079417133331298828e+01
9.653464317321777344e+00
1.081662082672119141e+01
9.945143699645996094e+00
1.058277416229248047e+01
1.034477615356445312e+01
1.022258758544921875e+01
9.143639564514160156e+00
9.045800209045410156e+00
8.526638031005859375e+00
8.743435859680175781e+00
8.911752700805664062e+00
8.568607330322265625e+00
8.547413825988769531e+00
1.016234207153320312e+01
9.642733573913574219e+00
9.681269645690917969e+00
1.055002593994140625e+01
1.174613857269287109e+01
1.154335784912109375e+01
1.005314731597900391e+01
9.873222351074218750e+00
1.020727252960205078e+01
1.020578289031982422e+01
9.714271545410156250e+00
9.726638793945312500e+00
1.185132598876953125e+01
1.129645919799804688e+01
1.080111122131347656e+01
1.126558876037597656e+01
1.251236724853515625e+01
1.259063816070556641e+01
1.298895740509033203e+01
1.257691287994384766e+01
1.301466941833496094e+01
1.264945316314697266e+01
1.296716403961181641e+01
1.413471412658691406e+01
1.415009784698486328e+01
1.375131130218505859e+01
1.380360603332519531e+01
1.428201675415039062e+01
1.424377059936523438e+01
1.417519664764404297e+01
1.438083457946777344e+01
1.407773971557617188e+01
1.453783607482910156e+01
1.418995285034179688e+01
1.379668331146240234e+01
1.345146942138671875e+01
1.401718425750732422e+01
1.395334243774414062e+01
1.403540325164794922e+01
1.378862476348876953e+01
1.330577468872070312e+01
1.378859615325927734e+01
1.334921741485595703e+01
1.396189117431640625e+01
1.338450908660888672e+01
1.296736621856689453e+01
1.259613609313964844e+01
1.351519298553466797e+01
1.391705799102783203e+01
1.540979766845703125e+01
1.542264461517333984e+01
1.668362236022949219e+01
1.769412040710449219e+01
1.756832504272460938e+01
1.779881668090820312e+01
1.770273780822753906e+01
1.741074752807617188e+01
1.671155548095703125e+01
1.489670181274414062e+01
1.505644989013671875e+01
1.435107231140136719e+01
1.311826801300048828e+01
1.351064682006835938e+01
1.344957447052001953e+01
1.441040229797363281e+01
1.491042900085449219e+01
1.514334583282470703e+01
1.691304016113281250e+01
1.657325363159179688e+01
1.738024902343750000e+01
1.712469482421875000e+01
1.704023170471191406e+01
1.649180984497070312e+01
1.625383377075195312e+01
1.507145309448242188e+01
1.433970737457275391e+01
1.581856441497802734e+01
1.621342468261718750e+01
1.590263557434082031e+01
1.591008853912353516e+01
1.569675254821777344e+01
1.648785972595214844e+01
1.663548278808593750e+01
1.541599655151367188e+01
1.446994876861572266e+01
1.190362644195556641e+01
1.266991329193115234e+01
1.215929412841796875e+01
1.346439552307128906e+01
1.275226211547851562e+01
1.296939086914062500e+01
1.319603824615478516e+01
1.371540832519531250e+01
1.324808025360107422e+01
1.244030570983886719e+01
1.244743156433105469e+01
1.251889896392822266e+01
1.259454059600830078e+01
1.268115997314453125e+01
1.323024177551269531e+01
1.319468307495117188e+01
1.378119277954101562e+01
1.426992130279541016e+01
1.465358352661132812e+01
1.452630805969238281e+01
1.482606506347656250e+01
1.465822696685791016e+01
1.499809074401855469e+01
1.497669601440429688e+01
1.494752025604248047e+01
1.407283210754394531e+01
1.472946548461914062e+01
1.484481620788574219e+01
1.477089595794677734e+01
1.602852058410644531e+01
1.688196372985839844e+01
1.688224029541015625e+01
1.722375869750976562e+01
1.669930839538574219e+01
1.652269744873046875e+01
1.754753875732421875e+01
1.741881370544433594e+01
1.785474967956542969e+01
1.765662574768066406e+01
1.775276565551757812e+01
1.782921409606933594e+01
1.772290039062500000e+01
1.792356491088867188e+01
1.782126808166503906e+01
1.773614692687988281e+01
1.765662574768066406e+01
1.752413558959960938e+01
1.768101501464843750e+01
1.759522819519042969e+01
1.768239784240722656e+01
1.727770614624023438e+01
1.743019104003906250e+01
1.703532981872558594e+01
1.694536781311035156e+01
1.666510963439941406e+01
1.599673271179199219e+01
1.401615524291992188e+01
1.341882133483886719e+01
1.325590610504150391e+01
1.258642959594726562e+01
1.327029228210449219e+01
1.642451667785644531e+01
1.598138809204101562e+01
1.572395133972167969e+01
1.624588775634765625e+01
1.614416313171386719e+01
1.590624713897705078e+01
1.524496746063232422e+01
-1.493031501770019531e+00
-1.201848030090332031e+00
-6.047868132591247559e-01
2.083158791065216064e-01
1.112339019775390625e+00
1.429610729217529297e+00
2.174919128417968750e+00
2.811323165893554688e+00
2.840157032012939453e+00
3.007132530212402344e+00
3.609598636627197266e+00
3.766602039337158203e+00
3.827884674072265625e+00
3.830119132995605469e+00
4.027420997619628906e+00
4.071783065795898438e+00
5.541522979736328125e+00
5.451855659484863281e+00
4.951865196228027344e+00
5.376851558685302734e+00
4.725208759307861328e+00
4.736673831939697266e+00
5.041288375854492188e+00
4.938989162445068359e+00
4.941211223602294922e+00
4.774878501892089844e+00
4.937313079833984375e+00
4.923316955566406250e+00
4.876993656158447266e+00
5.444921493530273438e+00
5.355643749237060547e+00
5.778596401214599609e+00
-4.301935195922851562e+00
-5.827733993530273438e+00
-5.259171485900878906e+00
-5.810163497924804688e+00
-5.761441230773925781e+00
-5.737284660339355469e+00
-5.891548156738281250e+00
-5.422024726867675781e+00
-5.414588928222656250e+00
-5.610708236694335938e+00
-6.137529373168945312e+00
-6.536228179931640625e+00
-6.116253852844238281e+00
-5.895701408386230469e+00
-5.978713035583496094e+00
-6.680794715881347656e+00
-6.722619056701660156e+00
-6.836065292358398438e+00
-6.883604049682617188e+00
-7.021703720092773438e+00
-6.916365623474121094e+00
-6.202748298645019531e+00
-5.595829010009765625e+00
-5.533400535583496094e+00
-5.552126884460449219e+00
-4.897853851318359375e+00
-4.809765815734863281e+00
-4.136906623840332031e+00
-4.071193695068359375e+00
3.577931880950927734e+00
3.423083305358886719e+00
3.220680236816406250e+00
2.909085273742675781e+00
3.240105152130126953e+00
3.451335906982421875e+00
3.730681419372558594e+00
4.495515823364257812e+00
5.298899173736572266e+00
4.468165874481201172e+00
4.595712661743164062e+00
5.282825946807861328e+00
4.677093029022216797e+00
5.241253376007080078e+00
5.528466224670410156e+00
5.429049491882324219e+00
5.961584568023681641e+00
5.843158721923828125e+00
4.606846809387207031e+00
5.033725261688232422e+00
3.900780200958251953e+00
4.589958190917968750e+00
5.412406444549560547e+00
6.375285625457763672e+00
-3.877787590026855469e+00
-6.272616386413574219e+00
-7.043623924255371094e+00
-7.767432212829589844e+00
-7.593409538269042969e+00
-6.987988471984863281e+00
-6.703174591064453125e+00
-6.460816383361816406e+00
-5.629249572753906250e+00
-4.348055839538574219e+00
-5.025506973266601562e+00
-1.895335197448730469e+00
-2.963676154613494873e-01
6.929592043161392212e-02
3.045454323291778564e-01
3.846006691455841064e-01
6.325153261423110962e-02
-6.597038358449935913e-02
-2.219421386718750000e+00
-3.032479286193847656e+00
-6.562861442565917969e+00
-8.241831779479980469e+00
-8.256449699401855469e+00
-6.532000899314880371e-01
-1.333312988281250000e+00
-6.274737715721130371e-01
3.223009407520294189e-01
4.846186935901641846e-01
8.408556580543518066e-01
1.479091644287109375e+00
3.160280227661132812e+00
1.708088874816894531e+00
2.980739593505859375e+00
3.135309696197509766e+00
3.373387336730957031e+00
3.102864265441894531e+00
3.148114204406738281e+00
3.883377075195312500e+00
3.826213836669921875e+00
3.496675014495849609e+00
4.494087219238281250e+00
4.331840991973876953e+00
5.190164566040039062e+00
4.889859199523925781e+00
5.369001865386962891e+00
4.004711151123046875e+00
6.866145730018615723e-01
6.389458656311035156e+00
5.856214046478271484e+00
6.302477836608886719e+00
4.647737503051757812e+00
4.510844707489013672e+00
4.286675930023193359e+00
4.134902954101562500e+00
3.519318103790283203e+00
3.481393814086914062e+00
3.192656517028808594e+00
2.802534580230712891e+00
3.591189861297607422e+00
3.101664066314697266e+00
2.343991756439208984e+00
3.266308784484863281e+00
3.691089153289794922e+00
3.949205875396728516e+00
3.964077472686767578e+00
3.894074916839599609e+00
4.073546886444091797e+00
3.084040164947509766e+00
3.514240741729736328e+00
3.104888916015625000e+00
2.696810245513916016e+00
3.391419887542724609e+00
3.147820949554443359e+00
3.223670959472656250e+00
2.330618858337402344e+00
2.857064723968505859e+00
3.252558231353759766e+00
1.611592483520507812e+01
1.560570812225341797e+01
1.582903480529785156e+01
1.557012462615966797e+01
1.544725322723388672e+01
1.518524074554443359e+01
1.491563129425048828e+01
1.458192634582519531e+01
1.441307067871093750e+01
1.398143196105957031e+01
1.396666908264160156e+01
1.366622924804687500e+01
1.372939968109130859e+01
1.335226154327392578e+01
1.410704612731933594e+01
1.397145652770996094e+01
1.386687755584716797e+01
1.468918132781982422e+01
1.522714710235595703e+01
1.487198734283447266e+01
1.498625278472900391e+01
1.496298408508300781e+01
1.525022315979003906e+01
1.526974773406982422e+01
1.518266773223876953e+01
1.492624378204345703e+01
1.497074127197265625e+01
1.522636413574218750e+01
1.511170387268066406e+01
1.560982799530029297e+01
1.566372489929199219e+01
1.568352794647216797e+01
1.550786972045898438e+01
1.570408153533935547e+01
1.552883815765380859e+01
1.556271648406982422e+01
1.545811939239501953e+01
1.618617248535156250e+01
1.471438789367675781e+01
1.420536708831787109e+01
1.421592140197753906e+01
1.523296070098876953e+01
1.533683395385742188e+01
1.631051826477050781e+01
1.547513198852539062e+01
1.425607299804687500e+01
1.463446235656738281e+01
1.356786155700683594e+01
1.299880313873291016e+01
1.359232234954833984e+01
1.209103965759277344e+01
1.289802646636962891e+01
1.352633380889892578e+01
1.407671451568603516e+01
1.458041381835937500e+01
1.510954666137695312e+01
1.644690513610839844e+01
1.761885070800781250e+01
1.769010734558105469e+01
1.809911918640136719e+01
1.814982223510742188e+01
1.707017517089843750e+01
1.731154251098632812e+01
1.635299491882324219e+01
1.614365005493164062e+01
1.603583908081054688e+01
1.658398628234863281e+01
1.665090942382812500e+01
1.668173980712890625e+01
1.668436050415039062e+01
1.710897254943847656e+01
1.662225914001464844e+01
1.688540458679199219e+01
1.650536727905273438e+01
1.590573787689208984e+01
1.547905921936035156e+01
1.583029651641845703e+01
1.586447334289550781e+01
1.653230667114257812e+01
1.661417198181152344e+01
1.724291992187500000e+01
1.639078712463378906e+01
1.710970306396484375e+01
1.809317398071289062e+01
1.870537376403808594e+01
1.877455902099609375e+01
1.890909004211425781e+01
1.905262374877929688e+01
1.910564422607421875e+01
1.579388427734375000e+01
1.556170558929443359e+01
1.499886322021484375e+01
1.507206726074218750e+01
1.486672115325927734e+01
1.497433948516845703e+01
1.489718341827392578e+01
1.484682464599609375e+01
1.507594299316406250e+01
1.476474666595458984e+01
1.449866008758544922e+01
1.348157978057861328e+01
1.188775634765625000e+01
1.184572124481201172e+01
1.126251792907714844e+01
1.088505077362060547e+01
1.090621376037597656e+01
9.154112815856933594e+00
8.801380157470703125e+00
8.770422935485839844e+00
7.241225242614746094e+00
7.748039722442626953e+00
7.769941329956054688e+00
7.687114715576171875e+00
7.892051219940185547e+00
7.765776634216308594e+00
7.922373294830322266e+00
8.227063179016113281e+00
7.854020595550537109e+00
6.655360698699951172e+00
5.800785064697265625e+00
5.377911567687988281e+00
3.837434768676757812e+00
3.923569202423095703e+00
4.495681762695312500e+00
4.400495052337646484e+00
4.124391078948974609e+00
4.364645957946777344e+00
1.947566509246826172e+00
2.278679370880126953e+00
2.801093578338623047e+00
3.046602725982666016e+00
2.880253791809082031e+00
2.711448669433593750e+00
3.200271606445312500e+00
3.508353710174560547e+00
3.885180950164794922e+00
7.388007640838623047e+00
7.659822940826416016e+00
9.683069229125976562e+00
9.677632331848144531e+00
1.063801956176757812e+01
1.003860950469970703e+01
9.505951881408691406e+00
9.176486968994140625e+00
8.894933700561523438e+00
8.837912559509277344e+00
8.497416496276855469e+00
8.588315963745117188e+00
8.252262115478515625e+00
7.580986976623535156e+00
6.143960952758789062e+00
6.264849185943603516e+00
5.003736972808837891e+00
3.815286159515380859e+00
4.025982856750488281e+00
4.029192447662353516e+00
3.683584213256835938e+00
-1.045319080352783203e+01
-9.272599220275878906e+00
-8.665755271911621094e+00
-8.432946205139160156e+00
-8.286162376403808594e+00
-7.333503723144531250e+00
-7.493681907653808594e+00
-7.201155662536621094e+00
-6.995705604553222656e+00
-6.028938293457031250e+00
1.077622318267822266e+01
1.344294929504394531e+01
1.293157100677490234e+01
1.398301792144775391e+01
1.391145515441894531e+01
1.401899909973144531e+01
1.384760379791259766e+01
1.406448268890380859e+01
1.435616111755371094e+01
1.396343612670898438e+01
1.375739479064941406e+01
1.351581668853759766e+01
1.301568794250488281e+01
1.359229564666748047e+01
1.457174873352050781e+01
1.512378597259521484e+01
1.472681617736816406e+01
1.486849975585937500e+01
1.499325466156005859e+01
1.549450969696044922e+01
1.587501907348632812e+01
1.502750205993652344e+01
1.373516273498535156e+01
1.315528106689453125e+01
1.252434921264648438e+01
1.365254974365234375e+01
1.424894618988037109e+01
1.483829689025878906e+01
1.424721527099609375e+01
1.359940052032470703e+01
1.425623226165771484e+01
1.468121337890625000e+01
1.495931053161621094e+01
1.521473312377929688e+01
1.527465534210205078e+01
1.389363861083984375e+01
1.334647178649902344e+01
1.149245738983154297e+01
1.239435005187988281e+01
1.332586574554443359e+01
1.490200519561767578e+01
1.885609626770019531e+01
1.838936424255371094e+01
1.761985588073730469e+01
1.764629745483398438e+01
1.760831451416015625e+01
1.730603408813476562e+01
1.713946342468261719e+01
1.711921691894531250e+01
1.723949623107910156e+01
1.711750221252441406e+01
1.705461120605468750e+01
1.592952537536621094e+01
1.444832897186279297e+01
1.068648719787597656e+01
9.886706352233886719e+00
7.927725791931152344e+00
7.257995128631591797e+00
8.829408645629882812e+00
9.098484992980957031e+00
9.486977577209472656e+00
9.112490653991699219e+00
9.602124214172363281e+00
8.600099563598632812e+00
7.626153469085693359e+00
7.225364685058593750e+00
7.544292449951171875e+00
7.988521099090576172e+00
8.052445411682128906e+00
8.072371482849121094e+00
7.654962539672851562e+00
7.742630481719970703e+00
8.204258918762207031e+00
1.106475067138671875e+01
1.214630317687988281e+01
1.215722179412841797e+01
1.203000164031982422e+01
1.246611785888671875e+01
1.251889514923095703e+01
1.246493625640869141e+01
1.243614101409912109e+01
1.234162330627441406e+01
1.191302585601806641e+01
1.188585948944091797e+01
1.180809783935546875e+01
1.175791168212890625e+01
1.201143455505371094e+01
1.184647369384765625e+01
1.070549869537353516e+01
1.101357078552246094e+01
1.108155918121337891e+01
1.173860073089599609e+01
1.122088336944580078e+01
1.154751873016357422e+01
1.098968410491943359e+01
1.115594291687011719e+01
1.116621685028076172e+01
1.157957267761230469e+01
1.165688037872314453e+01
1.163412189483642578e+01
1.194025230407714844e+01
1.155150413513183594e+01
1.162037372589111328e+01
1.156741809844970703e+01
1.155255508422851562e+01
1.198572063446044922e+01
1.215482139587402344e+01
1.255225276947021484e+01
1.311377906799316406e+01
1.288991069793701172e+01
1.300955104827880859e+01
1.273767471313476562e+01
1.313880825042724609e+01
1.299310302734375000e+01
1.210687732696533203e+01
1.219396305084228516e+01
1.245100212097167969e+01
1.317774391174316406e+01
1.385326099395751953e+01
1.488066768646240234e+01
1.541437149047851562e+01
1.553571605682373047e+01
1.604533195495605469e+01
1.637168884277343750e+01
1.643223381042480469e+01
1.665855026245117188e+01
1.607542419433593750e+01
1.575258922576904297e+01
1.602962303161621094e+01
1.472694110870361328e+01
1.447252845764160156e+01
1.573788452148437500e+01
1.580674743652343750e+01
1.582475185394287109e+01
1.621173667907714844e+01
1.672594642639160156e+01
1.664613533020019531e+01
1.709580612182617188e+01
1.704296684265136719e+01
1.744149780273437500e+01
1.714542007446289062e+01
1.735407257080078125e+01
1.733669471740722656e+01
1.770749855041503906e+01
1.733679389953613281e+01
1.715147972106933594e+01
1.755140113830566406e+01
1.734271049499511719e+01
1.721624755859375000e+01
1.717720413208007812e+01
1.752385711669921875e+01
1.753058052062988281e+01
1.761687088012695312e+01
1.777685928344726562e+01
1.774666786193847656e+01
1.785980033874511719e+01
1.751523208618164062e+01
1.752092933654785156e+01
1.776474952697753906e+01
1.791674804687500000e+01
1.789028167724609375e+01
1.789374160766601562e+01
1.791652679443359375e+01
1.791618347167968750e+01
1.786252784729003906e+01
1.784142112731933594e+01
1.830083465576171875e+01
1.842429924011230469e+01
1.863408851623535156e+01
1.856424713134765625e+01
1.807412338256835938e+01
1.777792930603027344e+01
1.767017936706542969e+01
1.764029121398925781e+01
1.736776542663574219e+01
1.751366996765136719e+01
1.774992942810058594e+01
1.773582839965820312e+01
1.775029373168945312e+01
1.808911132812500000e+01
1.805787277221679688e+01
1.789395904541015625e+01
1.805936241149902344e+01
1.800518798828125000e+01
1.786395072937011719e+01
1.810078430175781250e+01
1.787725448608398438e+01
1.784603118896484375e+01
1.759603118896484375e+01
1.741310119628906250e+01
1.731153106689453125e+01
1.733248710632324219e+01
1.715718078613281250e+01
1.696695327758789062e+01
1.706894302368164062e+01
1.728475952148437500e+01
1.724509239196777344e+01
1.706013107299804688e+01
1.717045974731445312e+01
1.714674758911132812e+01
1.708568763732910156e+01
1.712869453430175781e+01
1.721515274047851562e+01
1.696197509765625000e+01
1.701230049133300781e+01
1.695113945007324219e+01
1.703704071044921875e+01
1.706350326538085938e+01
1.711180496215820312e+01
1.697364807128906250e+01
1.697396659851074219e+01
1.702020835876464844e+01
1.714639854431152344e+01
1.711251640319824219e+01
1.714752006530761719e+01
1.707292556762695312e+01
1.716431236267089844e+01
1.717224121093750000e+01
1.723497009277343750e+01
1.722766113281250000e+01
1.695483398437500000e+01
1.729799079895019531e+01
1.686775016784667969e+01
1.676731491088867188e+01
1.651339149475097656e+01
1.625144004821777344e+01
1.653658294677734375e+01
1.547515869140625000e+01
1.594776058197021484e+01
1.505244350433349609e+01
1.622097206115722656e+01
1.725970077514648438e+01
1.744742774963378906e+01
1.754822349548339844e+01
1.722729682922363281e+01
1.714134979248046875e+01
1.709399414062500000e+01
1.707426643371582031e+01
1.745415115356445312e+01
1.717673301696777344e+01
1.715517807006835938e+01
1.619499206542968750e+01
1.565408229827880859e+01
1.564412498474121094e+01
1.423878097534179688e+01
1.333820819854736328e+01
1.240211105346679688e+01
1.014350223541259766e+01
1.290894699096679688e+01
1.107995700836181641e+01
9.364053726196289062e+00
8.908382415771484375e+00
9.169495582580566406e+00
9.245182991027832031e+00
8.009844779968261719e+00
9.374227523803710938e+00
9.659579277038574219e+00
1.085462284088134766e+01
9.624428749084472656e+00
1.031551265716552734e+01
1.080584049224853516e+01
1.102861309051513672e+01
1.201975345611572266e+01
1.136828517913818359e+01
1.212668323516845703e+01
1.320928573608398438e+01
1.157735443115234375e+01
1.277548217773437500e+01
1.219729518890380859e+01
1.221054458618164062e+01
1.089956855773925781e+01
1.250231742858886719e+01
1.229663276672363281e+01
1.224882221221923828e+01
9.349101066589355469e+00
8.992011070251464844e+00
9.232698440551757812e+00
9.673960685729980469e+00
9.175966262817382812e+00
9.659330368041992188e+00
8.231331825256347656e+00
7.314352035522460938e+00
9.357006072998046875e+00
1.142019081115722656e+01
1.295026683807373047e+01
1.394030952453613281e+01
1.185447788238525391e+01
1.315347766876220703e+01
1.252373790740966797e+01
1.139092159271240234e+01
1.268418025970458984e+01
1.350170421600341797e+01
1.468028545379638672e+01
1.530907154083251953e+01
1.243340206146240234e+01
9.952931404113769531e+00
1.038517284393310547e+01
1.056827926635742188e+01
9.824916839599609375e+00
1.035239887237548828e+01
1.217077922821044922e+01
1.346556854248046875e+01
1.463337516784667969e+01
1.434991073608398438e+01
1.463738727569580078e+01
1.467572593688964844e+01
1.510171604156494141e+01
1.600985908508300781e+01
1.516586112976074219e+01
1.543215560913085938e+01
1.537730884552001953e+01
1.473675155639648438e+01
1.423008441925048828e+01
1.470674133300781250e+01
1.433182811737060547e+01
1.396272754669189453e+01
1.375528430938720703e+01
1.238686084747314453e+01
1.126045131683349609e+01
1.170165634155273438e+01
1.188365554809570312e+01
1.178139400482177734e+01
1.181925010681152344e+01
1.121646690368652344e+01
1.071676635742187500e+01
1.072314739227294922e+01
9.906824111938476562e+00
1.015048599243164062e+01
1.041502571105957031e+01
1.040408897399902344e+01
9.824646949768066406e+00
8.238226890563964844e+00
6.995089530944824219e+00
6.601442813873291016e+00
6.831127166748046875e+00
6.542679309844970703e+00
6.538951873779296875e+00
7.019551277160644531e+00
8.259819030761718750e+00
7.114922523498535156e+00
7.005434036254882812e+00
7.869408130645751953e+00
7.798212528228759766e+00
7.215136051177978516e+00
7.457136154174804688e+00
6.870271205902099609e+00
6.979335308074951172e+00
7.028357505798339844e+00
5.347182750701904297e+00
5.935637474060058594e+00
6.529410839080810547e+00
6.722846031188964844e+00
6.695048809051513672e+00
6.748477935791015625e+00
4.862876415252685547e+00
3.687923908233642578e+00
3.996665954589843750e+00
3.779076099395751953e+00
3.739980697631835938e+00
3.684193134307861328e+00
3.170317173004150391e+00
4.459784984588623047e+00
4.062443733215332031e+00
4.926013469696044922e+00
5.823793411254882812e+00
4.931856155395507812e+00
6.297628402709960938e+00
5.558731555938720703e+00
4.978774070739746094e+00
5.811053752899169922e+00
5.415404319763183594e+00
7.486086845397949219e+00
5.981458187103271484e+00
8.493626594543457031e+00
9.106211662292480469e+00
8.046498298645019531e+00
7.554602622985839844e+00
8.341295242309570312e+00
9.703696250915527344e+00
9.565433502197265625e+00
9.778174400329589844e+00
9.803732872009277344e+00
1.098324298858642578e+01
1.044895267486572266e+01
9.909342765808105469e+00
9.825598716735839844e+00
1.036483192443847656e+01
1.156748199462890625e+01
1.247642612457275391e+01
1.328654193878173828e+01
1.421037197113037109e+01
1.502422618865966797e+01
1.513074207305908203e+01
1.516079998016357422e+01
1.562109279632568359e+01
1.597974109649658203e+01
1.575572109222412109e+01
1.568190479278564453e+01
1.549133682250976562e+01
1.558358001708984375e+01
1.540357494354248047e+01
1.514202213287353516e+01
1.509744358062744141e+01
1.496268939971923828e+01
1.509559059143066406e+01
1.476146888732910156e+01
1.458150768280029297e+01
1.428597259521484375e+01
1.427287197113037109e+01
1.393498039245605469e+01
1.382686042785644531e+01
1.353116607666015625e+01
1.277437973022460938e+01
1.089859580993652344e+01
1.019311904907226562e+01
9.975592613220214844e+00
8.541013717651367188e+00
7.753931045532226562e+00
1.034716224670410156e+01
1.512063503265380859e+01
1.510427570343017578e+01
1.482042217254638672e+01
1.517228031158447266e+01
1.464533805847167969e+01
1.401261901855468750e+01
1.386442089080810547e+01
1.418580150604248047e+01
1.411626338958740234e+01
1.376996707916259766e+01
1.288750743865966797e+01
1.232647037506103516e+01
1.317634868621826172e+01
1.363799285888671875e+01
1.366165637969970703e+01
1.372278213500976562e+01
1.307032108306884766e+01
1.297001361846923828e+01
1.302624511718750000e+01
1.322742366790771484e+01
1.322152328491210938e+01
1.316388988494873047e+01
1.288397502899169922e+01
1.283710098266601562e+01
1.207877826690673828e+01
1.169684791564941406e+01
1.119214630126953125e+01
1.150802612304687500e+01
1.272239303588867188e+01
1.266264247894287109e+01
1.264745712280273438e+01
1.265308475494384766e+01
1.196450614929199219e+01
1.132732391357421875e+01
1.110020351409912109e+01
1.130272769927978516e+01
1.124375057220458984e+01
1.125475120544433594e+01
1.173315715789794922e+01
1.130545902252197266e+01
1.122762489318847656e+01
1.124822711944580078e+01
1.091209602355957031e+01
1.110512733459472656e+01
1.068200016021728516e+01
1.072022914886474609e+01
1.081707477569580078e+01
1.121438980102539062e+01
1.135912227630615234e+01
1.133788585662841797e+01
1.094695758819580078e+01
1.101975631713867188e+01
1.108037185668945312e+01
1.118319034576416016e+01
1.121176815032958984e+01
1.131109905242919922e+01
1.129113864898681641e+01
1.139133834838867188e+01
1.130590438842773438e+01
1.092607593536376953e+01
1.124565219879150391e+01
1.126211166381835938e+01
1.059841060638427734e+01
1.042545700073242188e+01
1.000545692443847656e+01
1.037524032592773438e+01
1.003049373626708984e+01
1.001399135589599609e+01
1.002767467498779297e+01
1.048280525207519531e+01
1.052038288116455078e+01
1.086332702636718750e+01
1.176377582550048828e+01
1.211334037780761719e+01
1.211589431762695312e+01
1.244553756713867188e+01
1.205009460449218750e+01
1.227109336853027344e+01
1.217145633697509766e+01
1.246138000488281250e+01
1.241623783111572266e+01
1.237963867187500000e+01
1.233958721160888672e+01
1.271263790130615234e+01
1.283217716217041016e+01
1.241978073120117188e+01
1.265159130096435547e+01
1.227244758605957031e+01
1.219434928894042969e+01
1.188400745391845703e+01
1.201898384094238281e+01
1.203844928741455078e+01
1.199808883666992188e+01
1.165683364868164062e+01
1.108760356903076172e+01
1.141438961029052734e+01
1.107807254791259766e+01
1.103126049041748047e+01
1.103751754760742188e+01
5.123826026916503906e+00
4.272895812988281250e+00
4.317940235137939453e+00
4.818034648895263672e+00
4.548884868621826172e+00
4.486696720123291016e+00
4.381384849548339844e+00
4.356609344482421875e+00
4.295327663421630859e+00
4.332676887512207031e+00
4.131222248077392578e+00
4.561707019805908203e+00
4.114922523498535156e+00
4.073458671569824219e+00
4.477060317993164062e+00
4.365777969360351562e+00
4.262821197509765625e+00
4.860681533813476562e+00
5.921067714691162109e+00
5.874211788177490234e+00
5.725557327270507812e+00
6.610395908355712891e+00
9.440872192382812500e+00
9.392111778259277344e+00
9.164133071899414062e+00
9.189026832580566406e+00
9.084465026855468750e+00
8.955194473266601562e+00
9.014718055725097656e+00
8.926095962524414062e+00
8.865183830261230469e+00
8.646264076232910156e+00
8.816907882690429688e+00
8.309135437011718750e+00
7.395653724670410156e+00
7.418946743011474609e+00
6.894334793090820312e+00
6.609198570251464844e+00
1.592094898223876953e+00
8.805564790964126587e-02
-1.736998558044433594e+00
-3.154467582702636719e+00
-5.848793983459472656e+00
-7.447610855102539062e+00
-7.228530883789062500e+00
-7.317743301391601562e+00
-4.991339683532714844e+00
-3.956304550170898438e+00
-3.635636329650878906e+00
-2.669700622558593750e+00
-2.412645339965820312e+00
-2.372397422790527344e+00
-2.306353569030761719e+00
-1.901944160461425781e+00
-1.860822677612304688e+00
-2.424607276916503906e+00
-2.618777275085449219e+00
-2.570693969726562500e+00
-3.393525123596191406e+00
-3.364027976989746094e+00
-3.418357849121093750e+00
-3.344889640808105469e+00
-3.395763397216796875e+00
-3.295766830444335938e+00
-2.530005455017089844e+00
-2.497217178344726562e+00
-2.377598762512207031e+00
-2.519619941711425781e+00
-2.448740959167480469e+00
-2.484222412109375000e+00
-2.130852699279785156e+00
-2.077523231506347656e+00
-2.695952415466308594e+00
-2.932926177978515625e+00
-2.890078544616699219e+00
-4.233888626098632812e+00
-6.290505409240722656e+00
-5.874538421630859375e+00
-7.072685241699218750e+00
-8.397154808044433594e+00
-8.377381324768066406e+00
-8.894759178161621094e+00
-8.901856422424316406e+00
-9.298218727111816406e+00
-9.650021553039550781e+00
-9.565331459045410156e+00
-9.963480949401855469e+00
-9.483605384826660156e+00
-9.927075386047363281e+00
-1.089444446563720703e+01
3.362762928009033203e+00
5.906288623809814453e+00
4.824379920959472656e+00
6.330173492431640625e+00
6.454686164855957031e+00
6.735884189605712891e+00
6.915213108062744141e+00
7.660601139068603516e+00
7.530702114105224609e+00
6.520720005035400391e+00
7.112112045288085938e+00
7.105042934417724609e+00
7.505047321319580078e+00
7.451869010925292969e+00
6.700397968292236328e+00
7.156054973602294922e+00
7.366306781768798828e+00
7.798862457275390625e+00
8.078839302062988281e+00
8.470315933227539062e+00
9.557130813598632812e+00
1.055624771118164062e+01
1.045872497558593750e+01
1.137925624847412109e+01
-7.485785484313964844e+00
-8.730919837951660156e+00
-9.115466117858886719e+00
-7.426783561706542969e+00
-6.942447662353515625e+00
-6.999516487121582031e+00
-6.470937728881835938e+00
-5.684361457824707031e+00
-5.422959327697753906e+00
-4.775993347167968750e+00
-4.858898162841796875e+00
-5.121459960937500000e+00
-5.150459289550781250e+00
-4.520370483398437500e+00
-3.971367835998535156e+00
-3.627116203308105469e+00
-4.321439743041992188e+00
-1.011726379394531250e+00
-3.031631745398044586e-02
8.322749733924865723e-01
-3.007936477661132812e+00
-2.420838356018066406e+00
-7.554654479026794434e-01
5.003266930580139160e-01
4.787397682666778564e-01
6.874946504831314087e-02
-1.023893356323242188e+00
-1.148893356323242188e+00
-1.500483512878417969e+00
-7.338294386863708496e-01
-3.466500937938690186e-01
-1.857471168041229248e-01
4.864106476306915283e-01
6.082969307899475098e-01
-8.911122679710388184e-01
-3.912334144115447998e-01
9.245539307594299316e-01
1.614660263061523438e+00
1.623873710632324219e+00
1.967407226562500000e+00
9.526906609535217285e-01
1.802915096282958984e+00
3.562243461608886719e+00
4.903560638427734375e+00
5.865643978118896484e+00
7.385313987731933594e+00
7.342548370361328125e+00
7.452744007110595703e+00
3.202104091644287109e+00
2.700110435485839844e+00
3.239497661590576172e+00
3.589077949523925781e+00
3.108256340026855469e+00
3.500871181488037109e+00
3.929742813110351562e+00
4.355683326721191406e+00
4.202755451202392578e+00
4.226891994476318359e+00
3.683371067047119141e+00
3.344674110412597656e+00
3.939796447753906250e+00
4.121878623962402344e+00
4.610105514526367188e+00
3.972347259521484375e+00
4.722221374511718750e+00
4.762145996093750000e+00
4.423557758331298828e+00
4.022395133972167969e+00
4.404512405395507812e+00
3.764122486114501953e+00
3.659973621368408203e+00
4.260927677154541016e+00
4.544439315795898438e+00
4.506945133209228516e+00
4.483511447906494141e+00
4.588144302368164062e+00
1.695556449890136719e+01
1.638680648803710938e+01
1.658544540405273438e+01
1.683236503601074219e+01
1.681705856323242188e+01
1.642468452453613281e+01
1.624343872070312500e+01
1.555782985687255859e+01
1.536296463012695312e+01
1.545037937164306641e+01
1.558237075805664062e+01
1.518505668640136719e+01
1.520302295684814453e+01
1.509906101226806641e+01
1.592690372467041016e+01
1.577681636810302734e+01
1.561268424987792969e+01
1.554090499877929688e+01
1.553165531158447266e+01
1.502191448211669922e+01
1.450552177429199219e+01
1.564256286621093750e+01
1.387334918975830078e+01
1.348019218444824219e+01
1.282778644561767578e+01
1.332671546936035156e+01
1.284931850433349609e+01
1.341811180114746094e+01
1.349484443664550781e+01
1.212222766876220703e+01
1.242821502685546875e+01
1.268189811706542969e+01
1.246634101867675781e+01
1.269054985046386719e+01
1.361140155792236328e+01
1.886174774169921875e+01
1.837672424316406250e+01
1.880294609069824219e+01
1.850991439819335938e+01
1.862603759765625000e+01
1.891624259948730469e+01
1.878032875061035156e+01
1.866184997558593750e+01
1.883119773864746094e+01
1.895083045959472656e+01
1.887776756286621094e+01
1.917700767517089844e+01
1.921814727783203125e+01
1.923510360717773438e+01
1.924863624572753906e+01
1.911590766906738281e+01
1.940198326110839844e+01
1.941805458068847656e+01
1.952172279357910156e+01
1.973052215576171875e+01
1.986570167541503906e+01
1.999694633483886719e+01
2.038231277465820312e+01
2.017878341674804688e+01
1.980854034423828125e+01
1.978062057495117188e+01
1.958429336547851562e+01
1.887139701843261719e+01
1.879562759399414062e+01
1.841999816894531250e+01
1.846720886230468750e+01
1.806307601928710938e+01
1.844767379760742188e+01
1.814053344726562500e+01
1.836456489562988281e+01
1.903256797790527344e+01
1.905026626586914062e+01
1.906977653503417969e+01
1.886265182495117188e+01
1.884149551391601562e+01
1.895444297790527344e+01
1.897701454162597656e+01
1.806569862365722656e+01
1.820758056640625000e+01
1.802537918090820312e+01
1.860773468017578125e+01
1.838524436950683594e+01
1.903007507324218750e+01
1.896337699890136719e+01
1.969853782653808594e+01
1.826803398132324219e+01
1.860397148132324219e+01
1.862670707702636719e+01
1.829412651062011719e+01
1.795709228515625000e+01
1.802836799621582031e+01
1.767746353149414062e+01
1.805559730529785156e+01
2.687546730041503906e+00
3.603353798389434814e-01
-2.313041388988494873e-01
4.618611633777618408e-01
1.767766475677490234e+00
2.522073745727539062e+00
2.890771865844726562e+00
2.698476791381835938e+00
2.928389072418212891e+00
1.895193099975585938e+00
1.972583293914794922e+00
9.827290177345275879e-01
1.652466773986816406e+00
1.374443531036376953e+00
1.367802143096923828e+00
2.384695529937744141e+00
3.249509334564208984e+00
3.472317695617675781e+00
2.793878555297851562e+00
4.138190269470214844e+00
3.556208133697509766e+00
4.124147891998291016e+00
4.001682281494140625e+00
4.764206409454345703e+00
4.446358680725097656e+00
3.997447013854980469e+00
2.250733852386474609e+00
1.226152896881103516e+00
9.229331612586975098e-01
-4.688768088817596436e-01
-7.518834471702575684e-01
-1.601078033447265625e+00
-1.803159713745117188e+00
-1.945386886596679688e+00
-3.009569168090820312e+00
-2.398750305175781250e+00
-1.555524826049804688e+00
-2.331863403320312500e+00
-2.344603538513183594e+00
-7.630490660667419434e-01
-3.046331107616424561e-01
4.976692497730255127e-01
3.928556740283966064e-01
1.395802021026611328e+00
1.604532241821289062e+00
1.866084098815917969e+00
1.356629848480224609e+00
5.288034081459045410e-01
2.045145332813262939e-01
-8.949570655822753906e+00
-7.706826210021972656e+00
-7.052567481994628906e+00
-6.163696289062500000e+00
-5.875541687011718750e+00
-5.635433197021484375e+00
-5.264404296875000000e+00
-4.988971710205078125e+00
-3.543610572814941406e+00
-2.895649909973144531e+00
-2.473509788513183594e+00
-3.224022865295410156e+00
-3.597574234008789062e+00
-3.783828735351562500e+00
-3.529047012329101562e+00
-3.653016090393066406e+00
-2.169670104980468750e+00
-1.954051017761230469e+00
-1.445539474487304688e+00
-1.214783668518066406e+00
-1.263346672058105469e+00
-1.171706199645996094e+00
-1.655913352966308594e+00
-2.153237342834472656e+00
1.030227756500244141e+01
1.286422252655029297e+01
1.381924343109130859e+01
1.334683418273925781e+01
1.227757549285888672e+01
1.191360092163085938e+01
1.150416183471679688e+01
1.127077102661132812e+01
1.089123916625976562e+01
1.024085521697998047e+01
1.063821506500244141e+01
1.167754173278808594e+01
1.179972934722900391e+01
1.159369659423828125e+01
1.144190597534179688e+01
1.142443752288818359e+01
1.085082244873046875e+01
1.252340602874755859e+01
1.227220821380615234e+01
1.223448276519775391e+01
1.225853538513183594e+01
1.231040668487548828e+01
1.155316257476806641e+01
1.172676467895507812e+01
1.180646610260009766e+01
1.011266231536865234e+01
6.976046562194824219e+00
6.209674835205078125e+00
4.113293647766113281e+00
4.217066764831542969e+00
4.712708473205566406e+00
5.423299312591552734e+00
5.658685684204101562e+00
5.330752372741699219e+00
5.469285488128662109e+00
5.564941883087158203e+00
5.696451187133789062e+00
5.756944179534912109e+00
5.550613403320312500e+00
4.921159267425537109e+00
3.988481044769287109e+00
4.139732360839843750e+00
4.399813652038574219e+00
4.242404937744140625e+00
4.453415870666503906e+00
4.224756717681884766e+00
5.080544471740722656e+00
4.423710346221923828e+00
5.251000881195068359e+00
4.685657024383544922e+00
4.094882011413574219e+00
4.942563533782958984e+00
5.651410102844238281e+00
4.641802310943603516e+00
5.358774662017822266e+00
5.358898162841796875e+00
6.326117992401123047e+00
6.876781463623046875e+00
6.677212715148925781e+00
6.126948356628417969e+00
6.316842079162597656e+00
6.440296173095703125e+00
7.262080669403076172e+00
7.759363174438476562e+00
7.017836570739746094e+00
6.479788780212402344e+00
7.239131927490234375e+00
8.455252647399902344e+00
8.190151214599609375e+00
7.942789077758789062e+00
8.372802734375000000e+00
8.394910812377929688e+00
8.361754417419433594e+00
8.804525375366210938e+00
8.882914543151855469e+00
9.317001342773437500e+00
9.045255661010742188e+00
9.285589218139648438e+00
9.357475280761718750e+00
9.717662811279296875e+00
1.015644359588623047e+01
1.020281219482421875e+01
1.057036685943603516e+01
1.004609107971191406e+01
9.873095512390136719e+00
9.639376640319824219e+00
9.554083824157714844e+00
9.947312355041503906e+00
1.026301097869873047e+01
1.118830204010009766e+01
1.178129291534423828e+01
1.212930202484130859e+01
1.292677879333496094e+01
1.291000938415527344e+01
1.303517723083496094e+01
1.306490612030029297e+01
1.298321437835693359e+01
1.334365844726562500e+01
1.313341331481933594e+01
1.311853027343750000e+01
1.292731666564941406e+01
1.278871726989746094e+01
1.266393089294433594e+01
1.243604373931884766e+01
1.284711265563964844e+01
1.282134342193603516e+01
1.276867294311523438e+01
1.271046924591064453e+01
1.299850559234619141e+01
1.295835781097412109e+01
1.342544841766357422e+01
1.361105346679687500e+01
1.265543842315673828e+01
1.288633060455322266e+01
1.269035148620605469e+01
1.275183200836181641e+01
1.227630233764648438e+01
1.315866661071777344e+01
1.339109802246093750e+01
1.369716548919677734e+01
1.316806793212890625e+01
1.330820560455322266e+01
1.331327629089355469e+01
1.329623317718505859e+01
1.393515586853027344e+01
1.382843589782714844e+01
1.383083820343017578e+01
1.383091068267822266e+01
1.381157207489013672e+01
1.385012912750244141e+01
1.326497936248779297e+01
1.321776294708251953e+01
1.314492321014404297e+01
1.356168651580810547e+01
1.379617309570312500e+01
1.407317066192626953e+01
1.395928764343261719e+01
1.368835735321044922e+01
1.351491546630859375e+01
1.402271080017089844e+01
1.401057147979736328e+01
1.365253925323486328e+01
1.372912979125976562e+01
1.437345123291015625e+01
1.454501152038574219e+01
1.466808795928955078e+01
1.461927223205566406e+01
1.400792121887207031e+01
1.442500686645507812e+01
1.450541782379150391e+01
1.444952392578125000e+01
1.451174545288085938e+01
1.444357872009277344e+01
1.450354480743408203e+01
1.416943073272705078e+01
1.423918437957763672e+01
1.442923641204833984e+01
1.441296291351318359e+01
1.465686893463134766e+01
1.456831836700439453e+01
1.435991573333740234e+01
1.378353118896484375e+01
1.368981552124023438e+01
1.154304981231689453e+01
1.122355079650878906e+01
1.001837635040283203e+01
1.013816452026367188e+01
9.169471740722656250e+00
8.051015853881835938e+00
8.065576553344726562e+00
9.605995178222656250e+00
9.823284149169921875e+00
9.530244827270507812e+00
9.571229934692382812e+00
1.016200923919677734e+01
1.017087268829345703e+01
1.016461753845214844e+01
1.014306831359863281e+01
1.077766036987304688e+01
1.189548110961914062e+01
1.168246459960937500e+01
1.265210151672363281e+01
1.246045875549316406e+01
1.282143211364746094e+01
1.286018562316894531e+01
1.322666168212890625e+01
1.376837158203125000e+01
1.419053554534912109e+01
1.509220790863037109e+01
1.508356380462646484e+01
1.507188224792480469e+01
1.523579216003417969e+01
1.558982372283935547e+01
1.541098499298095703e+01
1.481041717529296875e+01
1.463321495056152344e+01
1.495220279693603516e+01
1.524450302124023438e+01
1.525127887725830078e+01
1.543544483184814453e+01
1.581076240539550781e+01
1.580344676971435547e+01
1.572504711151123047e+01
1.565405082702636719e+01
1.534583854675292969e+01
1.517398643493652344e+01
1.524149894714355469e+01
1.472506141662597656e+01
1.457886505126953125e+01
1.493870258331298828e+01
1.505308341979980469e+01
1.500650024414062500e+01
1.511872959136962891e+01
1.566359424591064453e+01
1.568354797363281250e+01
1.569931221008300781e+01
1.557686424255371094e+01
1.561502742767333984e+01
1.557374954223632812e+01
1.563501262664794922e+01
1.560026359558105469e+01
1.553527450561523438e+01
1.537362194061279297e+01
1.528680038452148438e+01
1.500993633270263672e+01
1.533901882171630859e+01
1.486164283752441406e+01
1.462502956390380859e+01
1.470265102386474609e+01
1.521671485900878906e+01
1.511301136016845703e+01
1.501052284240722656e+01
1.518758296966552734e+01
1.508178520202636719e+01
1.521596622467041016e+01
1.507084083557128906e+01
1.489699459075927734e+01
1.479334640502929688e+01
1.442963314056396484e+01
1.461733245849609375e+01
1.447214984893798828e+01
1.402580070495605469e+01
1.380997085571289062e+01
1.395097637176513672e+01
1.347358226776123047e+01
1.364809608459472656e+01
1.359039592742919922e+01
1.340927124023437500e+01
1.316338253021240234e+01
1.354609012603759766e+01
1.346398925781250000e+01
1.333903217315673828e+01
1.299764823913574219e+01
1.308036136627197266e+01
1.332042503356933594e+01
1.323123741149902344e+01
1.338782215118408203e+01
1.330596637725830078e+01
1.332387924194335938e+01
1.327244091033935547e+01
1.204247379302978516e+01
1.157744884490966797e+01
9.832146644592285156e+00
8.801189422607421875e+00
6.986979007720947266e+00
5.383290767669677734e+00
4.434359073638916016e+00
4.551648616790771484e+00
5.193918228149414062e+00
5.365176200866699219e+00
5.084948539733886719e+00
5.336648464202880859e+00
4.557305335998535156e+00
4.560970306396484375e+00
3.964157581329345703e+00
4.005198001861572266e+00
4.124094486236572266e+00
3.466770172119140625e+00
3.378111362457275391e+00
3.572813987731933594e+00
2.296091556549072266e+00
1.705895423889160156e+00
5.334381014108657837e-02
9.240217804908752441e-01
1.227846622467041016e+00
1.268605232238769531e+00
1.487318992614746094e+00
1.567047119140625000e+00
5.600009560585021973e-01
-1.669749915599822998e-01
-7.639216780662536621e-01
3.808079063892364502e-01
2.290668785572052002e-01
4.041567146778106689e-01
5.753417611122131348e-01
-2.214588165283203125e+00
-2.632095336914062500e+00
-1.911195755004882812e+00
-2.381981849670410156e+00
-2.761264801025390625e+00
-3.750182151794433594e+00
-3.608851432800292969e+00
-4.026782989501953125e+00
-3.894185066223144531e+00
-3.753730773925781250e+00
-3.238156318664550781e+00
-1.983615875244140625e+00
-1.390151977539062500e+00
-7.288016676902770996e-01
-7.023639082908630371e-01
-4.909562766551971436e-01
1.425673484802246094e+00
1.299231529235839844e+00
1.659631252288818359e+00
1.900784492492675781e+00
2.654763221740722656e+00
1.670243740081787109e+00
2.481492996215820312e+00
2.530096054077148438e+00
3.104776382446289062e+00
3.124043941497802734e+00
3.200480461120605469e+00
3.637648582458496094e+00
4.169170856475830078e+00
4.644525527954101562e+00
5.794286251068115234e+00
6.058211326599121094e+00
6.960634231567382812e+00
6.887962818145751953e+00
6.608899116516113281e+00
8.003661155700683594e+00
7.530049324035644531e+00
7.533831119537353516e+00
6.779424190521240234e+00
6.457715511322021484e+00
6.216946125030517578e+00
4.140958309173583984e+00
2.810195446014404297e+00
1.562709331512451172e+00
1.121747016906738281e+00
8.203597664833068848e-01
2.266821861267089844e+00
1.137038707733154297e+00
9.204555153846740723e-01
2.140207588672637939e-01
3.354931175708770752e-01
4.224768161773681641e+00
2.194473743438720703e+00
1.620521545410156250e+00
1.699185848236083984e+00
1.201728343963623047e+00
8.645043969154357910e-01
1.359248161315917969e+00
1.459990501403808594e+00
1.444663524627685547e+00
1.065745830535888672e+00
1.552931785583496094e+00
2.050383090972900391e+00
2.670693874359130859e+00
2.731441497802734375e+00
2.238942623138427734e+00
2.879333496093750000e+00
2.734749317169189453e+00
3.823606014251708984e+00
2.794994831085205078e+00
1.142859458923339844e+00
1.145072460174560547e+00
1.535421371459960938e+00
8.766766190528869629e-01
4.814210236072540283e-01
2.535181343555450439e-01
4.761696159839630127e-01
1.133810043334960938e+00
3.123283684253692627e-01
9.858516603708267212e-02
7.411184906959533691e-01
1.214169502258300781e+00
1.396813392639160156e+00
1.205659866333007812e+00
1.988581657409667969e+00
2.079885959625244141e+00
2.350457668304443359e+00
2.497725486755371094e+00
2.595420837402343750e+00
3.074671745300292969e+00
2.685352325439453125e+00
2.394421100616455078e+00
2.366676807403564453e+00
1.612529754638671875e+00
1.404667377471923828e+00
1.384570598602294922e+00
1.581713199615478516e+00
9.885149598121643066e-01
6.863561272621154785e-01
1.073373317718505859e+00
1.189123630523681641e+00
1.728738307952880859e+00
1.943243503570556641e+00
1.516422271728515625e+00
1.533190727233886719e+00
1.567699909210205078e+00
1.245779037475585938e+00
1.562312126159667969e+00
2.565815925598144531e+00
2.768966197967529297e+00
3.005362033843994141e+00
4.006470680236816406e+00
3.998161315917968750e+00
3.934606075286865234e+00
4.986237049102783203e+00
5.180600643157958984e+00
5.826077461242675781e+00
5.550018787384033203e+00
6.017366409301757812e+00
6.081166744232177734e+00
6.110221385955810547e+00
6.262966632843017578e+00
6.373436927795410156e+00
6.632946968078613281e+00
6.815431118011474609e+00
6.605602264404296875e+00
6.646560668945312500e+00
7.050010681152343750e+00
6.898149490356445312e+00
7.649638652801513672e+00
7.552507877349853516e+00
7.452597618103027344e+00
7.753722667694091797e+00
8.227879524230957031e+00
8.162466049194335938e+00
8.104476928710937500e+00
9.705797195434570312e+00
1.007576942443847656e+01
1.028903675079345703e+01
1.065817070007324219e+01
1.072031879425048828e+01
1.068414592742919922e+01
1.060719966888427734e+01
1.011415863037109375e+01
1.003190422058105469e+01
9.954929351806640625e+00
9.944649696350097656e+00
9.937554359436035156e+00
9.922357559204101562e+00
9.972480773925781250e+00
9.958438873291015625e+00
9.930921554565429688e+00
9.839933395385742188e+00
1.046941947937011719e+01
1.031190109252929688e+01
1.053695392608642578e+01
9.034882545471191406e+00
8.771892547607421875e+00
8.292416572570800781e+00
8.099036216735839844e+00
7.683267593383789062e+00
7.590669155120849609e+00
4.947453975677490234e+00
4.727429389953613281e+00
4.330093383789062500e+00
4.314665794372558594e+00
3.047792434692382812e+00
7.972808480262756348e-01
1.052716732025146484e+00
-8.289403319358825684e-01
-6.693066954612731934e-01
-1.744308173656463623e-01
-9.253167510032653809e-01
7.810214906930923462e-02
-3.977536857128143311e-01
-1.757783591747283936e-01
6.743431687355041504e-01
6.653638482093811035e-01
8.192844986915588379e-01
8.504629731178283691e-01
1.349519729614257812e+00
1.457355499267578125e+00
1.606559753417968750e+00
1.703182220458984375e+00
1.706383228302001953e+00
2.210187435150146484e+00
2.223193645477294922e+00
2.187317848205566406e+00
2.688529491424560547e+00
2.049924850463867188e+00
1.996888160705566406e+00
1.950055599212646484e+00
1.796065330505371094e+00
1.607875823974609375e+00
1.508989334106445312e+00
2.070985317230224609e+00
1.412127971649169922e+00
2.980715751647949219e+00
3.208673000335693359e+00
4.845412254333496094e+00
5.223369598388671875e+00
6.870207309722900391e+00
7.335898399353027344e+00
7.604773521423339844e+00
8.264713287353515625e+00
8.063695907592773438e+00
8.500286102294921875e+00
8.973587989807128906e+00
9.468672752380371094e+00
1.009739398956298828e+01
1.064525699615478516e+01
1.055698776245117188e+01
1.113497734069824219e+01
1.152097702026367188e+01
1.131646156311035156e+01
1.135886478424072266e+01
1.107172107696533203e+01
1.093294143676757812e+01
1.137396049499511719e+01
1.179358959197998047e+01
1.194590187072753906e+01
1.225184440612792969e+01
1.243759918212890625e+01
1.238629150390625000e+01
1.220987319946289062e+01
1.228018760681152344e+01
1.384314060211181641e+01
1.302261543273925781e+01
1.343725204467773438e+01
1.335287189483642578e+01
1.265204334259033203e+01
1.326454734802246094e+01
1.263724708557128906e+01
1.261297225952148438e+01
1.165257453918457031e+01
1.150687503814697266e+01
1.150000667572021484e+01
1.129329109191894531e+01
1.076873016357421875e+01
1.027416992187500000e+01
9.838664054870605469e+00
9.779992103576660156e+00
9.675277709960937500e+00
9.360298156738281250e+00
9.237825393676757812e+00
9.404727935791015625e+00
8.234062194824218750e+00
7.009103298187255859e+00
5.350908756256103516e+00
4.031126976013183594e+00
2.515610694885253906e+00
2.147145748138427734e+00
1.476714134216308594e+00
2.038051605224609375e+00
1.796867370605468750e+00
1.317876815795898438e+00
6.301003098487854004e-01
1.491248130798339844e+00
1.733736038208007812e+00
1.387530326843261719e+00
1.665438652038574219e+00
1.348058700561523438e+00
1.413251876831054688e+00
1.230751037597656250e+00
1.645222187042236328e+00
2.305797576904296875e+00
2.013143539428710938e+00
2.061244010925292969e+00
2.659157752990722656e+00
2.821382999420166016e+00
2.985684871673583984e+00
3.569699287414550781e+00
2.954470634460449219e+00
-3.876602172851562500e+00
-6.529832839965820312e+00
-7.276649475097656250e+00
-9.088601112365722656e+00
-1.064949131011962891e+01
-1.116749286651611328e+01
-9.913418769836425781e+00
-1.243901348114013672e+01
-1.246794033050537109e+01
-1.282017230987548828e+01
-1.261301326751708984e+01
-1.205318546295166016e+01
-1.185631465911865234e+01
-1.234299945831298828e+01
-1.238455867767333984e+01
-1.306284046173095703e+01
-1.242568111419677734e+01
-1.221719074249267578e+01
-1.238024234771728516e+01
-1.245048809051513672e+01
-1.229140377044677734e+01
-1.194122982025146484e+01
-1.196552944183349609e+01
-1.191015148162841797e+01
-7.946848869323730469e+00
-7.077376365661621094e+00
-7.735058784484863281e+00
-9.156613349914550781e+00
-8.140095710754394531e+00
-8.229414939880371094e+00
-1.390309238433837891e+01
-1.485639095306396484e+01
-1.500306606292724609e+01
-1.510080623626708984e+01
-1.486142826080322266e+01
-1.546146488189697266e+01
-1.564502048492431641e+01
-1.577274990081787109e+01
-1.499234294891357422e+01
-1.565051555633544922e+01
-1.502569675445556641e+01
-1.485283756256103516e+01
-1.448288059234619141e+01
-1.543154430389404297e+01
-1.536209774017333984e+01
-1.565191936492919922e+01
-1.553746509552001953e+01
-1.521608638763427734e+01
-1.482452678680419922e+01
-1.442120456695556641e+01
-1.425910472869873047e+01
5.300521373748779297e+00
1.278574562072753906e+01
1.195967578887939453e+01
1.043752384185791016e+01
1.149405860900878906e+01
1.175404834747314453e+01
1.121958446502685547e+01
1.093897056579589844e+01
1.084376621246337891e+01
1.014979839324951172e+01
1.009392166137695312e+01
9.057484626770019531e+00
8.265968322753906250e+00
4.413571834564208984e+00
2.658122539520263672e+00
2.233350276947021484e+00
3.332684516906738281e+00
3.540720939636230469e+00
3.394695281982421875e+00
3.232685565948486328e+00
2.697024345397949219e+00
2.379621505737304688e+00
2.064655780792236328e+00
2.176607608795166016e+00
1.978557109832763672e+00
2.531130313873291016e+00
2.400384902954101562e+00
2.966265201568603516e+00
2.887304782867431641e+00
2.375413894653320312e+00
2.299554347991943359e+00
1.877737522125244141e+00
2.862122535705566406e+00
2.767104148864746094e+00
3.055310726165771484e+00
3.438338756561279297e+00
4.107691287994384766e+00
3.980793476104736328e+00
3.902666568756103516e+00
3.747006416320800781e+00
3.046821117401123047e+00
2.768435955047607422e+00
2.205162525177001953e+00
5.045874118804931641e+00
5.248595714569091797e+00
5.306530475616455078e+00
6.278895378112792969e+00
8.746619224548339844e+00
8.419607162475585938e+00
7.566940784454345703e+00
7.497919082641601562e+00
8.066962242126464844e+00
7.906017780303955078e+00
7.087933540344238281e+00
6.811807632446289062e+00
6.785433292388916016e+00
6.369894981384277344e+00
6.515651226043701172e+00
6.649071693420410156e+00
5.996076583862304688e+00
4.842714786529541016e+00
4.523882865905761719e+00
4.312975406646728516e+00
3.597993850708007812e+00
3.368202209472656250e+00
2.805344581604003906e+00
2.777774810791015625e+00
2.756428718566894531e+00
3.789710998535156250e+00
4.532312870025634766e+00
5.223587989807128906e+00
4.076954364776611328e+00
4.403823852539062500e+00
7.552719116210937500e+00
8.530585289001464844e+00
8.001691818237304688e+00
8.059817314147949219e+00
6.003208160400390625e+00
5.004024982452392578e+00
4.601232051849365234e+00
5.162692546844482422e+00
6.742876052856445312e+00
7.181242942810058594e+00
7.660459995269775391e+00
1.072972011566162109e+01
9.476330757141113281e+00
7.975600719451904297e+00
1.000986480712890625e+01
1.183121395111083984e+01
1.353071975708007812e+01
1.381926345825195312e+01
1.599351596832275391e+01
1.606918907165527344e+01
1.607046508789062500e+01
1.582894897460937500e+01
1.608972740173339844e+01
1.568260765075683594e+01
1.527479267120361328e+01
1.497121143341064453e+01
1.483574962615966797e+01
1.426393127441406250e+01
1.410727024078369141e+01
1.173558807373046875e+01
1.214593505859375000e+01
1.227449607849121094e+01
1.265379333496093750e+01
1.289182758331298828e+01
1.306919288635253906e+01
1.372099208831787109e+01
1.427525329589843750e+01
1.459883594512939453e+01
1.418637943267822266e+01
1.428360748291015625e+01
1.349628925323486328e+01
1.272262477874755859e+01
1.248648643493652344e+01
1.301383495330810547e+01
1.290915966033935547e+01
1.275913333892822266e+01
1.362857246398925781e+01
1.314027786254882812e+01
1.234777355194091797e+01
1.254944705963134766e+01
1.118860626220703125e+01
1.572451019287109375e+01
1.593101692199707031e+01
1.567195987701416016e+01
1.564860248565673828e+01
1.868785858154296875e+01
1.879409599304199219e+01
1.903773307800292969e+01
1.915348243713378906e+01
1.910488319396972656e+01
1.904468345642089844e+01
1.904574775695800781e+01
1.928632545471191406e+01
1.931323814392089844e+01
1.922101211547851562e+01
1.915739059448242188e+01
1.905219650268554688e+01
1.888017082214355469e+01
1.920781326293945312e+01
1.913677597045898438e+01
1.908271217346191406e+01
1.867084503173828125e+01
1.906170272827148438e+01
1.951122665405273438e+01
1.984235763549804688e+01
1.981628608703613281e+01
1.919329833984375000e+01
1.797238731384277344e+01
1.799707603454589844e+01
1.781150817871093750e+01
1.814498901367187500e+01
1.783417510986328125e+01
1.837722969055175781e+01
1.791839790344238281e+01
1.764155197143554688e+01
1.768136024475097656e+01
1.784520721435546875e+01
1.763306999206542969e+01
1.779185104370117188e+01
1.770199203491210938e+01
1.792297554016113281e+01
1.774726867675781250e+01
1.789197921752929688e+01
1.806464576721191406e+01
1.377344322204589844e+01
1.060182094573974609e+01
9.148124694824218750e+00
9.839963912963867188e+00
9.223839759826660156e+00
9.651034355163574219e+00
9.711416244506835938e+00
9.377370834350585938e+00
8.642601966857910156e+00
9.804671287536621094e+00
8.879516601562500000e+00
9.013593673706054688e+00
8.688348770141601562e+00
8.330693244934082031e+00
8.510450363159179688e+00
4.592973709106445312e+00
4.009894371032714844e+00
5.416016578674316406e+00
4.973416328430175781e+00
5.168608188629150391e+00
4.926818847656250000e+00
5.816996097564697266e+00
4.984051227569580078e+00
4.976107120513916016e+00
5.742973327636718750e+00
6.045783996582031250e+00
6.147586822509765625e+00
6.553010463714599609e+00
6.805521011352539062e+00
7.226353168487548828e+00
7.438305854797363281e+00
8.170514106750488281e+00
8.945907592773437500e+00
9.127764701843261719e+00
9.175373077392578125e+00
8.980749130249023438e+00
8.953858375549316406e+00
9.180333137512207031e+00
9.217023849487304688e+00
9.233745574951171875e+00
2.772666931152343750e+00
1.733279705047607422e+00
6.270518898963928223e-01
-7.379495538771152496e-03
-1.155978202819824219e+00
-1.115550041198730469e+00
-1.457491874694824219e+00
-6.164121031761169434e-01
-3.061246573925018311e-01
1.536214351654052734e+00
9.345718026161193848e-01
1.553983986377716064e-01
1.076439380645751953e+00
-1.484768867492675781e+00
-1.685045242309570312e+00
-1.488475799560546875e+00
-4.104068756103515625e+00
-3.459753036499023438e+00
-3.318981170654296875e+00
-3.630501747131347656e+00
-3.923813819885253906e+00
-3.826767921447753906e+00
-4.176727294921875000e+00
-3.537305831909179688e+00
-3.511529922485351562e+00
-3.823477745056152344e+00
-3.438246726989746094e+00
-3.312358856201171875e+00
-2.995762825012207031e+00
-3.097740173339843750e+00
-3.277744293212890625e+00
-2.622953414916992188e+00
-2.380927085876464844e+00
-1.836664199829101562e+00
-9.444550871849060059e-01
-4.936322867870330811e-01
-3.903194516897201538e-02
-2.036259651184082031e+00
-1.877218246459960938e+00
-2.044476509094238281e+00
-1.640960693359375000e+00
-1.633071601390838623e-01
1.058444499969482422e+00
1.635361671447753906e+00
1.497794151306152344e+00
1.541614532470703125e+00
1.541052818298339844e+00
1.304103851318359375e+00
1.323086261749267578e+00
1.337507724761962891e+00
1.246926784515380859e+00
1.085025787353515625e+00
9.975033402442932129e-01
4.548068344593048096e-01
5.089965462684631348e-01
2.220115959644317627e-01
7.782941460609436035e-01
8.853440880775451660e-01
-3.005017280578613281e+00
-2.583272933959960938e+00
-2.692436218261718750e+00
-2.195874214172363281e+00
-1.792017936706542969e+00
-1.382963180541992188e+00
-1.420842170715332031e+00
-9.110316634178161621e-01
-8.160590529441833496e-01
-7.255992293357849121e-01
-6.636361479759216309e-01
-8.835601210594177246e-01
-1.430364608764648438e+00
-2.524724006652832031e+00
-1.834068298339843750e+00
-1.821353912353515625e+00
-2.253813743591308594e+00
-2.288640975952148438e+00
-2.351639747619628906e+00
-2.176568031311035156e+00
-2.511221885681152344e+00
-2.317452430725097656e+00
-2.054459571838378906e+00
-2.429462432861328125e+00
-3.175810813903808594e+00
-3.154985427856445312e+00
-3.203161239624023438e+00
-3.617689132690429688e+00
-3.718326568603515625e+00
-3.579419136047363281e+00
-3.636971473693847656e+00
-3.587410926818847656e+00
-3.064088821411132812e+00
-2.600636482238769531e+00
-3.231972694396972656e+00
-3.036308288574218750e+00
-2.788653373718261719e+00
-1.073769569396972656e+00
-1.975798606872558594e+00
-1.612493515014648438e+00
-2.274622917175292969e+00
-2.650716781616210938e+00
-2.284226417541503906e+00
-1.642251968383789062e+00
-1.340947151184082031e+00
-1.306179046630859375e+00
-2.152003943920135498e-01
8.578210473060607910e-01
1.220874309539794922e+00
2.596676826477050781e+00
2.461717605590820312e+00
8.569059371948242188e+00
8.671147346496582031e+00
9.311419486999511719e+00
9.051287651062011719e+00
9.406225204467773438e+00
8.593606948852539062e+00
8.135501861572265625e+00
7.425272941589355469e+00
7.047189712524414062e+00
6.391634464263916016e+00
5.814393043518066406e+00
5.733974456787109375e+00
5.567956447601318359e+00
6.257442474365234375e+00
6.246181011199951172e+00
6.263671398162841797e+00
6.383575439453125000e+00
6.211934089660644531e+00
5.640612602233886719e+00
5.530249118804931641e+00
6.246291160583496094e+00
5.540735721588134766e+00
6.083180427551269531e+00
5.618871212005615234e+00
5.546762466430664062e+00
5.494740009307861328e+00
5.578712463378906250e+00
6.034558296203613281e+00
5.991676330566406250e+00
5.962476253509521484e+00
5.887580871582031250e+00
5.875041007995605469e+00
5.631492614746093750e+00
5.658597946166992188e+00
6.027473449707031250e+00
5.803865432739257812e+00
5.158090591430664062e+00
4.778530597686767578e+00
5.139605998992919922e+00
4.640921592712402344e+00
3.948591709136962891e+00
4.529801845550537109e+00
4.604617595672607422e+00
4.708257675170898438e+00
4.044391155242919922e+00
3.698907375335693359e+00
3.722377777099609375e+00
3.776757717132568359e+00
2.683407783508300781e+00
2.596232891082763672e+00
2.057330608367919922e+00
1.540308952331542969e+00
1.491909503936767578e+00
8.840995430946350098e-01
9.777393937110900879e-01
1.137668609619140625e+00
4.523892700672149658e-01
-1.715259253978729248e-01
-7.118977904319763184e-01
2.616885863244533539e-02
1.407213509082794189e-01
5.161944031715393066e-01
1.159252643585205078e+00
2.422236919403076172e+00
1.965476989746093750e+00
1.717876434326171875e+00
1.760897636413574219e+00
1.921458244323730469e+00
2.564010620117187500e+00
2.535591125488281250e+00
1.840757369995117188e+00
1.906174659729003906e+00
1.971096515655517578e+00
2.545838356018066406e+00
3.048013210296630859e+00
4.175593852996826172e+00
4.852111816406250000e+00
4.890444278717041016e+00
4.879444122314453125e+00
4.893027782440185547e+00
4.947933197021484375e+00
4.182446956634521484e+00
4.860352993011474609e+00
3.944233894348144531e+00
4.158186912536621094e+00
3.795079708099365234e+00
4.101522445678710938e+00
4.189067840576171875e+00
4.289038181304931641e+00
5.112967491149902344e+00
4.500216960906982422e+00
4.513793468475341797e+00
4.470427036285400391e+00
4.454052925109863281e+00
3.889244079589843750e+00
4.471732139587402344e+00
3.935614109039306641e+00
4.334023475646972656e+00
4.424710750579833984e+00
4.276770114898681641e+00
4.206083774566650391e+00
3.705628871917724609e+00
3.604174137115478516e+00
3.613462924957275391e+00
3.544250011444091797e+00
3.686029911041259766e+00
4.078732013702392578e+00
3.996037006378173828e+00
4.088150024414062500e+00
3.432653903961181641e+00
3.519337177276611328e+00
4.716641426086425781e+00
3.648172378540039062e+00
4.675819396972656250e+00
2.395020008087158203e+00
2.842480659484863281e+00
3.755760669708251953e+00
3.296963691711425781e+00
4.305250167846679688e+00
3.615736961364746094e+00
4.668658256530761719e+00
6.986790180206298828e+00
5.494511604309082031e+00
6.672626972198486328e+00
6.306533336639404297e+00
4.852758884429931641e+00
5.345145225524902344e+00
5.756841182708740234e+00
6.182481765747070312e+00
7.079544067382812500e+00
6.864625930786132812e+00
6.321785449981689453e+00
7.339473247528076172e+00
8.430060386657714844e+00
8.688754081726074219e+00
8.531989097595214844e+00
8.399851799011230469e+00
8.036019325256347656e+00
8.034851074218750000e+00
7.872018814086914062e+00
7.572196006774902344e+00
7.283463954925537109e+00
6.779776096343994141e+00
6.634516239166259766e+00
6.662843227386474609e+00
6.558191299438476562e+00
5.550484180450439453e+00
5.235667228698730469e+00
5.367614746093750000e+00
4.997314929962158203e+00
5.146039485931396484e+00
3.517654895782470703e+00
3.563179492950439453e+00
-2.040967643260955811e-01
-5.917491316795349121e-01
-1.963090598583221436e-01
-8.844467252492904663e-02
-1.240272149443626404e-01
4.502490907907485962e-02
-2.671527564525604248e-01
-7.696875929832458496e-01
-2.229098975658416748e-01
-7.269725203514099121e-01
-9.139346480369567871e-01
-8.358172774314880371e-01
1.190491095185279846e-01
-1.100082024931907654e-01
-5.612916350364685059e-01
-6.680821776390075684e-01
-2.158120155334472656e+00
-2.931929588317871094e+00
-3.584156990051269531e+00
-3.555867195129394531e+00
-4.661372184753417969e+00
-4.609598159790039062e+00
-4.094692230224609375e+00
-3.793672561645507812e+00
-3.823275566101074219e+00
-4.262475967407226562e+00
-3.548168182373046875e+00
-6.698060035705566406e+00
-7.152523994445800781e+00
-6.741127967834472656e+00
-7.397638320922851562e+00
-8.236306190490722656e+00
-8.234902381896972656e+00
-6.876233100891113281e+00
-8.361149787902832031e+00
-8.554415702819824219e+00
-8.990502357482910156e+00
-9.358016014099121094e+00
-7.718279838562011719e+00
-9.130650520324707031e+00
-9.364354133605957031e+00
-9.774064064025878906e+00
-9.735451698303222656e+00
-9.760525703430175781e+00
-9.316361427307128906e+00
-8.935786247253417969e+00
-8.902302742004394531e+00
-8.893038749694824219e+00
-8.389752388000488281e+00
-8.454594612121582031e+00
-8.380095481872558594e+00
-8.321688652038574219e+00
-8.731049537658691406e+00
-8.609515190124511719e+00
-8.991824150085449219e+00
-8.915030479431152344e+00
-8.741061210632324219e+00
-9.249920845031738281e+00
-9.062998771667480469e+00
-8.499644279479980469e+00
-8.459311485290527344e+00
-8.368222236633300781e+00
-8.262528419494628906e+00
-7.693182945251464844e+00
-7.110416412353515625e+00
-7.092353820800781250e+00
-5.904526710510253906e+00
-4.867005348205566406e+00
-7.259674072265625000e+00
-7.205061912536621094e+00
-6.865231513977050781e+00
-6.779319763183593750e+00
-5.919824600219726562e+00
-5.349802970886230469e+00
-5.839765548706054688e+00
-5.577956199645996094e+00
-4.980171203613281250e+00
-4.855417251586914062e+00
-4.160997390747070312e+00
-4.164015769958496094e+00
-4.545446395874023438e+00
-3.870429039001464844e+00
-3.398519515991210938e+00
-2.820686340332031250e+00
-2.351188659667968750e+00
-2.330470085144042969e+00
-2.281296730041503906e+00
-2.680547714233398438e+00
-2.606259346008300781e+00
-2.605126380920410156e+00
-2.544330596923828125e+00
-2.419095039367675781e+00
-2.744417190551757812e+00
-2.864247322082519531e+00
-3.213312149047851562e+00
-3.161761283874511719e+00
-3.330986976623535156e+00
-3.163905143737792969e+00
-3.188138961791992188e+00
-2.699646949768066406e+00
-2.125571250915527344e+00
-1.961980819702148438e+00
-1.883517265319824219e+00
-1.372024536132812500e+00
-7.148827910423278809e-01
-6.118173003196716309e-01
-4.922952353954315186e-01
-3.615426719188690186e-01
1.259527504444122314e-01
1.828184425830841064e-01
1.427173912525177002e-01
-2.972993552684783936e-01
1.117605686187744141e+00
1.287755489349365234e+00
1.124756813049316406e+00
1.150177955627441406e+00
1.172206401824951172e+00
1.524835109710693359e+00
1.882001399993896484e+00
2.657319068908691406e+00
3.708104610443115234e+00
3.761325359344482422e+00
4.038368225097656250e+00
5.210435867309570312e+00
5.316044807434082031e+00
6.197463989257812500e+00
6.112612247467041016e+00
6.604048728942871094e+00
7.446293830871582031e+00
7.779803276062011719e+00
7.039414882659912109e+00
7.367887973785400391e+00
6.713113307952880859e+00
6.625867843627929688e+00
6.499098300933837891e+00
6.074927806854248047e+00
6.074534416198730469e+00
6.100881099700927734e+00
6.137454032897949219e+00
5.624826908111572266e+00
5.644537925720214844e+00
5.708769321441650391e+00
5.803707122802734375e+00
6.401571750640869141e+00
5.957131385803222656e+00
6.434212684631347656e+00
6.571541309356689453e+00
6.724756717681884766e+00
6.762821674346923828e+00
6.780281066894531250e+00
7.458934783935546875e+00
7.920808792114257812e+00
8.007717132568359375e+00
7.975522994995117188e+00
8.870424270629882812e+00
8.271642684936523438e+00
8.082441329956054688e+00
8.037879943847656250e+00
7.882998466491699219e+00
7.281501293182373047e+00
6.628481864929199219e+00
6.134026527404785156e+00
5.515831947326660156e+00
5.587415695190429688e+00
4.999001979827880859e+00
4.480169296264648438e+00
4.929048538208007812e+00
4.876169681549072266e+00
4.754837989807128906e+00
4.527664184570312500e+00
4.002615451812744141e+00
4.001572132110595703e+00
2.811357975006103516e+00
1.829906940460205078e+00
1.381177902221679688e+00
2.230448246002197266e+00
1.620244979858398438e+00
1.317047595977783203e+00
1.544190406799316406e+00
1.519690990447998047e+00
1.457932472229003906e+00
1.393337726593017578e+00
1.387364387512207031e+00
1.236640453338623047e+00
1.150331497192382812e+00
1.038943767547607422e+00
3.064642250537872314e-01
2.854957878589630127e-01
-3.940868079662322998e-01
-4.367026984691619873e-01
-9.141129851341247559e-01
-8.992938399314880371e-01
-8.583411574363708496e-01
-8.083943724632263184e-01
-3.332204520702362061e-01
-2.424840629100799561e-01
-6.108884215354919434e-01
-9.398707747459411621e-01
-1.649356842041015625e+00
-1.792535781860351562e+00
-1.597242355346679688e+00
-1.421783447265625000e+00
-9.128388762474060059e-01
-1.176958084106445312e+00
-7.367791533470153809e-01
-7.733611464500427246e-01
-1.736459434032440186e-01
-3.372888267040252686e-01
-9.307879805564880371e-01
-1.342085838317871094e+00
-9.035987257957458496e-01
-8.658751845359802246e-01
-4.310989081859588623e-01
-6.348418593406677246e-01
-5.105456709861755371e-01
-5.389108061790466309e-01
-4.826812446117401123e-01
-4.997154325246810913e-02
5.303655266761779785e-01
1.188874721527099609e+00
1.272531032562255859e+00
3.377466499805450439e-01
4.628291428089141846e-01
6.227126717567443848e-01
6.283269524574279785e-01
1.081008911132812500e+00
1.678461074829101562e+00
3.161110877990722656e+00
2.513442516326904297e+00
2.580497741699218750e+00
3.436697006225585938e+00
3.824232101440429688e+00
4.747979640960693359e+00
5.255344867706298828e+00
6.288846015930175781e+00
6.909142971038818359e+00
7.824662208557128906e+00
8.255606651306152344e+00
8.738496780395507812e+00
9.136160850524902344e+00
1.009787178039550781e+01
9.875631332397460938e+00
1.101634788513183594e+01
1.143439483642578125e+01
1.121208572387695312e+01
1.082193088531494141e+01
1.124525547027587891e+01
1.099717235565185547e+01
1.094144344329833984e+01
1.113756752014160156e+01
1.095362377166748047e+01
1.076846885681152344e+01
1.078295898437500000e+01
1.093664932250976562e+01
1.113835716247558594e+01
1.108591651916503906e+01
1.102050399780273438e+01
1.101304721832275391e+01
1.085996723175048828e+01
1.137007808685302734e+01
1.143416786193847656e+01
1.136943817138671875e+01
1.122776126861572266e+01
1.142539787292480469e+01
1.137587833404541016e+01
1.138080024719238281e+01
1.138564777374267578e+01
1.138780021667480469e+01
1.202292346954345703e+01
1.179337596893310547e+01
1.197271537780761719e+01
1.194288635253906250e+01
1.195467281341552734e+01
1.217739486694335938e+01
1.255786609649658203e+01
1.243633651733398438e+01
1.245690631866455078e+01
1.231927108764648438e+01
1.251695632934570312e+01
1.235328483581542969e+01
1.255405616760253906e+01
1.250691032409667969e+01
1.223559570312500000e+01
1.219400119781494141e+01
1.218979167938232422e+01
1.168250846862792969e+01
1.167427349090576172e+01
1.059188175201416016e+01
1.028519344329833984e+01
9.547847747802734375e+00
9.614788055419921875e+00
9.111022949218750000e+00
9.030997276306152344e+00
9.118678092956542969e+00
9.139070510864257812e+00
9.585617065429687500e+00
9.698039054870605469e+00
1.005657577514648438e+01
9.555576324462890625e+00
1.011251544952392578e+01
1.004159641265869141e+01
1.014469337463378906e+01
9.481076240539550781e+00
9.347402572631835938e+00
9.258869171142578125e+00
9.324616432189941406e+00
8.790563583374023438e+00
9.027083396911621094e+00
9.142169952392578125e+00
9.093611717224121094e+00
8.571224212646484375e+00
8.700336456298828125e+00
8.527478218078613281e+00
8.473233222961425781e+00
8.577483177185058594e+00
8.885919570922851562e+00
8.429182052612304688e+00
8.546950340270996094e+00
8.513962745666503906e+00
8.854819297790527344e+00
8.865117073059082031e+00
8.813507080078125000e+00
8.469813346862792969e+00
8.225867271423339844e+00
7.863642215728759766e+00
7.764071941375732422e+00
7.089310169219970703e+00
7.015271186828613281e+00
6.910378932952880859e+00
6.807044982910156250e+00
7.424671173095703125e+00
6.832408428192138672e+00
6.799146175384521484e+00
7.363601684570312500e+00
7.163378238677978516e+00
-1.247522258758544922e+01
-1.411182117462158203e+01
-1.426154422760009766e+01
-1.376482105255126953e+01
-1.286878108978271484e+01
-1.281132411956787109e+01
-1.264413928985595703e+01
-1.121218776702880859e+01
-1.020154857635498047e+01
-8.504275321960449219e+00
-6.180635452270507812e+00
-8.300749778747558594e+00
