1.974316120147705078e+00
1.980918884277343750e+00
2.666169643402099609e+00
3.347460269927978516e+00
3.366297721862792969e+00
3.331511974334716797e+00
3.309940814971923828e+00
3.628003120422363281e+00
2.703901290893554688e+00
-3.762186050415039062e+00
-4.460869789123535156e+00
-2.616019248962402344e+00
-2.290982246398925781e+00
-2.961476325988769531e+00
-3.308192253112792969e+00
-3.551522254943847656e+00
-4.482789039611816406e+00
-3.969296455383300781e+00
-4.338761329650878906e+00
-4.974908828735351562e+00
-5.448676109313964844e+00
-5.889815330505371094e+00
-4.541671752929687500e+00
-3.595960617065429688e+00
-3.630773544311523438e+00
-3.224773406982421875e+00
-3.883188247680664062e+00
-3.765878677368164062e+00
-3.518544197082519531e+00
-3.884985923767089844e+00
-3.219686508178710938e+00
-3.378698348999023438e+00
-4.520127296447753906e+00
-4.952134132385253906e+00
-4.861471176147460938e+00
-4.521719932556152344e+00
-5.132339477539062500e+00
-5.914282798767089844e+00
-6.288444519042968750e+00
-6.210461616516113281e+00
-6.811131477355957031e+00
-6.742779731750488281e+00
-6.724679946899414062e+00
-6.127561569213867188e+00
-6.154913902282714844e+00
-6.643777847290039062e+00
-5.807703018188476562e+00
-6.523389816284179688e+00
-5.948743820190429688e+00
-5.279100418090820312e+00
-6.060420036315917969e+00
-5.910926818847656250e+00
-5.891849517822265625e+00
9.692144989967346191e-01
-6.388946622610092163e-02
1.779483795166015625e+00
1.322172641754150391e+00
7.105880379676818848e-01
2.032589435577392578e+00
2.770909786224365234e+00
1.771654605865478516e+00
2.789810657501220703e+00
3.067881107330322266e+00
4.319109916687011719e+00
4.332050323486328125e+00
2.720580577850341797e+00
3.913320541381835938e+00
3.877779960632324219e+00
4.918911933898925781e+00
5.558239936828613281e+00
6.173917770385742188e+00
6.298707485198974609e+00
6.327093124389648438e+00
6.997625350952148438e+00
7.054327011108398438e+00
7.051183700561523438e+00
7.540229797363281250e+00
2.291418075561523438e+00
3.378653049468994141e+00
2.697501659393310547e+00
1.589478492736816406e+00
-5.394429564476013184e-01
-2.413725852966308594e+00
-7.694317817687988281e+00
-7.649335265159606934e-01
-2.743984222412109375e+00
-3.010495185852050781e+00
-4.580823898315429688e+00
-5.215230941772460938e+00
-4.944463729858398438e+00
-6.413733482360839844e+00
-6.598348617553710938e+00
-6.936693191528320312e+00
-6.857668876647949219e+00
-6.883633613586425781e+00
-6.568861961364746094e+00
-6.467462539672851562e+00
-6.463456153869628906e+00
-6.354643821716308594e+00
-6.300129890441894531e+00
-5.724387168884277344e+00
9.354649543762207031e+00
6.234502315521240234e+00
6.415123462677001953e+00
6.466711521148681641e+00
6.184985637664794922e+00
6.551791667938232422e+00
6.258698463439941406e+00
6.496277332305908203e+00
6.530522346496582031e+00
6.452543735504150391e+00
6.296991825103759766e+00
7.615283966064453125e+00
7.277967929840087891e+00
7.092226982116699219e+00
7.219715595245361328e+00
7.107183933258056641e+00
7.632700443267822266e+00
8.169930458068847656e+00
7.163625240325927734e+00
7.835962295532226562e+00
8.217617034912109375e+00
7.793005943298339844e+00
7.135526657104492188e+00
1.229301929473876953e+00
-8.772696852684020996e-01
-3.103218078613281250e+00
-1.986167907714843750e+00
-3.052641868591308594e+00
-2.499846458435058594e+00
-1.782172203063964844e+00
-8.189839720726013184e-01
-8.766908049583435059e-01
3.808546364307403564e-01
-2.582311332225799561e-01
1.087522506713867188e+00
1.063065338134765625e+01
9.100479125976562500e+00
7.789900302886962891e+00
7.747691631317138672e+00
7.533409118652343750e+00
7.421077251434326172e+00
7.177718639373779297e+00
6.945327281951904297e+00
7.256191730499267578e+00
4.081999301910400391e+00
5.207143306732177734e+00
5.015686988830566406e+00
8.988916397094726562e+00
1.066358661651611328e+01
1.050957489013671875e+01
1.057791614532470703e+01
9.834069252014160156e+00
8.709770202636718750e+00
8.813519477844238281e+00
7.952054977416992188e+00
8.318729400634765625e+00
8.311146736145019531e+00
5.987645149230957031e+00
5.090503692626953125e+00
4.905219078063964844e+00
1.076124191284179688e+00
3.237565040588378906e+00
3.929751396179199219e+00
4.062978744506835938e+00
3.769550323486328125e+00
2.006940078735351562e+01
1.916520118713378906e+01
1.879859542846679688e+01
1.829806900024414062e+01
1.844911575317382812e+01
1.813388442993164062e+01
1.843084907531738281e+01
1.778478240966796875e+01
1.804196548461914062e+01
1.770389175415039062e+01
1.773713302612304688e+01
1.823180580139160156e+01
1.826204872131347656e+01
1.765340614318847656e+01
1.851648330688476562e+01
1.858900451660156250e+01
1.912941551208496094e+01
1.887456321716308594e+01
1.823332786560058594e+01
1.853543663024902344e+01
1.804434204101562500e+01
1.906599807739257812e+01
1.888958740234375000e+01
1.809810638427734375e+01
1.800760078430175781e+01
1.650816917419433594e+01
1.653542709350585938e+01
1.752364921569824219e+01
1.751178359985351562e+01
1.722161102294921875e+01
1.578601741790771484e+01
1.030000019073486328e+01
1.126462936401367188e+01
1.212855434417724609e+01
1.228510093688964844e+01
1.327695560455322266e+01
1.396868801116943359e+01
1.404432773590087891e+01
1.529732036590576172e+01
1.526054859161376953e+01
1.595352172851562500e+01
1.452557849884033203e+01
1.375752735137939453e+01
1.517339229583740234e+01
1.491870307922363281e+01
1.590307140350341797e+01
1.484643650054931641e+01
1.526978397369384766e+01
1.549678421020507812e+01
1.150692749023437500e+01
1.711902046203613281e+01
1.794887542724609375e+01
1.786155891418457031e+01
1.917703247070312500e+01
1.728957939147949219e+01
1.907595252990722656e+01
1.939254951477050781e+01
1.876149177551269531e+01
1.872371482849121094e+01
1.855779647827148438e+01
1.846167182922363281e+01
1.846484565734863281e+01
1.826584815979003906e+01
1.795686912536621094e+01
1.807900238037109375e+01
1.808409500122070312e+01
1.798837661743164062e+01
1.695966148376464844e+01
1.715291595458984375e+01
1.706998062133789062e+01
1.670614051818847656e+01
1.745764350891113281e+01
1.811126327514648438e+01
1.824898910522460938e+01
1.874957275390625000e+01
1.890213012695312500e+01
1.932513809204101562e+01
1.979685974121093750e+01
2.026601982116699219e+01
1.849165153503417969e+01
1.832552337646484375e+01
1.388152503967285156e+01
1.476700305938720703e+01
1.525945758819580078e+01
1.500553131103515625e+01
1.500941467285156250e+01
1.536841773986816406e+01
1.548351669311523438e+01
1.599588012695312500e+01
1.588346099853515625e+01
1.549372386932373047e+01
1.535473823547363281e+01
1.526004695892333984e+01
1.563259506225585938e+01
1.614150238037109375e+01
1.595893478393554688e+01
1.634696578979492188e+01
1.632148361206054688e+01
1.638582611083984375e+01
1.738289260864257812e+01
1.788111114501953125e+01
1.786651992797851562e+01
1.770069503784179688e+01
1.772027015686035156e+01
1.778400802612304688e+01
1.778271865844726562e+01
1.780448532104492188e+01
1.784919548034667969e+01
1.754953765869140625e+01
1.740548515319824219e+01
1.748541259765625000e+01
1.694893074035644531e+01
1.687445640563964844e+01
1.689228248596191406e+01
1.686501312255859375e+01
1.680610656738281250e+01
1.677994155883789062e+01
1.687326049804687500e+01
1.684272575378417969e+01
1.668237686157226562e+01
-2.220685005187988281e+00
-3.572873771190643311e-01
7.546501755714416504e-01
1.552515506744384766e+00
1.660526275634765625e+00
2.352199554443359375e+00
2.430246829986572266e+00
3.491306781768798828e+00
2.322961807250976562e+00
2.065325736999511719e+00
2.213783264160156250e+00
2.848848819732666016e+00
2.874059677124023438e+00
3.581029891967773438e+00
3.470819950103759766e+00
3.494061470031738281e+00
3.311122417449951172e+00
3.615729808807373047e+00
1.934892177581787109e+00
2.678886890411376953e+00
2.458140373229980469e+00
2.363025665283203125e+00
2.114247798919677734e+00
3.293849468231201172e+00
1.658953189849853516e+00
7.377544045448303223e-01
1.392706394195556641e+00
-2.365207374095916748e-01
-3.989534080028533936e-01
-1.188603401184082031e+00
-1.260548591613769531e+00
-1.525229454040527344e+00
2.068946647644042969e+01
2.043702316284179688e+01
2.017580413818359375e+01
2.051562881469726562e+01
2.055910110473632812e+01
2.106662940979003906e+01
2.114774322509765625e+01
2.114735603332519531e+01
2.133669662475585938e+01
2.062877845764160156e+01
2.076772117614746094e+01
2.007562637329101562e+01
1.946897697448730469e+01
1.976858139038085938e+01
2.073668861389160156e+01
2.056909751892089844e+01
2.060766410827636719e+01
2.019792366027832031e+01
1.998165512084960938e+01
1.976781463623046875e+01
2.002507591247558594e+01
2.014165687561035156e+01
1.848891639709472656e+01
1.830816459655761719e+01
1.742139625549316406e+01
1.910094642639160156e+01
1.876822280883789062e+01
1.858633232116699219e+01
1.906746673583984375e+01
1.993163490295410156e+01
2.043995666503906250e+01
2.038673400878906250e+01
1.972080230712890625e+01
1.955535888671875000e+01
1.928712081909179688e+01
1.896505737304687500e+01
1.884256935119628906e+01
1.944553375244140625e+01
1.886304664611816406e+01
1.929884338378906250e+01
1.994627380371093750e+01
1.868888854980468750e+01
1.886179733276367188e+01
2.039249420166015625e+01
2.147583961486816406e+01
2.172096061706542969e+01
2.166217803955078125e+01
2.140787124633789062e+01
2.055832672119140625e+01
2.005499649047851562e+01
2.032336997985839844e+01
1.998344993591308594e+01
1.994493484497070312e+01
1.985466194152832031e+01
1.940948486328125000e+01
1.951823806762695312e+01
1.969222831726074219e+01
1.971204185485839844e+01
1.969773483276367188e+01
1.950223731994628906e+01
1.831616210937500000e+01
1.844477081298828125e+01
1.729587554931640625e+01
1.639199256896972656e+01
1.718681526184082031e+01
1.679417037963867188e+01
1.723218345642089844e+01
1.647171974182128906e+01
1.701341247558593750e+01
1.826906585693359375e+01
2.008533859252929688e+01
2.065107917785644531e+01
2.072550964355468750e+01
2.037486648559570312e+01
2.034958076477050781e+01
2.032105636596679688e+01
2.029759407043457031e+01
1.986011123657226562e+01
2.022179412841796875e+01
2.060315322875976562e+01
2.100333595275878906e+01
2.065409851074218750e+01
2.047698783874511719e+01
2.030746841430664062e+01
1.981512069702148438e+01
1.959930610656738281e+01
1.945073127746582031e+01
1.988239669799804688e+01
1.983562660217285156e+01
2.043582344055175781e+01
2.173304367065429688e+01
2.201393508911132812e+01
2.175590324401855469e+01
2.154177665710449219e+01
2.136890602111816406e+01
2.173138046264648438e+01
2.176907348632812500e+01
2.220016288757324219e+01
2.228178977966308594e+01
2.223427963256835938e+01
2.210500526428222656e+01
2.168359375000000000e+01
2.122426986694335938e+01
2.082615661621093750e+01
2.003351020812988281e+01
1.977642250061035156e+01
1.950194168090820312e+01
1.966811180114746094e+01
1.930798912048339844e+01
1.933202743530273438e+01
1.990528297424316406e+01
1.915689659118652344e+01
1.838517951965332031e+01
1.779224395751953125e+01
1.625761985778808594e+01
1.520684242248535156e+01
1.529307842254638672e+01
1.480799007415771484e+01
1.536735248565673828e+01
1.585985183715820312e+01
1.535006904602050781e+01
1.658285713195800781e+01
1.612222480773925781e+01
1.493270587921142578e+01
1.634143829345703125e+01
1.649004936218261719e+01
1.641613006591796875e+01
1.653720283508300781e+01
1.651900291442871094e+01
1.655330085754394531e+01
1.611958503723144531e+01
1.720555114746093750e+01
1.720629501342773438e+01
1.874798965454101562e+01
2.020234107971191406e+01
1.951275253295898438e+01
1.889911270141601562e+01
1.714141273498535156e+01
1.836433029174804688e+01
1.730915832519531250e+01
1.688866233825683594e+01
1.730695343017578125e+01
1.743705940246582031e+01
1.736742019653320312e+01
1.613485527038574219e+01
1.676239585876464844e+01
1.647264862060546875e+01
1.750304794311523438e+01
1.557855415344238281e+01
1.635831642150878906e+01
1.873941421508789062e+01
1.818065452575683594e+01
1.914099502563476562e+01
1.887133979797363281e+01
1.816746520996093750e+01
1.817664337158203125e+01
1.882187461853027344e+01
1.891020393371582031e+01
1.825666999816894531e+01
1.821380043029785156e+01
1.865980148315429688e+01
1.793090820312500000e+01
1.712988471984863281e+01
1.694120597839355469e+01
1.725087547302246094e+01
1.701980209350585938e+01
1.631652259826660156e+01
1.638055229187011719e+01
1.608342361450195312e+01
1.573273944854736328e+01
1.634839439392089844e+01
1.824632263183593750e+01
1.782664680480957031e+01
1.796113777160644531e+01
2.021007156372070312e+01
1.989740180969238281e+01
1.920904541015625000e+01
1.961782836914062500e+01
1.925444221496582031e+01
1.929171562194824219e+01
1.970654487609863281e+01
1.931271362304687500e+01
1.904741096496582031e+01
1.890049552917480469e+01
1.930276107788085938e+01
1.899650192260742188e+01
1.779405212402343750e+01
1.679609680175781250e+01
1.694537162780761719e+01
1.854605674743652344e+01
1.917702865600585938e+01
1.925380134582519531e+01
1.963380813598632812e+01
1.945937347412109375e+01
1.903076362609863281e+01
2.022861671447753906e+01
1.996477127075195312e+01
1.896734809875488281e+01
1.787735176086425781e+01
1.788361740112304688e+01
1.744290924072265625e+01
1.770598220825195312e+01
1.785618019104003906e+01
1.792886543273925781e+01
1.846198844909667969e+01
1.872044944763183594e+01
1.885834884643554688e+01
1.889847183227539062e+01
1.882554435729980469e+01
1.882121658325195312e+01
1.915970420837402344e+01
1.927864074707031250e+01
1.908848953247070312e+01
1.964478683471679688e+01
1.933263206481933594e+01
1.932373428344726562e+01
1.952702331542968750e+01
1.843361282348632812e+01
1.889413452148437500e+01
1.955270195007324219e+01
1.978411865234375000e+01
1.984985160827636719e+01
2.020895195007324219e+01
2.057415008544921875e+01
2.050492095947265625e+01
2.017069625854492188e+01
2.025694465637207031e+01
2.028694152832031250e+01
1.971918106079101562e+01
1.955984497070312500e+01
1.911600875854492188e+01
1.726146507263183594e+01
1.647853279113769531e+01
1.670243835449218750e+01
1.594646167755126953e+01
1.786896324157714844e+01
1.890833854675292969e+01
1.942747306823730469e+01
2.010244369506835938e+01
2.041032791137695312e+01
1.986985778808593750e+01
2.006105613708496094e+01
1.996677970886230469e+01
2.020148468017578125e+01
2.001608848571777344e+01
1.995807838439941406e+01
1.991753578186035156e+01
1.967209625244140625e+01
1.923785400390625000e+01
1.927776145935058594e+01
1.931599426269531250e+01
1.886449813842773438e+01
1.843363189697265625e+01
1.653245544433593750e+01
1.565443897247314453e+01
1.489871215820312500e+01
1.467597866058349609e+01
1.499372482299804688e+01
1.460777950286865234e+01
1.498132133483886719e+01
1.394176292419433594e+01
1.266897106170654297e+01
1.161221313476562500e+01
1.252672004699707031e+01
1.130007457733154297e+01
1.229349708557128906e+01
1.104496192932128906e+01
1.133113574981689453e+01
1.098391342163085938e+01
1.084989833831787109e+01
9.819808006286621094e+00
9.814024925231933594e+00
9.493870735168457031e+00
9.848095893859863281e+00
1.016507148742675781e+01
9.910602569580078125e+00
1.003590297698974609e+01
1.170327949523925781e+01
1.149630451202392578e+01
1.158758926391601562e+01
1.255015087127685547e+01
1.364765167236328125e+01
1.392209815979003906e+01
1.270972156524658203e+01
1.235024166107177734e+01
1.262687873840332031e+01
1.261245346069335938e+01
1.209034824371337891e+01
1.194356632232666016e+01
1.387428951263427734e+01
1.327842712402343750e+01
1.268425941467285156e+01
1.305504608154296875e+01
1.431523799896240234e+01
1.437220764160156250e+01
1.467451953887939453e+01
1.427338790893554688e+01
1.467428207397460938e+01
1.439910984039306641e+01
1.473690223693847656e+01
1.570462226867675781e+01
1.595342731475830078e+01
1.562065315246582031e+01
1.560659694671630859e+01
1.605371475219726562e+01
1.620916175842285156e+01
1.624178123474121094e+01
1.664182853698730469e+01
1.654325485229492188e+01
1.674574661254882812e+01
1.640987014770507812e+01
1.552792930603027344e+01
1.478807735443115234e+01
1.517581939697265625e+01
1.507305145263671875e+01
1.496063518524169922e+01
1.452150440216064453e+01
1.422373962402343750e+01
1.484546375274658203e+01
1.451221275329589844e+01
1.507272529602050781e+01
1.478071117401123047e+01
1.433466148376464844e+01
1.408113002777099609e+01
1.505823516845703125e+01
1.554809761047363281e+01
1.695221710205078125e+01
1.712168312072753906e+01
1.826847648620605469e+01
1.943094635009765625e+01
1.931052589416503906e+01
1.955916213989257812e+01
1.955122566223144531e+01
1.933866882324218750e+01
1.862374687194824219e+01
1.683827781677246094e+01
1.693660926818847656e+01
1.639008522033691406e+01
1.501347351074218750e+01
1.507699680328369141e+01
1.476874446868896484e+01
1.548179912567138672e+01
1.603672409057617188e+01
1.620310592651367188e+01
1.815030860900878906e+01
1.798029899597167969e+01
1.874104118347167969e+01
1.847494125366210938e+01
1.841846084594726562e+01
1.799692344665527344e+01
1.789086151123046875e+01
1.683838844299316406e+01
1.614885902404785156e+01
1.765992546081542969e+01
1.816194343566894531e+01
1.774976730346679688e+01
1.766684150695800781e+01
1.745150756835937500e+01
1.814636611938476562e+01
1.820680046081542969e+01
1.668835258483886719e+01
1.567380619049072266e+01
1.326955604553222656e+01
1.410620117187500000e+01
1.335665225982666016e+01
1.433587932586669922e+01
1.348487281799316406e+01
1.355650138854980469e+01
1.390666484832763672e+01
1.451533031463623047e+01
1.418590736389160156e+01
1.327637004852294922e+01
1.343015003204345703e+01
1.358779239654541016e+01
1.377474784851074219e+01
1.389869117736816406e+01
1.445338916778564453e+01
1.457043933868408203e+01
1.513161182403564453e+01
1.567382812500000000e+01
1.626348495483398438e+01
1.608612060546875000e+01
1.636867904663085938e+01
1.609618759155273438e+01
1.624740028381347656e+01
1.609501647949218750e+01
1.598411178588867188e+01
1.515307044982910156e+01
1.544542121887207031e+01
1.552554225921630859e+01
1.547769832611083984e+01
1.682900047302246094e+01
1.802370262145996094e+01
1.808221626281738281e+01
1.848297119140625000e+01
1.801025962829589844e+01
1.795749282836914062e+01
1.935544586181640625e+01
1.942635345458984375e+01
1.979892158508300781e+01
1.960316276550292969e+01
1.954529571533203125e+01
1.974693870544433594e+01
1.951387596130371094e+01
1.969665908813476562e+01
1.960928535461425781e+01
1.929740905761718750e+01
1.920190048217773438e+01
1.918813133239746094e+01
1.931410217285156250e+01
1.922786140441894531e+01
1.920192718505859375e+01
1.871826362609863281e+01
1.903053855895996094e+01
1.849881553649902344e+01
1.832825088500976562e+01
1.786900901794433594e+01
1.696276855468750000e+01
1.471569156646728516e+01
1.450405025482177734e+01
1.476691150665283203e+01
1.420597743988037109e+01
1.490655136108398438e+01
1.780374526977539062e+01
1.746767807006835938e+01
1.689395141601562500e+01
1.754538154602050781e+01
1.756286621093750000e+01
1.753903579711914062e+01
1.697821617126464844e+01
-5.869864821434020996e-01
3.492786884307861328e+00
3.740602970123291016e+00
3.698881149291992188e+00
3.999502182006835938e+00
3.923176765441894531e+00
4.412853717803955078e+00
4.888968944549560547e+00
4.799180507659912109e+00
4.409255981445312500e+00
4.943087577819824219e+00
5.040381431579589844e+00
5.141490459442138672e+00
5.194749832153320312e+00
5.241340160369873047e+00
5.218231201171875000e+00
6.775344371795654297e+00
6.929747104644775391e+00
6.517655849456787109e+00
6.969217300415039062e+00
6.422577857971191406e+00
6.423679351806640625e+00
6.890747070312500000e+00
6.851560592651367188e+00
6.824239730834960938e+00
6.684762001037597656e+00
6.761228084564208984e+00
6.697571754455566406e+00
6.652894973754882812e+00
7.217384815216064453e+00
7.176964759826660156e+00
7.665332794189453125e+00
-3.953701972961425781e+00
-3.873234748840332031e+00
-3.732419013977050781e+00
-4.963125228881835938e+00
-5.104545593261718750e+00
-5.461649894714355469e+00
-5.896228790283203125e+00
-5.516195297241210938e+00
-5.793162345886230469e+00
-6.044802665710449219e+00
-6.613126754760742188e+00
-6.639516830444335938e+00
-6.092272758483886719e+00
-5.843794822692871094e+00
-5.887799263000488281e+00
-6.576493263244628906e+00
-6.375270843505859375e+00
-6.433964729309082031e+00
-6.573043823242187500e+00
-6.501442909240722656e+00
-6.478761672973632812e+00
-5.831520080566406250e+00
-5.440963745117187500e+00
-5.526062965393066406e+00
-5.670109748840332031e+00
-4.847763061523437500e+00
-5.016693115234375000e+00
-4.296981811523437500e+00
-4.426841735839843750e+00
5.210333824157714844e+00
3.152739048004150391e+00
4.699182987213134766e+00
4.468850135803222656e+00
4.968323230743408203e+00
5.304806709289550781e+00
5.576532363891601562e+00
6.041346549987792969e+00
6.557731628417968750e+00
5.500940322875976562e+00
5.607024669647216797e+00
6.312960624694824219e+00
5.460116386413574219e+00
6.187590122222900391e+00
6.463016033172607422e+00
6.348534107208251953e+00
7.074130535125732422e+00
6.814018726348876953e+00
5.331024169921875000e+00
6.033829212188720703e+00
4.498974323272705078e+00
5.591288566589355469e+00
6.556164264678955078e+00
7.610626697540283203e+00
-4.040416717529296875e+00
-4.538509368896484375e+00
-5.433164596557617188e+00
-6.323305130004882812e+00
-6.266898155212402344e+00
-5.797270774841308594e+00
-5.739622116088867188e+00
-5.572994232177734375e+00
-4.605109214782714844e+00
-3.432330131530761719e+00
-4.461178779602050781e+00
-9.009990096092224121e-01
-2.221345603466033936e-01
-1.753987967967987061e-01
-1.502599418163299561e-01
-1.662482917308807373e-01
-4.184179008007049561e-01
-4.544715583324432373e-01
-2.741636276245117188e+00
-2.996288299560546875e+00
-6.333379745483398438e+00
-7.455076217651367188e+00
-7.339652061462402344e+00
5.911865830421447754e-01
-4.494828879833221436e-01
-2.304696738719940186e-01
1.009383201599121094e+00
8.759480118751525879e-01
1.278065204620361328e+00
2.032135009765625000e+00
3.972613811492919922e+00
2.092272281646728516e+00
3.689430713653564453e+00
3.734608173370361328e+00
3.904442787170410156e+00
3.510823726654052734e+00
3.638920783996582031e+00
4.685771942138671875e+00
4.467061042785644531e+00
3.995639324188232422e+00
5.474984645843505859e+00
5.101440906524658203e+00
6.241203308105468750e+00
5.732716560363769531e+00
6.394306659698486328e+00
4.732195854187011719e+00
9.478312134742736816e-01
8.332125663757324219e+00
6.507436275482177734e+00
7.292639255523681641e+00
5.437669754028320312e+00
5.546690464019775391e+00
5.385380268096923828e+00
5.188332557678222656e+00
4.406588554382324219e+00
4.382708072662353516e+00
3.907547473907470703e+00
3.350344657897949219e+00
4.228605747222900391e+00
3.467639923095703125e+00
2.385988712310791016e+00
3.611741542816162109e+00
4.039053916931152344e+00
4.174716472625732422e+00
4.198558807373046875e+00
4.092233657836914062e+00
4.376905918121337891e+00
2.991443634033203125e+00
3.770600318908691406e+00
3.201457977294921875e+00
2.702141284942626953e+00
3.777365684509277344e+00
3.443238258361816406e+00
3.546737670898437500e+00
2.428908824920654297e+00
3.310895442962646484e+00
3.786640644073486328e+00
1.863995170593261719e+01
1.831278800964355469e+01
1.775147438049316406e+01
1.692487144470214844e+01
1.673880004882812500e+01
1.676839256286621094e+01
1.671505546569824219e+01
1.655722236633300781e+01
1.618314743041992188e+01
1.496860027313232422e+01
1.498819828033447266e+01
1.452958393096923828e+01
1.485089015960693359e+01
1.416602706909179688e+01
1.501616668701171875e+01
1.484543800354003906e+01
1.462541103363037109e+01
1.581485462188720703e+01
1.656651115417480469e+01
1.605165100097656250e+01
1.622892570495605469e+01
1.631254386901855469e+01
1.678363990783691406e+01
1.665167045593261719e+01
1.665184020996093750e+01
1.627503395080566406e+01
1.634167861938476562e+01
1.680072021484375000e+01
1.647064018249511719e+01
1.719658088684082031e+01
1.718194580078125000e+01
1.704600524902343750e+01
1.687539482116699219e+01
1.692153739929199219e+01
1.678040122985839844e+01
1.672232627868652344e+01
1.644325447082519531e+01
1.575720500946044922e+01
1.461305046081542969e+01
1.472701454162597656e+01
1.496834278106689453e+01
1.622493171691894531e+01
1.649491500854492188e+01
1.752082824707031250e+01
1.666596794128417969e+01
1.553569507598876953e+01
1.644658660888671875e+01
1.548830223083496094e+01
1.487470054626464844e+01
1.532359027862548828e+01
1.338142108917236328e+01
1.395663356781005859e+01
1.460820007324218750e+01
1.520397853851318359e+01
1.577993774414062500e+01
1.628480911254882812e+01
1.776085090637207031e+01
1.910139846801757812e+01
1.928077125549316406e+01
1.963795852661132812e+01
1.965589904785156250e+01
1.895156669616699219e+01
1.829044532775878906e+01
1.766076850891113281e+01
1.774221801757812500e+01
1.787650871276855469e+01
1.860079765319824219e+01
1.865653228759765625e+01
1.859943771362304688e+01
1.850617027282714844e+01
1.880897331237792969e+01
1.809925651550292969e+01
1.823618316650390625e+01
1.777465057373046875e+01
1.732408142089843750e+01
1.689979743957519531e+01
1.737414169311523438e+01
1.741825294494628906e+01
1.815198516845703125e+01
1.832634353637695312e+01
1.896896743774414062e+01
1.809088134765625000e+01
1.882683944702148438e+01
2.001811981201171875e+01
2.100576591491699219e+01
2.112447738647460938e+01
2.117687225341796875e+01
2.144861793518066406e+01
2.135824584960937500e+01
1.751749992370605469e+01
1.755116081237792969e+01
1.706870651245117188e+01
1.706268882751464844e+01
1.675363922119140625e+01
1.682525825500488281e+01
1.673618698120117188e+01
1.662501716613769531e+01
1.685486984252929688e+01
1.615382957458496094e+01
1.563998126983642578e+01
1.460868072509765625e+01
1.291178894042968750e+01
1.327713775634765625e+01
1.283652305603027344e+01
1.269051170349121094e+01
1.286915969848632812e+01
1.057704257965087891e+01
1.073298549652099609e+01
1.095161628723144531e+01
9.267086029052734375e+00
1.021868705749511719e+01
1.020785522460937500e+01
1.007017135620117188e+01
1.026387405395507812e+01
1.013923645019531250e+01
1.028968524932861328e+01
1.051801872253417969e+01
9.704404830932617188e+00
8.109515190124511719e+00
7.339438915252685547e+00
6.985477924346923828e+00
5.187186241149902344e+00
5.112074375152587891e+00
5.508857250213623047e+00
5.217469692230224609e+00
4.912935733795166016e+00
5.292114734649658203e+00
2.530879497528076172e+00
3.173082828521728516e+00
3.617474079132080078e+00
3.846039772033691406e+00
3.606965065002441406e+00
3.469556331634521484e+00
4.144798755645751953e+00
4.406020641326904297e+00
4.903844833374023438e+00
8.814592361450195312e+00
8.883885383605957031e+00
1.117303562164306641e+01
1.072302627563476562e+01
1.184094905853271484e+01
1.097495460510253906e+01
1.058453655242919922e+01
1.037673950195312500e+01
1.010838985443115234e+01
9.836617469787597656e+00
9.518740653991699219e+00
9.748660087585449219e+00
9.192379951477050781e+00
8.600625991821289062e+00
7.057721614837646484e+00
7.628726959228515625e+00
6.220634937286376953e+00
5.209763526916503906e+00
5.735025405883789062e+00
5.659749984741210938e+00
5.141096591949462891e+00
-8.321959495544433594e+00
-7.770892143249511719e+00
-7.450183868408203125e+00
-7.632048606872558594e+00
-7.887072563171386719e+00
-7.542134284973144531e+00
-7.890374183654785156e+00
-7.920365333557128906e+00
-7.903441429138183594e+00
-7.120139122009277344e+00
1.373166847229003906e+01
1.608303070068359375e+01
1.486723041534423828e+01
1.561033439636230469e+01
1.589565753936767578e+01
1.596950054168701172e+01
1.602129173278808594e+01
1.638915634155273438e+01
1.683484268188476562e+01
1.645825386047363281e+01
1.606698226928710938e+01
1.569566631317138672e+01
1.469190216064453125e+01
1.503074264526367188e+01
1.556259536743164062e+01
1.615708351135253906e+01
1.568281745910644531e+01
1.572149276733398438e+01
1.590973091125488281e+01
1.656095314025878906e+01
1.716439819335937500e+01
1.623430442810058594e+01
1.500247478485107422e+01
1.452606201171875000e+01
1.408486747741699219e+01
1.520025444030761719e+01
1.588694858551025391e+01
1.639987754821777344e+01
1.574936103820800781e+01
1.499111461639404297e+01
1.565593719482421875e+01
1.625974655151367188e+01
1.655597877502441406e+01
1.684899711608886719e+01
1.679049491882324219e+01
1.511956596374511719e+01
1.430592441558837891e+01
1.217715358734130859e+01
1.314172077178955078e+01
1.408547306060791016e+01
1.560944938659667969e+01
1.974703598022460938e+01
2.018379402160644531e+01
1.914810752868652344e+01
1.948284912109375000e+01
1.954946899414062500e+01
1.939754867553710938e+01
1.936909675598144531e+01
1.924118232727050781e+01
1.941852378845214844e+01
1.851904106140136719e+01
1.827946853637695312e+01
1.696521759033203125e+01
1.523861980438232422e+01
1.138253116607666016e+01
1.164400577545166016e+01
1.058763217926025391e+01
9.943031311035156250e+00
1.097660636901855469e+01
1.096370315551757812e+01
1.125268077850341797e+01
1.099667263031005859e+01
1.159759235382080078e+01
1.082178783416748047e+01
9.747497558593750000e+00
9.237943649291992188e+00
9.640004158020019531e+00
1.003199768066406250e+01
1.003776741027832031e+01
1.007139492034912109e+01
9.559508323669433594e+00
9.534355163574218750e+00
9.933138847351074219e+00
1.281714916229248047e+01
1.398654556274414062e+01
1.424663448333740234e+01
1.433011150360107422e+01
1.475759696960449219e+01
1.487326240539550781e+01
1.490952873229980469e+01
1.486839103698730469e+01
1.484897613525390625e+01
1.447555351257324219e+01
1.436948490142822266e+01
1.438761234283447266e+01
1.441143798828125000e+01
1.475090694427490234e+01
1.470630550384521484e+01
1.342029190063476562e+01
1.337226867675781250e+01
1.340039730072021484e+01
1.383852958679199219e+01
1.344282150268554688e+01
1.367051601409912109e+01
1.288175392150878906e+01
1.282878208160400391e+01
1.293584632873535156e+01
1.337723731994628906e+01
1.358980083465576172e+01
1.374423122406005859e+01
1.419842052459716797e+01
1.395896148681640625e+01
1.398767185211181641e+01
1.402762699127197266e+01
1.400133514404296875e+01
1.432891082763671875e+01
1.440153503417968750e+01
1.480534267425537109e+01
1.528475761413574219e+01
1.548777294158935547e+01
1.580017185211181641e+01
1.563095855712890625e+01
1.576648616790771484e+01
1.561153507232666016e+01
1.451713943481445312e+01
1.422679042816162109e+01
1.449304866790771484e+01
1.485941982269287109e+01
1.525618553161621094e+01
1.621682548522949219e+01
1.668544006347656250e+01
1.668594741821289062e+01
1.726344299316406250e+01
1.773463249206542969e+01
1.781647109985351562e+01
1.827536964416503906e+01
1.778763008117675781e+01
1.761828613281250000e+01
1.803552436828613281e+01
1.659099960327148438e+01
1.633532333374023438e+01
1.781279945373535156e+01
1.785839271545410156e+01
1.774279403686523438e+01
1.817468643188476562e+01
1.862677955627441406e+01
1.855329132080078125e+01
1.891763687133789062e+01
1.891929626464843750e+01
1.918200302124023438e+01
1.860858917236328125e+01
1.892906761169433594e+01
1.876395797729492188e+01
1.910317420959472656e+01
1.869874191284179688e+01
1.853115844726562500e+01
1.892952537536621094e+01
1.863609123229980469e+01
1.858897209167480469e+01
1.864842605590820312e+01
1.911087989807128906e+01
1.922853660583496094e+01
1.937668037414550781e+01
1.951182746887207031e+01
1.956819725036621094e+01
1.972688102722167969e+01
1.939212989807128906e+01
1.938497161865234375e+01
1.975717353820800781e+01
1.981682205200195312e+01
1.970598411560058594e+01
1.966405487060546875e+01
1.971446037292480469e+01
1.963025665283203125e+01
1.953596115112304688e+01
1.945935058593750000e+01
2.022076034545898438e+01
2.036931991577148438e+01
2.037775802612304688e+01
2.032320976257324219e+01
1.973088645935058594e+01
1.943176269531250000e+01
1.937902641296386719e+01
1.934951972961425781e+01
1.897807121276855469e+01
1.891872787475585938e+01
1.931438255310058594e+01
1.942402076721191406e+01
1.938986206054687500e+01
1.962714576721191406e+01
1.947512435913085938e+01
1.931552505493164062e+01
1.939499664306640625e+01
1.935488700866699219e+01
1.920053291320800781e+01
1.944681739807128906e+01
1.914280700683593750e+01
1.917263031005859375e+01
1.890009117126464844e+01
1.885292434692382812e+01
1.885502815246582031e+01
1.891706466674804688e+01
1.855286026000976562e+01
1.847416496276855469e+01
1.858805465698242188e+01
1.904286575317382812e+01
1.878950309753417969e+01
1.868321418762207031e+01
1.872164726257324219e+01
1.863108444213867188e+01
1.861558532714843750e+01
1.868738555908203125e+01
1.870216178894042969e+01
1.835053825378417969e+01
1.847805213928222656e+01
1.834055328369140625e+01
1.855112648010253906e+01
1.869588851928710938e+01
1.872624588012695312e+01
1.838176345825195312e+01
1.863765716552734375e+01
1.880163192749023438e+01
1.883383178710937500e+01
1.880867958068847656e+01
1.888679122924804688e+01
1.880087852478027344e+01
1.877475929260253906e+01
1.871018218994140625e+01
1.870674514770507812e+01
1.864308738708496094e+01
1.829457664489746094e+01
1.863344001770019531e+01
1.808253860473632812e+01
1.790021133422851562e+01
1.750771713256835938e+01
1.722852897644042969e+01
1.769004821777343750e+01
1.670777702331542969e+01
1.721677589416503906e+01
1.653407287597656250e+01
1.775406837463378906e+01
1.899614143371582031e+01
1.928864288330078125e+01
1.945608329772949219e+01
1.909391403198242188e+01
1.901935577392578125e+01
1.906315612792968750e+01
1.910080909729003906e+01
1.953066444396972656e+01
1.914915466308593750e+01
1.905357742309570312e+01
1.781032943725585938e+01
1.729382705688476562e+01
1.743308258056640625e+01
1.587037372589111328e+01
1.507495784759521484e+01
1.449660205841064453e+01
1.242111492156982422e+01
1.519336223602294922e+01
1.317762947082519531e+01
1.043883800506591797e+01
9.892831802368164062e+00
1.017820549011230469e+01
1.035780239105224609e+01
8.948228836059570312e+00
1.073153018951416016e+01
1.107089138031005859e+01
1.231224822998046875e+01
1.120482921600341797e+01
1.188837432861328125e+01
1.255443954467773438e+01
1.263393306732177734e+01
1.367748260498046875e+01
1.313111305236816406e+01
1.357734870910644531e+01
1.468128967285156250e+01
1.315202903747558594e+01
1.415353775024414062e+01
1.415215301513671875e+01
1.391155719757080078e+01
1.255426406860351562e+01
1.401736259460449219e+01
1.392168617248535156e+01
1.354650020599365234e+01
1.001746749877929688e+01
9.710163116455078125e+00
1.023245620727539062e+01
1.070134353637695312e+01
1.025777816772460938e+01
1.081972789764404297e+01
9.352056503295898438e+00
8.403398513793945312e+00
1.085873031616210938e+01
1.297615718841552734e+01
1.458244037628173828e+01
1.558374404907226562e+01
1.323024272918701172e+01
1.417790317535400391e+01
1.365329456329345703e+01
1.236117553710937500e+01
1.373883056640625000e+01
1.493553161621093750e+01
1.636405563354492188e+01
1.706052589416503906e+01
1.359021759033203125e+01
1.058346652984619141e+01
1.152908802032470703e+01
1.162735843658447266e+01
1.040192222595214844e+01
1.089996337890625000e+01
1.301929569244384766e+01
1.425937652587890625e+01
1.533947467803955078e+01
1.489382743835449219e+01
1.516080856323242188e+01
1.528083896636962891e+01
1.579867649078369141e+01
1.692897415161132812e+01
1.599137973785400391e+01
1.664576911926269531e+01
1.723656082153320312e+01
1.682061576843261719e+01
1.638007545471191406e+01
1.715337371826171875e+01
1.679208183288574219e+01
1.620566177368164062e+01
1.602178192138671875e+01
1.416663360595703125e+01
1.267897415161132812e+01
1.366905117034912109e+01
1.400779056549072266e+01
1.402740287780761719e+01
1.414802169799804688e+01
1.355175685882568359e+01
1.321317100524902344e+01
1.330003929138183594e+01
1.259037780761718750e+01
1.264470291137695312e+01
1.282400608062744141e+01
1.279320716857910156e+01
1.213695240020751953e+01
1.004646778106689453e+01
8.323004722595214844e+00
7.528742790222167969e+00
7.784126758575439453e+00
7.356514930725097656e+00
7.397154808044433594e+00
7.992300510406494141e+00
9.329298019409179688e+00
8.292172431945800781e+00
8.443794250488281250e+00
9.291132926940917969e+00
9.367424964904785156e+00
8.770356178283691406e+00
8.968253135681152344e+00
8.483194351196289062e+00
8.567904472351074219e+00
8.647118568420410156e+00
6.991495609283447266e+00
7.440746784210205078e+00
8.122318267822265625e+00
8.548990249633789062e+00
8.464984893798828125e+00
8.458107948303222656e+00
6.370688438415527344e+00
5.043035030364990234e+00
5.517528533935546875e+00
5.142316818237304688e+00
5.013800144195556641e+00
4.907893657684326172e+00
4.266356468200683594e+00
5.761262416839599609e+00
5.100331783294677734e+00
6.186398983001708984e+00
7.186682701110839844e+00
6.123341560363769531e+00
7.839904785156250000e+00
6.952560901641845703e+00
6.409047126770019531e+00
7.398086547851562500e+00
6.931787014007568359e+00
9.111534118652343750e+00
7.636178970336914062e+00
1.012676334381103516e+01
1.105163383483886719e+01
1.037087917327880859e+01
9.586508750915527344e+00
1.030781459808349609e+01
1.163619518280029297e+01
1.115676116943359375e+01
1.128480434417724609e+01
1.117115783691406250e+01
1.221538162231445312e+01
1.155638694763183594e+01
1.089389419555664062e+01
1.098656558990478516e+01
1.162362766265869141e+01
1.287964153289794922e+01
1.386821079254150391e+01
1.474173736572265625e+01
1.555388736724853516e+01
1.637580299377441406e+01
1.617129516601562500e+01
1.626535606384277344e+01
1.689460563659667969e+01
1.787986946105957031e+01
1.781802749633789062e+01
1.765137481689453125e+01
1.742033004760742188e+01
1.736321258544921875e+01
1.711614990234375000e+01
1.672211837768554688e+01
1.660005760192871094e+01
1.637208557128906250e+01
1.624336433410644531e+01
1.584374713897705078e+01
1.575119400024414062e+01
1.522148609161376953e+01
1.528942775726318359e+01
1.472609424591064453e+01
1.456891059875488281e+01
1.424924373626708984e+01
1.327893829345703125e+01
1.115582561492919922e+01
1.086599540710449219e+01
1.115858173370361328e+01
9.466331481933593750e+00
8.576146125793457031e+00
1.157132625579833984e+01
1.646113967895507812e+01
1.671403121948242188e+01
1.610619163513183594e+01
1.653238296508789062e+01
1.614841461181640625e+01
1.553645229339599609e+01
1.568046951293945312e+01
1.630046653747558594e+01
1.621199226379394531e+01
1.545364856719970703e+01
1.434919643402099609e+01
1.384234714508056641e+01
1.505725765228271484e+01
1.548936176300048828e+01
1.543142795562744141e+01
1.535037708282470703e+01
1.466695976257324219e+01
1.457836914062500000e+01
1.472097873687744141e+01
1.499438381195068359e+01
1.511467075347900391e+01
1.513376712799072266e+01
1.476413249969482422e+01
1.483096408843994141e+01
1.391817760467529297e+01
1.355040836334228516e+01
1.321839332580566406e+01
1.346067810058593750e+01
1.469350528717041016e+01
1.505278778076171875e+01
1.524044036865234375e+01
1.525978183746337891e+01
1.505562686920166016e+01
1.475788974761962891e+01
1.468345832824707031e+01
1.493743038177490234e+01
1.494326496124267578e+01
1.494678115844726562e+01
1.523593711853027344e+01
1.485409641265869141e+01
1.462741756439208984e+01
1.461311435699462891e+01
1.424997806549072266e+01
1.421961879730224609e+01
1.392784309387207031e+01
1.388417625427246094e+01
1.396413898468017578e+01
1.433836078643798828e+01
1.451464843750000000e+01
1.456316089630126953e+01
1.415249061584472656e+01
1.398501968383789062e+01
1.391318893432617188e+01
1.391287136077880859e+01
1.388593006134033203e+01
1.388986396789550781e+01
1.393393611907958984e+01
1.403113269805908203e+01
1.412744808197021484e+01
1.389712715148925781e+01
1.413278102874755859e+01
1.427543067932128906e+01
1.374339866638183594e+01
1.357039928436279297e+01
1.313726711273193359e+01
1.334129524230957031e+01
1.300409030914306641e+01
1.285112476348876953e+01
1.278035926818847656e+01
1.311638069152832031e+01
1.324458408355712891e+01
1.361479473114013672e+01
1.435048770904541016e+01
1.487549209594726562e+01
1.514911460876464844e+01
1.555537891387939453e+01
1.529933071136474609e+01
1.554541778564453125e+01
1.562503528594970703e+01
1.587634372711181641e+01
1.592575931549072266e+01
1.588457679748535156e+01
1.585039043426513672e+01
1.613942909240722656e+01
1.621732711791992188e+01
1.584924983978271484e+01
1.606956291198730469e+01
1.576022529602050781e+01
1.573028373718261719e+01
1.554439258575439453e+01
1.567539119720458984e+01
1.569587326049804688e+01
1.563379764556884766e+01
1.532442092895507812e+01
1.493631553649902344e+01
1.516867542266845703e+01
1.488386154174804688e+01
1.488465118408203125e+01
1.484460544586181641e+01
8.775246620178222656e+00
8.160492897033691406e+00
7.593488693237304688e+00
7.704609394073486328e+00
7.038135528564453125e+00
6.728405475616455078e+00
6.293147087097167969e+00
6.012469291687011719e+00
5.625942230224609375e+00
5.356460094451904297e+00
4.956812381744384766e+00
5.486440181732177734e+00
4.709293365478515625e+00
4.733414173126220703e+00
5.124650478363037109e+00
4.846918582916259766e+00
4.730220794677734375e+00
5.313514232635498047e+00
6.286904335021972656e+00
6.022565364837646484e+00
5.861272811889648438e+00
6.933354377746582031e+00
9.833237648010253906e+00
9.334207534790039062e+00
8.952454566955566406e+00
8.943249702453613281e+00
8.806710243225097656e+00
8.632857322692871094e+00
8.770487785339355469e+00
8.707028388977050781e+00
8.681787490844726562e+00
8.336524009704589844e+00
8.460893630981445312e+00
8.007159233093261719e+00
7.288697719573974609e+00
7.437685966491699219e+00
6.983325958251953125e+00
6.878381252288818359e+00
2.230428218841552734e+00
2.226145744323730469e+00
8.847337365150451660e-01
-3.434009253978729248e-01
-3.706051826477050781e+00
-5.688097000122070312e+00
-5.675999641418457031e+00
-6.294693946838378906e+00
-3.777559280395507812e+00
-3.781297683715820312e+00
-3.683713912963867188e+00
-2.918306350708007812e+00
-3.126498222351074219e+00
-3.103914260864257812e+00
-2.959014892578125000e+00
-2.580387115478515625e+00
-2.669645309448242188e+00
-3.044337272644042969e+00
-3.114854812622070312e+00
-3.108112335205078125e+00
-3.829441070556640625e+00
-3.710601806640625000e+00
-3.758634567260742188e+00
-3.784455299377441406e+00
-3.770940780639648438e+00
-3.801037788391113281e+00
-3.089871406555175781e+00
-3.219418525695800781e+00
-2.988360404968261719e+00
-3.184693336486816406e+00
-3.122612953186035156e+00
-3.145541191101074219e+00
-2.648692131042480469e+00
-2.776490211486816406e+00
-3.326632499694824219e+00
-3.283391952514648438e+00
-3.345885276794433594e+00
-4.604393005371093750e+00
-6.433598518371582031e+00
-5.281928062438964844e+00
-6.694640159606933594e+00
-7.999941825866699219e+00
-7.642842292785644531e+00
-8.193884849548339844e+00
-8.188546180725097656e+00
-8.604199409484863281e+00
-8.927012443542480469e+00
-8.829031944274902344e+00
-9.244950294494628906e+00
-8.800221443176269531e+00
-9.260035514831542969e+00
-1.023156833648681641e+01
8.492313385009765625e+00
5.029955387115478516e+00
5.678894996643066406e+00
7.060764312744140625e+00
7.172414302825927734e+00
7.467170715332031250e+00
7.758875846862792969e+00
8.689223289489746094e+00
8.866111755371093750e+00
7.624558448791503906e+00
8.400261878967285156e+00
8.195064544677734375e+00
8.632167816162109375e+00
8.434089660644531250e+00
7.295053482055664062e+00
7.984026432037353516e+00
8.184300422668457031e+00
8.688923835754394531e+00
9.020659446716308594e+00
9.503839492797851562e+00
1.068238925933837891e+01
1.179282474517822266e+01
1.157538223266601562e+01
1.236140823364257812e+01
-6.960055351257324219e+00
-7.081458091735839844e+00
-7.797717094421386719e+00
-6.790616035461425781e+00
-6.657522201538085938e+00
-7.268037796020507812e+00
-7.338946342468261719e+00
-6.945905685424804688e+00
-6.822816848754882812e+00
-6.360727310180664062e+00
-6.211732864379882812e+00
-6.313205718994140625e+00
-6.216306686401367188e+00
-5.662516593933105469e+00
-4.998882293701171875e+00
-4.489089012145996094e+00
-5.079807281494140625e+00
-1.596448898315429688e+00
-6.009759306907653809e-01
3.483686745166778564e-01
-3.769926071166992188e+00
-3.438157081604003906e+00
-1.778315544128417969e+00
-5.449561476707458496e-01
1.026956081390380859e+00
6.282333284616470337e-02
-1.237481117248535156e+00
-1.346405029296875000e+00
-1.718158721923828125e+00
-8.428344130516052246e-01
-4.747276008129119873e-01
-3.188571631908416748e-01
6.308012604713439941e-01
6.806402802467346191e-01
-1.127338409423828125e+00
-2.053298652172088623e-01
1.572760105133056641e+00
2.389720916748046875e+00
2.223663330078125000e+00
2.768847942352294922e+00
1.533797264099121094e+00
2.790831565856933594e+00
4.860948085784912109e+00
6.262235164642333984e+00
7.338010311126708984e+00
9.088226318359375000e+00
9.162056922912597656e+00
9.300293922424316406e+00
4.267291545867919922e+00
3.895227909088134766e+00
4.352021694183349609e+00
4.530347824096679688e+00
3.782230377197265625e+00
4.314878940582275391e+00
4.753701686859130859e+00
5.201251983642578125e+00
5.041591167449951172e+00
5.090198040008544922e+00
4.483178615570068359e+00
4.020308494567871094e+00
4.797313690185546875e+00
4.894107341766357422e+00
5.491334438323974609e+00
4.520077228546142578e+00
5.669711112976074219e+00
5.626711845397949219e+00
5.158992767333984375e+00
4.713190555572509766e+00
5.354284286499023438e+00
4.386045932769775391e+00
4.401131153106689453e+00
5.262082099914550781e+00
5.565186023712158203e+00
5.441436767578125000e+00
5.414825439453125000e+00
5.507916927337646484e+00
1.846547126770019531e+01
1.899729537963867188e+01
1.873475646972656250e+01
1.880923271179199219e+01
1.870669555664062500e+01
1.849941444396972656e+01
1.840200996398925781e+01
1.740265846252441406e+01
1.707362747192382812e+01
1.631940650939941406e+01
1.642031860351562500e+01
1.605166244506835938e+01
1.609421157836914062e+01
1.602067375183105469e+01
1.706561279296875000e+01
1.652034187316894531e+01
1.639435958862304688e+01
1.618431663513183594e+01
1.609214401245117188e+01
1.543898868560791016e+01
1.486002922058105469e+01
1.637368583679199219e+01
1.376050281524658203e+01
1.357760810852050781e+01
1.368297767639160156e+01
1.455473327636718750e+01
1.399757957458496094e+01
1.479188251495361328e+01
1.492669868469238281e+01
1.327067661285400391e+01
1.385781288146972656e+01
1.428489780426025391e+01
1.392274379730224609e+01
1.413138008117675781e+01
1.507222652435302734e+01
2.023235321044921875e+01
2.023828506469726562e+01
2.056836700439453125e+01
2.031876754760742188e+01
2.053124046325683594e+01
2.081647682189941406e+01
2.036784362792968750e+01
2.022827911376953125e+01
2.046905326843261719e+01
2.068951034545898438e+01
2.062283897399902344e+01
2.085223960876464844e+01
2.079407310485839844e+01
2.071285629272460938e+01
2.071943473815917969e+01
2.077159500122070312e+01
2.096303176879882812e+01
2.090891838073730469e+01
2.134604835510253906e+01
2.156235122680664062e+01
2.185165405273437500e+01
2.190759468078613281e+01
2.235022926330566406e+01
2.210273361206054688e+01
2.129533004760742188e+01
2.131563186645507812e+01
2.096791648864746094e+01
1.998553466796875000e+01
1.998751831054687500e+01
1.967568206787109375e+01
1.969665527343750000e+01
1.942202758789062500e+01
1.991164588928222656e+01
1.973204803466796875e+01
2.061437225341796875e+01
2.129520606994628906e+01
2.127430152893066406e+01
2.125693321228027344e+01
2.100131797790527344e+01
2.097197341918945312e+01
2.097958374023437500e+01
2.084911727905273438e+01
1.947525215148925781e+01
1.916213226318359375e+01
1.884655761718750000e+01
1.932984542846679688e+01
1.907938957214355469e+01
1.978532218933105469e+01
1.995908355712890625e+01
2.095418739318847656e+01
1.957529449462890625e+01
2.000419044494628906e+01
2.036745452880859375e+01
2.016210174560546875e+01
1.984770393371582031e+01
1.993836402893066406e+01
1.956963348388671875e+01
1.999163246154785156e+01
7.721319794654846191e-01
4.094195842742919922e+00
3.913088321685791016e+00
3.595844268798828125e+00
3.935733795166015625e+00
4.109547615051269531e+00
4.243714332580566406e+00
3.794758796691894531e+00
3.819296360015869141e+00
2.208725452423095703e+00
2.240248680114746094e+00
1.150911808013916016e+00
2.174124240875244141e+00
1.828682899475097656e+00
2.004413127899169922e+00
3.298142910003662109e+00
4.236851692199707031e+00
4.301875114440917969e+00
3.455429077148437500e+00
4.979277610778808594e+00
4.152638435363769531e+00
4.607545375823974609e+00
4.369236946105957031e+00
5.257118701934814453e+00
5.652280807495117188e+00
5.283938884735107422e+00
3.460684776306152344e+00
2.508366584777832031e+00
2.271541595458984375e+00
8.050923943519592285e-01
5.002046227455139160e-01
-4.630260169506072998e-01
-7.082366347312927246e-01
-1.091377258300781250e+00
-2.353539466857910156e+00
-1.860437393188476562e+00
-9.708814024925231934e-01
-1.892713546752929688e+00
-1.987557411193847656e+00
-2.006606757640838623e-01
2.154407799243927002e-01
1.156055450439453125e+00
9.351425766944885254e-01
2.246086120605468750e+00
2.477814674377441406e+00
2.852805137634277344e+00
2.460588932037353516e+00
1.629437923431396484e+00
1.549770355224609375e+00
-7.491424560546875000e+00
-7.775198936462402344e+00
-7.556313514709472656e+00
-7.126091003417968750e+00
-7.163072586059570312e+00
-7.156360626220703125e+00
-7.083362579345703125e+00
-6.935207366943359375e+00
-5.762469291687011719e+00
-4.563527107238769531e+00
-4.048555374145507812e+00
-4.658226013183593750e+00
-4.886198043823242188e+00
-5.064002037048339844e+00
-4.954846382141113281e+00
-5.100448608398437500e+00
-4.121906280517578125e+00
-3.959192276000976562e+00
-3.581647872924804688e+00
-3.481645584106445312e+00
-3.540143966674804688e+00
-3.556399345397949219e+00
-4.151001930236816406e+00
-4.587344169616699219e+00
1.141118717193603516e+01
1.469013214111328125e+01
1.542924690246582031e+01
1.513882732391357422e+01
1.433741950988769531e+01
1.427054309844970703e+01
1.420967197418212891e+01
1.423331546783447266e+01
1.410800075531005859e+01
1.318086528778076172e+01
1.349768638610839844e+01
1.439325904846191406e+01
1.414318370819091797e+01
1.363394546508789062e+01
1.328092670440673828e+01
1.304460620880126953e+01
1.230950164794921875e+01
1.373084354400634766e+01
1.377113628387451172e+01
1.379481220245361328e+01
1.389640331268310547e+01
1.414589405059814453e+01
1.340676784515380859e+01
1.357277202606201172e+01
1.378650283813476562e+01
1.233168888092041016e+01
9.263824462890625000e+00
8.603847503662109375e+00
6.248614311218261719e+00
5.864321708679199219e+00
6.145747661590576172e+00
6.831716060638427734e+00
7.084878444671630859e+00
6.734372138977050781e+00
6.843650817871093750e+00
6.922928333282470703e+00
6.968930721282958984e+00
6.923762321472167969e+00
6.515222549438476562e+00
5.617135047912597656e+00
4.561322212219238281e+00
4.842593193054199219e+00
5.377033710479736328e+00
5.456974506378173828e+00
5.800881862640380859e+00
5.494171619415283203e+00
6.277623653411865234e+00
5.470132350921630859e+00
6.376567363739013672e+00
5.650855541229248047e+00
4.723031044006347656e+00
5.475385665893554688e+00
6.514135837554931641e+00
5.409264564514160156e+00
6.112780094146728516e+00
6.268113136291503906e+00
7.563413619995117188e+00
8.346047401428222656e+00
8.302633285522460938e+00
7.495359420776367188e+00
7.287172317504882812e+00
7.364411354064941406e+00
8.393379211425781250e+00
9.350404739379882812e+00
8.854461669921875000e+00
8.335698127746582031e+00
9.320789337158203125e+00
1.066897201538085938e+01
1.063021755218505859e+01
1.038612937927246094e+01
1.072655868530273438e+01
1.087973117828369141e+01
1.093879699707031250e+01
1.137601661682128906e+01
1.151813888549804688e+01
1.187967967987060547e+01
1.171768093109130859e+01
1.196489715576171875e+01
1.205605316162109375e+01
1.241105079650878906e+01
1.282035541534423828e+01
1.294013786315917969e+01
1.328523445129394531e+01
1.298972129821777344e+01
1.280599212646484375e+01
1.264067554473876953e+01
1.235979175567626953e+01
1.248297309875488281e+01
1.223449039459228516e+01
1.296447181701660156e+01
1.330961227416992188e+01
1.342532634735107422e+01
1.387855434417724609e+01
1.370973587036132812e+01
1.377887153625488281e+01
1.385388946533203125e+01
1.399957847595214844e+01
1.450590038299560547e+01
1.441563129425048828e+01
1.433763790130615234e+01
1.435295867919921875e+01
1.429308605194091797e+01
1.426844120025634766e+01
1.411719512939453125e+01
1.451808929443359375e+01
1.449897766113281250e+01
1.444769859313964844e+01
1.441924476623535156e+01
1.474053478240966797e+01
1.462165355682373047e+01
1.502191638946533203e+01
1.494585609436035156e+01
1.359270095825195312e+01
1.381442737579345703e+01
1.357050800323486328e+01
1.365077209472656250e+01
1.310175800323486328e+01
1.406311702728271484e+01
1.429265880584716797e+01
1.454245185852050781e+01
1.402389430999755859e+01
1.423615169525146484e+01
1.447920036315917969e+01
1.454238986968994141e+01
1.531127452850341797e+01
1.533719539642333984e+01
1.529053592681884766e+01
1.537294673919677734e+01
1.543154430389404297e+01
1.552692127227783203e+01
1.487714576721191406e+01
1.489032649993896484e+01
1.480817031860351562e+01
1.517984008789062500e+01
1.533149147033691406e+01
1.550912952423095703e+01
1.516676998138427734e+01
1.461738967895507812e+01
1.448064136505126953e+01
1.517728614807128906e+01
1.524167537689208984e+01
1.484858417510986328e+01
1.512880992889404297e+01
1.601080894470214844e+01
1.629520988464355469e+01
1.649519157409667969e+01
1.648680877685546875e+01
1.581080245971679688e+01
1.641315650939941406e+01
1.648056221008300781e+01
1.637875938415527344e+01
1.624235153198242188e+01
1.616330146789550781e+01
1.607427787780761719e+01
1.568958187103271484e+01
1.588528251647949219e+01
1.601262664794921875e+01
1.580550098419189453e+01
1.601202011108398438e+01
1.566609287261962891e+01
1.546309947967529297e+01
1.473011398315429688e+01
1.483040428161621094e+01
1.246772956848144531e+01
1.231004905700683594e+01
1.112769794464111328e+01
1.101494407653808594e+01
9.884388923645019531e+00
8.599917411804199219e+00
8.892082214355468750e+00
1.089154624938964844e+01
1.105426120758056641e+01
1.076940441131591797e+01
1.090551567077636719e+01
1.163067913055419922e+01
1.169150829315185547e+01
1.176854515075683594e+01
1.178020191192626953e+01
1.239844989776611328e+01
1.346414566040039062e+01
1.348985290527343750e+01
1.436581039428710938e+01
1.427623844146728516e+01
1.450128936767578125e+01
1.429958534240722656e+01
1.461281871795654297e+01
1.506239223480224609e+01
1.546147632598876953e+01
1.641919898986816406e+01
1.633834648132324219e+01
1.631201171875000000e+01
1.669468688964843750e+01
1.726997184753417969e+01
1.722779464721679688e+01
1.662726211547851562e+01
1.655014419555664062e+01
1.697484207153320312e+01
1.730703163146972656e+01
1.712796974182128906e+01
1.737062263488769531e+01
1.758114814758300781e+01
1.750889396667480469e+01
1.733279418945312500e+01
1.719961547851562500e+01
1.662287712097167969e+01
1.647295188903808594e+01
1.661451530456542969e+01
1.594517993927001953e+01
1.571968173980712891e+01
1.612141799926757812e+01
1.613511276245117188e+01
1.605220413208007812e+01
1.626279830932617188e+01
1.692274665832519531e+01
1.683271217346191406e+01
1.675523376464843750e+01
1.657308578491210938e+01
1.671004676818847656e+01
1.643871498107910156e+01
1.651632690429687500e+01
1.647854614257812500e+01
1.628302001953125000e+01
1.623669242858886719e+01
1.605595588684082031e+01
1.552206230163574219e+01
1.605257034301757812e+01
1.528118228912353516e+01
1.509845829010009766e+01
1.515578556060791016e+01
1.568637275695800781e+01
1.557764244079589844e+01
1.551135444641113281e+01
1.538039112091064453e+01
1.535588073730468750e+01
1.557534122467041016e+01
1.525680541992187500e+01
1.501814460754394531e+01
1.467998695373535156e+01
1.421429634094238281e+01
1.478966617584228516e+01
1.443677806854248047e+01
1.397480010986328125e+01
1.357520580291748047e+01
1.380468750000000000e+01
1.331918811798095703e+01
1.344584751129150391e+01
1.342863559722900391e+01
1.319686126708984375e+01
1.266119003295898438e+01
1.325210952758789062e+01
1.313519382476806641e+01
1.291830444335937500e+01
1.254202270507812500e+01
1.237694740295410156e+01
1.286227989196777344e+01
1.267803764343261719e+01
1.283462238311767578e+01
1.277678871154785156e+01
1.277100658416748047e+01
1.290704345703125000e+01
1.134326553344726562e+01
1.082047080993652344e+01
9.146665573120117188e+00
7.983954906463623047e+00
6.519730567932128906e+00
5.542642593383789062e+00
5.196814537048339844e+00
5.549046039581298828e+00
6.105502128601074219e+00
6.098505973815917969e+00
5.618321418762207031e+00
5.763379096984863281e+00
4.933067798614501953e+00
5.025071144104003906e+00
4.470245361328125000e+00
4.623340606689453125e+00
4.701753616333007812e+00
4.060762405395507812e+00
4.090463161468505859e+00
4.182310581207275391e+00
3.007606506347656250e+00
2.623555660247802734e+00
1.321677684783935547e+00
2.268998146057128906e+00
2.261141777038574219e+00
2.256600379943847656e+00
2.293463706970214844e+00
2.278037071228027344e+00
1.466915130615234375e+00
9.202895760536193848e-01
3.059721291065216064e-01
1.210269451141357422e+00
6.308789849281311035e-01
7.605977654457092285e-01
7.665124535560607910e-01
-2.310694694519042969e+00
-2.031237602233886719e+00
-1.237635612487792969e+00
-1.931760787963867188e+00
-2.266795158386230469e+00
-3.214739799499511719e+00
-2.800763130187988281e+00
-3.354506492614746094e+00
-3.054444313049316406e+00
-2.938952445983886719e+00
-2.458135604858398438e+00
-1.136718750000000000e+00
-7.513789534568786621e-01
-2.035646140575408936e-01
-1.535482108592987061e-01
1.104126349091529846e-01
2.199358463287353516e+00
1.930079936981201172e+00
2.147749900817871094e+00
2.444944858551025391e+00
3.191043853759765625e+00
2.053197860717773438e+00
3.017791748046875000e+00
3.080170154571533203e+00
3.707617759704589844e+00
3.679475784301757812e+00
3.753682136535644531e+00
4.358870029449462891e+00
5.003992080688476562e+00
5.550579547882080078e+00
6.910383224487304688e+00
7.145557880401611328e+00
8.060221672058105469e+00
7.710329055786132812e+00
7.174080371856689453e+00
9.058540344238281250e+00
8.190989494323730469e+00
8.238695144653320312e+00
7.320902347564697266e+00
7.210779190063476562e+00
7.071331977844238281e+00
4.774659633636474609e+00
3.683167934417724609e+00
2.434208393096923828e+00
1.766876697540283203e+00
1.107037544250488281e+00
2.712261199951171875e+00
1.002215385437011719e+00
8.711405396461486816e-01
7.059291750192642212e-02
3.280325233936309814e-01
5.396685123443603516e+00
2.367511749267578125e+00
2.047586441040039062e+00
2.309979438781738281e+00
1.733561992645263672e+00
1.345783233642578125e+00
1.913366317749023438e+00
1.968816280364990234e+00
1.946146488189697266e+00
1.387681007385253906e+00
1.981170177459716797e+00
2.577835559844970703e+00
3.277598857879638672e+00
3.331138610839843750e+00
2.711555004119873047e+00
3.383819580078125000e+00
3.289161205291748047e+00
4.496401309967041016e+00
3.386394500732421875e+00
1.284983158111572266e+00
1.372414112091064453e+00
1.864526748657226562e+00
9.848986268043518066e-01
4.848642647266387939e-01
8.744625002145767212e-02
9.918788820505142212e-02
5.321388840675354004e-01
-6.598510146141052246e-01
-1.162228584289550781e+00
-7.215308547019958496e-01
-3.371638953685760498e-01
-2.766341865062713623e-01
-6.082600951194763184e-01
2.187643349170684814e-01
3.784723579883575439e-01
7.749519944190979004e-01
8.510661721229553223e-01
8.595724701881408691e-01
1.446959018707275391e+00
9.432778954505920410e-01
4.499655067920684814e-01
4.264955818653106689e-01
-1.628532111644744873e-01
-1.525134742259979248e-01
-1.152696236968040466e-01
2.047815620899200439e-01
-3.755263984203338623e-01
-8.463048338890075684e-01
-5.908517241477966309e-01
-5.886344313621520996e-01
-2.305135428905487061e-01
-1.955718696117401123e-01
-9.124860167503356934e-01
-9.910468459129333496e-01
-1.001495361328125000e+00
-1.330055236816406250e+00
-1.106893539428710938e+00
4.470828920602798462e-02
5.913043618202209473e-01
1.064324855804443359e+00
2.476228713989257812e+00
2.711758613586425781e+00
2.768203258514404297e+00
4.203328609466552734e+00
4.977211475372314453e+00
6.013155937194824219e+00
6.011492729187011719e+00
6.744927883148193359e+00
7.244869232177734375e+00
7.403897285461425781e+00
7.740256786346435547e+00
8.050068855285644531e+00
8.515158653259277344e+00
8.891642570495605469e+00
9.000302314758300781e+00
9.114003181457519531e+00
9.519850730895996094e+00
9.572481155395507812e+00
1.024966335296630859e+01
1.028732395172119141e+01
1.035140132904052734e+01
1.072272777557373047e+01
1.119361114501953125e+01
1.121809387207031250e+01
1.116596889495849609e+01
1.245147609710693359e+01
1.280030727386474609e+01
1.286994838714599609e+01
1.326897239685058594e+01
1.334780883789062500e+01
1.330995178222656250e+01
1.321026897430419922e+01
1.263791847229003906e+01
1.259575557708740234e+01
1.256112289428710938e+01
1.249165916442871094e+01
1.249447536468505859e+01
1.229963302612304688e+01
1.224953079223632812e+01
1.221271514892578125e+01
1.217478275299072266e+01
1.206309700012207031e+01
1.261804008483886719e+01
1.252644634246826172e+01
1.269384956359863281e+01
1.100941944122314453e+01
1.115325069427490234e+01
1.061255073547363281e+01
1.050719547271728516e+01
1.013867092132568359e+01
1.012191867828369141e+01
7.307412147521972656e+00
7.618344783782958984e+00
7.104376316070556641e+00
7.025178909301757812e+00
5.638853073120117188e+00
3.289384365081787109e+00
3.421122550964355469e+00
1.025870800018310547e+00
6.730332970619201660e-01
9.772201180458068848e-01
-7.192607969045639038e-02
8.338556885719299316e-01
2.340631783008575439e-01
3.354673683643341064e-01
1.089466094970703125e+00
1.100782394409179688e+00
1.207085132598876953e+00
1.231044769287109375e+00
1.762711524963378906e+00
1.799395084381103516e+00
1.896608352661132812e+00
1.951909542083740234e+00
2.002274036407470703e+00
2.663857936859130859e+00
2.699705123901367188e+00
2.669871330261230469e+00
3.325160503387451172e+00
2.734006881713867188e+00
2.604008674621582031e+00
2.619849681854248047e+00
2.611039161682128906e+00
2.337587833404541016e+00
1.984518527984619141e+00
2.543782234191894531e+00
1.989580631256103516e+00
3.822996616363525391e+00
4.147676467895507812e+00
5.949392318725585938e+00
6.178363800048828125e+00
7.975026607513427734e+00
8.291393280029296875e+00
8.528554916381835938e+00
9.198722839355468750e+00
8.975816726684570312e+00
9.445886611938476562e+00
9.959638595581054688e+00
1.032955265045166016e+01
1.096749210357666016e+01
1.142956161499023438e+01
1.119861030578613281e+01
1.171752643585205078e+01
1.220604228973388672e+01
1.185623359680175781e+01
1.185221481323242188e+01
1.174607753753662109e+01
1.161291980743408203e+01
1.224611186981201172e+01
1.273612117767333984e+01
1.287602233886718750e+01
1.299092769622802734e+01
1.307046222686767578e+01
1.284475612640380859e+01
1.258004379272460938e+01
1.272324085235595703e+01
1.476230907440185547e+01
1.468951892852783203e+01
1.528767395019531250e+01
1.531193256378173828e+01
1.446869850158691406e+01
1.526904582977294922e+01
1.462306404113769531e+01
1.449962806701660156e+01
1.310093116760253906e+01
1.245456886291503906e+01
1.257629203796386719e+01
1.220396423339843750e+01
1.172980976104736328e+01
1.131650733947753906e+01
1.099737453460693359e+01
1.114682292938232422e+01
1.115841007232666016e+01
1.069112968444824219e+01
1.067958927154541016e+01
1.089708518981933594e+01
9.629527091979980469e+00
8.521202087402343750e+00
6.978210926055908203e+00
5.983822822570800781e+00
4.562290191650390625e+00
4.109292984008789062e+00
3.186041831970214844e+00
3.627267360687255859e+00
3.263130187988281250e+00
2.691164016723632812e+00
1.786869049072265625e+00
2.550636768341064453e+00
2.595447063446044922e+00
1.974405288696289062e+00
2.069118976593017578e+00
1.626651763916015625e+00
1.782659053802490234e+00
1.496948242187500000e+00
2.081418037414550781e+00
2.810059070587158203e+00
2.353217124938964844e+00
2.377790927886962891e+00
3.028082370758056641e+00
3.124517917633056641e+00
3.237357616424560547e+00
3.895578384399414062e+00
2.933220863342285156e+00
-3.661266326904296875e+00
-4.431030273437500000e+00
-5.165760993957519531e+00
-7.304617881774902344e+00
-8.975632667541503906e+00
-9.577290534973144531e+00
-8.505295753479003906e+00
-1.098483180999755859e+01
-1.114563846588134766e+01
-1.160993480682373047e+01
-1.149082660675048828e+01
-1.110126781463623047e+01
-1.100340747833251953e+01
-1.133735179901123047e+01
-1.137581920623779297e+01
-1.180580043792724609e+01
-1.140221500396728516e+01
-1.124207782745361328e+01
-1.134526157379150391e+01
-1.140005207061767578e+01
-1.136960887908935547e+01
-1.120137882232666016e+01
-1.116448116302490234e+01
-1.117041492462158203e+01
-8.091475486755371094e+00
-7.132423400878906250e+00
-7.674897193908691406e+00
-8.804537773132324219e+00
-7.598370552062988281e+00
-7.934638023376464844e+00
-1.321982479095458984e+01
-1.359144115447998047e+01
-1.352634334564208984e+01
-1.358393764495849609e+01
-1.338156223297119141e+01
-1.380813503265380859e+01
-1.389882183074951172e+01
-1.397536182403564453e+01
-1.339495182037353516e+01
-1.349792194366455078e+01
-1.306211757659912109e+01
-1.293508052825927734e+01
-1.272070026397705078e+01
-1.326527500152587891e+01
-1.320036983489990234e+01
-1.326709842681884766e+01
-1.316150760650634766e+01
-1.303385448455810547e+01
-1.279415225982666016e+01
-1.263088512420654297e+01
-1.254881572723388672e+01
1.422336769104003906e+01
1.293358039855957031e+01
1.292864894866943359e+01
1.079010295867919922e+01
1.235734462738037109e+01
1.322040557861328125e+01
1.272902488708496094e+01
1.280973720550537109e+01
1.330459403991699219e+01
1.213321685791015625e+01
1.205929756164550781e+01
1.057617473602294922e+01
9.742902755737304688e+00
6.044128894805908203e+00
4.886401176452636719e+00
4.252457141876220703e+00
4.740392208099365234e+00
4.413881778717041016e+00
4.148584365844726562e+00
3.944017410278320312e+00
3.339256286621093750e+00
3.002061367034912109e+00
2.623336791992187500e+00
2.636999130249023438e+00
2.247156143188476562e+00
2.750559806823730469e+00
2.372530937194824219e+00
2.884341239929199219e+00
2.597766399383544922e+00
1.832277297973632812e+00
1.987867355346679688e+00
1.525451183319091797e+00
2.847679615020751953e+00
2.839821338653564453e+00
3.265188217163085938e+00
3.850155830383300781e+00
4.804419517517089844e+00
4.792802333831787109e+00
4.732485294342041016e+00
4.654481887817382812e+00
3.962238788604736328e+00
3.967784404754638672e+00
3.064361572265625000e+00
6.668640613555908203e+00
6.430348873138427734e+00
6.296756267547607422e+00
7.387303352355957031e+00
9.895445823669433594e+00
9.814384460449218750e+00
9.096824645996093750e+00
8.922846794128417969e+00
9.482644081115722656e+00
9.232591629028320312e+00
8.495054244995117188e+00
8.479408264160156250e+00
8.630663871765136719e+00
8.189661026000976562e+00
8.278378486633300781e+00
8.454442977905273438e+00
7.822511672973632812e+00
6.308777332305908203e+00
5.789386749267578125e+00
5.588251113891601562e+00
4.773912906646728516e+00
4.621711730957031250e+00
3.885111331939697266e+00
3.900996685028076172e+00
3.903274059295654297e+00
5.243078708648681641e+00
6.025908470153808594e+00
6.719416618347167969e+00
5.152055263519287109e+00
5.602543354034423828e+00
9.356925964355468750e+00
1.018063926696777344e+01
9.509132385253906250e+00
9.659568786621093750e+00
7.302201271057128906e+00
6.303178787231445312e+00
5.765181541442871094e+00
6.350727558135986328e+00
8.025673866271972656e+00
8.323124885559082031e+00
8.826396942138671875e+00
1.232419586181640625e+01
1.107405090332031250e+01
8.866222381591796875e+00
1.135297393798828125e+01
1.327526378631591797e+01
1.483274173736572266e+01
1.453367042541503906e+01
1.676574134826660156e+01
1.652311515808105469e+01
1.617980957031250000e+01
1.592437744140625000e+01
1.629031181335449219e+01
1.607041740417480469e+01
1.614223861694335938e+01
1.620974540710449219e+01
1.611978912353515625e+01
1.580598354339599609e+01
1.608662223815917969e+01
1.407388782501220703e+01
1.468997573852539062e+01
1.495519447326660156e+01
1.517989921569824219e+01
1.527811336517333984e+01
1.537966823577880859e+01
1.604321479797363281e+01
1.653850173950195312e+01
1.662383842468261719e+01
1.591249370574951172e+01
1.594490814208984375e+01
1.524066066741943359e+01
1.436502933502197266e+01
1.413826370239257812e+01
1.470320415496826172e+01
1.439506530761718750e+01
1.383850574493408203e+01
1.469647502899169922e+01
1.411531543731689453e+01
1.300774765014648438e+01
1.320995330810546875e+01
1.181187248229980469e+01
1.663060951232910156e+01
1.752735710144042969e+01
1.702769851684570312e+01
1.695924186706542969e+01
2.060868644714355469e+01
2.029515457153320312e+01
2.047629737854003906e+01
2.086667823791503906e+01
2.085737991333007812e+01
2.067111396789550781e+01
2.063333129882812500e+01
2.086106300354003906e+01
2.078360366821289062e+01
2.083840179443359375e+01
2.060515785217285156e+01
2.007064056396484375e+01
1.990203094482421875e+01
2.046475791931152344e+01
2.048850440979003906e+01
2.039162826538085938e+01
2.004147529602050781e+01
2.059681129455566406e+01
2.146528244018554688e+01
2.206977844238281250e+01
2.208237075805664062e+01
2.098191833496093750e+01
1.948729705810546875e+01
1.954499244689941406e+01
1.954320335388183594e+01
1.986396598815917969e+01
1.980652236938476562e+01
2.018271827697753906e+01
1.973555755615234375e+01
1.937045669555664062e+01
1.962592506408691406e+01
1.973417472839355469e+01
1.952964591979980469e+01
1.968955802917480469e+01
1.958448410034179688e+01
1.956768035888671875e+01
1.926686096191406250e+01
1.931176376342773438e+01
1.955476570129394531e+01
1.365703392028808594e+01
1.043604850769042969e+01
1.053812026977539062e+01
1.227102947235107422e+01
1.148155975341796875e+01
1.123884963989257812e+01
1.072972011566162109e+01
1.007251262664794922e+01
9.166498184204101562e+00
1.081650066375732422e+01
9.739789962768554688e+00
1.007105636596679688e+01
9.739148139953613281e+00
9.488330841064453125e+00
9.826391220092773438e+00
5.429367542266845703e+00
4.873886108398437500e+00
6.360872268676757812e+00
5.884803295135498047e+00
5.844271183013916016e+00
5.384976863861083984e+00
6.197185516357421875e+00
5.278911113739013672e+00
4.976355075836181641e+00
5.927110671997070312e+00
6.588209152221679688e+00
7.064975261688232422e+00
7.874463558197021484e+00
8.521489143371582031e+00
9.400721549987792969e+00
9.704597473144531250e+00
1.058042526245117188e+01
1.154992866516113281e+01
1.196426105499267578e+01
1.216980457305908203e+01
1.202708625793457031e+01
1.198722457885742188e+01
1.219667720794677734e+01
1.228464984893798828e+01
1.227677536010742188e+01
2.630750179290771484e+00
3.272961616516113281e+00
2.193914890289306641e+00
1.735496997833251953e+00
6.189523339271545410e-01
9.806733727455139160e-01
3.500824272632598877e-01
1.128445148468017578e+00
9.228649735450744629e-01
2.237773418426513672e+00
1.253402709960937500e+00
4.749808609485626221e-01
1.650037765502929688e+00
-1.343401908874511719e+00
-1.477441787719726562e+00
-1.142263412475585938e+00
-4.214403152465820312e+00
-3.580644607543945312e+00
-3.482461929321289062e+00
-3.888412475585937500e+00
-4.249891281127929688e+00
-4.151404380798339844e+00
-4.605275154113769531e+00
-3.954830169677734375e+00
-3.955670356750488281e+00
-4.331830978393554688e+00
-5.283830642700195312e+00
-5.453432083129882812e+00
-5.430782318115234375e+00
-5.659541130065917969e+00
-5.961279869079589844e+00
-5.599807739257812500e+00
-5.509108543395996094e+00
-5.328859329223632812e+00
-4.834667205810546875e+00
-4.156935691833496094e+00
-3.746063232421875000e+00
-4.855332374572753906e+00
-4.770729064941406250e+00
-4.735435485839843750e+00
-4.431307792663574219e+00
-3.302360534667968750e+00
-1.794606208801269531e+00
-6.925897002220153809e-01
-2.591962516307830811e-01
1.128149405121803284e-01
4.489031136035919189e-01
2.991810142993927002e-01
2.814941704273223877e-01
2.654524147510528564e-01
2.581272423267364502e-01
2.477045357227325439e-01
2.689695656299591064e-01
-2.173213660717010498e-01
-8.928262628614902496e-03
-1.035003289580345154e-01
6.837950348854064941e-01
1.181778430938720703e+00
-2.703890800476074219e+00
-2.677980422973632812e+00
-2.430054664611816406e+00
-1.852940559387207031e+00
-1.442931175231933594e+00
-9.428309798240661621e-01
-1.030156135559082031e+00
-5.753564238548278809e-01
-5.761384367942810059e-01
-7.374152541160583496e-01
-5.853480696678161621e-01
-7.075271010398864746e-01
-1.315243721008300781e+00
-2.559178352355957031e+00
-1.670932769775390625e+00
-1.695531845092773438e+00
-2.163037300109863281e+00
-2.134104728698730469e+00
-2.199746131896972656e+00
-1.982163429260253906e+00
-2.384728431701660156e+00
-2.189308166503906250e+00
-1.888265609741210938e+00
-2.402176856994628906e+00
-3.223794937133789062e+00
-3.185389518737792969e+00
-3.222203254699707031e+00
-3.660427093505859375e+00
-3.740830421447753906e+00
-3.548946380615234375e+00
-3.651354789733886719e+00
-3.635033607482910156e+00
-3.111788749694824219e+00
-2.653496742248535156e+00
-3.433979034423828125e+00
-3.187182426452636719e+00
-2.899814605712890625e+00
-8.220385909080505371e-01
-2.043679237365722656e+00
-1.536300659179687500e+00
-2.293137550354003906e+00
-2.676100730895996094e+00
-2.214414596557617188e+00
-1.442755699157714844e+00
-1.174575805664062500e+00
-1.196797370910644531e+00
1.215744391083717346e-01
1.421647071838378906e+00
1.677257061004638672e+00
3.403028488159179688e+00
3.039580345153808594e+00
1.018529510498046875e+01
1.042696380615234375e+01
1.157850551605224609e+01
1.133976745605468750e+01
1.155140209197998047e+01
1.049195861816406250e+01
1.020487403869628906e+01
9.388668060302734375e+00
9.175607681274414062e+00
8.317059516906738281e+00
7.671630859375000000e+00
7.530433177947998047e+00
7.229826450347900391e+00
8.020207405090332031e+00
7.892139434814453125e+00
7.891108036041259766e+00
7.985490322113037109e+00
7.645477294921875000e+00
6.848942279815673828e+00
6.799242019653320312e+00
7.725533962249755859e+00
6.576191902160644531e+00
7.469096183776855469e+00
6.720326900482177734e+00
6.738073825836181641e+00
6.575956821441650391e+00
6.675958633422851562e+00
7.214498996734619141e+00
7.018768310546875000e+00
6.952627182006835938e+00
6.735744953155517578e+00
6.699985504150390625e+00
6.308181762695312500e+00
6.345640182495117188e+00
6.785262584686279297e+00
6.428287029266357422e+00
5.714671611785888672e+00
5.383249282836914062e+00
5.933378219604492188e+00
5.211162567138671875e+00
4.498886108398437500e+00
5.332960605621337891e+00
5.219194889068603516e+00
5.295092582702636719e+00
4.458654403686523438e+00
4.135653495788574219e+00
4.241508483886718750e+00
4.201045989990234375e+00
2.918427467346191406e+00
3.108770847320556641e+00
2.416722297668457031e+00
1.854926586151123047e+00
1.908567905426025391e+00
1.124873161315917969e+00
1.288123130798339844e+00
1.339454174041748047e+00
5.679007172584533691e-01
1.224947348237037659e-01
-2.434596717357635498e-01
7.543397545814514160e-01
9.115357995033264160e-01
1.114789962768554688e+00
1.849908351898193359e+00
3.168261528015136719e+00
2.451677322387695312e+00
2.186269283294677734e+00
2.480968952178955078e+00
2.690284729003906250e+00
3.482336521148681641e+00
3.433754444122314453e+00
2.697139263153076172e+00
2.916831970214843750e+00
3.008739471435546875e+00
3.649248600006103516e+00
4.150338172912597656e+00
5.380973339080810547e+00
5.977011680603027344e+00
5.907589435577392578e+00
5.924524307250976562e+00
5.915771961212158203e+00
5.905443668365478516e+00
5.028201580047607422e+00
5.791213989257812500e+00
4.606088638305664062e+00
4.791565895080566406e+00
4.265759468078613281e+00
4.600456237792968750e+00
4.715983390808105469e+00
4.861137866973876953e+00
5.878141403198242188e+00
5.297018527984619141e+00
5.519145488739013672e+00
5.630208492279052734e+00
5.711156845092773438e+00
5.165808677673339844e+00
5.837137222290039062e+00
5.307913780212402344e+00
5.731678962707519531e+00
5.804875373840332031e+00
5.800412654876708984e+00
5.785756587982177734e+00
5.345244407653808594e+00
5.298120021820068359e+00
5.215164184570312500e+00
4.943676471710205078e+00
4.867924213409423828e+00
5.144113540649414062e+00
4.970377445220947266e+00
5.016263008117675781e+00
4.136126041412353516e+00
4.274452209472656250e+00
5.505876064300537109e+00
4.217152595520019531e+00
5.616911411285400391e+00
2.831227302551269531e+00
3.571883201599121094e+00
4.650387287139892578e+00
3.966739654541015625e+00
5.274360656738281250e+00
4.413001060485839844e+00
5.757955074310302734e+00
8.260769844055175781e+00
6.773929595947265625e+00
8.150145530700683594e+00
7.924709796905517578e+00
6.233190059661865234e+00
6.755260467529296875e+00
7.039983272552490234e+00
7.254273891448974609e+00
7.983386516571044922e+00
7.336553096771240234e+00
6.474956989288330078e+00
7.729707717895507812e+00
8.869007110595703125e+00
9.016325950622558594e+00
8.567128181457519531e+00
8.481505393981933594e+00
8.248322486877441406e+00
8.261515617370605469e+00
8.330992698669433594e+00
8.029568672180175781e+00
7.716005802154541016e+00
7.278501987457275391e+00
7.102202892303466797e+00
7.086860179901123047e+00
7.054891586303710938e+00
5.998228073120117188e+00
5.801661968231201172e+00
6.018306732177734375e+00
5.547937393188476562e+00
5.767411231994628906e+00
3.849947929382324219e+00
4.155621051788330078e+00
-3.115567862987518311e-01
1.680116951465606689e-01
1.215649023652076721e-01
1.393213570117950439e-01
7.051090151071548462e-02
4.154781252145767212e-02
-4.366941154003143311e-01
-9.342688918113708496e-01
-3.103484809398651123e-01
-1.085891723632812500e+00
-1.035001754760742188e+00
-1.017485618591308594e+00
2.149871550500392914e-02
-4.183587729930877686e-01
-7.218255400657653809e-01
-7.687911391258239746e-01
-2.222942352294921875e+00
-2.657594680786132812e+00
-3.329728126525878906e+00
-3.229904174804687500e+00
-4.441789627075195312e+00
-4.170985221862792969e+00
-3.566053390502929688e+00
-3.330924034118652344e+00
-3.389573097229003906e+00
-3.894191741943359375e+00
-3.157320022583007812e+00
-6.822278022766113281e+00
-6.593577384948730469e+00
-5.848925590515136719e+00
-6.784615516662597656e+00
-7.568604469299316406e+00
-7.284152984619140625e+00
-5.631348609924316406e+00
-7.785862922668457031e+00
-7.737936973571777344e+00
-8.093447685241699219e+00
-8.528180122375488281e+00
-6.465150833129882812e+00
-8.461707115173339844e+00
-8.674283027648925781e+00
-8.925965309143066406e+00
-8.940197944641113281e+00
-8.968255043029785156e+00
-8.420308113098144531e+00
-8.063492774963378906e+00
-8.111807823181152344e+00
-8.074593544006347656e+00
-7.441558837890625000e+00
-7.593279838562011719e+00
-7.532790184020996094e+00
-7.515995025634765625e+00
-7.923855781555175781e+00
-7.823851585388183594e+00
-8.211277961730957031e+00
-8.027546882629394531e+00
-7.929818153381347656e+00
-8.401253700256347656e+00
-8.286496162414550781e+00
-7.708361625671386719e+00
-7.834589958190917969e+00
-7.806736946105957031e+00
-7.762103080749511719e+00
-7.277340888977050781e+00
-6.842531204223632812e+00
-6.911069869995117188e+00
-5.829697608947753906e+00
-4.829623222351074219e+00
-7.178974151611328125e+00
-7.163190841674804688e+00
-6.885603904724121094e+00
-6.769228935241699219e+00
-6.099654197692871094e+00
-5.622529983520507812e+00
-5.963709831237792969e+00
-5.787219047546386719e+00
-5.220604896545410156e+00
-5.152759552001953125e+00
-4.505748748779296875e+00
-4.478625297546386719e+00
-5.026931762695312500e+00
-4.440875053405761719e+00
-3.945297241210937500e+00
-3.382112503051757812e+00
-2.797422409057617188e+00
-2.743062019348144531e+00
-2.666825294494628906e+00
-3.053324699401855469e+00
-3.005859375000000000e+00
-2.996635437011718750e+00
-2.983127593994140625e+00
-2.956318855285644531e+00
-3.387894630432128906e+00
-3.703651428222656250e+00
-4.164038658142089844e+00
-4.137284278869628906e+00
-4.391411781311035156e+00
-4.218864440917968750e+00
-4.107699394226074219e+00
-3.608435630798339844e+00
-2.951486587524414062e+00
-2.890075683593750000e+00
-2.785507202148437500e+00
-2.377556800842285156e+00
-1.831101417541503906e+00
-1.778788566589355469e+00
-1.735540390014648438e+00
-1.732585906982421875e+00
-1.261780738830566406e+00
-1.226972579956054688e+00
-1.214399337768554688e+00
-1.682655334472656250e+00
-2.726821601390838623e-01
2.235460579395294189e-01
2.221222221851348877e-01
2.196073830127716064e-01
2.314520180225372314e-01
7.894716858863830566e-01
1.180809020996093750e+00
2.243083477020263672e+00
3.791947841644287109e+00
4.033021450042724609e+00
4.546429634094238281e+00
6.145273685455322266e+00
6.410047054290771484e+00
7.491788864135742188e+00
7.631270885467529297e+00
8.158294677734375000e+00
9.178773880004882812e+00
9.924666404724121094e+00
9.568613052368164062e+00
9.893072128295898438e+00
9.395327568054199219e+00
9.201806068420410156e+00
9.183944702148437500e+00
8.827863693237304688e+00
8.711923599243164062e+00
8.672245979309082031e+00
8.744804382324218750e+00
8.351424217224121094e+00
8.226491928100585938e+00
8.206973075866699219e+00
8.119873046875000000e+00
8.546702384948730469e+00
8.194602966308593750e+00
8.387032508850097656e+00
8.282100677490234375e+00
8.220544815063476562e+00
8.239474296569824219e+00
8.201251029968261719e+00
8.807725906372070312e+00
9.453762054443359375e+00
9.691839218139648438e+00
9.845417976379394531e+00
1.082350444793701172e+01
1.063982391357421875e+01
1.052843761444091797e+01
1.045050907135009766e+01
1.036802101135253906e+01
9.772285461425781250e+00
8.963199615478515625e+00
8.300946235656738281e+00
7.584402561187744141e+00
7.486797809600830078e+00
6.875313282012939453e+00
6.279825687408447266e+00
6.731998443603515625e+00
6.797907829284667969e+00
6.891275882720947266e+00
6.784344196319580078e+00
6.090123176574707031e+00
5.902493000030517578e+00
4.521552085876464844e+00
3.130500316619873047e+00
2.533414840698242188e+00
3.332585334777832031e+00
2.566704750061035156e+00
2.203344821929931641e+00
2.499991416931152344e+00
2.527176856994628906e+00
2.544651985168457031e+00
2.507616043090820312e+00
2.541079521179199219e+00
2.451305866241455078e+00
2.416705131530761719e+00
2.284943103790283203e+00
1.430213928222656250e+00
1.431958675384521484e+00
6.688781380653381348e-01
5.951324105262756348e-01
2.644447050988674164e-02
8.014715276658535004e-03
1.979545317590236664e-02
4.681972414255142212e-02
5.202851891517639160e-01
4.318828880786895752e-01
-7.060810178518295288e-02
-4.486398398876190186e-01
-1.198018074035644531e+00
-1.405187606811523438e+00
-1.277145385742187500e+00
-1.157628059387207031e+00
-6.276950240135192871e-01
-1.034968376159667969e+00
-5.582007765769958496e-01
-6.114844679832458496e-01
1.146402731537818909e-01
-5.723377317190170288e-02
-7.933902144432067871e-01
-1.224267005920410156e+00
-7.143172621726989746e-01
-6.840266585350036621e-01
-9.349342435598373413e-02
-3.537091910839080811e-01
-2.525434195995330811e-01
-2.709264457225799561e-01
-2.310685813426971436e-01
2.495575249195098877e-01
6.617489457130432129e-01
1.311186313629150391e+00
1.383852481842041016e+00
4.227400124073028564e-01
6.729446053504943848e-01
8.350744843482971191e-01
9.134107232093811035e-01
1.500183582305908203e+00
2.149616718292236328e+00
3.951064586639404297e+00
3.258784294128417969e+00
3.354718685150146484e+00
4.453969955444335938e+00
4.902716636657714844e+00
5.971184253692626953e+00
6.533187389373779297e+00
7.602035522460937500e+00
8.289783477783203125e+00
9.339990615844726562e+00
9.853178977966308594e+00
1.026194953918457031e+01
1.067964839935302734e+01
1.162999343872070312e+01
1.140511512756347656e+01
1.239922809600830078e+01
1.300458908081054688e+01
1.297728633880615234e+01
1.278786087036132812e+01
1.335437870025634766e+01
1.312663459777832031e+01
1.307209873199462891e+01
1.339643192291259766e+01
1.319169902801513672e+01
1.262924671173095703e+01
1.244660663604736328e+01
1.272422885894775391e+01
1.269339179992675781e+01
1.256647396087646484e+01
1.244385242462158203e+01
1.238012981414794922e+01
1.213854026794433594e+01
1.275102043151855469e+01
1.260764503479003906e+01
1.249669075012207031e+01
1.224504089355468750e+01
1.240148162841796875e+01
1.237961387634277344e+01
1.239309978485107422e+01
1.238977050781250000e+01
1.237545585632324219e+01
1.310805320739746094e+01
1.279560375213623047e+01
1.288277912139892578e+01
1.285102939605712891e+01
1.289837932586669922e+01
1.331237316131591797e+01
1.341269588470458984e+01
1.329453086853027344e+01
1.332817459106445312e+01
1.317862892150878906e+01
1.332608127593994141e+01
1.321398067474365234e+01
1.340268611907958984e+01
1.338307666778564453e+01
1.327566814422607422e+01
1.303948593139648438e+01
1.311369991302490234e+01
1.265806770324707031e+01
1.256986618041992188e+01
1.140069007873535156e+01
1.110368728637695312e+01
1.067316436767578125e+01
1.097256374359130859e+01
1.035310745239257812e+01
1.062359428405761719e+01
1.079253482818603516e+01
1.081652641296386719e+01
1.129054450988769531e+01
1.104817676544189453e+01
1.154612731933593750e+01
1.069252395629882812e+01
1.155297756195068359e+01
1.162292671203613281e+01
1.163998699188232422e+01
1.090941143035888672e+01
1.083297157287597656e+01
1.089533519744873047e+01
1.101505851745605469e+01
1.021143627166748047e+01
1.066967201232910156e+01
1.063029479980468750e+01
1.038267612457275391e+01
9.747705459594726562e+00
9.902532577514648438e+00
9.718517303466796875e+00
9.601705551147460938e+00
9.690018653869628906e+00
1.008678913116455078e+01
9.428673744201660156e+00
9.590055465698242188e+00
9.591951370239257812e+00
1.012521457672119141e+01
1.001560020446777344e+01
9.837755203247070312e+00
9.244592666625976562e+00
9.176633834838867188e+00
8.678897857666015625e+00
8.619710922241210938e+00
7.678647041320800781e+00
7.710783004760742188e+00
7.568505287170410156e+00
7.406066417694091797e+00
8.186397552490234375e+00
7.260510921478271484e+00
7.170957088470458984e+00
7.801039218902587891e+00
7.412161827087402344e+00
-1.284809017181396484e+01
-1.285791873931884766e+01
-1.230279636383056641e+01
-1.208295345306396484e+01
-1.151051425933837891e+01
-1.154950237274169922e+01
-1.157830524444580078e+01
-1.067587375640869141e+01
-1.010979938507080078e+01
-8.695937156677246094e+00
-6.551311492919921875e+00
-8.069815635681152344e+00
