1.244551658630371094e+00
1.197583675384521484e+00
1.769454002380371094e+00
2.260811805725097656e+00
2.023088455200195312e+00
2.052978038787841797e+00
2.178188800811767578e+00
2.570029258728027344e+00
1.133946418762207031e+00
-6.056979179382324219e+00
-7.141516685485839844e+00
-4.759265899658203125e+00
-4.163364410400390625e+00
-4.198573112487792969e+00
-4.331465721130371094e+00
-4.252952575683593750e+00
-4.786399841308593750e+00
-3.967921257019042969e+00
-3.776188850402832031e+00
-4.270249366760253906e+00
-4.818187713623046875e+00
-5.425213813781738281e+00
-4.065578460693359375e+00
-3.225516319274902344e+00
-3.326066017150878906e+00
-3.081357002258300781e+00
-3.748700141906738281e+00
-3.644895553588867188e+00
-3.371995925903320312e+00
-3.817173957824707031e+00
-3.145178794860839844e+00
-3.378551483154296875e+00
-4.548441886901855469e+00
-5.003917694091796875e+00
-4.978780746459960938e+00
-4.420874595642089844e+00
-5.135888099670410156e+00
-5.754934310913085938e+00
-6.200532913208007812e+00
-6.209134101867675781e+00
-6.590298652648925781e+00
-6.433847427368164062e+00
-6.455730438232421875e+00
-5.918215751647949219e+00
-5.959162712097167969e+00
-6.417448043823242188e+00
-5.768133163452148438e+00
-6.306931495666503906e+00
-5.922084808349609375e+00
-5.227039337158203125e+00
-5.913799285888671875e+00
-5.863099098205566406e+00
-5.963200569152832031e+00
6.631969451904296875e+00
3.626681327819824219e+00
3.773635864257812500e+00
3.090374469757080078e+00
1.836420059204101562e+00
2.483605384826660156e+00
3.199619770050048828e+00
2.105530738830566406e+00
3.382656097412109375e+00
3.204068183898925781e+00
4.674196720123291016e+00
4.779499053955078125e+00
2.989773273468017578e+00
3.931195735931396484e+00
3.622728347778320312e+00
4.227992057800292969e+00
4.764468669891357422e+00
4.969531536102294922e+00
4.804801940917968750e+00
4.750299930572509766e+00
5.317314147949218750e+00
5.399002552032470703e+00
5.202530384063720703e+00
5.718627929687500000e+00
-2.586841285228729248e-01
-2.376937568187713623e-01
3.212528526782989502e-01
-2.725438773632049561e-01
-2.101067543029785156e+00
-3.408980369567871094e+00
-6.677375793457031250e+00
-1.526076316833496094e+00
-2.721839904785156250e+00
-1.999079704284667969e+00
-3.735324859619140625e+00
-4.430397987365722656e+00
-4.155391693115234375e+00
-5.736914634704589844e+00
-5.761343002319335938e+00
-6.087409973144531250e+00
-5.900542259216308594e+00
-6.028451919555664062e+00
-5.795358657836914062e+00
-5.821480751037597656e+00
-5.847127914428710938e+00
-5.975262641906738281e+00
-5.897094726562500000e+00
-5.674758911132812500e+00
1.090141773223876953e+01
8.412249565124511719e+00
7.780478477478027344e+00
7.562497138977050781e+00
7.315341949462890625e+00
7.947446346282958984e+00
7.966041564941406250e+00
8.211264610290527344e+00
8.055563926696777344e+00
6.880257606506347656e+00
6.666112899780273438e+00
8.414268493652343750e+00
8.102519035339355469e+00
7.954459190368652344e+00
8.106879234313964844e+00
7.879673480987548828e+00
8.547425270080566406e+00
9.591057777404785156e+00
8.516204833984375000e+00
9.924574851989746094e+00
1.018041419982910156e+01
9.986777305603027344e+00
9.669075965881347656e+00
3.891963958740234375e+00
1.538841724395751953e+00
-1.323803901672363281e+00
-1.125402450561523438e+00
-2.129014968872070312e+00
-2.043184280395507812e+00
-1.681632995605468750e+00
-1.015712738037109375e+00
-1.246518135070800781e+00
1.415923889726400375e-02
-1.892413794994354248e-01
1.176760196685791016e+00
1.021588420867919922e+01
8.884009361267089844e+00
7.952935218811035156e+00
8.047702789306640625e+00
7.978260040283203125e+00
8.033455848693847656e+00
8.059748649597167969e+00
8.018154144287109375e+00
8.869404792785644531e+00
5.435836315155029297e+00
6.593984127044677734e+00
6.260714530944824219e+00
9.906742095947265625e+00
1.072390270233154297e+01
1.050066280364990234e+01
1.047569751739501953e+01
9.537317276000976562e+00
8.430225372314453125e+00
8.931841850280761719e+00
7.782761096954345703e+00
9.003860473632812500e+00
9.139246940612792969e+00
7.329568386077880859e+00
6.843288898468017578e+00
6.751751422882080078e+00
3.252310752868652344e+00
4.821832656860351562e+00
5.300877571105957031e+00
5.398587226867675781e+00
4.555578231811523438e+00
1.698277664184570312e+01
1.920145797729492188e+01
1.940371704101562500e+01
1.911581611633300781e+01
1.947196769714355469e+01
1.914080619812011719e+01
1.947603416442871094e+01
1.917204856872558594e+01
1.949385643005371094e+01
1.686092185974121094e+01
1.688491630554199219e+01
1.718019676208496094e+01
1.723280143737792969e+01
1.681542015075683594e+01
1.736677360534667969e+01
1.727247238159179688e+01
1.765250587463378906e+01
1.736755371093750000e+01
1.705465316772460938e+01
1.717672538757324219e+01
1.648423385620117188e+01
1.673226165771484375e+01
1.653111267089843750e+01
1.606942939758300781e+01
1.607185554504394531e+01
1.500292873382568359e+01
1.518274879455566406e+01
1.551016426086425781e+01
1.531012248992919922e+01
1.533685302734375000e+01
1.451332378387451172e+01
1.170774078369140625e+01
1.241262722015380859e+01
1.239840507507324219e+01
1.261393737792968750e+01
1.311053180694580078e+01
1.341570949554443359e+01
1.337243843078613281e+01
1.417254447937011719e+01
1.418067455291748047e+01
1.563220024108886719e+01
1.452191257476806641e+01
1.393461894989013672e+01
1.492366695404052734e+01
1.447181224822998047e+01
1.548102283477783203e+01
1.482991409301757812e+01
1.498085021972656250e+01
1.523453426361083984e+01
1.240870475769042969e+01
1.623314476013183594e+01
1.697339057922363281e+01
1.660820007324218750e+01
1.757318687438964844e+01
1.583930683135986328e+01
1.817037010192871094e+01
1.800198554992675781e+01
1.755128479003906250e+01
1.808256340026855469e+01
1.726869392395019531e+01
1.713565444946289062e+01
1.715932846069335938e+01
1.718470191955566406e+01
1.758806037902832031e+01
1.680316734313964844e+01
1.674644660949707031e+01
1.684525108337402344e+01
1.635224914550781250e+01
1.667348480224609375e+01
1.653184700012207031e+01
1.636257743835449219e+01
1.680136871337890625e+01
1.727658271789550781e+01
1.738911437988281250e+01
1.767274284362792969e+01
1.767835807800292969e+01
1.797047042846679688e+01
1.819035720825195312e+01
1.858826828002929688e+01
1.748503684997558594e+01
1.747162628173828125e+01
1.147313499450683594e+01
1.186206436157226562e+01
1.185184955596923828e+01
1.140149402618408203e+01
1.151526927947998047e+01
1.170258522033691406e+01
1.177303028106689453e+01
1.252507209777832031e+01
1.264929866790771484e+01
1.429117393493652344e+01
1.418933391571044922e+01
1.420871734619140625e+01
1.484136390686035156e+01
1.527239418029785156e+01
1.523015213012695312e+01
1.544913101196289062e+01
1.535249233245849609e+01
1.546600532531738281e+01
1.605117988586425781e+01
1.646082687377929688e+01
1.641274642944335938e+01
1.625573348999023438e+01
1.612648582458496094e+01
1.604387474060058594e+01
1.599333953857421875e+01
1.585631847381591797e+01
1.572208404541015625e+01
1.568246269226074219e+01
1.548774719238281250e+01
1.537645530700683594e+01
1.503944683074951172e+01
1.514394664764404297e+01
1.526648521423339844e+01
1.521452617645263672e+01
1.514040088653564453e+01
1.528071689605712891e+01
1.519926357269287109e+01
1.520044612884521484e+01
1.523254013061523438e+01
2.479662418365478516e+00
-3.349847495555877686e-01
-6.278924345970153809e-01
-1.574468314647674561e-01
-2.223243415355682373e-01
2.150001823902130127e-01
2.414039336144924164e-02
1.373738288879394531e+00
2.410707771778106689e-01
1.641129016876220703e+00
2.140616893768310547e+00
2.938920497894287109e+00
2.975126743316650391e+00
3.632748603820800781e+00
3.537918567657470703e+00
3.344904899597167969e+00
2.807160377502441406e+00
3.124217987060546875e+00
1.452603816986083984e+00
2.060412406921386719e+00
1.687618732452392578e+00
1.602561950683593750e+00
1.099632740020751953e+00
2.307021617889404297e+00
-1.047634124755859375e+00
-1.109533309936523438e+00
-4.357146918773651123e-01
-1.856905937194824219e+00
-1.671845436096191406e+00
-2.219870567321777344e+00
-2.117435455322265625e+00
-2.109825134277343750e+00
1.609049034118652344e+01
1.936504745483398438e+01
2.033285903930664062e+01
2.075006484985351562e+01
2.081194114685058594e+01
2.102279281616210938e+01
2.098113059997558594e+01
2.096856689453125000e+01
2.091077232360839844e+01
1.842228889465332031e+01
1.850966453552246094e+01
1.790905189514160156e+01
1.748524093627929688e+01
1.749335670471191406e+01
1.831184577941894531e+01
1.840690422058105469e+01
1.844501686096191406e+01
1.818590927124023438e+01
1.812504577636718750e+01
1.787251663208007812e+01
1.816182708740234375e+01
1.824901390075683594e+01
1.727332305908203125e+01
1.689888000488281250e+01
1.606213569641113281e+01
1.719811630249023438e+01
1.700454139709472656e+01
1.704453468322753906e+01
1.741402244567871094e+01
1.794555854797363281e+01
1.824895095825195312e+01
1.839644622802734375e+01
1.789043807983398438e+01
1.808507728576660156e+01
1.742566108703613281e+01
1.711420249938964844e+01
1.694594573974609375e+01
1.733933448791503906e+01
1.678207206726074219e+01
1.718900108337402344e+01
1.765479469299316406e+01
1.685455322265625000e+01
1.707485580444335938e+01
1.787360000610351562e+01
1.897586441040039062e+01
1.908626365661621094e+01
1.884618759155273438e+01
1.871796989440917969e+01
1.810412216186523438e+01
1.761147308349609375e+01
1.827448081970214844e+01
1.790192794799804688e+01
1.787383270263671875e+01
1.729213142395019531e+01
1.686431503295898438e+01
1.675734901428222656e+01
1.673945999145507812e+01
1.674321746826171875e+01
1.683856201171875000e+01
1.669332122802734375e+01
1.592155551910400391e+01
1.581861591339111328e+01
1.492396831512451172e+01
1.433533573150634766e+01
1.511062240600585938e+01
1.458761501312255859e+01
1.524510574340820312e+01
1.477019500732421875e+01
1.517655277252197266e+01
1.646673011779785156e+01
1.773815727233886719e+01
1.831263160705566406e+01
1.836795616149902344e+01
1.804080390930175781e+01
1.826875877380371094e+01
1.811963081359863281e+01
1.823048973083496094e+01
1.797366905212402344e+01
1.799705696105957031e+01
1.799825096130371094e+01
1.817929077148437500e+01
1.787827682495117188e+01
1.775029373168945312e+01
1.759197425842285156e+01
1.737604713439941406e+01
1.737063217163085938e+01
1.736957931518554688e+01
1.783818244934082031e+01
1.774085235595703125e+01
1.831943511962890625e+01
1.930993843078613281e+01
1.943365097045898438e+01
1.949976921081542969e+01
1.954382514953613281e+01
1.967921638488769531e+01
1.993550491333007812e+01
1.952268409729003906e+01
1.978802871704101562e+01
1.960135459899902344e+01
1.910087776184082031e+01
1.931777191162109375e+01
1.896764564514160156e+01
1.878776931762695312e+01
1.853690910339355469e+01
1.766817855834960938e+01
1.768794631958007812e+01
1.758714866638183594e+01
1.747952079772949219e+01
1.726401519775390625e+01
1.712932777404785156e+01
1.746728515625000000e+01
1.680289649963378906e+01
1.663056755065917969e+01
1.617940902709960938e+01
1.530023288726806641e+01
1.456996154785156250e+01
1.450541210174560547e+01
1.422715282440185547e+01
1.440143203735351562e+01
1.477768802642822266e+01
1.478226089477539062e+01
1.563960838317871094e+01
1.543387889862060547e+01
1.485749816894531250e+01
1.597373676300048828e+01
1.601226234436035156e+01
1.602768325805664062e+01
1.618275260925292969e+01
1.609788131713867188e+01
1.618496704101562500e+01
1.557147789001464844e+01
1.641211700439453125e+01
1.661288642883300781e+01
1.735699844360351562e+01
1.815400695800781250e+01
1.752913665771484375e+01
1.723366165161132812e+01
1.626753997802734375e+01
1.729189109802246094e+01
1.653692245483398438e+01
1.639685249328613281e+01
1.670072364807128906e+01
1.660056686401367188e+01
1.642583465576171875e+01
1.574549007415771484e+01
1.631355285644531250e+01
1.622478294372558594e+01
1.667248535156250000e+01
1.552919101715087891e+01
1.605567550659179688e+01
1.742127990722656250e+01
1.683189010620117188e+01
1.756037902832031250e+01
1.740184020996093750e+01
1.689814567565917969e+01
1.702770996093750000e+01
1.719821357727050781e+01
1.741609954833984375e+01
1.698291397094726562e+01
1.661111068725585938e+01
1.705613708496093750e+01
1.645388793945312500e+01
1.616522216796875000e+01
1.619341468811035156e+01
1.643308639526367188e+01
1.621453285217285156e+01
1.572583675384521484e+01
1.582319164276123047e+01
1.573512649536132812e+01
1.534713363647460938e+01
1.582817459106445312e+01
1.716596603393554688e+01
1.685960960388183594e+01
1.690830039978027344e+01
1.818399238586425781e+01
1.803081703186035156e+01
1.774230766296386719e+01
1.795828628540039062e+01
1.774448394775390625e+01
1.762847328186035156e+01
1.739453887939453125e+01
1.724985885620117188e+01
1.726329612731933594e+01
1.687310218811035156e+01
1.726660728454589844e+01
1.732227706909179688e+01
1.659916496276855469e+01
1.617128944396972656e+01
1.632106781005859375e+01
1.698447227478027344e+01
1.676601219177246094e+01
1.688004302978515625e+01
1.703186988830566406e+01
1.669873619079589844e+01
1.645078849792480469e+01
1.769974899291992188e+01
1.803909873962402344e+01
1.764702415466308594e+01
1.708644676208496094e+01
1.714369773864746094e+01
1.665791893005371094e+01
1.676126861572265625e+01
1.681511116027832031e+01
1.672240829467773438e+01
1.701115798950195312e+01
1.690775108337402344e+01
1.704072380065917969e+01
1.706763839721679688e+01
1.705551338195800781e+01
1.709739875793457031e+01
1.737381362915039062e+01
1.734771919250488281e+01
1.745855140686035156e+01
1.760870170593261719e+01
1.760547256469726562e+01
1.763333892822265625e+01
1.764612388610839844e+01
1.692400550842285156e+01
1.727423286437988281e+01
1.775458145141601562e+01
1.767856407165527344e+01
1.749132156372070312e+01
1.788366889953613281e+01
1.801397895812988281e+01
1.798703765869140625e+01
1.817914962768554688e+01
1.814504623413085938e+01
1.823525047302246094e+01
1.785145759582519531e+01
1.792325592041015625e+01
1.760120582580566406e+01
1.657612419128417969e+01
1.623723030090332031e+01
1.627723503112792969e+01
1.557990932464599609e+01
1.679941558837890625e+01
1.736857414245605469e+01
1.762194633483886719e+01
1.784276390075683594e+01
1.788874244689941406e+01
1.767633438110351562e+01
1.784464263916015625e+01
1.783463859558105469e+01
1.822489356994628906e+01
1.794144630432128906e+01
1.795363807678222656e+01
1.789884376525878906e+01
1.783067703247070312e+01
1.751857185363769531e+01
1.758397102355957031e+01
1.770773887634277344e+01
1.733665275573730469e+01
1.705510520935058594e+01
1.562874412536621094e+01
1.506227684020996094e+01
1.438622570037841797e+01
1.415271568298339844e+01
1.421581172943115234e+01
1.375504684448242188e+01
1.394472885131835938e+01
1.316567516326904297e+01
1.251513195037841797e+01
1.192037868499755859e+01
1.254844188690185547e+01
1.178737926483154297e+01
1.238785839080810547e+01
1.148961830139160156e+01
1.158489704132080078e+01
1.118037128448486328e+01
1.097787857055664062e+01
1.017056655883789062e+01
9.962450027465820312e+00
9.426083564758300781e+00
9.576457023620605469e+00
9.528429031372070312e+00
9.227634429931640625e+00
9.150649070739746094e+00
1.048118686676025391e+01
1.012800121307373047e+01
1.023068714141845703e+01
1.112533664703369141e+01
1.203394031524658203e+01
1.193588161468505859e+01
1.062129211425781250e+01
1.053756618499755859e+01
1.088605499267578125e+01
1.067031288146972656e+01
1.015978240966796875e+01
9.997735023498535156e+00
1.146784782409667969e+01
1.104402160644531250e+01
1.084899902343750000e+01
1.143498325347900391e+01
1.256039047241210938e+01
1.291735076904296875e+01
1.355502700805664062e+01
1.339444065093994141e+01
1.368875408172607422e+01
1.325343894958496094e+01
1.354001903533935547e+01
1.440555477142333984e+01
1.435831260681152344e+01
1.413556766510009766e+01
1.411237239837646484e+01
1.435684967041015625e+01
1.434255504608154297e+01
1.415766429901123047e+01
1.441242694854736328e+01
1.433587741851806641e+01
1.449903774261474609e+01
1.420049667358398438e+01
1.360138130187988281e+01
1.317226409912109375e+01
1.337144565582275391e+01
1.322721099853515625e+01
1.336577701568603516e+01
1.352554035186767578e+01
1.341653156280517578e+01
1.379894161224365234e+01
1.376512527465820312e+01
1.426836585998535156e+01
1.382356834411621094e+01
1.334301280975341797e+01
1.297705745697021484e+01
1.375072479248046875e+01
1.434481430053710938e+01
1.563041496276855469e+01
1.566321086883544922e+01
1.655941390991210938e+01
1.720055198669433594e+01
1.698073959350585938e+01
1.704931831359863281e+01
1.704432296752929688e+01
1.673541831970214844e+01
1.620007896423339844e+01
1.479434680938720703e+01
1.466679477691650391e+01
1.402689743041992188e+01
1.318006229400634766e+01
1.343623352050781250e+01
1.347034740447998047e+01
1.427876949310302734e+01
1.502138328552246094e+01
1.547114753723144531e+01
1.716444206237792969e+01
1.688980674743652344e+01
1.762322425842285156e+01
1.732118034362792969e+01
1.716007995605468750e+01
1.693332481384277344e+01
1.682511329650878906e+01
1.604048919677734375e+01
1.564969062805175781e+01
1.637768936157226562e+01
1.678574752807617188e+01
1.621741676330566406e+01
1.628889083862304688e+01
1.627575302124023438e+01
1.677494812011718750e+01
1.659246635437011719e+01
1.581968593597412109e+01
1.508778095245361328e+01
1.316008281707763672e+01
1.322325706481933594e+01
1.273820877075195312e+01
1.353647041320800781e+01
1.304051208496093750e+01
1.306221389770507812e+01
1.340482330322265625e+01
1.409753227233886719e+01
1.395594120025634766e+01
1.348330020904541016e+01
1.338031578063964844e+01
1.349787807464599609e+01
1.341573524475097656e+01
1.357296085357666016e+01
1.393303203582763672e+01
1.384487056732177734e+01
1.423317623138427734e+01
1.456767177581787109e+01
1.509510421752929688e+01
1.494438838958740234e+01
1.521724987030029297e+01
1.512372493743896484e+01
1.545620346069335938e+01
1.544667530059814453e+01
1.556594657897949219e+01
1.489186859130859375e+01
1.530000305175781250e+01
1.545355987548828125e+01
1.560687637329101562e+01
1.657609939575195312e+01
1.736807441711425781e+01
1.718330192565917969e+01
1.744919395446777344e+01
1.701380538940429688e+01
1.723338699340820312e+01
1.801434898376464844e+01
1.786989212036132812e+01
1.797863006591796875e+01
1.777314567565917969e+01
1.740910148620605469e+01
1.783642959594726562e+01
1.736187362670898438e+01
1.772506332397460938e+01
1.780301666259765625e+01
1.719124412536621094e+01
1.716743659973144531e+01
1.736663246154785156e+01
1.708677864074707031e+01
1.729879188537597656e+01
1.699240493774414062e+01
1.679830741882324219e+01
1.723693656921386719e+01
1.676476860046386719e+01
1.695752906799316406e+01
1.683746719360351562e+01
1.628199195861816406e+01
1.496012496948242188e+01
1.457254505157470703e+01
1.465386486053466797e+01
1.451746273040771484e+01
1.469889736175537109e+01
1.677362823486328125e+01
1.647604370117187500e+01
1.623711776733398438e+01
1.680082702636718750e+01
1.712815475463867188e+01
1.719030380249023438e+01
1.679379463195800781e+01
3.348957061767578125e+00
5.669770836830139160e-01
6.623745560646057129e-01
6.917019486427307129e-01
1.267024993896484375e+00
1.233078479766845703e+00
1.908241748809814453e+00
2.490983963012695312e+00
2.265898227691650391e+00
3.566082000732421875e+00
4.473338603973388672e+00
4.548493862152099609e+00
4.448596477508544922e+00
4.189311981201171875e+00
4.425216674804687500e+00
4.180311203002929688e+00
5.890588283538818359e+00
5.481860160827636719e+00
5.026465892791748047e+00
5.616477966308593750e+00
4.784541606903076172e+00
4.871953487396240234e+00
5.510443687438964844e+00
5.475469589233398438e+00
5.655491828918457031e+00
5.340047359466552734e+00
5.563210010528564453e+00
5.473344326019287109e+00
5.266980171203613281e+00
5.923021793365478516e+00
5.685910701751708984e+00
6.292411327362060547e+00
-4.907583236694335938e+00
-7.678502082824707031e+00
-7.012166023254394531e+00
-7.338621139526367188e+00
-7.237311363220214844e+00
-7.181018829345703125e+00
-7.179491996765136719e+00
-6.691304206848144531e+00
-6.792019844055175781e+00
-6.206248283386230469e+00
-6.662208557128906250e+00
-6.672512054443359375e+00
-6.210963249206542969e+00
-5.637915611267089844e+00
-5.792609214782714844e+00
-6.258366584777832031e+00
-6.232983589172363281e+00
-6.157941818237304688e+00
-6.084780693054199219e+00
-6.078963279724121094e+00
-6.117909431457519531e+00
-5.687807083129882812e+00
-5.121541976928710938e+00
-5.226505279541015625e+00
-5.146402359008789062e+00
-4.707304954528808594e+00
-4.790702819824218750e+00
-4.175575256347656250e+00
-4.295574188232421875e+00
8.883296012878417969e+00
6.513120651245117188e+00
6.245909214019775391e+00
5.508583068847656250e+00
5.643982410430908203e+00
5.560903072357177734e+00
5.628153324127197266e+00
6.432891368865966797e+00
7.440333843231201172e+00
5.756216526031494141e+00
6.219858646392822266e+00
6.922858238220214844e+00
6.268608570098876953e+00
6.750089168548583984e+00
6.974225044250488281e+00
6.756645202636718750e+00
7.335001468658447266e+00
7.007044792175292969e+00
5.770141124725341797e+00
6.189490318298339844e+00
4.885329246520996094e+00
5.737640857696533203e+00
6.628580570220947266e+00
7.695075035095214844e+00
-4.730090141296386719e+00
-7.961438179016113281e+00
-8.231659889221191406e+00
-8.379502296447753906e+00
-7.937333106994628906e+00
-6.967744827270507812e+00
-6.370266914367675781e+00
-5.865920066833496094e+00
-4.997198104858398438e+00
-2.750630378723144531e+00
-3.609130859375000000e+00
-4.501380622386932373e-01
1.512317955493927002e-01
-6.404968351125717163e-02
-2.401348389685153961e-02
4.818061739206314087e-02
-2.204858930781483650e-03
1.703768074512481689e-01
-1.848743438720703125e+00
-1.712336540222167969e+00
-4.874861717224121094e+00
-6.486309051513671875e+00
-6.690880775451660156e+00
3.886010646820068359e+00
1.000506401062011719e+00
8.136430382728576660e-01
1.168333053588867188e+00
1.436647891998291016e+00
1.656277656555175781e+00
2.432065010070800781e+00
4.478899955749511719e+00
2.672521114349365234e+00
4.135914325714111328e+00
4.521432876586914062e+00
4.822444438934326172e+00
4.382129192352294922e+00
4.295015335083007812e+00
5.217468261718750000e+00
4.968801498413085938e+00
4.343067646026611328e+00
5.790674686431884766e+00
5.471300601959228516e+00
6.483725547790527344e+00
5.921911716461181641e+00
6.554548263549804688e+00
4.784421443939208984e+00
9.955421090126037598e-01
7.203129291534423828e+00
4.833775043487548828e+00
5.878269195556640625e+00
3.987116336822509766e+00
4.250150680541992188e+00
4.182229518890380859e+00
4.236908435821533203e+00
3.905229568481445312e+00
4.591732025146484375e+00
4.052548408508300781e+00
3.678123474121093750e+00
4.843727588653564453e+00
4.371863365173339844e+00
3.398524761199951172e+00
4.239539146423339844e+00
4.580537319183349609e+00
4.920793533325195312e+00
4.713936805725097656e+00
4.681939125061035156e+00
4.859165668487548828e+00
3.468562126159667969e+00
4.158464908599853516e+00
3.604181766510009766e+00
2.983340740203857422e+00
4.003701210021972656e+00
3.704723358154296875e+00
3.928561687469482422e+00
2.731033802032470703e+00
3.286479473114013672e+00
3.848935127258300781e+00
1.659058380126953125e+01
1.765037345886230469e+01
1.747590827941894531e+01
1.697569084167480469e+01
1.689178657531738281e+01
1.681042289733886719e+01
1.695051574707031250e+01
1.683153724670410156e+01
1.687124061584472656e+01
1.423712253570556641e+01
1.428702735900878906e+01
1.401830768585205078e+01
1.443397903442382812e+01
1.401830863952636719e+01
1.502139663696289062e+01
1.493164443969726562e+01
1.496401786804199219e+01
1.570119762420654297e+01
1.605025482177734375e+01
1.565829086303710938e+01
1.587763118743896484e+01
1.568895244598388672e+01
1.604055595397949219e+01
1.586127376556396484e+01
1.577783298492431641e+01
1.547946453094482422e+01
1.533182239532470703e+01
1.543731117248535156e+01
1.521563816070556641e+01
1.560092067718505859e+01
1.555309963226318359e+01
1.543778705596923828e+01
1.535666847229003906e+01
1.541076755523681641e+01
1.543257141113281250e+01
1.544927883148193359e+01
1.531631183624267578e+01
1.468301868438720703e+01
1.442685508728027344e+01
1.414997291564941406e+01
1.413932228088378906e+01
1.471697425842285156e+01
1.468338966369628906e+01
1.520815753936767578e+01
1.445925903320312500e+01
1.358043766021728516e+01
1.462713146209716797e+01
1.405753326416015625e+01
1.346302986145019531e+01
1.340016365051269531e+01
1.214470291137695312e+01
1.226291465759277344e+01
1.287744426727294922e+01
1.366913700103759766e+01
1.452468585968017578e+01
1.517496871948242188e+01
1.645253181457519531e+01
1.753577423095703125e+01
1.751558494567871094e+01
1.787942504882812500e+01
1.774451637268066406e+01
1.938071250915527344e+01
1.892458343505859375e+01
1.842564010620117188e+01
1.832546234130859375e+01
1.813969421386718750e+01
1.832017898559570312e+01
1.833605384826660156e+01
1.827506637573242188e+01
1.831731224060058594e+01
1.717666435241699219e+01
1.676172065734863281e+01
1.689996719360351562e+01
1.653768348693847656e+01
1.637861061096191406e+01
1.589818000793457031e+01
1.619225692749023438e+01
1.622180366516113281e+01
1.669670104980468750e+01
1.689056205749511719e+01
1.740314865112304688e+01
1.680746841430664062e+01
1.740032577514648438e+01
1.798783111572265625e+01
1.862333869934082031e+01
1.859848976135253906e+01
1.840674400329589844e+01
1.840711975097656250e+01
1.853083419799804688e+01
1.444465446472167969e+01
1.525560092926025391e+01
1.476791191101074219e+01
1.464855957031250000e+01
1.441657924652099609e+01
1.434908390045166016e+01
1.444542980194091797e+01
1.441255187988281250e+01
1.452845001220703125e+01
1.483547019958496094e+01
1.446451663970947266e+01
1.332042980194091797e+01
1.137410449981689453e+01
1.176300621032714844e+01
1.129977226257324219e+01
1.124766635894775391e+01
1.116620826721191406e+01
8.989726066589355469e+00
9.299842834472656250e+00
9.320167541503906250e+00
7.448933601379394531e+00
8.777252197265625000e+00
8.717610359191894531e+00
8.668474197387695312e+00
8.747642517089843750e+00
8.593994140625000000e+00
8.955654144287109375e+00
9.431602478027343750e+00
8.913061141967773438e+00
8.199679374694824219e+00
7.826536655426025391e+00
7.325042724609375000e+00
5.499692440032958984e+00
5.110888957977294922e+00
5.170090198516845703e+00
4.623526096343994141e+00
4.023907661437988281e+00
4.108366489410400391e+00
1.218965530395507812e+00
1.655735969543457031e+00
1.980158329010009766e+00
2.631155490875244141e+00
2.438585758209228516e+00
2.283222675323486328e+00
3.177620887756347656e+00
3.861008644104003906e+00
4.348666191101074219e+00
8.690537452697753906e+00
8.298280715942382812e+00
1.088584995269775391e+01
1.016807079315185547e+01
1.162013530731201172e+01
1.081685161590576172e+01
1.069010448455810547e+01
1.061536502838134766e+01
1.060661983489990234e+01
1.053427886962890625e+01
1.025922107696533203e+01
1.000447654724121094e+01
9.506025314331054688e+00
8.627159118652343750e+00
6.811642169952392578e+00
7.513827800750732422e+00
5.908011913299560547e+00
4.837122917175292969e+00
5.353491783142089844e+00
5.123648166656494141e+00
4.361109733581542969e+00
-5.645128250122070312e+00
-7.999491691589355469e+00
-8.113209724426269531e+00
-8.119879722595214844e+00
-8.306241035461425781e+00
-7.756382942199707031e+00
-8.036185264587402344e+00
-7.989411354064941406e+00
-7.910431861877441406e+00
-6.754324913024902344e+00
1.355286598205566406e+01
1.444143772125244141e+01
1.433592605590820312e+01
1.505755233764648438e+01
1.499195194244384766e+01
1.493994998931884766e+01
1.490789127349853516e+01
1.523693370819091797e+01
1.562096309661865234e+01
1.448697566986083984e+01
1.437808704376220703e+01
1.434507846832275391e+01
1.389343547821044922e+01
1.424225902557373047e+01
1.502973842620849609e+01
1.562191867828369141e+01
1.540923786163330078e+01
1.539530086517333984e+01
1.554399299621582031e+01
1.589978122711181641e+01
1.633914375305175781e+01
1.557233619689941406e+01
1.467709064483642578e+01
1.414181041717529297e+01
1.356676101684570312e+01
1.443356227874755859e+01
1.488120746612548828e+01
1.518822479248046875e+01
1.461636352539062500e+01
1.411188030242919922e+01
1.474616527557373047e+01
1.531848430633544922e+01
1.567232608795166016e+01
1.610178184509277344e+01
1.607609367370605469e+01
1.499169635772705078e+01
1.427730941772460938e+01
1.277590560913085938e+01
1.317154312133789062e+01
1.402212905883789062e+01
1.535429954528808594e+01
1.817600440979003906e+01
1.767796897888183594e+01
1.681100654602050781e+01
1.741775512695312500e+01
1.761499404907226562e+01
1.790147590637207031e+01
1.770055007934570312e+01
1.756721305847167969e+01
1.754607963562011719e+01
1.633115959167480469e+01
1.645168685913085938e+01
1.566369152069091797e+01
1.445943260192871094e+01
1.161831092834472656e+01
1.130975723266601562e+01
9.975618362426757812e+00
9.141617774963378906e+00
9.480294227600097656e+00
9.115626335144042969e+00
9.177067756652832031e+00
8.811781883239746094e+00
9.422262191772460938e+00
8.996045112609863281e+00
8.192982673645019531e+00
7.898746013641357422e+00
8.370348930358886719e+00
8.762887954711914062e+00
8.907674789428710938e+00
8.977618217468261719e+00
8.679316520690917969e+00
8.677221298217773438e+00
9.152521133422851562e+00
1.195491313934326172e+01
1.286956501007080078e+01
1.273698806762695312e+01
1.266251850128173828e+01
1.299143505096435547e+01
1.297019290924072266e+01
1.298264408111572266e+01
1.286760711669921875e+01
1.287390995025634766e+01
1.228516006469726562e+01
1.210546779632568359e+01
1.212306213378906250e+01
1.208151245117187500e+01
1.237044715881347656e+01
1.224895954132080078e+01
1.110783195495605469e+01
1.124500179290771484e+01
1.127973270416259766e+01
1.186967182159423828e+01
1.157457828521728516e+01
1.191078472137451172e+01
1.140729522705078125e+01
1.150307559967041016e+01
1.162391757965087891e+01
1.208679866790771484e+01
1.211644935607910156e+01
1.200614166259765625e+01
1.233305740356445312e+01
1.195809173583984375e+01
1.195827865600585938e+01
1.200472259521484375e+01
1.199922370910644531e+01
1.247815227508544922e+01
1.241118335723876953e+01
1.275669574737548828e+01
1.308210945129394531e+01
1.307830810546875000e+01
1.360411643981933594e+01
1.360816478729248047e+01
1.376822280883789062e+01
1.389766311645507812e+01
1.298912811279296875e+01
1.305552005767822266e+01
1.334495258331298828e+01
1.371832847595214844e+01
1.426806449890136719e+01
1.522075366973876953e+01
1.579161643981933594e+01
1.594111347198486328e+01
1.630457687377929688e+01
1.678004837036132812e+01
1.664476394653320312e+01
1.699769020080566406e+01
1.658768081665039062e+01
1.654739379882812500e+01
1.670047760009765625e+01
1.543547916412353516e+01
1.544941043853759766e+01
1.641090202331542969e+01
1.624501609802246094e+01
1.621861648559570312e+01
1.645127296447753906e+01
1.673519515991210938e+01
1.678377342224121094e+01
1.672948837280273438e+01
1.705032157897949219e+01
1.734121704101562500e+01
1.661474418640136719e+01
1.705107498168945312e+01
1.704881095886230469e+01
1.716250801086425781e+01
1.696730422973632812e+01
1.702629852294921875e+01
1.737754249572753906e+01
1.723773956298828125e+01
1.731806182861328125e+01
1.755275726318359375e+01
1.769348907470703125e+01
1.773926162719726562e+01
1.779416275024414062e+01
1.776611900329589844e+01
1.766609764099121094e+01
1.762373352050781250e+01
1.738975524902343750e+01
1.734796714782714844e+01
1.758024787902832031e+01
1.737182617187500000e+01
1.742572402954101562e+01
1.727062797546386719e+01
1.737968063354492188e+01
1.731553649902343750e+01
1.745139122009277344e+01
1.747281646728515625e+01
1.767299270629882812e+01
1.765616035461425781e+01
1.767370223999023438e+01
1.765136146545410156e+01
1.702549552917480469e+01
1.681389045715332031e+01
1.693033790588378906e+01
1.689015007019042969e+01
1.646767616271972656e+01
1.628947448730468750e+01
1.645114707946777344e+01
1.664677810668945312e+01
1.664513778686523438e+01
1.699488639831542969e+01
1.716189384460449219e+01
1.716992378234863281e+01
1.699584388732910156e+01
1.713282012939453125e+01
1.689821815490722656e+01
1.700531196594238281e+01
1.689055061340332031e+01
1.669253349304199219e+01
1.650389480590820312e+01
1.658366012573242188e+01
1.642472648620605469e+01
1.658186340332031250e+01
1.618993377685546875e+01
1.646482276916503906e+01
1.642949295043945312e+01
1.654578971862792969e+01
1.627618789672851562e+01
1.645824432373046875e+01
1.623362350463867188e+01
1.617498779296875000e+01
1.620582771301269531e+01
1.632373046875000000e+01
1.611637496948242188e+01
1.612135124206542969e+01
1.637493705749511719e+01
1.617243385314941406e+01
1.638694953918457031e+01
1.641356658935546875e+01
1.642782211303710938e+01
1.614908409118652344e+01
1.644054603576660156e+01
1.643544578552246094e+01
1.657401275634765625e+01
1.620373725891113281e+01
1.639701843261718750e+01
1.637018013000488281e+01
1.624802207946777344e+01
1.642149353027343750e+01
1.649155044555664062e+01
1.611152648925781250e+01
1.599391174316406250e+01
1.617483901977539062e+01
1.618126296997070312e+01
1.618861961364746094e+01
1.605123901367187500e+01
1.610647583007812500e+01
1.640741157531738281e+01
1.583084487915039062e+01
1.640881538391113281e+01
1.580441474914550781e+01
1.662249183654785156e+01
1.722167587280273438e+01
1.724874877929687500e+01
1.733120155334472656e+01
1.707107925415039062e+01
1.696473121643066406e+01
1.716185951232910156e+01
1.697010040283203125e+01
1.732725334167480469e+01
1.676667785644531250e+01
1.657744789123535156e+01
1.560470104217529297e+01
1.528308391571044922e+01
1.533295917510986328e+01
1.427933692932128906e+01
1.385214614868164062e+01
1.331286334991455078e+01
1.179438877105712891e+01
1.336790084838867188e+01
1.206346416473388672e+01
1.038955688476562500e+01
9.430417060852050781e+00
9.371204376220703125e+00
9.670331954956054688e+00
8.750149726867675781e+00
9.929232597351074219e+00
1.065172004699707031e+01
1.152702903747558594e+01
1.084269714355468750e+01
1.146990394592285156e+01
1.209345245361328125e+01
1.217049884796142578e+01
1.310583305358886719e+01
1.263710594177246094e+01
1.303547763824462891e+01
1.388588905334472656e+01
1.216969108581542969e+01
1.328801250457763672e+01
1.318786811828613281e+01
1.312214756011962891e+01
1.199890613555908203e+01
1.294493579864501953e+01
1.297932147979736328e+01
1.281496810913085938e+01
1.021568870544433594e+01
9.684477806091308594e+00
9.883206367492675781e+00
1.059405994415283203e+01
1.035146522521972656e+01
1.098767948150634766e+01
9.590948104858398438e+00
8.597025871276855469e+00
1.053768539428710938e+01
1.279675292968750000e+01
1.422533702850341797e+01
1.500620269775390625e+01
1.283821487426757812e+01
1.399450778961181641e+01
1.318982696533203125e+01
1.229838180541992188e+01
1.351762294769287109e+01
1.418839263916015625e+01
1.528170776367187500e+01
1.579773139953613281e+01
1.327540683746337891e+01
1.193119812011718750e+01
1.217430782318115234e+01
1.223678493499755859e+01
1.148401832580566406e+01
1.159264755249023438e+01
1.308463573455810547e+01
1.421562385559082031e+01
1.516147613525390625e+01
1.533306789398193359e+01
1.578759670257568359e+01
1.574159526824951172e+01
1.617340469360351562e+01
1.705744743347167969e+01
1.612318038940429688e+01
1.552231884002685547e+01
1.517263698577880859e+01
1.446123027801513672e+01
1.400879669189453125e+01
1.467693138122558594e+01
1.436349010467529297e+01
1.390409469604492188e+01
1.383725070953369141e+01
1.246169853210449219e+01
1.160081195831298828e+01
1.227100658416748047e+01
1.228851413726806641e+01
1.238721179962158203e+01
1.215411663055419922e+01
1.160604572296142578e+01
1.152473640441894531e+01
1.158688163757324219e+01
1.119641780853271484e+01
1.148497486114501953e+01
1.142245006561279297e+01
1.153374862670898438e+01
1.124726963043212891e+01
9.867595672607421875e+00
8.606223106384277344e+00
7.611397743225097656e+00
7.654446601867675781e+00
7.247036457061767578e+00
7.151723861694335938e+00
7.565230846405029297e+00
8.512388229370117188e+00
7.428995609283447266e+00
7.760828495025634766e+00
8.384707450866699219e+00
8.412959098815917969e+00
7.695481300354003906e+00
7.708599567413330078e+00
7.091024398803710938e+00
7.058811187744140625e+00
6.936800003051757812e+00
5.377618789672851562e+00
5.948458671569824219e+00
6.561951637268066406e+00
7.283697605133056641e+00
7.389816284179687500e+00
7.536926746368408203e+00
5.776197910308837891e+00
4.640870094299316406e+00
5.063154220581054688e+00
4.879982948303222656e+00
4.693342685699462891e+00
4.502182483673095703e+00
3.894198894500732422e+00
5.234412670135498047e+00
4.607673168182373047e+00
5.784567356109619141e+00
6.781177997589111328e+00
5.647557258605957031e+00
7.239264965057373047e+00
6.072305202484130859e+00
5.563458919525146484e+00
6.537414073944091797e+00
5.889394283294677734e+00
8.133469581604003906e+00
6.217246532440185547e+00
9.040049552917480469e+00
9.493463516235351562e+00
8.975934028625488281e+00
8.728276252746582031e+00
9.865736961364746094e+00
1.128558635711669922e+01
1.096670150756835938e+01
1.118351268768310547e+01
1.133591747283935547e+01
1.221009826660156250e+01
1.153791618347167969e+01
1.090252017974853516e+01
1.099666213989257812e+01
1.151503944396972656e+01
1.250287914276123047e+01
1.345749378204345703e+01
1.431974029541015625e+01
1.515373706817626953e+01
1.585183143615722656e+01
1.575946903228759766e+01
1.615911674499511719e+01
1.650294876098632812e+01
1.689868354797363281e+01
1.667132186889648438e+01
1.648960113525390625e+01
1.623883819580078125e+01
1.600302124023437500e+01
1.569920158386230469e+01
1.527753543853759766e+01
1.518650817871093750e+01
1.507557201385498047e+01
1.495855331420898438e+01
1.450834083557128906e+01
1.453224277496337891e+01
1.411781978607177734e+01
1.424348449707031250e+01
1.393408489227294922e+01
1.425730419158935547e+01
1.431271076202392578e+01
1.383089828491210938e+01
1.240457057952880859e+01
1.229761981964111328e+01
1.218119049072265625e+01
1.072163105010986328e+01
9.773235321044921875e+00
1.167386627197265625e+01
1.511125850677490234e+01
1.482690429687500000e+01
1.451768302917480469e+01
1.532312393188476562e+01
1.484689903259277344e+01
1.442327499389648438e+01
1.463711166381835938e+01
1.527867317199707031e+01
1.479946327209472656e+01
1.363628673553466797e+01
1.276408290863037109e+01
1.250938129425048828e+01
1.353830528259277344e+01
1.407865619659423828e+01
1.409081172943115234e+01
1.408501911163330078e+01
1.369730091094970703e+01
1.371285247802734375e+01
1.382647418975830078e+01
1.388203334808349609e+01
1.408312988281250000e+01
1.403191471099853516e+01
1.345121288299560547e+01
1.365700149536132812e+01
1.282909107208251953e+01
1.236606979370117188e+01
1.199745178222656250e+01
1.185092735290527344e+01
1.253822612762451172e+01
1.258469772338867188e+01
1.252063560485839844e+01
1.237510299682617188e+01
1.183004951477050781e+01
1.160372543334960938e+01
1.171808147430419922e+01
1.200080490112304688e+01
1.211683177947998047e+01
1.209639835357666016e+01
1.267688751220703125e+01
1.232016181945800781e+01
1.207723236083984375e+01
1.232673358917236328e+01
1.194779586791992188e+01
1.187632656097412109e+01
1.139322566986083984e+01
1.131094264984130859e+01
1.122906875610351562e+01
1.140837001800537109e+01
1.148627567291259766e+01
1.158244419097900391e+01
1.122068977355957031e+01
1.128782844543457031e+01
1.141591739654541016e+01
1.133042907714843750e+01
1.153513050079345703e+01
1.158151721954345703e+01
1.155791568756103516e+01
1.151079940795898438e+01
1.141938591003417969e+01
1.106283569335937500e+01
1.146098232269287109e+01
1.151046371459960938e+01
1.076557731628417969e+01
1.074178028106689453e+01
1.030592441558837891e+01
1.087961292266845703e+01
1.043131256103515625e+01
1.047208213806152344e+01
1.049529361724853516e+01
1.090234661102294922e+01
1.085895347595214844e+01
1.138157081604003906e+01
1.195122623443603516e+01
1.221994018554687500e+01
1.238528823852539062e+01
1.276669406890869141e+01
1.243576812744140625e+01
1.272281837463378906e+01
1.291018962860107422e+01
1.307750606536865234e+01
1.317560768127441406e+01
1.323643112182617188e+01
1.309265327453613281e+01
1.357267475128173828e+01
1.363374900817871094e+01
1.311092662811279297e+01
1.349545192718505859e+01
1.308052349090576172e+01
1.296260356903076172e+01
1.266107940673828125e+01
1.298691463470458984e+01
1.285766792297363281e+01
1.283988571166992188e+01
1.242072677612304688e+01
1.203607749938964844e+01
1.244541645050048828e+01
1.196090412139892578e+01
1.204673290252685547e+01
1.215022373199462891e+01
4.137835025787353516e+00
4.941246509552001953e+00
4.676742076873779297e+00
5.081711292266845703e+00
4.515249729156494141e+00
4.608870506286621094e+00
4.418405532836914062e+00
4.409245491027832031e+00
4.270749568939208984e+00
4.921449184417724609e+00
4.496399402618408203e+00
5.198891162872314453e+00
4.321949481964111328e+00
4.533044815063476562e+00
4.937053680419921875e+00
4.607745647430419922e+00
4.724121570587158203e+00
5.542611122131347656e+00
6.768793582916259766e+00
6.543738842010498047e+00
6.654503822326660156e+00
7.695518493652343750e+00
1.161045265197753906e+01
1.106966590881347656e+01
1.069781398773193359e+01
1.064756011962890625e+01
1.027498245239257812e+01
9.771306991577148438e+00
9.966659545898437500e+00
9.824476242065429688e+00
9.622916221618652344e+00
8.723237991333007812e+00
8.783275604248046875e+00
8.575828552246093750e+00
7.486598014831542969e+00
7.613652706146240234e+00
7.299079895019531250e+00
7.036807537078857422e+00
3.163323402404785156e+00
2.957732677459716797e+00
1.557924747467041016e+00
1.473121941089630127e-01
-3.327007293701171875e+00
-5.488453865051269531e+00
-5.797865867614746094e+00
-6.134830474853515625e+00
-4.911029815673828125e+00
-4.306081771850585938e+00
-4.364481925964355469e+00
-3.653801918029785156e+00
-3.631718635559082031e+00
-3.460055351257324219e+00
-3.146222114562988281e+00
-2.811365127563476562e+00
-2.787186622619628906e+00
-3.221853256225585938e+00
-3.422220230102539062e+00
-3.359881401062011719e+00
-4.088881492614746094e+00
-3.971107482910156250e+00
-3.993827819824218750e+00
-3.955902099609375000e+00
-4.017214775085449219e+00
-3.964741706848144531e+00
-3.226854324340820312e+00
-3.353137969970703125e+00
-3.130276679992675781e+00
-3.397204399108886719e+00
-3.307491302490234375e+00
-3.321552276611328125e+00
-2.794526100158691406e+00
-2.840097427368164062e+00
-3.403486251831054688e+00
-3.366976737976074219e+00
-3.310364723205566406e+00
-4.547412872314453125e+00
-5.863891601562500000e+00
-5.167127609252929688e+00
-6.186233520507812500e+00
-7.285636901855468750e+00
-7.186517715454101562e+00
-7.552068710327148438e+00
-7.590107917785644531e+00
-8.005833625793457031e+00
-8.497408866882324219e+00
-8.474135398864746094e+00
-8.900395393371582031e+00
-8.488080024719238281e+00
-8.891659736633300781e+00
-9.654814720153808594e+00
1.135952186584472656e+01
9.700675964355468750e+00
9.231099128723144531e+00
9.582876205444335938e+00
9.435640335083007812e+00
9.338889122009277344e+00
9.305836677551269531e+00
9.916794776916503906e+00
1.004593467712402344e+01
7.991517543792724609e+00
8.697949409484863281e+00
8.664431571960449219e+00
9.055299758911132812e+00
8.995796203613281250e+00
7.978354454040527344e+00
8.521298408508300781e+00
8.855740547180175781e+00
9.353742599487304688e+00
9.854841232299804688e+00
1.038562679290771484e+01
1.142868614196777344e+01
1.228806877136230469e+01
1.205683898925781250e+01
1.283132266998291016e+01
-2.658360481262207031e+00
-7.915946006774902344e+00
-9.477440834045410156e+00
-8.242392539978027344e+00
-7.672411918640136719e+00
-7.754668235778808594e+00
-7.503744125366210938e+00
-6.700404167175292969e+00
-6.448356628417968750e+00
-4.472755432128906250e+00
-4.311332702636718750e+00
-4.594632148742675781e+00
-4.664558410644531250e+00
-4.168708801269531250e+00
-3.741252899169921875e+00
-3.553759574890136719e+00
-4.294241905212402344e+00
-7.771701216697692871e-01
-7.144202589988708496e-01
-3.129001706838607788e-02
-3.386483192443847656e+00
-3.283146858215332031e+00
-1.646366119384765625e+00
-6.056918501853942871e-01
1.061996459960937500e+00
-2.060327231884002686e-01
-1.539508819580078125e+00
-1.716653823852539062e+00
-2.016633987426757812e+00
-8.369979262351989746e-01
-4.033221900463104248e-01
5.257419496774673462e-02
1.051765918731689453e+00
1.217214584350585938e+00
-6.641479581594467163e-02
6.704683899879455566e-01
2.192053794860839844e+00
2.878894329071044922e+00
2.431855678558349609e+00
2.650031089782714844e+00
1.460613727569580078e+00
2.539048671722412109e+00
4.431510448455810547e+00
5.738386154174804688e+00
6.686830043792724609e+00
8.276292800903320312e+00
8.060494422912597656e+00
8.025102615356445312e+00
2.724152088165283203e+00
2.524800300598144531e+00
3.236623764038085938e+00
3.534494876861572266e+00
2.728636741638183594e+00
3.271382331848144531e+00
3.721765518188476562e+00
4.259640216827392578e+00
4.335766315460205078e+00
4.745135784149169922e+00
4.608095645904541016e+00
4.270153522491455078e+00
5.166662216186523438e+00
5.512078285217285156e+00
6.099227905273437500e+00
5.215058326721191406e+00
6.056937217712402344e+00
6.172778606414794922e+00
5.844712257385253906e+00
5.308731079101562500e+00
5.851836204528808594e+00
4.945160865783691406e+00
4.824311733245849609e+00
5.533894538879394531e+00
5.972020149230957031e+00
5.779952526092529297e+00
5.604432106018066406e+00
5.488368988037109375e+00
1.693791389465332031e+01
1.798880195617675781e+01
1.786722564697265625e+01
1.816618537902832031e+01
1.810212898254394531e+01
1.806273078918457031e+01
1.812163162231445312e+01
1.765255928039550781e+01
1.759721946716308594e+01
1.533962821960449219e+01
1.539135360717773438e+01
1.498979663848876953e+01
1.495079898834228516e+01
1.491211795806884766e+01
1.569863700866699219e+01
1.542661190032958984e+01
1.549368572235107422e+01
1.554517555236816406e+01
1.562089538574218750e+01
1.533635807037353516e+01
1.504721260070800781e+01
1.632546424865722656e+01
1.461376857757568359e+01
1.470272159576416016e+01
1.436519908905029297e+01
1.486709785461425781e+01
1.435874652862548828e+01
1.486244964599609375e+01
1.488403797149658203e+01
1.373618507385253906e+01
1.370563888549804688e+01
1.410739707946777344e+01
1.371949577331542969e+01
1.378177928924560547e+01
1.415335845947265625e+01
1.626141548156738281e+01
1.650395774841308594e+01
1.682419967651367188e+01
1.721095848083496094e+01
1.748846054077148438e+01
1.770992088317871094e+01
1.751165771484375000e+01
1.734117317199707031e+01
1.756337547302246094e+01
1.768748474121093750e+01
1.794384384155273438e+01
1.807775497436523438e+01
1.795816993713378906e+01
1.757576751708984375e+01
1.749860000610351562e+01
1.798400306701660156e+01
1.823666000366210938e+01
1.791742706298828125e+01
1.883902168273925781e+01
1.845632362365722656e+01
1.845568466186523438e+01
1.849086189270019531e+01
1.912278747558593750e+01
1.911197853088378906e+01
1.868321037292480469e+01
1.890949630737304688e+01
1.880450820922851562e+01
1.781819152832031250e+01
1.802084159851074219e+01
1.779550170898437500e+01
1.760189437866210938e+01
1.730152511596679688e+01
1.755374145507812500e+01
1.736227416992187500e+01
1.860829925537109375e+01
1.877966308593750000e+01
1.891128349304199219e+01
1.883279418945312500e+01
1.860044860839843750e+01
1.879329299926757812e+01
1.871845626831054688e+01
1.864374542236328125e+01
1.801247978210449219e+01
1.733487129211425781e+01
1.715045166015625000e+01
1.742052841186523438e+01
1.734235191345214844e+01
1.786561965942382812e+01
1.812191772460937500e+01
1.885042190551757812e+01
1.782770538330078125e+01
1.835584068298339844e+01
1.856594085693359375e+01
1.845472145080566406e+01
1.821476554870605469e+01
1.825483703613281250e+01
1.786028289794921875e+01
1.801589584350585938e+01
4.713329792022705078e+00
2.764422416687011719e+00
2.405441761016845703e+00
1.941076278686523438e+00
1.961854457855224609e+00
1.995334625244140625e+00
2.133248805999755859e+00
1.646153926849365234e+00
1.900868892669677734e+00
1.625200748443603516e+00
2.096464157104492188e+00
1.431642055511474609e+00
2.554488182067871094e+00
2.197979927062988281e+00
2.367511749267578125e+00
3.460479736328125000e+00
4.294341564178466797e+00
4.186382770538330078e+00
3.481997489929199219e+00
4.690456390380859375e+00
3.836550235748291016e+00
3.880046844482421875e+00
3.653927803039550781e+00
4.440411567687988281e+00
2.484584808349609375e+00
2.152784824371337891e+00
3.419494926929473877e-01
-5.465789884328842163e-02
-2.025136649608612061e-01
-1.304133415222167969e+00
-9.764565825462341309e-01
-1.554541587829589844e+00
-1.389141082763671875e+00
-1.117048263549804688e+00
-2.143475532531738281e+00
-1.344540596008300781e+00
-5.867556929588317871e-01
-1.685853958129882812e+00
-2.212244033813476562e+00
-4.963302314281463623e-01
-3.362502753734588623e-01
4.884934723377227783e-01
1.723738014698028564e-01
1.496508598327636719e+00
1.623869419097900391e+00
2.047509670257568359e+00
1.541031837463378906e+00
8.797155022621154785e-01
7.377372384071350098e-01
-5.559114456176757812e+00
-6.448602676391601562e+00
-6.356808662414550781e+00
-5.929403305053710938e+00
-5.756877899169921875e+00
-5.710181236267089844e+00
-5.393836975097656250e+00
-5.246224403381347656e+00
-3.803642272949218750e+00
-3.048792839050292969e+00
-2.764083862304687500e+00
-3.824687004089355469e+00
-4.321578025817871094e+00
-4.754562377929687500e+00
-4.664130210876464844e+00
-4.859684944152832031e+00
-3.673729896545410156e+00
-3.534101486206054688e+00
-3.000597000122070312e+00
-2.810171127319335938e+00
-2.790787696838378906e+00
-2.715557098388671875e+00
-3.171900749206542969e+00
-3.732892036437988281e+00
1.318607139587402344e+01
1.409308433532714844e+01
1.439895820617675781e+01
1.380441570281982422e+01
1.279759597778320312e+01
1.288950443267822266e+01
1.288013744354248047e+01
1.282653522491455078e+01
1.272461795806884766e+01
1.119609069824218750e+01
1.179535770416259766e+01
1.283155536651611328e+01
1.310444068908691406e+01
1.328434181213378906e+01
1.337411785125732422e+01
1.336197566986083984e+01
1.280507183074951172e+01
1.356422615051269531e+01
1.312218093872070312e+01
1.313260746002197266e+01
1.294038677215576172e+01
1.296713256835937500e+01
1.238747787475585938e+01
1.242889022827148438e+01
1.235427570343017578e+01
1.098833179473876953e+01
8.168026924133300781e+00
7.333801269531250000e+00
4.699787616729736328e+00
4.202502250671386719e+00
4.334344387054443359e+00
4.908018112182617188e+00
4.844850540161132812e+00
4.233939170837402344e+00
4.460085391998291016e+00
4.773572444915771484e+00
4.954072475433349609e+00
5.392834186553955078e+00
5.131645202636718750e+00
4.366495609283447266e+00
3.699249744415283203e+00
4.114443778991699219e+00
4.723642349243164062e+00
4.827176570892333984e+00
5.138431072235107422e+00
4.820029258728027344e+00
5.368440151214599609e+00
4.489585876464843750e+00
5.278210163116455078e+00
4.539368152618408203e+00
3.789349079132080078e+00
4.342200756072998047e+00
5.163170814514160156e+00
3.824133872985839844e+00
4.506409645080566406e+00
4.479532241821289062e+00
6.017145156860351562e+00
6.296719551086425781e+00
5.865690231323242188e+00
5.083415985107421875e+00
5.070623397827148438e+00
5.572154998779296875e+00
6.913389682769775391e+00
7.772324085235595703e+00
7.255513668060302734e+00
6.847932815551757812e+00
7.933029651641845703e+00
9.307035446166992188e+00
9.038112640380859375e+00
8.663978576660156250e+00
8.945091247558593750e+00
8.886584281921386719e+00
8.871393203735351562e+00
9.423170089721679688e+00
9.451897621154785156e+00
9.759825706481933594e+00
9.223413467407226562e+00
9.631625175476074219e+00
9.592535972595214844e+00
1.007201290130615234e+01
1.052133750915527344e+01
1.049425315856933594e+01
1.093019485473632812e+01
1.040212440490722656e+01
1.038430309295654297e+01
1.055322360992431641e+01
1.065722846984863281e+01
1.139861965179443359e+01
1.132356739044189453e+01
1.236143589019775391e+01
1.292987823486328125e+01
1.332528209686279297e+01
1.390353012084960938e+01
1.380039405822753906e+01
1.376943111419677734e+01
1.362321567535400391e+01
1.359667587280273438e+01
1.403415298461914062e+01
1.388424205780029297e+01
1.371265506744384766e+01
1.361623668670654297e+01
1.343891143798828125e+01
1.327532577514648438e+01
1.328188323974609375e+01
1.377473449707031250e+01
1.360369682312011719e+01
1.351198673248291016e+01
1.352709102630615234e+01
1.403038501739501953e+01
1.395362281799316406e+01
1.466360282897949219e+01
1.516776466369628906e+01
1.458316993713378906e+01
1.490474224090576172e+01
1.482488441467285156e+01
1.485069656372070312e+01
1.434726619720458984e+01
1.482646751403808594e+01
1.479936790466308594e+01
1.474063777923583984e+01
1.420908451080322266e+01
1.445317173004150391e+01
1.443017768859863281e+01
1.444802474975585938e+01
1.483846282958984375e+01
1.486180496215820312e+01
1.463155364990234375e+01
1.457012748718261719e+01
1.450067806243896484e+01
1.467800426483154297e+01
1.409136486053466797e+01
1.416711902618408203e+01
1.425475597381591797e+01
1.467734718322753906e+01
1.504988861083984375e+01
1.540017986297607422e+01
1.534996795654296875e+01
1.523079586029052734e+01
1.519177532196044922e+01
1.571043968200683594e+01
1.567131423950195312e+01
1.530892658233642578e+01
1.527640724182128906e+01
1.568002414703369141e+01
1.555209064483642578e+01
1.565079116821289062e+01
1.572537708282470703e+01
1.531109523773193359e+01
1.551579952239990234e+01
1.540940761566162109e+01
1.537915706634521484e+01
1.537842369079589844e+01
1.521728610992431641e+01
1.525652408599853516e+01
1.490355587005615234e+01
1.494087886810302734e+01
1.512226200103759766e+01
1.503022003173828125e+01
1.541482639312744141e+01
1.533576297760009766e+01
1.530999183654785156e+01
1.484239482879638672e+01
1.490991020202636719e+01
1.327589702606201172e+01
1.301818656921386719e+01
1.187882804870605469e+01
1.157968807220458984e+01
1.036139965057373047e+01
9.037938117980957031e+00
8.696981430053710938e+00
1.010712146759033203e+01
1.014393043518066406e+01
9.965978622436523438e+00
9.892518997192382812e+00
1.054718208312988281e+01
1.048114204406738281e+01
1.063908672332763672e+01
1.078549385070800781e+01
1.142835044860839844e+01
1.226573467254638672e+01
1.217960357666015625e+01
1.323162651062011719e+01
1.318138504028320312e+01
1.363779830932617188e+01
1.361142826080322266e+01
1.410842609405517578e+01
1.452139091491699219e+01
1.493233680725097656e+01
1.567481899261474609e+01
1.562411022186279297e+01
1.541605281829833984e+01
1.586367416381835938e+01
1.619189453125000000e+01
1.606064796447753906e+01
1.554578018188476562e+01
1.550013351440429688e+01
1.580939579010009766e+01
1.589899444580078125e+01
1.588313198089599609e+01
1.632565689086914062e+01
1.644028282165527344e+01
1.618316841125488281e+01
1.613373947143554688e+01
1.616383361816406250e+01
1.580302143096923828e+01
1.570914649963378906e+01
1.555695438385009766e+01
1.506120967864990234e+01
1.491016769409179688e+01
1.526349163055419922e+01
1.529959201812744141e+01
1.523439121246337891e+01
1.536925888061523438e+01
1.582293415069580078e+01
1.575101184844970703e+01
1.578184604644775391e+01
1.572852897644042969e+01
1.561897468566894531e+01
1.554888439178466797e+01
1.564522361755371094e+01
1.563407993316650391e+01
1.549101543426513672e+01
1.520810794830322266e+01
1.506120014190673828e+01
1.478000164031982422e+01
1.517315769195556641e+01
1.469085979461669922e+01
1.444228076934814453e+01
1.456204891204833984e+01
1.512106895446777344e+01
1.506748008728027344e+01
1.489101982116699219e+01
1.503422927856445312e+01
1.508040332794189453e+01
1.510679054260253906e+01
1.497431945800781250e+01
1.490106391906738281e+01
1.471087074279785156e+01
1.430864143371582031e+01
1.453438854217529297e+01
1.422215747833251953e+01
1.367142963409423828e+01
1.345175743103027344e+01
1.356799602508544922e+01
1.300595855712890625e+01
1.319348430633544922e+01
1.322939109802246094e+01
1.300090789794921875e+01
1.273385238647460938e+01
1.331641674041748047e+01
1.330223369598388672e+01
1.307651519775390625e+01
1.271738529205322266e+01
1.288270854949951172e+01
1.315066146850585938e+01
1.292455863952636719e+01
1.320736885070800781e+01
1.316297721862792969e+01
1.305678558349609375e+01
1.296981143951416016e+01
1.160466003417968750e+01
1.097994995117187500e+01
8.992956161499023438e+00
7.899636745452880859e+00
6.371382236480712891e+00
5.358957290649414062e+00
4.990075588226318359e+00
5.223121643066406250e+00
5.696049690246582031e+00
5.608192443847656250e+00
5.017841815948486328e+00
5.526983261108398438e+00
4.762971401214599609e+00
5.203156471252441406e+00
4.795444488525390625e+00
4.800747871398925781e+00
4.870951175689697266e+00
4.005644798278808594e+00
3.960475921630859375e+00
4.405550479888916016e+00
3.107843399047851562e+00
2.979067325592041016e+00
1.698776245117187500e+00
2.609761714935302734e+00
2.623154640197753906e+00
2.518858909606933594e+00
2.729995250701904297e+00
2.707603454589843750e+00
2.033983230590820312e+00
1.827612400054931641e+00
1.386694431304931641e+00
2.263868808746337891e+00
1.409114360809326172e+00
1.817368507385253906e+00
1.918630123138427734e+00
-9.900969862937927246e-01
-1.046962738037109375e+00
-1.702956855297088623e-01
-1.105487823486328125e+00
-1.419894218444824219e+00
-2.468597412109375000e+00
-2.261151313781738281e+00
-2.624179840087890625e+00
-2.575348854064941406e+00
-2.465535163879394531e+00
-1.808645248413085938e+00
-5.720195174217224121e-01
-9.530826658010482788e-02
1.043644428253173828e+00
1.222729682922363281e+00
1.486371517181396484e+00
3.642963886260986328e+00
3.103299617767333984e+00
3.198986053466796875e+00
3.323507308959960938e+00
4.185470581054687500e+00
2.614812850952148438e+00
3.533547401428222656e+00
3.275155544281005859e+00
4.050201416015625000e+00
3.706892013549804688e+00
3.789878368377685547e+00
4.204513549804687500e+00
4.793486595153808594e+00
5.034141540527343750e+00
6.391192913055419922e+00
6.379025459289550781e+00
7.843569278717041016e+00
6.868803501129150391e+00
6.687988281250000000e+00
8.660691261291503906e+00
7.364998817443847656e+00
7.850708484649658203e+00
7.290495395660400391e+00
7.601063251495361328e+00
7.733705997467041016e+00
5.679312229156494141e+00
4.836071491241455078e+00
3.525727272033691406e+00
2.386473178863525391e+00
1.521498203277587891e+00
2.765024185180664062e+00
1.133121967315673828e+00
7.082882523536682129e-01
-2.919978797435760498e-01
1.400092896074056625e-02
5.007830619812011719e+00
1.717245101928710938e+00
1.413216114044189453e+00
1.791967391967773438e+00
8.361597657203674316e-01
5.484295487403869629e-01
1.212146759033203125e+00
1.039524078369140625e+00
1.064043998718261719e+00
4.558086693286895752e-01
1.043337345123291016e+00
1.747056484222412109e+00
2.425238132476806641e+00
2.357326507568359375e+00
1.853128910064697266e+00
2.632896900177001953e+00
2.635596752166748047e+00
3.747408390045166016e+00
2.741413593292236328e+00
6.788616776466369629e-01
8.104601502418518066e-01
1.269574165344238281e+00
3.681059181690216064e-01
2.396873198449611664e-02
-3.886613547801971436e-01
-2.494878470897674561e-01
1.468859016895294189e-01
-8.285560011863708496e-01
-1.089553833007812500e+00
-6.493453383445739746e-01
-3.717021644115447998e-01
-4.010104835033416748e-01
-8.208579421043395996e-01
-4.158969968557357788e-02
-1.642608344554901123e-01
2.622442543506622314e-01
3.518266975879669189e-01
4.884424507617950439e-01
9.482665657997131348e-01
7.106657624244689941e-01
4.998603165149688721e-01
6.230564713478088379e-01
1.300611793994903564e-01
1.454649269580841064e-01
8.025554567575454712e-02
3.178167641162872314e-01
-1.662053763866424561e-01
-8.022269606590270996e-01
-5.632380843162536621e-01
-4.122810065746307373e-01
2.448943816125392914e-02
2.646354399621486664e-02
-5.248574614524841309e-01
-5.840815901756286621e-01
-5.870103240013122559e-01
-8.741158843040466309e-01
-7.360000014305114746e-01
2.951345741748809814e-01
5.178413987159729004e-01
8.158364892005920410e-01
2.133782386779785156e+00
2.137699127197265625e+00
2.181228637695312500e+00
3.429801940917968750e+00
3.705990314483642578e+00
4.588563442230224609e+00
4.039672374725341797e+00
4.824685096740722656e+00
5.127677440643310547e+00
5.088921546936035156e+00
5.552232742309570312e+00
5.844156265258789062e+00
6.474998474121093750e+00
6.894723892211914062e+00
6.862679481506347656e+00
7.361174583435058594e+00
7.877209186553955078e+00
7.891299247741699219e+00
8.968040466308593750e+00
8.784863471984863281e+00
8.815136909484863281e+00
9.317002296447753906e+00
9.887990951538085938e+00
9.793439865112304688e+00
9.679835319519042969e+00
1.153269195556640625e+01
1.176298141479492188e+01
1.171772956848144531e+01
1.217024040222167969e+01
1.212604427337646484e+01
1.205197429656982422e+01
1.195100498199462891e+01
1.128857612609863281e+01
1.135568237304687500e+01
1.112964248657226562e+01
1.105266380310058594e+01
1.105689048767089844e+01
1.105055999755859375e+01
1.107218170166015625e+01
1.105097484588623047e+01
1.100377750396728516e+01
1.100491046905517578e+01
1.174649238586425781e+01
1.142671775817871094e+01
1.153972148895263672e+01
9.600079536437988281e+00
9.753512382507324219e+00
9.165867805480957031e+00
9.220191001892089844e+00
8.668314933776855469e+00
8.694382667541503906e+00
5.136946678161621094e+00
5.717401981353759766e+00
5.136476516723632812e+00
5.606943130493164062e+00
4.160667896270751953e+00
2.054732322692871094e+00
2.623526573181152344e+00
3.710727989673614502e-01
1.134634390473365784e-01
3.334732353687286377e-01
-7.903184294700622559e-01
7.621801458299160004e-03
-8.549565672874450684e-01
-6.021556258201599121e-01
5.692420601844787598e-01
2.271232903003692627e-01
4.204654991626739502e-01
4.356327354907989502e-01
1.190627574920654297e+00
1.290091037750244141e+00
1.307540893554687500e+00
1.406576156616210938e+00
1.184808731079101562e+00
1.790942668914794922e+00
1.656025886535644531e+00
1.660831928253173828e+00
2.217168807983398438e+00
1.357016563415527344e+00
1.438470363616943359e+00
1.394446849822998047e+00
1.304516792297363281e+00
1.438064098358154297e+00
1.567189216613769531e+00
2.382332324981689453e+00
1.422495365142822266e+00
3.636439323425292969e+00
3.934280395507812500e+00
5.955653190612792969e+00
6.088088512420654297e+00
8.043919563293457031e+00
8.273900032043457031e+00
8.622373580932617188e+00
9.197711944580078125e+00
9.232995986938476562e+00
9.834164619445800781e+00
1.049068069458007812e+01
1.068497085571289062e+01
1.123769664764404297e+01
1.151034736633300781e+01
1.136723232269287109e+01
1.182819747924804688e+01
1.234100341796875000e+01
1.225492572784423828e+01
1.217854022979736328e+01
1.215013027191162109e+01
1.211124610900878906e+01
1.266082477569580078e+01
1.313766098022460938e+01
1.361175727844238281e+01
1.405658435821533203e+01
1.424123477935791016e+01
1.415613842010498047e+01
1.396508598327636719e+01
1.392102909088134766e+01
1.428217506408691406e+01
1.330391788482666016e+01
1.385141849517822266e+01
1.371947669982910156e+01
1.302384567260742188e+01
1.378281688690185547e+01
1.306545162200927734e+01
1.314852905273437500e+01
1.197504520416259766e+01
1.195379734039306641e+01
1.201699256896972656e+01
1.164525222778320312e+01
1.115202999114990234e+01
1.077601909637451172e+01
1.025688362121582031e+01
1.043008995056152344e+01
1.034131717681884766e+01
1.007268905639648438e+01
1.010963535308837891e+01
1.026218509674072266e+01
8.904062271118164062e+00
7.836655616760253906e+00
6.454118251800537109e+00
5.219504833221435547e+00
3.474625587463378906e+00
3.090487957000732422e+00
1.773570537567138672e+00
2.292025566101074219e+00
1.827568531036376953e+00
1.338151454925537109e+00
5.040398240089416504e-01
1.633527755737304688e+00
1.910125732421875000e+00
1.498134136199951172e+00
1.913398265838623047e+00
1.620066165924072266e+00
1.910834312438964844e+00
1.285757064819335938e+00
1.966120243072509766e+00
2.461288928985595703e+00
1.790001392364501953e+00
1.808525562286376953e+00
2.418195247650146484e+00
2.348119735717773438e+00
2.225327968597412109e+00
2.990261077880859375e+00
1.945623874664306641e+00
-6.403923034667968750e+00
-8.096726417541503906e+00
-8.131632804870605469e+00
-9.177990913391113281e+00
-1.015449237823486328e+01
-1.052680873870849609e+01
-9.442107200622558594e+00
-1.100755405426025391e+01
-1.127731800079345703e+01
-1.099628353118896484e+01
-1.093911647796630859e+01
-1.057029247283935547e+01
-1.039353275299072266e+01
-1.085474491119384766e+01
-1.109307193756103516e+01
-1.154049777984619141e+01
-1.142646121978759766e+01
-1.132398509979248047e+01
-1.155713176727294922e+01
-1.165431880950927734e+01
-1.170040607452392578e+01
-1.161107921600341797e+01
-1.164210224151611328e+01
-1.170009136199951172e+01
-8.999966621398925781e+00
-7.949229240417480469e+00
-8.050438880920410156e+00
-8.932715415954589844e+00
-8.060151100158691406e+00
-8.061055183410644531e+00
-1.141653156280517578e+01
-1.280953884124755859e+01
-1.320334720611572266e+01
-1.330371570587158203e+01
-1.315167522430419922e+01
-1.338261318206787109e+01
-1.348838901519775391e+01
-1.362568187713623047e+01
-1.313643741607666016e+01
-1.347358798980712891e+01
-1.328321170806884766e+01
-1.314115810394287109e+01
-1.286758899688720703e+01
-1.332612514495849609e+01
-1.344969272613525391e+01
-1.359623241424560547e+01
-1.362716770172119141e+01
-1.347955799102783203e+01
-1.319426631927490234e+01
-1.291758441925048828e+01
-1.281147098541259766e+01
1.157277297973632812e+01
1.422530651092529297e+01
1.482075786590576172e+01
1.185948276519775391e+01
1.286690425872802734e+01
1.320528125762939453e+01
1.252201271057128906e+01
1.264321422576904297e+01
1.306457614898681641e+01
1.064277362823486328e+01
1.084843254089355469e+01
9.754587173461914062e+00
9.798757553100585938e+00
6.365189552307128906e+00
4.998791694641113281e+00
4.324450492858886719e+00
4.558239936828613281e+00
4.026634216308593750e+00
3.877015113830566406e+00
3.623505592346191406e+00
3.015462875366210938e+00
2.561381340026855469e+00
2.344015598297119141e+00
2.489027500152587891e+00
2.085093975067138672e+00
2.318043708801269531e+00
1.865798950195312500e+00
2.277124404907226562e+00
1.737281799316406250e+00
2.302294075489044189e-01
6.215534806251525879e-01
7.379058748483657837e-02
1.528369903564453125e+00
1.456631183624267578e+00
1.932440757751464844e+00
2.591774940490722656e+00
3.646313190460205078e+00
3.615426540374755859e+00
3.696533679962158203e+00
3.767658710479736328e+00
3.363752365112304688e+00
3.801242351531982422e+00
2.710025787353515625e+00
6.539710044860839844e+00
6.013539791107177734e+00
5.568842887878417969e+00
6.538425922393798828e+00
8.945010185241699219e+00
8.424544334411621094e+00
8.055730819702148438e+00
7.880263328552246094e+00
8.467164039611816406e+00
7.986981391906738281e+00
7.681648731231689453e+00
7.583051681518554688e+00
7.385260581970214844e+00
6.626840114593505859e+00
6.652494907379150391e+00
6.628551483154296875e+00
6.312593936920166016e+00
5.564654350280761719e+00
5.432033538818359375e+00
5.264896869659423828e+00
4.644946575164794922e+00
4.589249134063720703e+00
4.074661731719970703e+00
3.952031135559082031e+00
3.900656700134277344e+00
4.986958503723144531e+00
5.911349296569824219e+00
6.687468528747558594e+00
5.352267742156982422e+00
5.520284652709960938e+00
9.185279846191406250e+00
1.008731365203857422e+01
9.315048217773437500e+00
9.287336349487304688e+00
6.572326660156250000e+00
5.672924518585205078e+00
5.065589427947998047e+00
5.732083797454833984e+00
7.489015579223632812e+00
7.492006778717041016e+00
7.878662109375000000e+00
1.173902797698974609e+01
1.084095287322998047e+01
9.466246604919433594e+00
1.187899303436279297e+01
1.394087696075439453e+01
1.566490268707275391e+01
1.580161094665527344e+01
1.765437507629394531e+01
1.774850463867187500e+01
1.720047187805175781e+01
1.713302421569824219e+01
1.764365386962890625e+01
1.724684906005859375e+01
1.698680114746093750e+01
1.656410980224609375e+01
1.641128349304199219e+01
1.572938156127929688e+01
1.574953269958496094e+01
1.306634426116943359e+01
1.357549762725830078e+01
1.346689701080322266e+01
1.349844169616699219e+01
1.335901069641113281e+01
1.336388587951660156e+01
1.383638477325439453e+01
1.430045127868652344e+01
1.439289093017578125e+01
1.482441329956054688e+01
1.477107620239257812e+01
1.444732284545898438e+01
1.399610710144042969e+01
1.399433612823486328e+01
1.441064453125000000e+01
1.427964782714843750e+01
1.382915115356445312e+01
1.427875709533691406e+01
1.390419197082519531e+01
1.322875213623046875e+01
1.321067428588867188e+01
1.220063114166259766e+01
1.560304164886474609e+01
1.600180435180664062e+01
1.556161880493164062e+01
1.565608787536621094e+01
1.803241920471191406e+01
1.849033737182617188e+01
1.887439537048339844e+01
1.919502830505371094e+01
1.929400062561035156e+01
1.856386566162109375e+01
1.843465614318847656e+01
1.870812797546386719e+01
1.859358787536621094e+01
1.844285202026367188e+01
1.821318435668945312e+01
1.751270675659179688e+01
1.764248847961425781e+01
1.823570251464843750e+01
1.838827896118164062e+01
1.836312294006347656e+01
1.826888656616210938e+01
1.874978256225585938e+01
1.916093826293945312e+01
1.939099121093750000e+01
1.978377723693847656e+01
1.881671333312988281e+01
1.782399749755859375e+01
1.773008155822753906e+01
1.786541938781738281e+01
1.805556297302246094e+01
1.817105865478515625e+01
1.815555381774902344e+01
1.776135063171386719e+01
1.747602844238281250e+01
1.774513435363769531e+01
1.796641731262207031e+01
1.805137634277343750e+01
1.793046379089355469e+01
1.785940170288085938e+01
1.748617362976074219e+01
1.739570617675781250e+01
1.734669685363769531e+01
1.766270065307617188e+01
1.349459171295166016e+01
1.176867103576660156e+01
1.108881282806396484e+01
1.194123554229736328e+01
1.144774818420410156e+01
1.113616561889648438e+01
1.068185329437255859e+01
9.967831611633300781e+00
9.123617172241210938e+00
1.050540924072265625e+01
1.013741016387939453e+01
1.020027351379394531e+01
9.626939773559570312e+00
9.245653152465820312e+00
9.330891609191894531e+00
4.247944831848144531e+00
3.404241085052490234e+00
4.663405418395996094e+00
3.881978988647460938e+00
3.847488880157470703e+00
3.596655845642089844e+00
4.313339233398437500e+00
3.390083789825439453e+00
3.437949657440185547e+00
4.883715629577636719e+00
5.455841064453125000e+00
5.828252315521240234e+00
6.563280105590820312e+00
7.116796493530273438e+00
7.944797039031982422e+00
8.050246238708496094e+00
8.785576820373535156e+00
9.519120216369628906e+00
9.517624855041503906e+00
9.509756088256835938e+00
9.167196273803710938e+00
9.094657897949218750e+00
9.400691032409667969e+00
9.342423439025878906e+00
9.421736717224121094e+00
-1.237634658813476562e+00
-8.076180815696716309e-01
-1.350653648376464844e+00
-1.226916313171386719e+00
-1.865284919738769531e+00
-1.120492935180664062e+00
-1.136705398559570312e+00
3.865204155445098877e-01
8.408113121986389160e-01
4.069583892822265625e+00
3.127048492431640625e+00
2.134570598602294922e+00
3.115040779113769531e+00
1.036577597260475159e-01
-6.219119429588317871e-01
-6.547307372093200684e-01
-3.662407875061035156e+00
-3.441714286804199219e+00
-3.504968643188476562e+00
-4.124612808227539062e+00
-4.404595375061035156e+00
-4.386176109313964844e+00
-4.479202270507812500e+00
-3.866289138793945312e+00
-3.881800651550292969e+00
-4.104183197021484375e+00
-3.698094367980957031e+00
-3.576999664306640625e+00
-3.350047111511230469e+00
-3.595730781555175781e+00
-3.862483024597167969e+00
-3.385009765625000000e+00
-3.203997611999511719e+00
-2.881799697875976562e+00
-2.295680046081542969e+00
-2.248158454895019531e+00
-2.066617012023925781e+00
-3.620011329650878906e+00
-4.232727050781250000e+00
-4.599877357482910156e+00
-4.363038063049316406e+00
-3.196914672851562500e+00
-1.853612899780273438e+00
-8.027495741844177246e-01
-4.090137183666229248e-01
4.400066286325454712e-02
3.407841026782989502e-01
1.842232048511505127e-01
2.172069847583770752e-01
2.817039787769317627e-01
2.943315804004669189e-01
1.956186592578887939e-01
1.378097832202911377e-01
-5.618438124656677246e-01
-4.362325370311737061e-01
-6.327723860740661621e-01
1.966343224048614502e-01
3.210459053516387939e-01
-3.072753906250000000e+00
-3.003082275390625000e+00
-3.226851463317871094e+00
-2.715127944946289062e+00
-2.204442977905273438e+00
-1.831061363220214844e+00
-1.735004425048828125e+00
-1.091577529907226562e+00
-1.051922798156738281e+00
-7.677335143089294434e-01
-4.001273810863494873e-01
-1.871652305126190186e-01
-7.816810011863708496e-01
-2.018239021301269531e+00
-1.456441879272460938e+00
-1.556657791137695312e+00
-2.265907287597656250e+00
-2.391317367553710938e+00
-2.495019912719726562e+00
-2.518042564392089844e+00
-2.968253135681152344e+00
-2.948498725891113281e+00
-2.586176872253417969e+00
-3.053821563720703125e+00
-3.853436470031738281e+00
-3.932109832763671875e+00
-3.911890029907226562e+00
-4.483383178710937500e+00
-4.602972984313964844e+00
-4.505556106567382812e+00
-4.373568534851074219e+00
-4.173410415649414062e+00
-3.294598579406738281e+00
-2.653671264648437500e+00
-2.849695205688476562e+00
-2.739379882812500000e+00
-2.460648536682128906e+00
-3.877467811107635498e-01
-1.588594436645507812e+00
-1.410137176513671875e+00
-2.161962509155273438e+00
-2.748234748840332031e+00
-2.289488792419433594e+00
-1.620894432067871094e+00
-1.333003044128417969e+00
-1.374794006347656250e+00
-3.417310416698455811e-01
8.820267319679260254e-01
9.224024415016174316e-01
2.655537605285644531e+00
2.235674381256103516e+00
9.841664314270019531e+00
8.975666999816894531e+00
1.010766029357910156e+01
9.697754859924316406e+00
1.043129920959472656e+01
9.516865730285644531e+00
9.474562644958496094e+00
8.833688735961914062e+00
8.838077545166015625e+00
7.389198303222656250e+00
6.661607265472412109e+00
6.727347850799560547e+00
6.493614196777343750e+00
7.453449726104736328e+00
7.211522102355957031e+00
7.210539817810058594e+00
7.435137748718261719e+00
7.079868793487548828e+00
6.445061206817626953e+00
6.603963851928710938e+00
7.595169067382812500e+00
6.274830341339111328e+00
7.272495269775390625e+00
6.242759227752685547e+00
6.299267292022705078e+00
6.099218845367431641e+00
6.359350681304931641e+00
7.168588638305664062e+00
6.929272651672363281e+00
6.801677703857421875e+00
6.847866058349609375e+00
6.869098186492919922e+00
6.698590755462646484e+00
6.924016475677490234e+00
7.303706169128417969e+00
6.714391708374023438e+00
5.730713844299316406e+00
5.547161579132080078e+00
6.092876911163330078e+00
5.435226440429687500e+00
4.850181102752685547e+00
5.789902210235595703e+00
5.527541160583496094e+00
5.666689395904541016e+00
4.716259002685546875e+00
4.263150691986083984e+00
4.540168762207031250e+00
4.334285736083984375e+00
2.893132686614990234e+00
3.234385013580322266e+00
2.442078113555908203e+00
1.809716701507568359e+00
2.057365417480468750e+00
1.493181228637695312e+00
1.883653163909912109e+00
1.971482276916503906e+00
1.353449821472167969e+00
1.183314800262451172e+00
8.941980004310607910e-01
2.187470436096191406e+00
2.104223728179931641e+00
2.390658378601074219e+00
2.896616935729980469e+00
3.985599040985107422e+00
3.040035247802734375e+00
2.582946777343750000e+00
2.535799980163574219e+00
2.640004634857177734e+00
3.314164161682128906e+00
3.075889110565185547e+00
2.278017044067382812e+00
2.386972427368164062e+00
2.292420387268066406e+00
3.180054664611816406e+00
3.779839992523193359e+00
5.115203380584716797e+00
5.663071632385253906e+00
5.583703517913818359e+00
5.652934074401855469e+00
5.924766063690185547e+00
6.213065624237060547e+00
5.705017566680908203e+00
6.708863735198974609e+00
5.284281253814697266e+00
5.284002304077148438e+00
4.496452808380126953e+00
4.609251022338867188e+00
4.655237197875976562e+00
4.518261432647705078e+00
5.044867038726806641e+00
4.250616550445556641e+00
4.311031818389892578e+00
4.341304779052734375e+00
4.328093528747558594e+00
3.639888286590576172e+00
4.349628925323486328e+00
3.573318004608154297e+00
4.433977603912353516e+00
4.170375347137451172e+00
4.181617259979248047e+00
4.287427425384521484e+00
3.640741825103759766e+00
3.786940574645996094e+00
3.915017127990722656e+00
3.982071399688720703e+00
4.178680896759033203e+00
5.006722450256347656e+00
5.107814311981201172e+00
5.272592544555664062e+00
4.295497417449951172e+00
4.507233142852783203e+00
5.111373901367187500e+00
3.842743396759033203e+00
5.179171562194824219e+00
2.610276699066162109e+00
2.768655776977539062e+00
3.745836734771728516e+00
2.896940231323242188e+00
4.180528163909912109e+00
3.065616607666015625e+00
4.583085536956787109e+00
6.974834918975830078e+00
4.834298610687255859e+00
6.675181865692138672e+00
6.299403190612792969e+00
4.685987472534179688e+00
5.953558444976806641e+00
6.433596134185791016e+00
7.053743362426757812e+00
8.314641952514648438e+00
7.694445133209228516e+00
7.181336402893066406e+00
8.073128700256347656e+00
9.131628036499023438e+00
9.056903839111328125e+00
8.455820083618164062e+00
8.501358985900878906e+00
8.058161735534667969e+00
8.285079002380371094e+00
8.436895370483398438e+00
8.316630363464355469e+00
8.365322113037109375e+00
7.788206577301025391e+00
7.536352634429931641e+00
7.699794769287109375e+00
7.570930957794189453e+00
5.997627735137939453e+00
6.008649349212646484e+00
6.104123592376708984e+00
5.592278003692626953e+00
5.697649002075195312e+00
3.437238693237304688e+00
3.769762516021728516e+00
-1.138651847839355469e+00
-1.307063102722167969e+00
-9.743117690086364746e-01
-9.483403563499450684e-01
-1.083640098571777344e+00
-9.135751128196716309e-01
-1.556818008422851562e+00
-1.925767898559570312e+00
-1.266947746276855469e+00
-1.602148056030273438e+00
-1.529102325439453125e+00
-1.559497833251953125e+00
-2.630881965160369873e-01
-6.358394026756286621e-01
-1.100962638854980469e+00
-9.633578658103942871e-01
-2.333085060119628906e+00
-2.647733688354492188e+00
-3.149414062500000000e+00
-3.012307167053222656e+00
-4.151486396789550781e+00
-3.996092796325683594e+00
-3.345756530761718750e+00
-2.930299758911132812e+00
-3.034214973449707031e+00
-3.442357063293457031e+00
-2.944891929626464844e+00
-5.616938591003417969e+00
-6.012455940246582031e+00
-5.460106849670410156e+00
-6.002148628234863281e+00
-6.685441017150878906e+00
-6.647743225097656250e+00
-5.430753707885742188e+00
-6.893265724182128906e+00
-7.192986488342285156e+00
-7.467957496643066406e+00
-7.743218421936035156e+00
-6.143771171569824219e+00
-7.534861564636230469e+00
-7.849267005920410156e+00
-8.302416801452636719e+00
-8.300787925720214844e+00
-8.145955085754394531e+00
-7.721627235412597656e+00
-7.367354393005371094e+00
-7.296134948730468750e+00
-7.230863571166992188e+00
-6.764112472534179688e+00
-6.721488952636718750e+00
-6.685382843017578125e+00
-6.622890472412109375e+00
-7.136419296264648438e+00
-7.047832489013671875e+00
-7.343892097473144531e+00
-7.389323234558105469e+00
-7.213458061218261719e+00
-7.735981941223144531e+00
-7.663559913635253906e+00
-7.321037292480468750e+00
-7.263835906982421875e+00
-7.229021072387695312e+00
-7.187093734741210938e+00
-6.735438346862792969e+00
-6.172352790832519531e+00
-6.172720909118652344e+00
-5.053654670715332031e+00
-4.063978195190429688e+00
-6.091388702392578125e+00
-6.203404426574707031e+00
-5.915783882141113281e+00
-6.017982482910156250e+00
-5.350107192993164062e+00
-4.772397041320800781e+00
-5.514829635620117188e+00
-5.398268699645996094e+00
-4.887223243713378906e+00
-4.727924346923828125e+00
-4.112331390380859375e+00
-4.201940536499023438e+00
-4.522488594055175781e+00
-3.785410881042480469e+00
-3.331370353698730469e+00
-2.617458343505859375e+00
-2.169836997985839844e+00
-2.219019889831542969e+00
-2.250731468200683594e+00
-2.900968551635742188e+00
-2.862852096557617188e+00
-2.863789558410644531e+00
-2.809515953063964844e+00
-2.669560432434082031e+00
-3.119210243225097656e+00
-3.338246345520019531e+00
-3.712075233459472656e+00
-3.681354522705078125e+00
-3.832963943481445312e+00
-3.715325355529785156e+00
-3.728542327880859375e+00
-3.338522911071777344e+00
-2.561773300170898438e+00
-2.699563026428222656e+00
-2.720164299011230469e+00
-2.342453956604003906e+00
-1.805523872375488281e+00
-1.803436279296875000e+00
-1.910691261291503906e+00
-1.755959510803222656e+00
-1.250933647155761719e+00
-1.324601173400878906e+00
-1.555445671081542969e+00
-2.031038284301757812e+00
-2.531041800975799561e-01
-1.979818046092987061e-01
-3.473720252513885498e-01
-2.607412040233612061e-01
-2.595510184764862061e-01
1.970625221729278564e-01
8.295069336891174316e-01
1.870037078857421875e+00
3.592500686645507812e+00
3.313330173492431641e+00
3.781221866607666016e+00
5.410684585571289062e+00
4.977222919464111328e+00
6.224118709564208984e+00
6.109454154968261719e+00
6.731690406799316406e+00
7.685717582702636719e+00
8.130263328552246094e+00
7.450011730194091797e+00
8.072328567504882812e+00
7.407066822052001953e+00
7.389535427093505859e+00
7.241901397705078125e+00
6.749987602233886719e+00
6.733014106750488281e+00
6.683378219604492188e+00
6.587931156158447266e+00
6.085646629333496094e+00
6.080073833465576172e+00
6.115304470062255859e+00
6.299035072326660156e+00
6.825090885162353516e+00
6.287148952484130859e+00
7.071615219116210938e+00
7.102260112762451172e+00
7.011758804321289062e+00
7.140120983123779297e+00
7.143249511718750000e+00
7.636833190917968750e+00
8.179522514343261719e+00
8.069322586059570312e+00
7.995051860809326172e+00
8.952633857727050781e+00
8.242533683776855469e+00
8.403928756713867188e+00
8.287519454956054688e+00
8.253684997558593750e+00
7.619905471801757812e+00
6.885996818542480469e+00
6.331826686859130859e+00
5.777681350708007812e+00
5.683720111846923828e+00
4.942927360534667969e+00
4.250633239746093750e+00
4.965229988098144531e+00
4.869466781616210938e+00
4.980762004852294922e+00
4.884400844573974609e+00
4.564267635345458984e+00
4.735956192016601562e+00
3.347126960754394531e+00
2.384847640991210938e+00
1.681012630462646484e+00
2.571490287780761719e+00
1.761157989501953125e+00
1.158523559570312500e+00
1.222390651702880859e+00
1.224070072174072266e+00
1.191478729248046875e+00
1.291881561279296875e+00
1.278405666351318359e+00
1.235408306121826172e+00
1.131134510040283203e+00
1.182147502899169922e+00
4.937525093555450439e-01
6.389656662940979004e-01
-2.495189942419528961e-02
8.449844270944595337e-02
-4.704799354076385498e-01
-3.050489127635955811e-01
-2.185105979442596436e-01
-1.310109794139862061e-01
4.867496788501739502e-01
6.711974740028381348e-01
2.554121315479278564e-01
-1.581659018993377686e-01
-1.158199310302734375e+00
-1.673745155334472656e+00
-1.622010231018066406e+00
-1.666354179382324219e+00
-1.186764717102050781e+00
-1.621662139892578125e+00
-1.170886039733886719e+00
-1.259331703186035156e+00
-7.613791823387145996e-01
-8.047732710838317871e-01
-1.290755271911621094e+00
-1.838625907897949219e+00
-1.250815391540527344e+00
-1.268193244934082031e+00
-6.717118620872497559e-01
-6.806477904319763184e-01
-6.798552870750427246e-01
-5.921115279197692871e-01
-5.508870482444763184e-01
6.076339632272720337e-02
1.047540187835693359e+00
1.555509567260742188e+00
1.681740760803222656e+00
5.024781823158264160e-01
6.640172600746154785e-01
6.599650979042053223e-01
4.867892563343048096e-01
8.629346489906311035e-01
1.178071022033691406e+00
2.950232505798339844e+00
2.154208183288574219e+00
2.081409931182861328e+00
3.554531097412109375e+00
3.915424346923828125e+00
5.174796104431152344e+00
5.733664512634277344e+00
6.766191959381103516e+00
7.314139842987060547e+00
8.415904045104980469e+00
8.875008583068847656e+00
9.324391365051269531e+00
9.753316879272460938e+00
1.095165061950683594e+01
1.078689289093017578e+01
1.190055942535400391e+01
1.218906688690185547e+01
1.204282283782958984e+01
1.170919704437255859e+01
1.237707805633544922e+01
1.213144969940185547e+01
1.208808803558349609e+01
1.233085155487060547e+01
1.211105632781982422e+01
1.189863014221191406e+01
1.191606807708740234e+01
1.222187900543212891e+01
1.224995994567871094e+01
1.215671730041503906e+01
1.208252525329589844e+01
1.209741592407226562e+01
1.187833309173583984e+01
1.245114231109619141e+01
1.241231155395507812e+01
1.239766883850097656e+01
1.213749599456787109e+01
1.231272697448730469e+01
1.228747272491455078e+01
1.228650951385498047e+01
1.228586292266845703e+01
1.228271293640136719e+01
1.298178768157958984e+01
1.262701129913330078e+01
1.278375053405761719e+01
1.275374221801757812e+01
1.275840377807617188e+01
1.305812644958496094e+01
1.329763793945312500e+01
1.324862575531005859e+01
1.324579620361328125e+01
1.298508453369140625e+01
1.314249801635742188e+01
1.302695369720458984e+01
1.318161201477050781e+01
1.315907287597656250e+01
1.279743289947509766e+01
1.256646919250488281e+01
1.269431781768798828e+01
1.206599712371826172e+01
1.221961307525634766e+01
1.093313026428222656e+01
1.077231121063232422e+01
1.001960754394531250e+01
1.023661041259765625e+01
9.687255859375000000e+00
9.760265350341796875e+00
9.798484802246093750e+00
9.914040565490722656e+00
1.049770259857177734e+01
1.078330802917480469e+01
1.137097930908203125e+01
1.066494369506835938e+01
1.141923522949218750e+01
1.114804553985595703e+01
1.123110389709472656e+01
1.034558391571044922e+01
1.033678340911865234e+01
1.015216159820556641e+01
1.022534179687500000e+01
9.475656509399414062e+00
1.009053134918212891e+01
1.006013393402099609e+01
1.003930091857910156e+01
9.396937370300292969e+00
9.797413825988769531e+00
9.570851325988769531e+00
9.492583274841308594e+00
9.651238441467285156e+00
1.014995956420898438e+01
9.333484649658203125e+00
9.618749618530273438e+00
9.577106475830078125e+00
1.011075687408447266e+01
9.905077934265136719e+00
9.793797492980957031e+00
9.341265678405761719e+00
9.011808395385742188e+00
8.373624801635742188e+00
8.431765556335449219e+00
7.456184387207031250e+00
7.690200805664062500e+00
7.476816177368164062e+00
7.311174392700195312e+00
8.148093223571777344e+00
6.919260978698730469e+00
6.946226596832275391e+00
7.942833423614501953e+00
7.413991928100585938e+00
-5.551139831542968750e+00
-1.038306713104248047e+01
-1.201949787139892578e+01
-1.223929309844970703e+01
-1.180353069305419922e+01
-1.178870296478271484e+01
-1.186423969268798828e+01
-1.114983463287353516e+01
-1.045581531524658203e+01
-8.218174934387207031e+00
-5.589627265930175781e+00
-7.460594177246093750e+00
