7.539129853248596191e-01
7.672448754310607910e-01
1.498591423034667969e+00
2.296001434326171875e+00
2.421513557434082031e+00
2.481094837188720703e+00
2.504160881042480469e+00
2.845996856689453125e+00
1.627356052398681641e+00
-4.494174003601074219e+00
-5.340820312500000000e+00
-4.070177078247070312e+00
-4.140833854675292969e+00
-4.853341102600097656e+00
-5.277300834655761719e+00
-5.641963005065917969e+00
-6.441509246826171875e+00
-6.151944160461425781e+00
-6.549510955810546875e+00
-7.029035568237304688e+00
-7.456857681274414062e+00
-7.800942420959472656e+00
-6.887412071228027344e+00
-6.045508384704589844e+00
-5.958311080932617188e+00
-5.694907188415527344e+00
-6.123898506164550781e+00
-6.023554801940917969e+00
-5.795055389404296875e+00
-6.045638084411621094e+00
-5.524723052978515625e+00
-5.569128990173339844e+00
-6.509071350097656250e+00
-6.875146865844726562e+00
-6.863403320312500000e+00
-6.587021827697753906e+00
-7.059034347534179688e+00
-7.676898002624511719e+00
-8.056069374084472656e+00
-8.085705757141113281e+00
-8.423483848571777344e+00
-8.379557609558105469e+00
-8.389132499694824219e+00
-8.022770881652832031e+00
-7.973586082458496094e+00
-8.286036491394042969e+00
-7.759842872619628906e+00
-8.146891593933105469e+00
-7.784180641174316406e+00
-7.317320823669433594e+00
-7.764409065246582031e+00
-7.692851066589355469e+00
-7.687773704528808594e+00
2.366962730884552002e-01
-1.791163444519042969e+00
-4.815396964550018311e-01
-7.286424040794372559e-01
-1.307760238647460938e+00
-1.610488593578338623e-01
9.008474946022033691e-01
4.005585014820098877e-01
1.853228092193603516e+00
2.505733013153076172e+00
3.737623691558837891e+00
3.717704296112060547e+00
2.122265815734863281e+00
3.185212135314941406e+00
3.175197601318359375e+00
4.246717929840087891e+00
5.175623416900634766e+00
5.891444683074951172e+00
6.114849567413330078e+00
6.202131748199462891e+00
6.718997478485107422e+00
6.675261497497558594e+00
6.478381633758544922e+00
6.762220859527587891e+00
1.319663524627685547e+00
8.191490769386291504e-01
4.601350128650665283e-01
-8.414153456687927246e-01
-3.146440505981445312e+00
-4.821145057678222656e+00
-8.358527183532714844e+00
-3.260617256164550781e+00
-4.819250106811523438e+00
-4.933302879333496094e+00
-6.498802185058593750e+00
-6.988595008850097656e+00
-6.781842231750488281e+00
-8.062863349914550781e+00
-8.074213981628417969e+00
-8.462244987487792969e+00
-8.193083763122558594e+00
-8.199793815612792969e+00
-7.883027076721191406e+00
-7.769288063049316406e+00
-7.686865806579589844e+00
-7.594120979309082031e+00
-7.457360267639160156e+00
-7.129988670349121094e+00
8.224718093872070312e+00
4.394316196441650391e+00
5.009975910186767578e+00
4.601826667785644531e+00
4.365403652191162109e+00
4.714642047882080078e+00
4.413818836212158203e+00
4.649400711059570312e+00
4.666855812072753906e+00
4.621084690093994141e+00
4.513917922973632812e+00
5.727364063262939453e+00
5.497752189636230469e+00
5.467845439910888672e+00
5.517413616180419922e+00
5.490505218505859375e+00
6.047956943511962891e+00
6.500450134277343750e+00
5.660937309265136719e+00
6.355529308319091797e+00
6.739733695983886719e+00
6.284780502319335938e+00
5.743407249450683594e+00
3.249092400074005127e-01
-1.347852706909179688e+00
-3.692996978759765625e+00
-2.941452980041503906e+00
-3.862615585327148438e+00
-3.366717338562011719e+00
-2.743183135986328125e+00
-1.813922882080078125e+00
-1.741637229919433594e+00
-5.134238600730895996e-01
-8.368949294090270996e-01
3.848686516284942627e-01
8.982247352600097656e+00
6.477043628692626953e+00
5.951979160308837891e+00
5.755170345306396484e+00
5.407805442810058594e+00
5.179265975952148438e+00
4.832973480224609375e+00
4.545166015625000000e+00
4.823427200317382812e+00
2.081236362457275391e+00
3.385180473327636719e+00
3.043383598327636719e+00
6.770415306091308594e+00
7.562861442565917969e+00
7.564783096313476562e+00
7.738220691680908203e+00
7.147109985351562500e+00
6.079496383666992188e+00
6.209710597991943359e+00
5.382785320281982422e+00
5.961680412292480469e+00
6.431253910064697266e+00
4.275114536285400391e+00
3.867703914642333984e+00
3.553562641143798828e+00
1.144094839692115784e-01
1.934204101562500000e+00
2.362791061401367188e+00
2.467393398284912109e+00
2.001615047454833984e+00
1.549304676055908203e+01
1.542895889282226562e+01
1.570133686065673828e+01
1.519843482971191406e+01
1.554247570037841797e+01
1.520266532897949219e+01
1.554804420471191406e+01
1.493079853057861328e+01
1.493433666229248047e+01
1.418695831298828125e+01
1.424215030670166016e+01
1.464737033843994141e+01
1.458436775207519531e+01
1.408797168731689453e+01
1.504693508148193359e+01
1.480340671539306641e+01
1.549861907958984375e+01
1.519161891937255859e+01
1.463591957092285156e+01
1.501325607299804688e+01
1.449897861480712891e+01
1.591535663604736328e+01
1.549183368682861328e+01
1.521783161163330078e+01
1.518816184997558594e+01
1.370369052886962891e+01
1.417910957336425781e+01
1.499848079681396484e+01
1.500198554992675781e+01
1.492307853698730469e+01
1.378158760070800781e+01
9.086390495300292969e+00
1.045405673980712891e+01
9.991406440734863281e+00
1.040839958190917969e+01
1.134944152832031250e+01
1.213701725006103516e+01
1.235927772521972656e+01
1.378125286102294922e+01
1.362576675415039062e+01
1.426896762847900391e+01
1.285247325897216797e+01
1.217180538177490234e+01
1.288322639465332031e+01
1.236753559112548828e+01
1.326064682006835938e+01
1.223212718963623047e+01
1.295782566070556641e+01
1.302096176147460938e+01
9.698738098144531250e+00
1.475677680969238281e+01
1.528403282165527344e+01
1.581073665618896484e+01
1.722549438476562500e+01
1.543508720397949219e+01
1.727495002746582031e+01
1.700084686279296875e+01
1.663927268981933594e+01
1.656623268127441406e+01
1.635302352905273438e+01
1.626580238342285156e+01
1.630866622924804688e+01
1.596489048004150391e+01
1.573966217041015625e+01
1.593223381042480469e+01
1.584607887268066406e+01
1.572305011749267578e+01
1.460379505157470703e+01
1.469891071319580078e+01
1.410663604736328125e+01
1.352754688262939453e+01
1.383247470855712891e+01
1.416942024230957031e+01
1.426097583770751953e+01
1.478633308410644531e+01
1.501095485687255859e+01
1.556717395782470703e+01
1.604916954040527344e+01
1.653589630126953125e+01
1.469945621490478516e+01
1.496675968170166016e+01
1.123433017730712891e+01
1.348446559906005859e+01
1.385593795776367188e+01
1.372602558135986328e+01
1.391699409484863281e+01
1.436037826538085938e+01
1.429534244537353516e+01
1.477897930145263672e+01
1.451340484619140625e+01
1.434289932250976562e+01
1.424649524688720703e+01
1.413676548004150391e+01
1.437268829345703125e+01
1.480043792724609375e+01
1.453082466125488281e+01
1.509426116943359375e+01
1.496533584594726562e+01
1.505095672607421875e+01
1.604740715026855469e+01
1.625504684448242188e+01
1.628023529052734375e+01
1.616368293762207031e+01
1.623354339599609375e+01
1.636386871337890625e+01
1.637054634094238281e+01
1.635314178466796875e+01
1.641128730773925781e+01
1.611501502990722656e+01
1.605280303955078125e+01
1.612857437133789062e+01
1.556895542144775391e+01
1.563361835479736328e+01
1.555550956726074219e+01
1.558143234252929688e+01
1.556579303741455078e+01
1.546185016632080078e+01
1.556477451324462891e+01
1.553822612762451172e+01
1.535884284973144531e+01
-5.305680632591247559e-01
-4.443683326244354248e-01
-2.315139472484588623e-01
5.991316437721252441e-01
9.388867020606994629e-01
1.671234130859375000e+00
1.886678695678710938e+00
3.159853458404541016e+00
2.017587661743164062e+00
2.413660526275634766e+00
2.120789051055908203e+00
2.368812561035156250e+00
2.062859535217285156e+00
2.671767711639404297e+00
2.416840076446533203e+00
2.466941833496093750e+00
2.329520225524902344e+00
2.856846332550048828e+00
1.445718288421630859e+00
2.138758182525634766e+00
1.797544479370117188e+00
1.756657600402832031e+00
1.323712825775146484e+00
2.544467449188232422e+00
2.403049767017364502e-01
-2.469615638256072998e-01
3.556922823190689087e-02
-1.717183113098144531e+00
-2.115505218505859375e+00
-3.187287330627441406e+00
-3.530702590942382812e+00
-3.926829338073730469e+00
1.565119075775146484e+01
1.697318077087402344e+01
1.705339813232421875e+01
1.748308944702148438e+01
1.750463867187500000e+01
1.812921714782714844e+01
1.813358688354492188e+01
1.830668067932128906e+01
1.815222930908203125e+01
1.714475440979003906e+01
1.710682678222656250e+01
1.618423843383789062e+01
1.551530170440673828e+01
1.536819267272949219e+01
1.612767410278320312e+01
1.596304035186767578e+01
1.612362670898437500e+01
1.565081882476806641e+01
1.548443126678466797e+01
1.526836872100830078e+01
1.562979793548583984e+01
1.578889846801757812e+01
1.450192928314208984e+01
1.469952392578125000e+01
1.389680862426757812e+01
1.561868000030517578e+01
1.504515457153320312e+01
1.519887828826904297e+01
1.559322261810302734e+01
1.637679672241210938e+01
1.689455413818359375e+01
1.698777961730957031e+01
1.645836257934570312e+01
1.639119720458984375e+01
1.592797756195068359e+01
1.548672389984130859e+01
1.509171581268310547e+01
1.545477485656738281e+01
1.474431800842285156e+01
1.514089012145996094e+01
1.569899177551269531e+01
1.465857982635498047e+01
1.507936668395996094e+01
1.680626296997070312e+01
1.856716346740722656e+01
1.864937591552734375e+01
1.880101394653320312e+01
1.853105545043945312e+01
1.777787017822265625e+01
1.746226692199707031e+01
1.760134315490722656e+01
1.723579788208007812e+01
1.749241447448730469e+01
1.749280548095703125e+01
1.717259979248046875e+01
1.749322891235351562e+01
1.762740135192871094e+01
1.761014747619628906e+01
1.756958198547363281e+01
1.718944931030273438e+01
1.598885536193847656e+01
1.585604000091552734e+01
1.442407798767089844e+01
1.356983470916748047e+01
1.405314350128173828e+01
1.356855487823486328e+01
1.399909305572509766e+01
1.342962265014648438e+01
1.407008552551269531e+01
1.529477977752685547e+01
1.719000816345214844e+01
1.800238990783691406e+01
1.815317535400390625e+01
1.788070487976074219e+01
1.784606170654296875e+01
1.777374458312988281e+01
1.773055839538574219e+01
1.733420372009277344e+01
1.772276878356933594e+01
1.812017822265625000e+01
1.856604766845703125e+01
1.804903030395507812e+01
1.797639465332031250e+01
1.759968185424804688e+01
1.707358741760253906e+01
1.664534187316894531e+01
1.632866668701171875e+01
1.678246307373046875e+01
1.645874977111816406e+01
1.701440811157226562e+01
1.870602416992187500e+01
1.895622062683105469e+01
1.878977584838867188e+01
1.824254417419433594e+01
1.809432601928710938e+01
1.835624885559082031e+01
1.843700599670410156e+01
1.916544723510742188e+01
1.905385971069335938e+01
1.927345085144042969e+01
1.896699714660644531e+01
1.858593177795410156e+01
1.809991645812988281e+01
1.777719688415527344e+01
1.742490959167480469e+01
1.710458946228027344e+01
1.690004158020019531e+01
1.713875198364257812e+01
1.674953460693359375e+01
1.693497657775878906e+01
1.741869544982910156e+01
1.670814704895019531e+01
1.621052169799804688e+01
1.573798656463623047e+01
1.427782535552978516e+01
1.343979263305664062e+01
1.320652484893798828e+01
1.242512416839599609e+01
1.285067367553710938e+01
1.296933460235595703e+01
1.245646381378173828e+01
1.369811916351318359e+01
1.323306274414062500e+01
1.258463764190673828e+01
1.387757968902587891e+01
1.386933994293212891e+01
1.408960437774658203e+01
1.420743465423583984e+01
1.416169357299804688e+01
1.425500392913818359e+01
1.392167091369628906e+01
1.496491432189941406e+01
1.481300640106201172e+01
1.664907836914062500e+01
1.785360717773437500e+01
1.721812820434570312e+01
1.693730926513671875e+01
1.534814262390136719e+01
1.657155609130859375e+01
1.500019645690917969e+01
1.490193748474121094e+01
1.480155658721923828e+01
1.480409240722656250e+01
1.459154510498046875e+01
1.343007278442382812e+01
1.396146106719970703e+01
1.340251445770263672e+01
1.445807743072509766e+01
1.251600265502929688e+01
1.377930736541748047e+01
1.573369312286376953e+01
1.509363842010498047e+01
1.650764274597167969e+01
1.608723831176757812e+01
1.570902919769287109e+01
1.578185272216796875e+01
1.638243484497070312e+01
1.635327339172363281e+01
1.585384178161621094e+01
1.599930000305175781e+01
1.631470108032226562e+01
1.559583854675292969e+01
1.496805477142333984e+01
1.467809391021728516e+01
1.462318515777587891e+01
1.417451572418212891e+01
1.339090633392333984e+01
1.329254341125488281e+01
1.276575279235839844e+01
1.254680728912353516e+01
1.307064723968505859e+01
1.474053668975830078e+01
1.433669662475585938e+01
1.496909618377685547e+01
1.733275413513183594e+01
1.672128105163574219e+01
1.654905700683593750e+01
1.699973678588867188e+01
1.657214546203613281e+01
1.679120635986328125e+01
1.723352622985839844e+01
1.674735069274902344e+01
1.670414161682128906e+01
1.665398788452148438e+01
1.686376190185546875e+01
1.646752357482910156e+01
1.540454769134521484e+01
1.448434925079345703e+01
1.440017318725585938e+01
1.601619338989257812e+01
1.678790283203125000e+01
1.691213417053222656e+01
1.740647888183593750e+01
1.723821067810058594e+01
1.690640640258789062e+01
1.782703208923339844e+01
1.719474792480468750e+01
1.629388236999511719e+01
1.544028282165527344e+01
1.540025520324707031e+01
1.482369232177734375e+01
1.523169612884521484e+01
1.532666873931884766e+01
1.559757614135742188e+01
1.598327827453613281e+01
1.620838356018066406e+01
1.625435256958007812e+01
1.640065383911132812e+01
1.634584808349609375e+01
1.629527473449707031e+01
1.663114738464355469e+01
1.666601753234863281e+01
1.649016761779785156e+01
1.702257728576660156e+01
1.655294990539550781e+01
1.657871818542480469e+01
1.680905342102050781e+01
1.575484275817871094e+01
1.642536544799804688e+01
1.680483055114746094e+01
1.701231384277343750e+01
1.726903915405273438e+01
1.746778488159179688e+01
1.774719238281250000e+01
1.770034599304199219e+01
1.723144149780273438e+01
1.748368263244628906e+01
1.733674430847167969e+01
1.687038993835449219e+01
1.679225349426269531e+01
1.632735061645507812e+01
1.454411602020263672e+01
1.377322101593017578e+01
1.352725410461425781e+01
1.247544193267822266e+01
1.435174655914306641e+01
1.495509910583496094e+01
1.562934780120849609e+01
1.643574523925781250e+01
1.683310699462890625e+01
1.629367065429687500e+01
1.668752288818359375e+01
1.652700996398925781e+01
1.683632850646972656e+01
1.665056419372558594e+01
1.659792327880859375e+01
1.661613464355468750e+01
1.646656227111816406e+01
1.618564033508300781e+01
1.627068901062011719e+01
1.629570960998535156e+01
1.602532768249511719e+01
1.562617969512939453e+01
1.391697978973388672e+01
1.342544460296630859e+01
1.257410717010498047e+01
1.251180744171142578e+01
1.279811000823974609e+01
1.235629749298095703e+01
1.290655994415283203e+01
1.195564460754394531e+01
1.115353488922119141e+01
1.033326435089111328e+01
1.113569259643554688e+01
9.706523895263671875e+00
1.079759693145751953e+01
9.282559394836425781e+00
9.777465820312500000e+00
9.269306182861328125e+00
9.398534774780273438e+00
8.509021759033203125e+00
8.567644119262695312e+00
8.324687957763671875e+00
8.681241035461425781e+00
9.119988441467285156e+00
9.053584098815917969e+00
9.229520797729492188e+00
1.074082660675048828e+01
1.072184848785400391e+01
1.096371936798095703e+01
1.191878795623779297e+01
1.306405353546142578e+01
1.330574798583984375e+01
1.219984531402587891e+01
1.196706867218017578e+01
1.210349750518798828e+01
1.192648792266845703e+01
1.129704856872558594e+01
1.089844512939453125e+01
1.225419330596923828e+01
1.139826107025146484e+01
1.091452598571777344e+01
1.127570056915283203e+01
1.231036663055419922e+01
1.238352012634277344e+01
1.277524185180664062e+01
1.259901428222656250e+01
1.312325572967529297e+01
1.296588897705078125e+01
1.327934837341308594e+01
1.423903656005859375e+01
1.454410171508789062e+01
1.424854564666748047e+01
1.436399078369140625e+01
1.489149475097656250e+01
1.502037620544433594e+01
1.510724544525146484e+01
1.539160346984863281e+01
1.496979904174804688e+01
1.500495815277099609e+01
1.430990600585937500e+01
1.336168193817138672e+01
1.251605987548828125e+01
1.260790729522705078e+01
1.235431194305419922e+01
1.225514125823974609e+01
1.210251235961914062e+01
1.209475803375244141e+01
1.275185871124267578e+01
1.249718189239501953e+01
1.323437023162841797e+01
1.310595989227294922e+01
1.287620353698730469e+01
1.271714115142822266e+01
1.345103454589843750e+01
1.373081684112548828e+01
1.510490322113037109e+01
1.521623611450195312e+01
1.653682327270507812e+01
1.770315170288085938e+01
1.760216331481933594e+01
1.789764976501464844e+01
1.777990341186523438e+01
1.732599449157714844e+01
1.653133773803710938e+01
1.485922336578369141e+01
1.466314411163330078e+01
1.376081943511962891e+01
1.254591083526611328e+01
1.251248645782470703e+01
1.217342853546142578e+01
1.289114189147949219e+01
1.343966674804687500e+01
1.383793544769287109e+01
1.587734317779541016e+01
1.569446277618408203e+01
1.671561050415039062e+01
1.653904724121093750e+01
1.664864158630371094e+01
1.622347259521484375e+01
1.612652587890625000e+01
1.507902336120605469e+01
1.451575756072998047e+01
1.577541923522949219e+01
1.609963989257812500e+01
1.585706424713134766e+01
1.591634178161621094e+01
1.556308841705322266e+01
1.606134986877441406e+01
1.565021324157714844e+01
1.414231872558593750e+01
1.309595584869384766e+01
1.073785114288330078e+01
1.137048721313476562e+01
1.048185825347900391e+01
1.140269851684570312e+01
1.080089664459228516e+01
1.113587093353271484e+01
1.155943202972412109e+01
1.228994750976562500e+01
1.220414257049560547e+01
1.166616344451904297e+01
1.184166622161865234e+01
1.196082305908203125e+01
1.218560791015625000e+01
1.235287761688232422e+01
1.293085575103759766e+01
1.311955451965332031e+01
1.372313785552978516e+01
1.430460643768310547e+01
1.480393981933593750e+01
1.460474586486816406e+01
1.477619743347167969e+01
1.427797031402587891e+01
1.420444297790527344e+01
1.390051078796386719e+01
1.375509834289550781e+01
1.279635429382324219e+01
1.287106323242187500e+01
1.279810905456542969e+01
1.285075950622558594e+01
1.431225395202636719e+01
1.556356525421142578e+01
1.577869224548339844e+01
1.644133758544921875e+01
1.601580429077148438e+01
1.614657020568847656e+01
1.731788635253906250e+01
1.726661491394042969e+01
1.770118713378906250e+01
1.746763992309570312e+01
1.751682472229003906e+01
1.759183502197265625e+01
1.744692611694335938e+01
1.757201576232910156e+01
1.742892456054687500e+01
1.722300338745117188e+01
1.722225761413574219e+01
1.708091735839843750e+01
1.732992362976074219e+01
1.710050010681152344e+01
1.720061111450195312e+01
1.675994491577148438e+01
1.696229743957519531e+01
1.634984779357910156e+01
1.617830467224121094e+01
1.544116592407226562e+01
1.441250228881835938e+01
1.208977985382080078e+01
1.172577571868896484e+01
1.149421119689941406e+01
1.084662342071533203e+01
1.163641834259033203e+01
1.422125339508056641e+01
1.372065067291259766e+01
1.384306240081787109e+01
1.452847480773925781e+01
1.453635692596435547e+01
1.457537746429443359e+01
1.409278392791748047e+01
-4.426822364330291748e-01
1.197227954864501953e+00
1.018191814422607422e+00
1.076347827911376953e+00
1.553319454193115234e+00
1.552328586578369141e+00
2.152931213378906250e+00
2.734791278839111328e+00
2.751627922058105469e+00
2.617287158966064453e+00
3.242886543273925781e+00
3.297937393188476562e+00
3.336351394653320312e+00
3.409757137298583984e+00
3.595195770263671875e+00
3.567372798919677734e+00
5.319294929504394531e+00
5.259710788726806641e+00
4.925786972045898438e+00
5.601871967315673828e+00
4.863065719604492188e+00
4.908831119537353516e+00
5.321131229400634766e+00
5.272449493408203125e+00
5.218431949615478516e+00
5.044581890106201172e+00
5.132112503051757812e+00
5.078283309936523438e+00
4.991811752319335938e+00
5.655298233032226562e+00
5.565687179565429688e+00
6.212266445159912109e+00
-3.794569015502929688e+00
-5.320597648620605469e+00
-5.322029113769531250e+00
-6.343997955322265625e+00
-6.719028472900390625e+00
-7.133483886718750000e+00
-7.491820335388183594e+00
-7.336662292480468750e+00
-7.607722282409667969e+00
-7.980664253234863281e+00
-8.395922660827636719e+00
-8.405928611755371094e+00
-8.152251243591308594e+00
-7.785883903503417969e+00
-7.939875602722167969e+00
-8.367806434631347656e+00
-8.329033851623535156e+00
-8.311295509338378906e+00
-8.330677986145019531e+00
-8.333048820495605469e+00
-8.375384330749511719e+00
-7.996964454650878906e+00
-7.564019203186035156e+00
-7.623303413391113281e+00
-7.643225669860839844e+00
-7.156299591064453125e+00
-7.234188079833984375e+00
-6.705378532409667969e+00
-6.792115211486816406e+00
2.350793361663818359e+00
1.094508171081542969e+00
1.857302665710449219e+00
1.589998245239257812e+00
2.135162830352783203e+00
2.496136188507080078e+00
2.917227745056152344e+00
3.730977058410644531e+00
4.722973346710205078e+00
3.923414707183837891e+00
4.116661548614501953e+00
4.622045516967773438e+00
3.691248416900634766e+00
4.303624153137207031e+00
4.263532161712646484e+00
4.352250576019287109e+00
5.487164497375488281e+00
5.276723384857177734e+00
4.303432941436767578e+00
4.817685127258300781e+00
3.504397869110107422e+00
4.413287639617919922e+00
5.218800067901611328e+00
6.305075168609619141e+00
-4.337538719177246094e+00
-5.763151168823242188e+00
-6.179404258728027344e+00
-6.929394721984863281e+00
-7.081144332885742188e+00
-6.987785339355468750e+00
-7.042673110961914062e+00
-7.034691810607910156e+00
-6.481554985046386719e+00
-5.524525642395019531e+00
-6.355895996093750000e+00
-3.561402320861816406e+00
-2.849358558654785156e+00
-2.948534011840820312e+00
-2.889614105224609375e+00
-2.871039390563964844e+00
-3.019867897033691406e+00
-2.976514816284179688e+00
-4.953834533691406250e+00
-5.176633834838867188e+00
-7.760056495666503906e+00
-8.797820091247558594e+00
-8.858506202697753906e+00
-5.611628890037536621e-01
-2.644778251647949219e+00
-1.953663825988769531e+00
-8.783311247825622559e-01
-5.471982359886169434e-01
1.337341126054525375e-02
7.998142838478088379e-01
2.819391727447509766e+00
1.097682952880859375e+00
2.802225112915039062e+00
2.779948711395263672e+00
2.915585517883300781e+00
2.379014015197753906e+00
2.444147586822509766e+00
3.403060436248779297e+00
3.101176261901855469e+00
2.823500633239746094e+00
4.240870952606201172e+00
3.895915508270263672e+00
5.122344970703125000e+00
4.715472221374511719e+00
5.420251369476318359e+00
3.816876411437988281e+00
5.746126770973205566e-01
6.501670837402343750e+00
4.661368370056152344e+00
5.928555965423583984e+00
3.709685802459716797e+00
3.942172050476074219e+00
3.514034748077392578e+00
3.218316555023193359e+00
2.273784637451171875e+00
2.078757286071777344e+00
1.518737792968750000e+00
1.082544326782226562e+00
2.172434806823730469e+00
1.597356319427490234e+00
7.858763337135314941e-01
1.950747013092041016e+00
2.413812160491943359e+00
2.919893264770507812e+00
2.847105026245117188e+00
2.958696365356445312e+00
3.135756969451904297e+00
1.915710926055908203e+00
2.767104148864746094e+00
1.988321304321289062e+00
1.572778224945068359e+00
2.658959388732910156e+00
2.221099853515625000e+00
2.531936645507812500e+00
1.282039642333984375e+00
2.100012302398681641e+00
2.601706504821777344e+00
1.508216285705566406e+01
1.527450752258300781e+01
1.544759178161621094e+01
1.481128311157226562e+01
1.484786891937255859e+01
1.479188537597656250e+01
1.471666717529296875e+01
1.461682605743408203e+01
1.414844894409179688e+01
1.315920925140380859e+01
1.334329509735107422e+01
1.286530971527099609e+01
1.329670715332031250e+01
1.246487998962402344e+01
1.345324325561523438e+01
1.293851566314697266e+01
1.285684013366699219e+01
1.381371784210205078e+01
1.426119518280029297e+01
1.372147941589355469e+01
1.408239650726318359e+01
1.415808200836181641e+01
1.453642368316650391e+01
1.423006057739257812e+01
1.430872631072998047e+01
1.381953239440917969e+01
1.410783863067626953e+01
1.447356700897216797e+01
1.403575992584228516e+01
1.497386741638183594e+01
1.490049839019775391e+01
1.496605110168457031e+01
1.481816482543945312e+01
1.493718051910400391e+01
1.481092929840087891e+01
1.478451156616210938e+01
1.458609294891357422e+01
1.442783546447753906e+01
1.402024364471435547e+01
1.357324028015136719e+01
1.384225177764892578e+01
1.496992683410644531e+01
1.525880813598632812e+01
1.626421928405761719e+01
1.535366058349609375e+01
1.442206764221191406e+01
1.475806617736816406e+01
1.358456420898437500e+01
1.294548511505126953e+01
1.295492172241210938e+01
1.118386077880859375e+01
1.174629116058349609e+01
1.205851268768310547e+01
1.274522495269775391e+01
1.336216449737548828e+01
1.396044063568115234e+01
1.543532752990722656e+01
1.692737197875976562e+01
1.713369369506835938e+01
1.761207962036132812e+01
1.762432861328125000e+01
1.538525962829589844e+01
1.482799530029296875e+01
1.378443050384521484e+01
1.381033611297607422e+01
1.390996265411376953e+01
1.481785202026367188e+01
1.498202037811279297e+01
1.524804115295410156e+01
1.527502250671386719e+01
1.561955928802490234e+01
1.491930103302001953e+01
1.496885299682617188e+01
1.431180763244628906e+01
1.383506393432617188e+01
1.342134857177734375e+01
1.371819782257080078e+01
1.361205768585205078e+01
1.434662723541259766e+01
1.451232719421386719e+01
1.536446857452392578e+01
1.469103431701660156e+01
1.575125598907470703e+01
1.699849510192871094e+01
1.831077766418457031e+01
1.830182647705078125e+01
1.858762359619140625e+01
1.883815574645996094e+01
1.859875106811523438e+01
1.561151790618896484e+01
1.645733833312988281e+01
1.560339546203613281e+01
1.576369762420654297e+01
1.538058853149414062e+01
1.545692539215087891e+01
1.533190155029296875e+01
1.518995094299316406e+01
1.538685607910156250e+01
1.479570102691650391e+01
1.447391605377197266e+01
1.367576217651367188e+01
1.224767684936523438e+01
1.281091880798339844e+01
1.205207347869873047e+01
1.197929573059082031e+01
1.205642604827880859e+01
9.640706062316894531e+00
1.020034217834472656e+01
1.002446937561035156e+01
8.318120002746582031e+00
9.334406852722167969e+00
9.062895774841308594e+00
8.986515998840332031e+00
9.111049652099609375e+00
9.015430450439453125e+00
9.100069046020507812e+00
9.442082405090332031e+00
8.477137565612792969e+00
6.982753753662109375e+00
6.319547653198242188e+00
5.724835872650146484e+00
3.768765449523925781e+00
3.650109291076660156e+00
3.838160514831542969e+00
3.544858932495117188e+00
3.233953952789306641e+00
3.591079235076904297e+00
8.627820611000061035e-01
1.440741062164306641e+00
1.831977844238281250e+00
2.255650043487548828e+00
1.996566295623779297e+00
1.821280956268310547e+00
2.511929035186767578e+00
2.869455337524414062e+00
3.193059921264648438e+00
6.841358661651611328e+00
6.560544013977050781e+00
8.737966537475585938e+00
8.135352134704589844e+00
9.380740165710449219e+00
8.572728157043457031e+00
8.556134223937988281e+00
8.392683029174804688e+00
8.281224250793457031e+00
8.166932106018066406e+00
8.078392028808593750e+00
8.300385475158691406e+00
7.681087970733642578e+00
7.296473503112792969e+00
5.623808383941650391e+00
6.068359375000000000e+00
4.551055908203125000e+00
3.475976943969726562e+00
3.807207107543945312e+00
3.702377796173095703e+00
3.082028865814208984e+00
-7.775677680969238281e+00
-8.906710624694824219e+00
-8.539256095886230469e+00
-8.313250541687011719e+00
-8.207108497619628906e+00
-7.558347702026367188e+00
-7.311983108520507812e+00
-6.832142829895019531e+00
-6.212392807006835938e+00
-5.006582260131835938e+00
1.185134601593017578e+01
1.552598953247070312e+01
1.463916110992431641e+01
1.543633365631103516e+01
1.544322776794433594e+01
1.553592681884765625e+01
1.545295143127441406e+01
1.563251781463623047e+01
1.576765251159667969e+01
1.494760322570800781e+01
1.440968513488769531e+01
1.379656887054443359e+01
1.253325939178466797e+01
1.258747196197509766e+01
1.290392017364501953e+01
1.362029552459716797e+01
1.335579490661621094e+01
1.374038314819335938e+01
1.405685043334960938e+01
1.484793186187744141e+01
1.542687416076660156e+01
1.470345687866210938e+01
1.378517436981201172e+01
1.339257812500000000e+01
1.284918117523193359e+01
1.378790092468261719e+01
1.425459194183349609e+01
1.483082103729248047e+01
1.423954105377197266e+01
1.376257610321044922e+01
1.444301700592041016e+01
1.478879451751708984e+01
1.499469280242919922e+01
1.512117385864257812e+01
1.486513996124267578e+01
1.314164543151855469e+01
1.211164093017578125e+01
9.704010963439941406e+00
1.032283878326416016e+01
1.067452239990234375e+01
1.214318752288818359e+01
1.713373756408691406e+01
1.770680046081542969e+01
1.725579261779785156e+01
1.783484268188476562e+01
1.766830253601074219e+01
1.752555274963378906e+01
1.744959449768066406e+01
1.719607162475585938e+01
1.736375427246093750e+01
1.660594177246093750e+01
1.667385482788085938e+01
1.554054260253906250e+01
1.426188373565673828e+01
1.092418766021728516e+01
1.127095794677734375e+01
9.740913391113281250e+00
9.167032241821289062e+00
1.000032711029052734e+01
1.002209758758544922e+01
1.046490383148193359e+01
1.035350513458251953e+01
1.107236576080322266e+01
1.036170768737792969e+01
9.415152549743652344e+00
8.883368492126464844e+00
9.119022369384765625e+00
9.197088241577148438e+00
9.022738456726074219e+00
9.043456077575683594e+00
8.479452133178710938e+00
8.440939903259277344e+00
8.825397491455078125e+00
1.150352573394775391e+01
1.284365844726562500e+01
1.333433628082275391e+01
1.355687618255615234e+01
1.407346153259277344e+01
1.419086551666259766e+01
1.422043991088867188e+01
1.419348335266113281e+01
1.409801483154296875e+01
1.365331840515136719e+01
1.363197517395019531e+01
1.364570331573486328e+01
1.366982364654541016e+01
1.397895050048828125e+01
1.374680233001708984e+01
1.242373371124267578e+01
1.244136905670166016e+01
1.232512474060058594e+01
1.263881969451904297e+01
1.211731910705566406e+01
1.229198360443115234e+01
1.145181179046630859e+01
1.153541183471679688e+01
1.177350044250488281e+01
1.234712123870849609e+01
1.267798614501953125e+01
1.298798942565917969e+01
1.348662281036376953e+01
1.321628475189208984e+01
1.333598041534423828e+01
1.336610794067382812e+01
1.330319404602050781e+01
1.359308719635009766e+01
1.364168453216552734e+01
1.412156391143798828e+01
1.470431518554687500e+01
1.471385765075683594e+01
1.493210792541503906e+01
1.453098964691162109e+01
1.468417167663574219e+01
1.418892097473144531e+01
1.310571479797363281e+01
1.279234504699707031e+01
1.274075222015380859e+01
1.281427574157714844e+01
1.307872772216796875e+01
1.395314502716064453e+01
1.450381660461425781e+01
1.475785636901855469e+01
1.554237270355224609e+01
1.606404495239257812e+01
1.631058120727539062e+01
1.671945381164550781e+01
1.628929328918457031e+01
1.615189933776855469e+01
1.656321907043457031e+01
1.508511161804199219e+01
1.520503425598144531e+01
1.635325813293457031e+01
1.613808441162109375e+01
1.620196151733398438e+01
1.663542556762695312e+01
1.697949790954589844e+01
1.685204696655273438e+01
1.731134414672851562e+01
1.718085861206054688e+01
1.736406326293945312e+01
1.692165946960449219e+01
1.719433403015136719e+01
1.677305984497070312e+01
1.723636627197265625e+01
1.664687538146972656e+01
1.655774307250976562e+01
1.668565940856933594e+01
1.617839241027832031e+01
1.608088302612304688e+01
1.600927162170410156e+01
1.645635414123535156e+01
1.647926712036132812e+01
1.685597419738769531e+01
1.695606803894042969e+01
1.725431060791015625e+01
1.735642051696777344e+01
1.714579963684082031e+01
1.719560050964355469e+01
1.753850173950195312e+01
1.754176902770996094e+01
1.743924522399902344e+01
1.750625419616699219e+01
1.751250267028808594e+01
1.747727966308593750e+01
1.730373573303222656e+01
1.725188064575195312e+01
1.807642555236816406e+01
1.799116706848144531e+01
1.803618431091308594e+01
1.802268981933593750e+01
1.763317489624023438e+01
1.751315116882324219e+01
1.740840148925781250e+01
1.732356262207031250e+01
1.706258583068847656e+01
1.718816184997558594e+01
1.751199340820312500e+01
1.741064643859863281e+01
1.740911483764648438e+01
1.761295318603515625e+01
1.739809799194335938e+01
1.725440216064453125e+01
1.737976646423339844e+01
1.734852981567382812e+01
1.731184387207031250e+01
1.760652351379394531e+01
1.723000335693359375e+01
1.742727470397949219e+01
1.713191223144531250e+01
1.711914443969726562e+01
1.708040809631347656e+01
1.706198120117187500e+01
1.682382965087890625e+01
1.679950332641601562e+01
1.689421081542968750e+01
1.731363487243652344e+01
1.703312110900878906e+01
1.704081916809082031e+01
1.709015464782714844e+01
1.702845382690429688e+01
1.696693420410156250e+01
1.703809738159179688e+01
1.711400794982910156e+01
1.674034500122070312e+01
1.689978790283203125e+01
1.674529457092285156e+01
1.698263931274414062e+01
1.703261375427246094e+01
1.705262565612792969e+01
1.677430152893066406e+01
1.707311820983886719e+01
1.708999252319335938e+01
1.710127067565917969e+01
1.719079399108886719e+01
1.721140480041503906e+01
1.708883285522460938e+01
1.711707305908203125e+01
1.699710273742675781e+01
1.704117774963378906e+01
1.712705993652343750e+01
1.673356628417968750e+01
1.710622024536132812e+01
1.643633079528808594e+01
1.632139778137207031e+01
1.563724803924560547e+01
1.519336128234863281e+01
1.537720966339111328e+01
1.417084026336669922e+01
1.473747158050537109e+01
1.398542594909667969e+01
1.544125366210937500e+01
1.675147056579589844e+01
1.719256782531738281e+01
1.753949546813964844e+01
1.721857643127441406e+01
1.725835418701171875e+01
1.726483535766601562e+01
1.734028434753417969e+01
1.771148300170898438e+01
1.737900352478027344e+01
1.740332221984863281e+01
1.635724258422851562e+01
1.621847152709960938e+01
1.628314971923828125e+01
1.469168090820312500e+01
1.420351791381835938e+01
1.326968860626220703e+01
1.124622917175292969e+01
1.336899757385253906e+01
1.093031692504882812e+01
8.965772628784179688e+00
8.338377952575683594e+00
8.314861297607421875e+00
8.533054351806640625e+00
7.485376358032226562e+00
9.146898269653320312e+00
9.431910514831542969e+00
1.076700782775878906e+01
9.950580596923828125e+00
1.072186279296875000e+01
1.131398773193359375e+01
1.140889358520507812e+01
1.244217681884765625e+01
1.194363307952880859e+01
1.246068382263183594e+01
1.351113033294677734e+01
1.203523159027099609e+01
1.332486248016357422e+01
1.302825355529785156e+01
1.283437633514404297e+01
1.151727008819580078e+01
1.250255489349365234e+01
1.183681678771972656e+01
1.126670074462890625e+01
8.286181449890136719e+00
8.035872459411621094e+00
8.171760559082031250e+00
8.663463592529296875e+00
8.533061027526855469e+00
9.167420387268066406e+00
8.101755142211914062e+00
7.279547214508056641e+00
9.442873001098632812e+00
1.135956287384033203e+01
1.298879051208496094e+01
1.404625225067138672e+01
1.191626358032226562e+01
1.325020599365234375e+01
1.248818969726562500e+01
1.150218677520751953e+01
1.279789161682128906e+01
1.363819217681884766e+01
1.492167186737060547e+01
1.539213275909423828e+01
1.212542152404785156e+01
1.027851486206054688e+01
1.022838783264160156e+01
9.612485885620117188e+00
8.396546363830566406e+00
8.614513397216796875e+00
1.020213890075683594e+01
1.116519069671630859e+01
1.232786369323730469e+01
1.213238525390625000e+01
1.278663158416748047e+01
1.299332046508789062e+01
1.360155391693115234e+01
1.461771869659423828e+01
1.382331371307373047e+01
1.499327182769775391e+01
1.551148986816406250e+01
1.532252120971679688e+01
1.517250061035156250e+01
1.599006557464599609e+01
1.537304878234863281e+01
1.504681777954101562e+01
1.492281818389892578e+01
1.316555023193359375e+01
1.227630233764648438e+01
1.313008403778076172e+01
1.314900875091552734e+01
1.315063285827636719e+01
1.330637931823730469e+01
1.263186550140380859e+01
1.243500423431396484e+01
1.249342632293701172e+01
1.165373420715332031e+01
1.179776287078857422e+01
1.189859485626220703e+01
1.172947406768798828e+01
1.099383544921875000e+01
8.947216987609863281e+00
7.250477790832519531e+00
6.088766098022460938e+00
6.295289516448974609e+00
5.887794971466064453e+00
6.028306961059570312e+00
6.659056663513183594e+00
8.051432609558105469e+00
7.429346561431884766e+00
7.806817531585693359e+00
8.426648139953613281e+00
8.598020553588867188e+00
8.079758644104003906e+00
8.297549247741699219e+00
7.837195396423339844e+00
7.960110664367675781e+00
8.061896324157714844e+00
6.578401565551757812e+00
6.928875446319580078e+00
7.550704956054687500e+00
8.081703186035156250e+00
7.991794586181640625e+00
7.972641944885253906e+00
5.944926738739013672e+00
4.598324298858642578e+00
4.788267135620117188e+00
4.314328193664550781e+00
4.075067520141601562e+00
3.993895530700683594e+00
3.590953826904296875e+00
5.006862640380859375e+00
4.679820537567138672e+00
5.840468406677246094e+00
6.751549243927001953e+00
6.028205871582031250e+00
7.471132278442382812e+00
6.818685531616210938e+00
6.460140705108642578e+00
7.149323463439941406e+00
6.787168025970458984e+00
8.685994148254394531e+00
7.453375816345214844e+00
9.813434600830078125e+00
1.063978672027587891e+01
1.007902050018310547e+01
9.373744010925292969e+00
9.740168571472167969e+00
1.056513214111328125e+01
9.626797676086425781e+00
9.634325027465820312e+00
9.451431274414062500e+00
1.045846271514892578e+01
9.915743827819824219e+00
9.629751205444335938e+00
9.836852073669433594e+00
1.041256427764892578e+01
1.162661743164062500e+01
1.247194957733154297e+01
1.322563457489013672e+01
1.398834514617919922e+01
1.468610668182373047e+01
1.454044246673583984e+01
1.470839977264404297e+01
1.525870609283447266e+01
1.610514640808105469e+01
1.583854293823242188e+01
1.583227252960205078e+01
1.561435031890869141e+01
1.560060024261474609e+01
1.536071872711181641e+01
1.504056930541992188e+01
1.504627990722656250e+01
1.480479431152343750e+01
1.477204132080078125e+01
1.445304393768310547e+01
1.441614627838134766e+01
1.390931701660156250e+01
1.409345817565917969e+01
1.349494266510009766e+01
1.350426578521728516e+01
1.303187847137451172e+01
1.208369731903076172e+01
1.000856971740722656e+01
9.839824676513671875e+00
9.612411499023437500e+00
8.004327774047851562e+00
7.376886367797851562e+00
1.000136375427246094e+01
1.423370265960693359e+01
1.411249828338623047e+01
1.404603195190429688e+01
1.473989295959472656e+01
1.445178413391113281e+01
1.409600734710693359e+01
1.440134048461914062e+01
1.487069034576416016e+01
1.480547237396240234e+01
1.427171611785888672e+01
1.345137691497802734e+01
1.313561058044433594e+01
1.426602840423583984e+01
1.433620166778564453e+01
1.436583805084228516e+01
1.436809444427490234e+01
1.360953903198242188e+01
1.364239120483398438e+01
1.366239452362060547e+01
1.396568393707275391e+01
1.399022293090820312e+01
1.389576625823974609e+01
1.374186134338378906e+01
1.369785881042480469e+01
1.285361385345458984e+01
1.272143268585205078e+01
1.231986999511718750e+01
1.268387794494628906e+01
1.408182525634765625e+01
1.418352508544921875e+01
1.447969532012939453e+01
1.465830135345458984e+01
1.434347915649414062e+01
1.406298351287841797e+01
1.400960159301757812e+01
1.428586959838867188e+01
1.407604789733886719e+01
1.404450607299804688e+01
1.423903369903564453e+01
1.366470623016357422e+01
1.367656803131103516e+01
1.353442382812500000e+01
1.313931751251220703e+01
1.328362178802490234e+01
1.295292091369628906e+01
1.301817321777343750e+01
1.318194866180419922e+01
1.359949302673339844e+01
1.373590564727783203e+01
1.372352313995361328e+01
1.320591926574707031e+01
1.311351394653320312e+01
1.300466823577880859e+01
1.308884525299072266e+01
1.298808956146240234e+01
1.302878093719482422e+01
1.312878894805908203e+01
1.334905338287353516e+01
1.351832103729248047e+01
1.329862022399902344e+01
1.363310146331787109e+01
1.373196315765380859e+01
1.311600303649902344e+01
1.304026222229003906e+01
1.255214214324951172e+01
1.288020420074462891e+01
1.240624713897705078e+01
1.230846405029296875e+01
1.224874305725097656e+01
1.262477874755859375e+01
1.268747615814208984e+01
1.307443618774414062e+01
1.396664905548095703e+01
1.441755580902099609e+01
1.447800350189208984e+01
1.489760112762451172e+01
1.443930721282958984e+01
1.482297611236572266e+01
1.465913581848144531e+01
1.499905872344970703e+01
1.485781383514404297e+01
1.471582794189453125e+01
1.471508598327636719e+01
1.499283409118652344e+01
1.495490455627441406e+01
1.463501358032226562e+01
1.498036766052246094e+01
1.450783443450927734e+01
1.466216468811035156e+01
1.444302082061767578e+01
1.454436492919921875e+01
1.458710479736328125e+01
1.443855571746826172e+01
1.411734867095947266e+01
1.381751251220703125e+01
1.418325805664062500e+01
1.369572162628173828e+01
1.381915092468261719e+01
1.372608375549316406e+01
7.603048324584960938e+00
8.225438117980957031e+00
7.447698593139648438e+00
7.577331066131591797e+00
6.754672527313232422e+00
6.388567447662353516e+00
5.858878612518310547e+00
5.336347579956054688e+00
4.631092548370361328e+00
3.770107269287109375e+00
3.496166706085205078e+00
3.795202732086181641e+00
3.178822040557861328e+00
3.093874454498291016e+00
3.514559745788574219e+00
3.180776596069335938e+00
3.072793483734130859e+00
3.800326824188232422e+00
4.690499305725097656e+00
4.485844135284423828e+00
4.382952213287353516e+00
5.466048717498779297e+00
8.230495452880859375e+00
7.824654579162597656e+00
7.584043979644775391e+00
7.520933151245117188e+00
7.307493209838867188e+00
7.095945835113525391e+00
7.089340686798095703e+00
6.967553615570068359e+00
6.827749252319335938e+00
6.437303066253662109e+00
6.665958881378173828e+00
6.055662155151367188e+00
5.382534980773925781e+00
5.490603446960449219e+00
5.022093772888183594e+00
4.990207672119140625e+00
-5.465026944875717163e-02
6.471386551856994629e-01
-9.738931059837341309e-01
-2.219822883605957031e+00
-5.649356842041015625e+00
-7.673876762390136719e+00
-7.832926750183105469e+00
-8.142100334167480469e+00
-6.971056938171386719e+00
-6.603661537170410156e+00
-6.523064613342285156e+00
-5.842377662658691406e+00
-5.880207061767578125e+00
-5.790013313293457031e+00
-5.602963447570800781e+00
-5.270224571228027344e+00
-5.308438301086425781e+00
-5.594767570495605469e+00
-5.703963279724121094e+00
-5.717099189758300781e+00
-6.333267211914062500e+00
-6.283939361572265625e+00
-6.298384666442871094e+00
-6.320221900939941406e+00
-6.300160408020019531e+00
-6.314661979675292969e+00
-5.670398712158203125e+00
-5.725679397583007812e+00
-5.526691436767578125e+00
-5.701860427856445312e+00
-5.686711311340332031e+00
-5.667728424072265625e+00
-5.227113723754882812e+00
-5.299228668212890625e+00
-5.780604362487792969e+00
-5.756100654602050781e+00
-5.796354293823242188e+00
-6.844947814941406250e+00
-8.128281593322753906e+00
-7.542963027954101562e+00
-8.409251213073730469e+00
-9.235804557800292969e+00
-9.108639717102050781e+00
-9.413352012634277344e+00
-9.419186592102050781e+00
-9.666535377502441406e+00
-9.902342796325683594e+00
-9.833634376525878906e+00
-1.003660869598388672e+01
-9.734667778015136719e+00
-9.970278739929199219e+00
-1.038185787200927734e+01
8.485745429992675781e+00
3.181644439697265625e+00
4.544985294342041016e+00
5.441302776336669922e+00
5.699475765228271484e+00
5.995594501495361328e+00
6.320273399353027344e+00
7.340785980224609375e+00
7.560255050659179688e+00
6.541895389556884766e+00
7.130426883697509766e+00
6.539852619171142578e+00
6.987097263336181641e+00
6.697080612182617188e+00
5.745446681976318359e+00
6.520081996917724609e+00
6.556779384613037109e+00
7.048241138458251953e+00
7.319831371307373047e+00
7.843048095703125000e+00
8.814737319946289062e+00
9.710230827331542969e+00
9.460912704467773438e+00
1.038498973846435547e+01
-4.787734031677246094e+00
-7.653065681457519531e+00
-8.302119255065917969e+00
-7.542879104614257812e+00
-7.170342445373535156e+00
-7.277041435241699219e+00
-7.149551391601562500e+00
-6.546554565429687500e+00
-6.068317413330078125e+00
-4.986698150634765625e+00
-4.799029350280761719e+00
-4.877761840820312500e+00
-4.800934791564941406e+00
-4.185513496398925781e+00
-3.432512283325195312e+00
-2.915060997009277344e+00
-3.318956375122070312e+00
-2.599696815013885498e-01
8.073020577430725098e-01
1.858597278594970703e+00
-1.288096427917480469e+00
-1.404830932617187500e+00
-6.984611600637435913e-02
1.015816211700439453e+00
2.488715648651123047e+00
1.463918685913085938e+00
4.269126802682876587e-02
-2.911700904369354248e-01
-5.454720854759216309e-01
3.725834190845489502e-01
6.733990311622619629e-01
8.680606484413146973e-01
1.609683513641357422e+00
1.891383171081542969e+00
5.538745522499084473e-01
1.140884876251220703e+00
2.441221714019775391e+00
3.060659885406494141e+00
2.871555805206298828e+00
3.337279796600341797e+00
2.409712791442871094e+00
3.273462772369384766e+00
4.915567398071289062e+00
6.259921550750732422e+00
7.352039337158203125e+00
8.909741401672363281e+00
9.033253669738769531e+00
9.161173820495605469e+00
3.876096725463867188e+00
3.331991195678710938e+00
3.548500061035156250e+00
3.575341224670410156e+00
2.801968574523925781e+00
3.267364978790283203e+00
3.670413970947265625e+00
4.152131080627441406e+00
3.998818874359130859e+00
3.948599338531494141e+00
3.397809028625488281e+00
2.898444175720214844e+00
3.610770225524902344e+00
3.760802268981933594e+00
4.268419742584228516e+00
3.298209190368652344e+00
4.327109813690185547e+00
4.311423301696777344e+00
3.975313663482666016e+00
3.434422492980957031e+00
4.155704498291015625e+00
3.129246234893798828e+00
3.217389106750488281e+00
3.954746246337890625e+00
4.310771942138671875e+00
4.258734226226806641e+00
4.275603771209716797e+00
4.430827140808105469e+00
1.571206474304199219e+01
1.621430969238281250e+01
1.636395072937011719e+01
1.641457176208496094e+01
1.623240280151367188e+01
1.604459190368652344e+01
1.594226455688476562e+01
1.495680809020996094e+01
1.473349285125732422e+01
1.426878738403320312e+01
1.442050266265869141e+01
1.411308193206787109e+01
1.424022293090820312e+01
1.413177585601806641e+01
1.505819225311279297e+01
1.439650344848632812e+01
1.461376762390136719e+01
1.434749794006347656e+01
1.426825237274169922e+01
1.359546947479248047e+01
1.320824623107910156e+01
1.447703361511230469e+01
1.162654018402099609e+01
1.208599281311035156e+01
1.142066001892089844e+01
1.223599529266357422e+01
1.157185840606689453e+01
1.245019340515136719e+01
1.234610652923583984e+01
1.105522918701171875e+01
1.182009696960449219e+01
1.196833896636962891e+01
1.182754993438720703e+01
1.219151973724365234e+01
1.312965011596679688e+01
1.803327369689941406e+01
1.799008178710937500e+01
1.877187156677246094e+01
1.838070106506347656e+01
1.868424415588378906e+01
1.873536682128906250e+01
1.821291732788085938e+01
1.830525588989257812e+01
1.836339759826660156e+01
1.843573570251464844e+01
1.822390937805175781e+01
1.843465805053710938e+01
1.825384902954101562e+01
1.829507637023925781e+01
1.820711326599121094e+01
1.824099540710449219e+01
1.819452285766601562e+01
1.821625709533691406e+01
1.871972274780273438e+01
1.895995521545410156e+01
1.930085945129394531e+01
1.919464683532714844e+01
1.946407127380371094e+01
1.920988082885742188e+01
1.829934883117675781e+01
1.830537033081054688e+01
1.782556724548339844e+01
1.693319511413574219e+01
1.701516151428222656e+01
1.660848426818847656e+01
1.667016983032226562e+01
1.645080947875976562e+01
1.699867057800292969e+01
1.678911399841308594e+01
1.820783615112304688e+01
1.850282287597656250e+01
1.848414802551269531e+01
1.844555091857910156e+01
1.825368690490722656e+01
1.821507835388183594e+01
1.826603507995605469e+01
1.814177894592285156e+01
1.693565177917480469e+01
1.695060157775878906e+01
1.624783515930175781e+01
1.638675498962402344e+01
1.573264598846435547e+01
1.618415260314941406e+01
1.627834701538085938e+01
1.743520355224609375e+01
1.595186614990234375e+01
1.668316841125488281e+01
1.686082077026367188e+01
1.668831825256347656e+01
1.648220443725585938e+01
1.664369201660156250e+01
1.631279754638671875e+01
1.690985679626464844e+01
-1.408954802900552750e-02
3.731004238128662109e+00
3.328304767608642578e+00
3.026437282562255859e+00
3.166190147399902344e+00
3.306357860565185547e+00
3.492519378662109375e+00
3.109409809112548828e+00
3.154557228088378906e+00
1.472600460052490234e+00
1.599191665649414062e+00
7.470284104347229004e-01
1.710172653198242188e+00
1.502586841583251953e+00
1.895890712738037109e+00
3.071253299713134766e+00
4.102227687835693359e+00
4.492002010345458984e+00
4.170742988586425781e+00
5.388826847076416016e+00
5.018756866455078125e+00
5.324931144714355469e+00
5.381140708923339844e+00
6.110036849975585938e+00
5.935821533203125000e+00
5.776267051696777344e+00
3.830393314361572266e+00
2.858592510223388672e+00
2.068438529968261719e+00
2.246408760547637939e-01
-4.220475852489471436e-01
-1.962107658386230469e+00
-2.783796310424804688e+00
-3.509070396423339844e+00
-4.543569564819335938e+00
-3.944775581359863281e+00
-3.102310180664062500e+00
-3.798600196838378906e+00
-3.760864257812500000e+00
-1.837205886840820312e+00
-1.275927543640136719e+00
-2.056865394115447998e-01
-2.644786536693572998e-01
1.117733955383300781e+00
1.230132102966308594e+00
1.493194580078125000e+00
7.356281876564025879e-01
-3.032779395580291748e-01
-6.342000365257263184e-01
-7.962897300720214844e+00
-8.752623558044433594e+00
-8.631766319274902344e+00
-8.166127204895019531e+00
-7.777121543884277344e+00
-7.406581878662109375e+00
-6.895229339599609375e+00
-6.232200622558593750e+00
-4.623459815979003906e+00
-3.286569595336914062e+00
-2.762669563293457031e+00
-3.319263458251953125e+00
-3.570340156555175781e+00
-3.715679168701171875e+00
-3.568821907043457031e+00
-3.620145797729492188e+00
-2.718128204345703125e+00
-2.393984794616699219e+00
-1.845166206359863281e+00
-1.534558296203613281e+00
-1.345395088195800781e+00
-1.231011390686035156e+00
-1.666493415832519531e+00
-2.103717803955078125e+00
1.255539226531982422e+01
1.446602153778076172e+01
1.513418292999267578e+01
1.461416149139404297e+01
1.384924125671386719e+01
1.390427589416503906e+01
1.366197299957275391e+01
1.358530807495117188e+01
1.329945373535156250e+01
1.229164886474609375e+01
1.277335643768310547e+01
1.351505947113037109e+01
1.291453170776367188e+01
1.256896781921386719e+01
1.213381958007812500e+01
1.184745311737060547e+01
1.103579521179199219e+01
1.263885593414306641e+01
1.230820083618164062e+01
1.265459537506103516e+01
1.280655670166015625e+01
1.307846164703369141e+01
1.233950138092041016e+01
1.270279026031494141e+01
1.283467102050781250e+01
1.132059383392333984e+01
8.507731437683105469e+00
7.939254283905029297e+00
5.449688434600830078e+00
5.075740337371826172e+00
5.338485717773437500e+00
6.024844646453857422e+00
6.371872901916503906e+00
6.154635906219482422e+00
6.473358154296875000e+00
6.699526786804199219e+00
6.847980976104736328e+00
6.994088649749755859e+00
6.625972270965576172e+00
5.806053161621093750e+00
4.858522891998291016e+00
5.064233303070068359e+00
5.554208278656005859e+00
5.651651859283447266e+00
5.938467025756835938e+00
5.787765026092529297e+00
6.432528972625732422e+00
5.989395141601562500e+00
6.795934200286865234e+00
6.491983890533447266e+00
5.870882987976074219e+00
6.307044029235839844e+00
7.172291755676269531e+00
6.487338542938232422e+00
6.990976810455322266e+00
7.172238349914550781e+00
8.376557350158691406e+00
9.066208839416503906e+00
9.004315376281738281e+00
8.284070968627929688e+00
8.062909126281738281e+00
8.213101387023925781e+00
9.211276054382324219e+00
9.916089057922363281e+00
9.258777618408203125e+00
8.615763664245605469e+00
9.310995101928710938e+00
1.031621742248535156e+01
1.019360065460205078e+01
1.003469085693359375e+01
1.043633937835693359e+01
1.067317008972167969e+01
1.083229637145996094e+01
1.132763385772705078e+01
1.143146133422851562e+01
1.178309154510498047e+01
1.153491306304931641e+01
1.183257102966308594e+01
1.186137390136718750e+01
1.219189929962158203e+01
1.253166770935058594e+01
1.253631305694580078e+01
1.290957355499267578e+01
1.240155029296875000e+01
1.224590301513671875e+01
1.199712181091308594e+01
1.161625289916992188e+01
1.165642261505126953e+01
1.108370018005371094e+01
1.172225856781005859e+01
1.172620105743408203e+01
1.167696189880371094e+01
1.223510646820068359e+01
1.204951953887939453e+01
1.235446166992187500e+01
1.253969669342041016e+01
1.274987888336181641e+01
1.328157806396484375e+01
1.309175205230712891e+01
1.319866561889648438e+01
1.313022804260253906e+01
1.309806346893310547e+01
1.305896949768066406e+01
1.282166671752929688e+01
1.328134441375732422e+01
1.316177272796630859e+01
1.314378833770751953e+01
1.312663555145263672e+01
1.340514945983886719e+01
1.325803470611572266e+01
1.364823913574218750e+01
1.341265487670898438e+01
1.215799140930175781e+01
1.224258041381835938e+01
1.144117164611816406e+01
1.135488319396972656e+01
1.074403285980224609e+01
1.166122531890869141e+01
1.169803142547607422e+01
1.212893581390380859e+01
1.167396545410156250e+01
1.207096767425537109e+01
1.216459465026855469e+01
1.228868103027343750e+01
1.307394218444824219e+01
1.295895290374755859e+01
1.317420673370361328e+01
1.327677249908447266e+01
1.341985130310058594e+01
1.352467346191406250e+01
1.301653671264648438e+01
1.317184829711914062e+01
1.304441547393798828e+01
1.349744510650634766e+01
1.349878311157226562e+01
1.364043521881103516e+01
1.316632843017578125e+01
1.262110424041748047e+01
1.221625804901123047e+01
1.261060523986816406e+01
1.242107486724853516e+01
1.210096168518066406e+01
1.238153839111328125e+01
1.313506698608398438e+01
1.343161487579345703e+01
1.370559215545654297e+01
1.382280349731445312e+01
1.322613811492919922e+01
1.403015327453613281e+01
1.391164493560791016e+01
1.401166248321533203e+01
1.387115192413330078e+01
1.395322132110595703e+01
1.381178188323974609e+01
1.360322093963623047e+01
1.384971046447753906e+01
1.400244045257568359e+01
1.398714065551757812e+01
1.420677375793457031e+01
1.389552593231201172e+01
1.361533451080322266e+01
1.277609729766845703e+01
1.261585044860839844e+01
1.032315444946289062e+01
1.032465934753417969e+01
9.123551368713378906e+00
9.231463432312011719e+00
8.329050064086914062e+00
7.342753410339355469e+00
7.688186168670654297e+00
9.534820556640625000e+00
9.796210289001464844e+00
9.683184623718261719e+00
9.870800018310546875e+00
1.066262054443359375e+01
1.073694038391113281e+01
1.094010639190673828e+01
1.100601196289062500e+01
1.161654090881347656e+01
1.261911010742187500e+01
1.251182651519775391e+01
1.348763084411621094e+01
1.322719192504882812e+01
1.344651222229003906e+01
1.312272167205810547e+01
1.332036495208740234e+01
1.369435214996337891e+01
1.399232864379882812e+01
1.486287689208984375e+01
1.478036022186279297e+01
1.498809432983398438e+01
1.534860134124755859e+01
1.582752418518066406e+01
1.580254745483398438e+01
1.527904129028320312e+01
1.538130474090576172e+01
1.561094188690185547e+01
1.583898639678955078e+01
1.555382823944091797e+01
1.580087661743164062e+01
1.580690479278564453e+01
1.574256515502929688e+01
1.554336833953857422e+01
1.539404487609863281e+01
1.483874893188476562e+01
1.475358295440673828e+01
1.480807781219482422e+01
1.410159397125244141e+01
1.399106407165527344e+01
1.417937564849853516e+01
1.407448577880859375e+01
1.402373409271240234e+01
1.418184661865234375e+01
1.459749221801757812e+01
1.445279788970947266e+01
1.443560886383056641e+01
1.425596237182617188e+01
1.438697624206542969e+01
1.402131652832031250e+01
1.410665321350097656e+01
1.403541660308837891e+01
1.389828014373779297e+01
1.386796569824218750e+01
1.360198116302490234e+01
1.301587295532226562e+01
1.362512874603271484e+01
1.271277523040771484e+01
1.266908168792724609e+01
1.259915161132812500e+01
1.295690727233886719e+01
1.276246547698974609e+01
1.280651760101318359e+01
1.258603286743164062e+01
1.258331394195556641e+01
1.278119087219238281e+01
1.229025554656982422e+01
1.222907161712646484e+01
1.180832862854003906e+01
1.125297832489013672e+01
1.183928680419921875e+01
1.137203884124755859e+01
1.084549331665039062e+01
1.042749404907226562e+01
1.075764274597167969e+01
1.009345531463623047e+01
1.023852825164794922e+01
1.015521335601806641e+01
9.972735404968261719e+00
9.483467102050781250e+00
1.016095066070556641e+01
9.987231254577636719e+00
9.861137390136718750e+00
9.461378097534179688e+00
9.465744972229003906e+00
9.901492118835449219e+00
9.661635398864746094e+00
9.787603378295898438e+00
9.738801002502441406e+00
9.720707893371582031e+00
9.858298301696777344e+00
8.326869964599609375e+00
8.154699325561523438e+00
6.275337219238281250e+00
5.477853298187255859e+00
3.970510005950927734e+00
3.070466518402099609e+00
2.786040306091308594e+00
3.103470325469970703e+00
3.720138072967529297e+00
3.780802726745605469e+00
3.410062313079833984e+00
3.633168697357177734e+00
2.857615470886230469e+00
2.993201255798339844e+00
2.435188770294189453e+00
2.620712757110595703e+00
2.646430969238281250e+00
1.979590892791748047e+00
1.983612537384033203e+00
2.060651302337646484e+00
8.773842453956604004e-01
4.860277473926544189e-01
-8.626717925071716309e-01
7.660106569528579712e-02
-1.414200011640787125e-02
1.362708862870931625e-02
4.350570589303970337e-02
6.287483125925064087e-02
-7.040051817893981934e-01
-1.083733558654785156e+00
-1.613153457641601562e+00
-8.275536894798278809e-01
-1.535377502441406250e+00
-1.356834411621093750e+00
-1.279195785522460938e+00
-3.997706413269042969e+00
-4.030093193054199219e+00
-3.343258857727050781e+00
-3.994423866271972656e+00
-4.375396728515625000e+00
-5.243322372436523438e+00
-5.045849800109863281e+00
-5.394924163818359375e+00
-5.260298728942871094e+00
-5.202885627746582031e+00
-4.746604919433593750e+00
-3.538259506225585938e+00
-3.147987365722656250e+00
-2.388256072998046875e+00
-2.248682022094726562e+00
-1.984044075012207031e+00
1.702442467212677002e-01
-1.413974463939666748e-01
2.302275002002716064e-01
4.857096970081329346e-01
1.430447101593017578e+00
2.640075981616973877e-01
1.436088562011718750e+00
1.461377143859863281e+00
2.199986457824707031e+00
2.129197597503662109e+00
2.264986991882324219e+00
2.749748706817626953e+00
3.371238231658935547e+00
3.807028770446777344e+00
5.024273872375488281e+00
5.045606613159179688e+00
5.874678611755371094e+00
5.426106452941894531e+00
4.622980594635009766e+00
6.535951614379882812e+00
5.444411277770996094e+00
5.546351432800292969e+00
4.703076839447021484e+00
4.794088363647460938e+00
4.710472106933593750e+00
2.567440509796142578e+00
1.719489574432373047e+00
5.481496453285217285e-01
-3.863330930471420288e-02
-6.182155013084411621e-01
9.827290177345275879e-01
-3.576268851757049561e-01
-4.556045234203338623e-01
-1.090788841247558594e+00
-6.392535567283630371e-01
3.947799205780029297e+00
1.859064102172851562e+00
1.590309619903564453e+00
1.805687904357910156e+00
1.276894569396972656e+00
1.032803535461425781e+00
1.588992595672607422e+00
1.639578819274902344e+00
1.645739078521728516e+00
1.158444881439208984e+00
1.720823764801025391e+00
2.391442298889160156e+00
3.114397048950195312e+00
3.131300926208496094e+00
2.569214344024658203e+00
3.126680374145507812e+00
3.048657417297363281e+00
4.132865905761718750e+00
3.194648265838623047e+00
1.084605216979980469e+00
1.070086956024169922e+00
1.501211643218994141e+00
8.870974183082580566e-01
5.779867768287658691e-01
3.049431145191192627e-01
5.188160538673400879e-01
1.062233448028564453e+00
5.353651642799377441e-01
2.112274467945098877e-01
5.953627228736877441e-01
1.049201011657714844e+00
1.302440166473388672e+00
1.182522773742675781e+00
1.868747234344482422e+00
2.131404876708984375e+00
2.593677520751953125e+00
2.789277553558349609e+00
2.853646278381347656e+00
3.237320423126220703e+00
2.907986164093017578e+00
2.417898654937744141e+00
2.227053642272949219e+00
1.525334835052490234e+00
1.361796855926513672e+00
1.307439327239990234e+00
1.561057567596435547e+00
1.173087120056152344e+00
7.399874329566955566e-01
1.113042831420898438e+00
1.299780368804931641e+00
1.677322864532470703e+00
1.830023288726806641e+00
1.372591495513916016e+00
1.288487911224365234e+00
1.308728218078613281e+00
1.097592353820800781e+00
1.208154678344726562e+00
2.117969989776611328e+00
2.652814865112304688e+00
3.106714248657226562e+00
4.282366275787353516e+00
4.657654285430908203e+00
4.824399471282958984e+00
5.920140743255615234e+00
6.564019680023193359e+00
7.487765789031982422e+00
7.345841884613037109e+00
7.998544692993164062e+00
8.233083724975585938e+00
8.124377250671386719e+00
8.287116050720214844e+00
8.273147583007812500e+00
8.422866821289062500e+00
8.526268959045410156e+00
8.388085365295410156e+00
8.440574645996093750e+00
8.821371078491210938e+00
8.728126525878906250e+00
9.603465080261230469e+00
9.406844139099121094e+00
9.532382965087890625e+00
9.992874145507812500e+00
1.042812919616699219e+01
1.034748840332031250e+01
1.035974407196044922e+01
1.183656883239746094e+01
1.190164661407470703e+01
1.196831512451171875e+01
1.249624156951904297e+01
1.244064903259277344e+01
1.247799873352050781e+01
1.241635608673095703e+01
1.188427734375000000e+01
1.198195362091064453e+01
1.189807701110839844e+01
1.182947063446044922e+01
1.182457733154296875e+01
1.160955715179443359e+01
1.158469009399414062e+01
1.152231884002685547e+01
1.145907115936279297e+01
1.133869171142578125e+01
1.186784744262695312e+01
1.172169208526611328e+01
1.188267898559570312e+01
1.024360847473144531e+01
1.067426395416259766e+01
9.888216018676757812e+00
9.897855758666992188e+00
9.408374786376953125e+00
9.414543151855468750e+00
6.502347469329833984e+00
7.042360305786132812e+00
6.215863704681396484e+00
6.020389080047607422e+00
4.450378894805908203e+00
1.933693885803222656e+00
1.984348773956298828e+00
-6.898049712181091309e-01
-1.162202835083007812e+00
-1.134666442871093750e+00
-2.066851615905761719e+00
-1.113003730773925781e+00
-1.561985969543457031e+00
-1.217784881591796875e+00
-1.168193444609642029e-01
6.255821138620376587e-02
4.553308784961700439e-01
5.512109398841857910e-01
1.187692165374755859e+00
1.305696487426757812e+00
1.371295452117919922e+00
1.521028518676757812e+00
1.524950504302978516e+00
2.210072517395019531e+00
2.176699638366699219e+00
2.148200511932373047e+00
2.693593025207519531e+00
2.015248298645019531e+00
1.869935512542724609e+00
1.649198055267333984e+00
1.455219745635986328e+00
1.111725807189941406e+00
7.476726174354553223e-01
1.175478458404541016e+00
3.210392296314239502e-01
2.351297378540039062e+00
2.561363220214843750e+00
4.493757247924804688e+00
4.492402076721191406e+00
6.475113868713378906e+00
6.705481529235839844e+00
7.091260910034179688e+00
7.749685764312744141e+00
7.456800937652587891e+00
7.943491935729980469e+00
8.331310272216796875e+00
8.573048591613769531e+00
9.082109451293945312e+00
9.449188232421875000e+00
9.182785034179687500e+00
9.833238601684570312e+00
1.017250919342041016e+01
9.863204956054687500e+00
1.003026199340820312e+01
9.815287590026855469e+00
9.808973312377929688e+00
1.043798828125000000e+01
1.085301780700683594e+01
1.096098518371582031e+01
1.120572566986083984e+01
1.118536376953125000e+01
1.089822101593017578e+01
1.057580089569091797e+01
1.055914402008056641e+01
1.248049163818359375e+01
1.195085620880126953e+01
1.276266956329345703e+01
1.269979476928710938e+01
1.199713325500488281e+01
1.287536048889160156e+01
1.221070671081542969e+01
1.236303329467773438e+01
1.121790218353271484e+01
1.134499454498291016e+01
1.134714126586914062e+01
1.097857189178466797e+01
1.064010047912597656e+01
1.027603816986083984e+01
9.955094337463378906e+00
1.009073066711425781e+01
1.001507759094238281e+01
9.509812355041503906e+00
9.613389968872070312e+00
9.748830795288085938e+00
8.424479484558105469e+00
7.385222911834716797e+00
5.648528575897216797e+00
4.617111206054687500e+00
2.846022129058837891e+00
2.302051067352294922e+00
1.100224971771240234e+00
1.428441047668457031e+00
9.683404564857482910e-01
3.030023872852325439e-01
-6.253327727317810059e-01
1.985893547534942627e-01
3.961954414844512939e-01
-2.885147370398044586e-02
3.262481987476348877e-01
1.306104958057403564e-01
5.751095414161682129e-01
4.653396904468536377e-01
1.353622913360595703e+00
2.256643772125244141e+00
2.199673652648925781e+00
2.506771564483642578e+00
3.270462989807128906e+00
3.591025829315185547e+00
3.809939861297607422e+00
4.554898738861083984e+00
3.867455005645751953e+00
-2.460186004638671875e+00
-3.672378540039062500e+00
-4.537128448486328125e+00
-6.331577301025390625e+00
-7.682469367980957031e+00
-8.472102165222167969e+00
-8.380848884582519531e+00
-9.868945121765136719e+00
-1.031767940521240234e+01
-1.089809703826904297e+01
-1.075428676605224609e+01
-1.044839572906494141e+01
-1.025944614410400391e+01
-1.033949184417724609e+01
-1.026870632171630859e+01
-1.032787799835205078e+01
-1.000271129608154297e+01
-9.734276771545410156e+00
-9.633954048156738281e+00
-9.519757270812988281e+00
-9.348668098449707031e+00
-9.088002204895019531e+00
-8.945044517517089844e+00
-8.871781349182128906e+00
-7.144173622131347656e+00
-6.790364265441894531e+00
-7.453462600708007812e+00
-8.477005958557128906e+00
-8.169226646423339844e+00
-8.578396797180175781e+00
-1.094772243499755859e+01
-1.142760372161865234e+01
-1.155970287322998047e+01
-1.172482395172119141e+01
-1.159176731109619141e+01
-1.163419818878173828e+01
-1.159449100494384766e+01
-1.155132579803466797e+01
-1.126876926422119141e+01
-1.131635189056396484e+01
-1.115806865692138672e+01
-1.108851337432861328e+01
-1.097717571258544922e+01
-1.115415287017822266e+01
-1.114117145538330078e+01
-1.114960956573486328e+01
-1.106827068328857422e+01
-1.094669246673583984e+01
-1.079503917694091797e+01
-1.063577365875244141e+01
-1.052407169342041016e+01
1.248214435577392578e+01
1.109511470794677734e+01
1.285370826721191406e+01
1.001558589935302734e+01
1.166287136077880859e+01
1.198575973510742188e+01
1.132146167755126953e+01
1.140098762512207031e+01
1.163220977783203125e+01
1.040866661071777344e+01
1.063883209228515625e+01
9.156188011169433594e+00
8.746421813964843750e+00
4.895863533020019531e+00
3.882800102233886719e+00
3.027714729309082031e+00
3.425637245178222656e+00
3.076558113098144531e+00
3.060005664825439453e+00
2.910724639892578125e+00
2.561847686767578125e+00
2.428651332855224609e+00
2.386326313018798828e+00
2.651144027709960938e+00
2.582148075103759766e+00
3.132068634033203125e+00
3.119853019714355469e+00
3.727228641510009766e+00
3.703176498413085938e+00
3.059348106384277344e+00
3.316295146942138672e+00
3.018453121185302734e+00
4.110756874084472656e+00
4.207156658172607422e+00
4.478270053863525391e+00
4.932696819305419922e+00
5.615625381469726562e+00
5.411703586578369141e+00
5.087159633636474609e+00
4.832918643951416016e+00
3.946550369262695312e+00
3.712194919586181641e+00
2.453314304351806641e+00
5.709765434265136719e+00
5.350383758544921875e+00
5.273928642272949219e+00
6.344135761260986328e+00
8.870290756225585938e+00
8.711370468139648438e+00
8.176667213439941406e+00
7.891043663024902344e+00
8.205830574035644531e+00
7.669168472290039062e+00
6.994411468505859375e+00
6.889280319213867188e+00
6.815300941467285156e+00
6.444620609283447266e+00
6.658931255340576172e+00
6.914218425750732422e+00
6.446807384490966797e+00
5.208996295928955078e+00
4.810439109802246094e+00
4.519154071807861328e+00
3.674005985260009766e+00
3.645117759704589844e+00
2.893599510192871094e+00
2.842643260955810547e+00
2.887222766876220703e+00
4.168747425079345703e+00
4.993064403533935547e+00
5.585256576538085938e+00
4.358021259307861328e+00
4.729446887969970703e+00
8.133449554443359375e+00
9.062420845031738281e+00
8.620145797729492188e+00
8.855051040649414062e+00
6.414398670196533203e+00
5.645787715911865234e+00
5.022284507751464844e+00
5.472201824188232422e+00
7.020779609680175781e+00
7.325183868408203125e+00
7.811556816101074219e+00
1.117514896392822266e+01
9.638642311096191406e+00
7.972744941711425781e+00
9.975828170776367188e+00
1.129691219329833984e+01
1.259608745574951172e+01
1.225534534454345703e+01
1.427491664886474609e+01
1.364013290405273438e+01
1.344278717041015625e+01
1.302099895477294922e+01
1.307996749877929688e+01
1.252329349517822266e+01
1.241952705383300781e+01
1.230983161926269531e+01
1.225305652618408203e+01
1.191364669799804688e+01
1.213833522796630859e+01
1.064330196380615234e+01
1.221008205413818359e+01
1.248257064819335938e+01
1.304055786132812500e+01
1.340005207061767578e+01
1.370585536956787109e+01
1.450851345062255859e+01
1.496835899353027344e+01
1.518498039245605469e+01
1.461185836791992188e+01
1.483831119537353516e+01
1.391921997070312500e+01
1.323190879821777344e+01
1.285111331939697266e+01
1.293896675109863281e+01
1.225226783752441406e+01
1.180244350433349609e+01
1.256228637695312500e+01
1.191802501678466797e+01
1.111928081512451172e+01
1.139195632934570312e+01
1.019280815124511719e+01
1.469421005249023438e+01
1.547666454315185547e+01
1.542260074615478516e+01
1.563509082794189453e+01
1.799581909179687500e+01
1.750262641906738281e+01
1.794523239135742188e+01
1.825750350952148438e+01
1.822329330444335938e+01
1.815414619445800781e+01
1.815245246887207031e+01
1.830643463134765625e+01
1.814381980895996094e+01
1.798695564270019531e+01
1.758155441284179688e+01
1.669636535644531250e+01
1.646748733520507812e+01
1.677168846130371094e+01
1.668795204162597656e+01
1.653594970703125000e+01
1.623829841613769531e+01
1.678966140747070312e+01
1.843007087707519531e+01
1.886927223205566406e+01
1.885048294067382812e+01
1.770495796203613281e+01
1.661113166809082031e+01
1.668173599243164062e+01
1.640837478637695312e+01
1.669692420959472656e+01
1.666565322875976562e+01
1.715570640563964844e+01
1.662725448608398438e+01
1.637699890136718750e+01
1.665941047668457031e+01
1.663086318969726562e+01
1.649192237854003906e+01
1.671859741210937500e+01
1.659332084655761719e+01
1.675403213500976562e+01
1.644863319396972656e+01
1.661446762084960938e+01
1.675228118896484375e+01
1.125425052642822266e+01
9.927791595458984375e+00
9.152832031250000000e+00
1.038305950164794922e+01
9.431646347045898438e+00
9.463682174682617188e+00
8.806015014648437500e+00
8.486001014709472656e+00
7.600007057189941406e+00
9.090211868286132812e+00
8.183844566345214844e+00
8.766579627990722656e+00
8.456785202026367188e+00
8.399421691894531250e+00
8.838566780090332031e+00
5.159872055053710938e+00
4.596102714538574219e+00
5.871576309204101562e+00
5.980258941650390625e+00
6.233395576477050781e+00
6.172810077667236328e+00
6.940959930419921875e+00
6.368411540985107422e+00
6.275285720825195312e+00
7.143366813659667969e+00
7.710969924926757812e+00
8.123147010803222656e+00
8.840152740478515625e+00
9.237973213195800781e+00
9.850157737731933594e+00
9.924154281616210938e+00
1.067869091033935547e+01
1.157272243499755859e+01
1.198538398742675781e+01
1.220352268218994141e+01
1.204818248748779297e+01
1.205660820007324219e+01
1.227988338470458984e+01
1.233962821960449219e+01
1.220803451538085938e+01
2.313879013061523438e+00
2.513394832611083984e+00
8.889265656471252441e-01
3.695297539234161377e-01
-8.711642622947692871e-01
-5.806626677513122559e-01
-1.152299880981445312e+00
-3.521938025951385498e-01
-7.855901122093200684e-01
3.565931618213653564e-01
-4.693937003612518311e-01
-1.055963516235351562e+00
-2.812572754919528961e-02
-2.652873992919921875e+00
-2.887489318847656250e+00
-2.640077590942382812e+00
-5.102816581726074219e+00
-4.621026992797851562e+00
-4.409230232238769531e+00
-4.607514381408691406e+00
-4.734108924865722656e+00
-4.486109733581542969e+00
-4.561721801757812500e+00
-3.874763488769531250e+00
-3.587109565734863281e+00
-3.636937141418457031e+00
-4.491825103759765625e+00
-4.337621688842773438e+00
-3.963533401489257812e+00
-3.810071945190429688e+00
-3.760408401489257812e+00
-3.272073745727539062e+00
-3.002431869506835938e+00
-2.719452857971191406e+00
-2.193471908569335938e+00
-1.809144973754882812e+00
-1.364467620849609375e+00
-2.353263854980468750e+00
-2.399988174438476562e+00
-2.357331275939941406e+00
-2.090581893920898438e+00
-1.056007385253906250e+00
3.145790398120880127e-01
1.412635803222656250e+00
2.006255626678466797e+00
2.464231014251708984e+00
2.775893688201904297e+00
2.411692619323730469e+00
2.014975070953369141e+00
1.355554103851318359e+00
6.860695481300354004e-01
2.645073235034942627e-01
7.870868593454360962e-02
-4.961538016796112061e-01
-3.878926932811737061e-01
-6.458873152732849121e-01
7.980064302682876587e-02
4.018574059009552002e-01
-3.369837760925292969e+00
-3.683485031127929688e+00
-3.773469924926757812e+00
-3.186932563781738281e+00
-2.636098861694335938e+00
-2.097900390625000000e+00
-1.837197303771972656e+00
-1.141001701354980469e+00
-7.663630843162536621e-01
-3.300752341747283936e-01
-3.697519004344940186e-01
-7.105416655540466309e-01
-1.591134071350097656e+00
-2.783471107482910156e+00
-2.135701179504394531e+00
-2.047560691833496094e+00
-2.369899749755859375e+00
-2.185819625854492188e+00
-2.079688072204589844e+00
-1.793351173400878906e+00
-1.959060668945312500e+00
-1.774925231933593750e+00
-1.405866622924804688e+00
-1.746185302734375000e+00
-2.510330200195312500e+00
-2.548799514770507812e+00
-2.565949440002441406e+00
-2.995793342590332031e+00
-3.099205970764160156e+00
-2.968529701232910156e+00
-2.954709053039550781e+00
-2.908039093017578125e+00
-2.399339675903320312e+00
-2.022969245910644531e+00
-2.664690971374511719e+00
-2.795468330383300781e+00
-2.643982887268066406e+00
-8.798350691795349121e-01
-2.012564659118652344e+00
-1.547344207763671875e+00
-2.166184425354003906e+00
-2.499242782592773438e+00
-2.035221099853515625e+00
-1.335872650146484375e+00
-1.033113479614257812e+00
-1.032901763916015625e+00
1.139583960175514221e-01
1.307953357696533203e+00
1.624552726745605469e+00
3.246688365936279297e+00
2.828970432281494141e+00
9.308013916015625000e+00
9.116125106811523438e+00
1.031535625457763672e+01
9.822191238403320312e+00
9.968914985656738281e+00
8.834407806396484375e+00
8.673588752746582031e+00
7.705894947052001953e+00
7.749914646148681641e+00
7.098554134368896484e+00
6.581408977508544922e+00
6.388344764709472656e+00
6.112190246582031250e+00
6.723900794982910156e+00
6.602284908294677734e+00
6.621357917785644531e+00
6.725253105163574219e+00
6.454359531402587891e+00
5.604266643524169922e+00
5.552736759185791016e+00
6.319633007049560547e+00
5.202623367309570312e+00
6.119646549224853516e+00
5.366764068603515625e+00
5.415595054626464844e+00
5.228084087371826172e+00
5.182290077209472656e+00
5.715950965881347656e+00
5.571443557739257812e+00
5.563056468963623047e+00
5.339875221252441406e+00
5.307374000549316406e+00
4.946413040161132812e+00
4.883969306945800781e+00
5.351890563964843750e+00
4.887269496917724609e+00
4.253305435180664062e+00
3.710732460021972656e+00
4.278522491455078125e+00
3.384703159332275391e+00
2.761893749237060547e+00
3.464078426361083984e+00
3.326503276824951172e+00
3.392082214355468750e+00
2.642696857452392578e+00
2.208140850067138672e+00
2.203109741210937500e+00
2.174569129943847656e+00
7.592802643775939941e-01
9.203000664710998535e-01
1.615410149097442627e-01
-4.301099479198455811e-01
-4.188461005687713623e-01
-1.138010978698730469e+00
-9.791249632835388184e-01
-9.559010863304138184e-01
-1.582452774047851562e+00
-1.995491981506347656e+00
-2.263786315917968750e+00
-1.205954551696777344e+00
-1.015680313110351562e+00
-6.438035368919372559e-01
2.256873808801174164e-02
1.341327667236328125e+00
6.858010888099670410e-01
4.676070511341094971e-01
6.387925744056701660e-01
8.535605072975158691e-01
1.539923191070556641e+00
1.374543666839599609e+00
5.034905076026916504e-01
5.460005402565002441e-01
5.071902871131896973e-01
1.089180469512939453e+00
1.519211769104003906e+00
2.699700832366943359e+00
3.239889144897460938e+00
3.195036411285400391e+00
3.251772403717041016e+00
3.271503925323486328e+00
3.407368183135986328e+00
2.664248943328857422e+00
3.571030139923095703e+00
2.408821105957031250e+00
2.730956554412841797e+00
2.294301986694335938e+00
2.825927257537841797e+00
3.106828212738037109e+00
3.330297470092773438e+00
4.387196063995361328e+00
4.009341716766357422e+00
4.282466888427734375e+00
4.328419685363769531e+00
4.372635841369628906e+00
3.754045486450195312e+00
4.343371868133544922e+00
3.681809902191162109e+00
4.149803638458251953e+00
3.992980003356933594e+00
3.936899185180664062e+00
3.896219253540039062e+00
3.333434104919433594e+00
3.305395603179931641e+00
3.240372180938720703e+00
3.021980285644531250e+00
3.031162738800048828e+00
3.462347984313964844e+00
3.205410957336425781e+00
3.235376358032226562e+00
2.366594314575195312e+00
2.601388931274414062e+00
3.659323692321777344e+00
2.858327388763427734e+00
4.470949649810791016e+00
2.119431972503662109e+00
2.679029464721679688e+00
3.735500335693359375e+00
3.299774646759033203e+00
4.507977485656738281e+00
3.661817073822021484e+00
4.971416950225830078e+00
7.199144840240478516e+00
5.529700756072998047e+00
6.940088748931884766e+00
6.322079181671142578e+00
4.457318305969238281e+00
4.967542171478271484e+00
5.035734653472900391e+00
5.210952758789062500e+00
5.958008289337158203e+00
5.309611320495605469e+00
4.591282367706298828e+00
5.835513591766357422e+00
6.760401725769042969e+00
6.857865810394287109e+00
6.277869224548339844e+00
6.222497940063476562e+00
5.898993968963623047e+00
5.775310039520263672e+00
5.906130790710449219e+00
5.557998180389404297e+00
5.483143329620361328e+00
5.219988346099853516e+00
5.132480621337890625e+00
5.096612453460693359e+00
5.084075927734375000e+00
3.981666564941406250e+00
3.722111701965332031e+00
3.973798751831054688e+00
3.375349521636962891e+00
3.649339199066162109e+00
1.712943553924560547e+00
1.981531143188476562e+00
-2.575075149536132812e+00
-2.692263603210449219e+00
-2.679772377014160156e+00
-2.678665161132812500e+00
-2.697857856750488281e+00
-2.728508949279785156e+00
-3.114785194396972656e+00
-3.700382232666015625e+00
-3.054522514343261719e+00
-3.742089271545410156e+00
-3.722609519958496094e+00
-3.672010421752929688e+00
-2.669475555419921875e+00
-2.966600418090820312e+00
-3.320637702941894531e+00
-3.398578643798828125e+00
-4.759828567504882812e+00
-5.208213806152343750e+00
-5.757205963134765625e+00
-5.681507110595703125e+00
-6.698851585388183594e+00
-6.530556678771972656e+00
-5.955192565917968750e+00
-5.662920951843261719e+00
-5.755979537963867188e+00
-6.204413414001464844e+00
-5.740159034729003906e+00
-8.293021202087402344e+00
-8.356314659118652344e+00
-7.958008766174316406e+00
-8.463824272155761719e+00
-8.945893287658691406e+00
-8.851235389709472656e+00
-7.847636222839355469e+00
-9.094717979431152344e+00
-9.122721672058105469e+00
-9.393853187561035156e+00
-9.595496177673339844e+00
-8.383641242980957031e+00
-9.500643730163574219e+00
-9.609656333923339844e+00
-9.877957344055175781e+00
-9.814475059509277344e+00
-9.743723869323730469e+00
-9.440680503845214844e+00
-9.189333915710449219e+00
-9.129521369934082031e+00
-9.069592475891113281e+00
-8.719271659851074219e+00
-8.741347312927246094e+00
-8.716954231262207031e+00
-8.688811302185058594e+00
-9.000473976135253906e+00
-8.910443305969238281e+00
-9.124970436096191406e+00
-9.044795036315917969e+00
-8.887982368469238281e+00
-9.187539100646972656e+00
-9.036276817321777344e+00
-8.691084861755371094e+00
-8.638558387756347656e+00
-8.573016166687011719e+00
-8.501679420471191406e+00
-8.151106834411621094e+00
-7.799597740173339844e+00
-7.812365531921386719e+00
-7.044140815734863281e+00
-6.356465339660644531e+00
-7.964217185974121094e+00
-7.979924201965332031e+00
-7.790440559387207031e+00
-7.629927635192871094e+00
-7.001338958740234375e+00
-6.421268463134765625e+00
-6.630952835083007812e+00
-6.283610343933105469e+00
-5.578907012939453125e+00
-5.227688789367675781e+00
-4.579026222229003906e+00
-4.496249198913574219e+00
-4.838159561157226562e+00
-4.309479713439941406e+00
-3.828144073486328125e+00
-3.221615791320800781e+00
-2.720352172851562500e+00
-2.646173477172851562e+00
-2.597495079040527344e+00
-3.021270751953125000e+00
-2.995331764221191406e+00
-2.950944900512695312e+00
-2.984904289245605469e+00
-3.006596565246582031e+00
-3.406173706054687500e+00
-3.715388298034667969e+00
-4.042050361633300781e+00
-3.963400840759277344e+00
-4.053809165954589844e+00
-3.772921562194824219e+00
-3.512206077575683594e+00
-2.886491775512695312e+00
-2.032730102539062500e+00
-1.850418090820312500e+00
-1.607525825500488281e+00
-1.107191085815429688e+00
-4.642543494701385498e-01
-2.238826453685760498e-01
-1.304282844066619873e-01
-4.566156305372714996e-03
4.230737984180450439e-01
5.355263352394104004e-01
4.907870590686798096e-01
1.184397116303443909e-01
1.271220207214355469e+00
1.689117908477783203e+00
1.731694221496582031e+00
1.699112892150878906e+00
1.616729259490966797e+00
1.962150573730468750e+00
2.274284839630126953e+00
3.098225116729736328e+00
4.497544765472412109e+00
4.437954425811767578e+00
4.787814617156982422e+00
6.245125770568847656e+00
6.192317485809326172e+00
7.248411178588867188e+00
7.144880771636962891e+00
7.669242382049560547e+00
8.587305068969726562e+00
9.234194755554199219e+00
8.611742019653320312e+00
9.103706359863281250e+00
8.299597740173339844e+00
8.219095230102539062e+00
8.181705474853515625e+00
7.787208557128906250e+00
7.759252071380615234e+00
7.710599899291992188e+00
7.803784370422363281e+00
7.305843830108642578e+00
7.303984165191650391e+00
7.287719726562500000e+00
7.195387840270996094e+00
7.681475639343261719e+00
7.070304870605468750e+00
7.482922554016113281e+00
7.245814323425292969e+00
7.072843551635742188e+00
7.098402500152587891e+00
7.025829315185546875e+00
7.680433750152587891e+00
8.359279632568359375e+00
8.618857383728027344e+00
8.853336334228515625e+00
1.007349777221679688e+01
9.708366394042968750e+00
9.769531250000000000e+00
9.696633338928222656e+00
9.556818962097167969e+00
8.815688133239746094e+00
7.983816146850585938e+00
7.261101722717285156e+00
6.427763462066650391e+00
6.293701171875000000e+00
5.499242305755615234e+00
4.839711189270019531e+00
5.288312911987304688e+00
5.165334701538085938e+00
5.227399826049804688e+00
5.125214576721191406e+00
4.361845493316650391e+00
4.258925914764404297e+00
2.666352748870849609e+00
1.304365158081054688e+00
4.638481438159942627e-01
1.289661884307861328e+00
4.748502075672149658e-01
3.380111604928970337e-02
2.758570015430450439e-01
3.844385445117950439e-01
4.568085968494415283e-01
5.141840577125549316e-01
5.215168595314025879e-01
3.442135155200958252e-01
2.643175423145294189e-01
1.358805000782012939e-01
-7.846135497093200684e-01
-8.512143492698669434e-01
-1.622874259948730469e+00
-1.665184974670410156e+00
-2.257966041564941406e+00
-2.280357360839843750e+00
-2.306479454040527344e+00
-2.277671813964843750e+00
-1.763333320617675781e+00
-1.718375205993652344e+00
-2.154342651367187500e+00
-2.517195701599121094e+00
-3.149557113647460938e+00
-3.229239463806152344e+00
-2.842257499694824219e+00
-2.455826759338378906e+00
-1.661210060119628906e+00
-1.616884231567382812e+00
-9.161128401756286621e-01
-6.724395155906677246e-01
4.420379549264907837e-02
5.974868685007095337e-02
-6.506003737449645996e-01
-1.263710021972656250e+00
-9.534882903099060059e-01
-1.015296936035156250e+00
-5.742682814598083496e-01
-8.428229689598083496e-01
-1.054372787475585938e+00
-1.196727752685546875e+00
-1.230653762817382812e+00
-8.074769377708435059e-01
-3.106622397899627686e-01
1.168384924530982971e-01
2.495823204517364502e-01
-6.687106490135192871e-01
-2.903766334056854248e-01
-5.853267759084701538e-02
1.592874825000762939e-01
8.518415093421936035e-01
1.698887348175048828e+00
3.686521053314208984e+00
3.302761077880859375e+00
3.419090747833251953e+00
4.488382816314697266e+00
4.783825397491455078e+00
5.672422885894775391e+00
5.978226184844970703e+00
6.769143581390380859e+00
7.234334468841552734e+00
8.288162231445312500e+00
8.753370285034179688e+00
9.112932205200195312e+00
9.482166290283203125e+00
1.050860404968261719e+01
1.006720638275146484e+01
1.134338092803955078e+01
1.176216793060302734e+01
1.177862930297851562e+01
1.167156314849853516e+01
1.229832553863525391e+01
1.201119136810302734e+01
1.206727218627929688e+01
1.243963527679443359e+01
1.217299461364746094e+01
1.170073413848876953e+01
1.159635066986083984e+01
1.187111663818359375e+01
1.165532016754150391e+01
1.158786296844482422e+01
1.143924331665039062e+01
1.134425544738769531e+01
1.110065269470214844e+01
1.158434200286865234e+01
1.134208583831787109e+01
1.133818149566650391e+01
1.113338184356689453e+01
1.123880386352539062e+01
1.122659778594970703e+01
1.122751617431640625e+01
1.122515583038330078e+01
1.121692085266113281e+01
1.190023231506347656e+01
1.149212169647216797e+01
1.166238784790039062e+01
1.164495086669921875e+01
1.169274044036865234e+01
1.208234977722167969e+01
1.206475448608398438e+01
1.207456398010253906e+01
1.209287738800048828e+01
1.196456623077392578e+01
1.207314109802246094e+01
1.198674392700195312e+01
1.212917995452880859e+01
1.213963127136230469e+01
1.205432510375976562e+01
1.175966930389404297e+01
1.196841716766357422e+01
1.150289821624755859e+01
1.153390407562255859e+01
1.036909675598144531e+01
1.025279521942138672e+01
9.717945098876953125e+00
9.934752464294433594e+00
9.257132530212402344e+00
9.581626892089843750e+00
9.592638969421386719e+00
9.617752075195312500e+00
1.003964328765869141e+01
9.758584976196289062e+00
1.043836879730224609e+01
9.441553115844726562e+00
1.047987842559814453e+01
1.035594463348388672e+01
1.044182395935058594e+01
9.807767868041992188e+00
9.804268836975097656e+00
9.770414352416992188e+00
9.794608116149902344e+00
9.097186088562011719e+00
9.589670181274414062e+00
9.455443382263183594e+00
9.293804168701171875e+00
8.720420837402343750e+00
8.800559043884277344e+00
8.625610351562500000e+00
8.507359504699707031e+00
8.514198303222656250e+00
8.881106376647949219e+00
8.247217178344726562e+00
8.406007766723632812e+00
8.354638099670410156e+00
8.840952873229980469e+00
8.709718704223632812e+00
8.607265472412109375e+00
8.012666702270507812e+00
8.084671974182128906e+00
7.433951854705810547e+00
7.435017108917236328e+00
6.464842796325683594e+00
6.454971313476562500e+00
6.243155002593994141e+00
6.040345668792724609e+00
6.687982082366943359e+00
5.850459575653076172e+00
5.787521362304687500e+00
6.266385078430175781e+00
5.942285060882568359e+00
-9.045472145080566406e+00
-1.130299472808837891e+01
-1.132837772369384766e+01
-1.126353359222412109e+01
-1.096227169036865234e+01
-1.087835025787353516e+01
-1.076354122161865234e+01
-1.019831180572509766e+01
-9.648797035217285156e+00
-8.279210090637207031e+00
-6.842304229736328125e+00
-8.199347496032714844e+00
