4.061552734375000000e+03
4.061594238281250000e+03
4.060819824218750000e+03
4.061670898437500000e+03
4.062155761718750000e+03
4.062367675781250000e+03
4.065533691406250000e+03
4.064817138671875000e+03
4.063784423828125000e+03
4.061529541015625000e+03
4.062822753906250000e+03
4.063733398437500000e+03
4.063394775390625000e+03
4.064264892578125000e+03
4.064996582031250000e+03
4.065213623046875000e+03
4.065233154296875000e+03
4.065555908203125000e+03
4.071193603515625000e+03
4.069359619140625000e+03
4.070787597656250000e+03
4.071525146484375000e+03
4.073451416015625000e+03
4.073661621093750000e+03
4.072015625000000000e+03
4.072238281250000000e+03
4.071536865234375000e+03
4.067059326171875000e+03
4.065157470703125000e+03
4.063070556640625000e+03
4.062467529296875000e+03
4.063272460937500000e+03
4.060791015625000000e+03
4.060154052734375000e+03
4.063367919921875000e+03
4.063575195312500000e+03
4.062977294921875000e+03
4.061980712890625000e+03
4.063135253906250000e+03
4.063735839843750000e+03
4.064143310546875000e+03
4.064738037109375000e+03
4.065343994140625000e+03
4.064988281250000000e+03
4.064654296875000000e+03
4.064835693359375000e+03
4.063972900390625000e+03
4.063668701171875000e+03
4.064040283203125000e+03
4.064671630859375000e+03
4.065088623046875000e+03
4.065764404296875000e+03
4.066681152343750000e+03
4.067784912109375000e+03
4.069101074218750000e+03
4.069562744140625000e+03
4.068915283203125000e+03
4.067831054687500000e+03
4.067628906250000000e+03
4.067286621093750000e+03
4.066808593750000000e+03
4.066966308593750000e+03
4.067681884765625000e+03
4.069067382812500000e+03
4.068193359375000000e+03
4.067712890625000000e+03
4.066704345703125000e+03
4.066940429687500000e+03
4.074177978515625000e+03
4.083501953125000000e+03
4.100997558593750000e+03
4.118420898437500000e+03
4.144817382812500000e+03
4.163368652343750000e+03
4.177275878906250000e+03
4.184578613281250000e+03
4.188169433593750000e+03
4.189662597656250000e+03
4.190439453125000000e+03
4.193867675781250000e+03
4.194218750000000000e+03
4.200270507812500000e+03
4.200062011718750000e+03
4.201336914062500000e+03
4.203039550781250000e+03
4.205604492187500000e+03
4.209001953125000000e+03
4.215820312500000000e+03
4.221406738281250000e+03
4.219949707031250000e+03
4.223928710937500000e+03
4.224048339843750000e+03
4.224656250000000000e+03
4.224834960937500000e+03
4.227755371093750000e+03
4.239337402343750000e+03
4.240257812500000000e+03
4.240584960937500000e+03
4.240820312500000000e+03
4.242191894531250000e+03
4.239701171875000000e+03
4.238962402343750000e+03
4.234695800781250000e+03
4.230747558593750000e+03
4.227750000000000000e+03
4.221064453125000000e+03
4.215597167968750000e+03
4.213245605468750000e+03
4.217718261718750000e+03
4.213229980468750000e+03
4.207758300781250000e+03
4.202838378906250000e+03
4.194999023437500000e+03
4.185201171875000000e+03
4.183377441406250000e+03
4.185163085937500000e+03
4.187830566406250000e+03
4.204612792968750000e+03
4.219008300781250000e+03
4.239790039062500000e+03
4.247444335937500000e+03
4.254059082031250000e+03
4.259468261718750000e+03
4.259587890625000000e+03
4.255910644531250000e+03
4.257725097656250000e+03
4.252680664062500000e+03
4.249038085937500000e+03
4.245615722656250000e+03
4.240963378906250000e+03
4.239391113281250000e+03
4.239493652343750000e+03
4.244193847656250000e+03
4.244023925781250000e+03
4.244562011718750000e+03
4.246824707031250000e+03
4.254160156250000000e+03
4.254117675781250000e+03
4.251852050781250000e+03
4.251592285156250000e+03
4.252685058593750000e+03
4.254973632812500000e+03
4.260478027343750000e+03
4.263122070312500000e+03
4.266251953125000000e+03
4.269769531250000000e+03
4.270128417968750000e+03
4.271229492187500000e+03
4.273577148437500000e+03
4.272767089843750000e+03
4.275865234375000000e+03
4.278348632812500000e+03
4.281625488281250000e+03
4.289737304687500000e+03
4.295320312500000000e+03
4.302111328125000000e+03
4.304054687500000000e+03
4.303624023437500000e+03
4.301847656250000000e+03
4.300207519531250000e+03
4.301191894531250000e+03
4.302248046875000000e+03
4.301295410156250000e+03
4.299379882812500000e+03
4.304084960937500000e+03
4.304140136718750000e+03
4.303972656250000000e+03
4.302141113281250000e+03
4.300168945312500000e+03
4.298582519531250000e+03
4.299621582031250000e+03
4.294999023437500000e+03
4.286402343750000000e+03
4.282621582031250000e+03
4.277503417968750000e+03
4.274596679687500000e+03
4.272358886718750000e+03
4.273224609375000000e+03
4.275484863281250000e+03
4.276231933593750000e+03
4.278767578125000000e+03
4.276008300781250000e+03
4.277861816406250000e+03
4.280036132812500000e+03
4.281788574218750000e+03
4.280031738281250000e+03
4.280281250000000000e+03
4.282065917968750000e+03
4.278584472656250000e+03
4.284614746093750000e+03
4.291286132812500000e+03
4.293596679687500000e+03
4.296052734375000000e+03
4.299354980468750000e+03
4.298673828125000000e+03
4.300581054687500000e+03
4.299502929687500000e+03
4.301911132812500000e+03
4.312674804687500000e+03
4.314640625000000000e+03
4.315664062500000000e+03
4.319337890625000000e+03
4.323056152343750000e+03
4.325901367187500000e+03
4.326841796875000000e+03
4.324511230468750000e+03
4.322043945312500000e+03
4.318983398437500000e+03
4.319329101562500000e+03
4.321517089843750000e+03
4.320998046875000000e+03
4.323835937500000000e+03
4.317123046875000000e+03
4.316322265625000000e+03
4.316579101562500000e+03
4.316092285156250000e+03
4.315073242187500000e+03
4.312750000000000000e+03
4.310470214843750000e+03
4.310028808593750000e+03
4.306854980468750000e+03
4.304500000000000000e+03
4.303091796875000000e+03
4.302555175781250000e+03
4.302336425781250000e+03
4.301551269531250000e+03
4.297364746093750000e+03
4.293328125000000000e+03
4.290971191406250000e+03
4.291474121093750000e+03
4.290344726562500000e+03
4.287324707031250000e+03
4.281712402343750000e+03
4.279607421875000000e+03
4.277942871093750000e+03
4.273481445312500000e+03
4.268955078125000000e+03
4.265980957031250000e+03
4.261547851562500000e+03
4.263423828125000000e+03
4.263393066406250000e+03
4.268594726562500000e+03
4.267171875000000000e+03
4.265147949218750000e+03
4.264302246093750000e+03
4.259324707031250000e+03
4.254953125000000000e+03
4.254145996093750000e+03
4.254650878906250000e+03
4.253206542968750000e+03
4.256073242187500000e+03
4.256718261718750000e+03
4.258038574218750000e+03
4.258802734375000000e+03
4.262696289062500000e+03
4.265896484375000000e+03
4.271811523437500000e+03
4.268446289062500000e+03
4.269922363281250000e+03
4.271910156250000000e+03
4.273829101562500000e+03
4.267646972656250000e+03
4.268196289062500000e+03
4.269164550781250000e+03
4.268165527343750000e+03
4.265107910156250000e+03
4.261868652343750000e+03
4.259705078125000000e+03
4.257987792968750000e+03
4.259451660156250000e+03
4.263336425781250000e+03
4.269767578125000000e+03
4.279090820312500000e+03
4.285444335937500000e+03
4.291548339843750000e+03
4.310960449218750000e+03
4.330433105468750000e+03
4.326336914062500000e+03
4.324483398437500000e+03
4.319499023437500000e+03
4.314346191406250000e+03
4.310195312500000000e+03
4.311048339843750000e+03
4.309534667968750000e+03
4.310978515625000000e+03
4.310974609375000000e+03
4.311243652343750000e+03
4.312127441406250000e+03
4.299953613281250000e+03
4.288416992187500000e+03
4.279469238281250000e+03
4.274939453125000000e+03
4.269193359375000000e+03
4.253849121093750000e+03
4.226662597656250000e+03
4.211463378906250000e+03
4.190888671875000000e+03
4.169235839843750000e+03
4.153451171875000000e+03
4.136074707031250000e+03
4.126427734375000000e+03
4.122319335937500000e+03
4.117399902343750000e+03
4.117871582031250000e+03
4.115250976562500000e+03
4.115087402343750000e+03
4.121319335937500000e+03
4.125430175781250000e+03
4.130351074218750000e+03
4.131593261718750000e+03
4.132996582031250000e+03
4.132269042968750000e+03
4.132146484375000000e+03
4.130907714843750000e+03
4.129563964843750000e+03
4.123472167968750000e+03
4.117892578125000000e+03
4.116209472656250000e+03
4.115332031250000000e+03
4.116841796875000000e+03
4.116890625000000000e+03
4.115811523437500000e+03
4.117138183593750000e+03
4.115666015625000000e+03
4.122564941406250000e+03
4.129769042968750000e+03
4.135763183593750000e+03
4.142800292968750000e+03
4.147041015625000000e+03
4.152043457031250000e+03
4.155488281250000000e+03
4.167550292968750000e+03
4.174843750000000000e+03
4.187208007812500000e+03
4.190717773437500000e+03
4.190714355468750000e+03
4.189658203125000000e+03
4.187529296875000000e+03
4.183174804687500000e+03
4.172774902343750000e+03
4.161164550781250000e+03
4.150859375000000000e+03
4.145785156250000000e+03
4.142662109375000000e+03
4.141338378906250000e+03
4.138520996093750000e+03
4.136273925781250000e+03
4.133575195312500000e+03
4.128670898437500000e+03
4.129080566406250000e+03
4.128240234375000000e+03
4.137221191406250000e+03
4.143576660156250000e+03
4.149767578125000000e+03
4.154483398437500000e+03
4.157340820312500000e+03
4.157773925781250000e+03
4.155120605468750000e+03
4.153798828125000000e+03
4.151359863281250000e+03
4.148239257812500000e+03
4.145588867187500000e+03
4.145225097656250000e+03
4.145919921875000000e+03
4.147876953125000000e+03
4.146710449218750000e+03
4.144474609375000000e+03
4.138375488281250000e+03
4.132754394531250000e+03
4.127290039062500000e+03
4.126004394531250000e+03
4.125943847656250000e+03
4.125945312500000000e+03
4.126759765625000000e+03
4.131057128906250000e+03
4.136718750000000000e+03
4.144697265625000000e+03
4.150818847656250000e+03
4.147191894531250000e+03
4.145340820312500000e+03
4.140884277343750000e+03
4.137375000000000000e+03
4.133106445312500000e+03
4.129255371093750000e+03
4.125430664062500000e+03
4.122679199218750000e+03
4.117726074218750000e+03
4.142696289062500000e+03
4.175187500000000000e+03
4.197697753906250000e+03
4.204504882812500000e+03
4.208456542968750000e+03
4.215469726562500000e+03
4.219168457031250000e+03
4.223295898437500000e+03
4.220962402343750000e+03
4.238837402343750000e+03
4.249691894531250000e+03
4.260567382812500000e+03
4.273444824218750000e+03
4.278449707031250000e+03
4.289719726562500000e+03
4.296638183593750000e+03
4.300360351562500000e+03
4.304617187500000000e+03
4.302340332031250000e+03
4.301588867187500000e+03
4.303374511718750000e+03
4.305516601562500000e+03
4.307039550781250000e+03
4.304399902343750000e+03
4.303033691406250000e+03
4.303845214843750000e+03
4.302557617187500000e+03
4.302404785156250000e+03
4.300613281250000000e+03
4.301415039062500000e+03
4.302384765625000000e+03
4.303656250000000000e+03
4.314497070312500000e+03
4.314450195312500000e+03
4.325802246093750000e+03
4.333343750000000000e+03
4.343587402343750000e+03
4.349263671875000000e+03
4.354437011718750000e+03
4.358460449218750000e+03
4.363755859375000000e+03
4.366238281250000000e+03
4.374375488281250000e+03
4.383025878906250000e+03
4.385985839843750000e+03
4.376112792968750000e+03
4.375645507812500000e+03
4.375436523437500000e+03
4.373886718750000000e+03
4.373515136718750000e+03
4.373765136718750000e+03
4.376346679687500000e+03
4.378901367187500000e+03
4.378271972656250000e+03
4.385692871093750000e+03
4.394041015625000000e+03
4.397862792968750000e+03
4.402295410156250000e+03
4.402960449218750000e+03
4.405626464843750000e+03
4.406331542968750000e+03
4.404579589843750000e+03
4.403338867187500000e+03
4.415959960937500000e+03
4.419942382812500000e+03
4.419442871093750000e+03
4.423323242187500000e+03
4.424228515625000000e+03
4.428745605468750000e+03
4.421690917968750000e+03
4.422775878906250000e+03
4.424222656250000000e+03
4.431933105468750000e+03
4.438851562500000000e+03
4.438644042968750000e+03
4.433589843750000000e+03
4.427470214843750000e+03
4.426372070312500000e+03
4.435195800781250000e+03
4.439300292968750000e+03
4.437158203125000000e+03
4.438042968750000000e+03
4.434235839843750000e+03
4.436592285156250000e+03
4.439514648437500000e+03
4.438234375000000000e+03
4.441039550781250000e+03
4.440965332031250000e+03
4.441517089843750000e+03
4.442061523437500000e+03
4.437803710937500000e+03
4.435206054687500000e+03
4.433155273437500000e+03
4.434540527343750000e+03
4.438010742187500000e+03
4.439600097656250000e+03
4.444725097656250000e+03
4.452323242187500000e+03
4.447585449218750000e+03
4.453824707031250000e+03
4.452789062500000000e+03
4.453119628906250000e+03
4.455686035156250000e+03
4.458386230468750000e+03
4.461254882812500000e+03
4.461200683593750000e+03
4.456334472656250000e+03
4.450935546875000000e+03
4.433114257812500000e+03
4.428092285156250000e+03
4.422429199218750000e+03
4.414949707031250000e+03
4.409729492187500000e+03
4.409345214843750000e+03
4.411811035156250000e+03
4.410530273437500000e+03
4.407461425781250000e+03
4.413411132812500000e+03
4.412739746093750000e+03
4.417486328125000000e+03
4.414675292968750000e+03
4.415582031250000000e+03
4.413431152343750000e+03
4.413711914062500000e+03
4.413927734375000000e+03
4.415380371093750000e+03
4.425584472656250000e+03
4.425285644531250000e+03
4.423601074218750000e+03
4.422305664062500000e+03
4.425084960937500000e+03
4.428021972656250000e+03
4.426635253906250000e+03
4.432248535156250000e+03
4.437403320312500000e+03
4.442195800781250000e+03
4.437885742187500000e+03
4.432387207031250000e+03
4.432062500000000000e+03
4.432258789062500000e+03
4.429612792968750000e+03
4.427773925781250000e+03
4.435859375000000000e+03
4.438289062500000000e+03
4.436511718750000000e+03
4.427420410156250000e+03
4.423560546875000000e+03
4.426250488281250000e+03
4.424399414062500000e+03
4.420946777343750000e+03
4.422600097656250000e+03
4.427289062500000000e+03
4.433227539062500000e+03
4.449086425781250000e+03
4.448466308593750000e+03
4.449457519531250000e+03
4.446374511718750000e+03
4.448494628906250000e+03
4.451529296875000000e+03
4.449569824218750000e+03
4.448080566406250000e+03
4.449161132812500000e+03
4.451779296875000000e+03
4.453010742187500000e+03
4.456410156250000000e+03
4.455269042968750000e+03
4.447857910156250000e+03
4.441597167968750000e+03
4.446754394531250000e+03
4.449803710937500000e+03
4.450324218750000000e+03
4.439347167968750000e+03
4.433515625000000000e+03
4.429714843750000000e+03
4.426583984375000000e+03
4.430005859375000000e+03
4.431534667968750000e+03
4.438998535156250000e+03
4.441633300781250000e+03
4.442297363281250000e+03
4.434787109375000000e+03
4.429982910156250000e+03
4.425045898437500000e+03
4.426231933593750000e+03
4.431138671875000000e+03
4.439486328125000000e+03
4.437783691406250000e+03
4.441206054687500000e+03
4.444608398437500000e+03
4.451386230468750000e+03
4.448572753906250000e+03
4.447120605468750000e+03
4.449798339843750000e+03
4.454613281250000000e+03
4.454098632812500000e+03
4.456529296875000000e+03
4.447322265625000000e+03
4.445910644531250000e+03
4.476531250000000000e+03
4.480247558593750000e+03
4.478101562500000000e+03
4.474183593750000000e+03
4.469395507812500000e+03
4.484955566406250000e+03
4.485318359375000000e+03
4.487137695312500000e+03
4.490447265625000000e+03
4.478402832031250000e+03
4.478296875000000000e+03
4.480152343750000000e+03
4.478725585937500000e+03
4.480554199218750000e+03
4.477357910156250000e+03
4.482033203125000000e+03
4.492346191406250000e+03
4.495426269531250000e+03
4.480329101562500000e+03
4.465374511718750000e+03
4.460281738281250000e+03
4.462075195312500000e+03
4.467933593750000000e+03
4.465319335937500000e+03
4.467634277343750000e+03
4.465645507812500000e+03
4.467881835937500000e+03
4.471665527343750000e+03
4.473673828125000000e+03
4.472292968750000000e+03
4.469215332031250000e+03
4.470746093750000000e+03
4.466974609375000000e+03
4.465990722656250000e+03
4.465172851562500000e+03
4.466877929687500000e+03
4.484833984375000000e+03
4.484326171875000000e+03
4.487254394531250000e+03
4.483482421875000000e+03
4.480878906250000000e+03
4.480581542968750000e+03
4.482490722656250000e+03
4.476778808593750000e+03
4.471670898437500000e+03
4.496055664062500000e+03
4.504422363281250000e+03
4.508403808593750000e+03
4.505554199218750000e+03
4.502482910156250000e+03
4.501813964843750000e+03
4.498279296875000000e+03
4.495927734375000000e+03
4.494474609375000000e+03
4.483178710937500000e+03
4.474559082031250000e+03
4.467836914062500000e+03
4.457984375000000000e+03
4.451624511718750000e+03
4.458606933593750000e+03
4.462774902343750000e+03
4.461176269531250000e+03
4.463469238281250000e+03
4.474903320312500000e+03
4.477253417968750000e+03
4.476668457031250000e+03
4.477944335937500000e+03
4.482541015625000000e+03
4.482619628906250000e+03
4.484892578125000000e+03
4.488730957031250000e+03
4.490374023437500000e+03
4.495206054687500000e+03
4.498017578125000000e+03
4.498065429687500000e+03
4.499086425781250000e+03
4.499938964843750000e+03
4.499550781250000000e+03
4.499822753906250000e+03
4.497764648437500000e+03
4.495169433593750000e+03
4.497786132812500000e+03
4.504288085937500000e+03
4.502738769531250000e+03
4.503843750000000000e+03
4.507679199218750000e+03
4.503450683593750000e+03
4.504129394531250000e+03
4.507009765625000000e+03
4.511683105468750000e+03
4.523715332031250000e+03
4.525213378906250000e+03
4.526668457031250000e+03
4.526282714843750000e+03
4.525050292968750000e+03
4.516635253906250000e+03
4.508928710937500000e+03
4.516949707031250000e+03
4.521504882812500000e+03
4.498182617187500000e+03
4.497103027343750000e+03
4.499085449218750000e+03
4.494354980468750000e+03
4.501131347656250000e+03
4.502922363281250000e+03
4.505332519531250000e+03
4.510051757812500000e+03
4.508064453125000000e+03
4.510885253906250000e+03
4.506541015625000000e+03
4.507727539062500000e+03
4.507550781250000000e+03
4.507406250000000000e+03
4.508502441406250000e+03
4.506938476562500000e+03
4.504860839843750000e+03
4.505855957031250000e+03
4.485007324218750000e+03
4.489945800781250000e+03
4.489456542968750000e+03
4.493507812500000000e+03
4.494567871093750000e+03
4.494349121093750000e+03
4.495873535156250000e+03
4.496238281250000000e+03
4.494470703125000000e+03
4.480384277343750000e+03
4.476707031250000000e+03
4.474734863281250000e+03
4.473979003906250000e+03
4.485401855468750000e+03
4.492154785156250000e+03
4.488141601562500000e+03
4.487236816406250000e+03
4.489391113281250000e+03
4.502396484375000000e+03
4.501063476562500000e+03
4.500851562500000000e+03
4.502743164062500000e+03
4.504269042968750000e+03
4.503431640625000000e+03
4.510003906250000000e+03
4.505601074218750000e+03
4.500823730468750000e+03
4.504276367187500000e+03
4.501217773437500000e+03
4.497806152343750000e+03
4.488781250000000000e+03
4.483020507812500000e+03
4.475540039062500000e+03
4.466167480468750000e+03
4.461217773437500000e+03
4.462169433593750000e+03
4.484803222656250000e+03
4.494664062500000000e+03
4.497905273437500000e+03
4.499265625000000000e+03
4.498234863281250000e+03
4.501924316406250000e+03
4.501068359375000000e+03
4.495908691406250000e+03
4.494288085937500000e+03
4.486350585937500000e+03
4.488810546875000000e+03
4.495008789062500000e+03
4.498859863281250000e+03
4.501353027343750000e+03
4.498700195312500000e+03
4.491796386718750000e+03
4.490937500000000000e+03
4.491303222656250000e+03
4.499207519531250000e+03
4.499525390625000000e+03
4.503711425781250000e+03
4.507154296875000000e+03
4.506211425781250000e+03
4.497312500000000000e+03
4.494294921875000000e+03
4.489787109375000000e+03
4.476885742187500000e+03
4.464094238281250000e+03
4.462634765625000000e+03
4.463821289062500000e+03
4.470429199218750000e+03
4.473811523437500000e+03
4.473845703125000000e+03
4.481929687500000000e+03
4.487013183593750000e+03
4.488464843750000000e+03
4.506622558593750000e+03
4.507836425781250000e+03
4.511008300781250000e+03
4.511284667968750000e+03
4.509507324218750000e+03
4.509229980468750000e+03
4.515328125000000000e+03
4.516723632812500000e+03
4.520051269531250000e+03
4.533176269531250000e+03
4.530103515625000000e+03
4.528391113281250000e+03
4.523420410156250000e+03
4.523830566406250000e+03
4.528901367187500000e+03
4.528272460937500000e+03
4.529711425781250000e+03
4.528791992187500000e+03
4.528772460937500000e+03
4.528911621093750000e+03
4.530033203125000000e+03
4.528939941406250000e+03
4.526508789062500000e+03
4.527978515625000000e+03
4.524501464843750000e+03
4.514989746093750000e+03
4.510245605468750000e+03
4.509733886718750000e+03
4.509692871093750000e+03
4.512017578125000000e+03
4.514059082031250000e+03
4.512086914062500000e+03
4.515415527343750000e+03
4.515107910156250000e+03
4.517342285156250000e+03
4.517009765625000000e+03
4.509707519531250000e+03
4.501828125000000000e+03
4.503234375000000000e+03
4.507394042968750000e+03
4.505812011718750000e+03
4.509310546875000000e+03
4.515296386718750000e+03
4.517783691406250000e+03
4.515721191406250000e+03
4.474726562500000000e+03
4.472837402343750000e+03
4.474862304687500000e+03
4.482763671875000000e+03
4.485070312500000000e+03
4.488263183593750000e+03
4.477744628906250000e+03
4.473701171875000000e+03
4.475764648437500000e+03
4.451956054687500000e+03
4.415421875000000000e+03
4.420080078125000000e+03
4.422488769531250000e+03
4.410987792968750000e+03
4.415132812500000000e+03
4.415730957031250000e+03
4.417564941406250000e+03
4.412816894531250000e+03
4.414312011718750000e+03
4.410788574218750000e+03
4.410918945312500000e+03
4.420586425781250000e+03
4.437722167968750000e+03
4.452481445312500000e+03
4.453189941406250000e+03
4.455700195312500000e+03
4.453723144531250000e+03
4.442676757812500000e+03
4.418269042968750000e+03
4.387658691406250000e+03
4.383207031250000000e+03
4.380955566406250000e+03
4.382025390625000000e+03
4.384726074218750000e+03
4.384460449218750000e+03
4.374421386718750000e+03
4.390111328125000000e+03
4.383434082031250000e+03
4.384204589843750000e+03
4.386689453125000000e+03
4.383598632812500000e+03
4.391854003906250000e+03
4.402093261718750000e+03
4.416473144531250000e+03
4.417123046875000000e+03
4.438758789062500000e+03
4.435915527343750000e+03
4.429977050781250000e+03
4.420938476562500000e+03
4.403183593750000000e+03
4.394963378906250000e+03
4.390208007812500000e+03
4.386425292968750000e+03
4.387087402343750000e+03
4.378939453125000000e+03
4.385069824218750000e+03
4.398542968750000000e+03
4.401760742187500000e+03
4.408386230468750000e+03
4.411738769531250000e+03
4.416385253906250000e+03
4.421312988281250000e+03
4.417023437500000000e+03
4.448626464843750000e+03
4.459806640625000000e+03
4.464132812500000000e+03
4.461799804687500000e+03
4.462768554687500000e+03
4.466218261718750000e+03
4.460443359375000000e+03
4.453976074218750000e+03
4.454473632812500000e+03
4.455142578125000000e+03
4.461393066406250000e+03
4.465124023437500000e+03
4.465643554687500000e+03
4.467454101562500000e+03
4.468210937500000000e+03
4.470522949218750000e+03
4.466500000000000000e+03
4.463062011718750000e+03
4.467983398437500000e+03
4.461928222656250000e+03
4.451750976562500000e+03
4.454610839843750000e+03
4.460135742187500000e+03
4.462784667968750000e+03
4.470338378906250000e+03
4.472851074218750000e+03
4.471096679687500000e+03
4.446240722656250000e+03
4.426990722656250000e+03
4.414865722656250000e+03
4.412378417968750000e+03
4.422187011718750000e+03
4.427261718750000000e+03
4.426652343750000000e+03
4.426808105468750000e+03
4.424570312500000000e+03
4.440977050781250000e+03
4.441352050781250000e+03
4.445088378906250000e+03
4.450906738281250000e+03
4.449580566406250000e+03
4.449306640625000000e+03
4.450466308593750000e+03
4.445848632812500000e+03
4.443898437500000000e+03
4.458649902343750000e+03
4.454117187500000000e+03
4.448335449218750000e+03
4.446101074218750000e+03
4.447921386718750000e+03
4.444635742187500000e+03
4.441264648437500000e+03
4.445129394531250000e+03
4.447011718750000000e+03
4.463239257812500000e+03
4.470767578125000000e+03
4.475726074218750000e+03
4.475272460937500000e+03
4.474588378906250000e+03
4.476649902343750000e+03
4.482092285156250000e+03
4.478636718750000000e+03
4.479502929687500000e+03
4.505877929687500000e+03
4.511975097656250000e+03
4.511130371093750000e+03
4.516539550781250000e+03
4.517752441406250000e+03
4.512336425781250000e+03
4.509697753906250000e+03
4.512900390625000000e+03
4.514953613281250000e+03
4.514388671875000000e+03
4.516047363281250000e+03
4.522325195312500000e+03
4.524343261718750000e+03
4.522847656250000000e+03
4.525902832031250000e+03
4.528977050781250000e+03
4.534649414062500000e+03
4.533525390625000000e+03
4.536201660156250000e+03
4.535255371093750000e+03
4.534664062500000000e+03
4.536204101562500000e+03
4.534004882812500000e+03
4.531981933593750000e+03
4.531288574218750000e+03
4.528638671875000000e+03
4.525776855468750000e+03
4.532608886718750000e+03
4.536364746093750000e+03
4.543508789062500000e+03
4.546947265625000000e+03
4.546324707031250000e+03
4.546428222656250000e+03
4.543847656250000000e+03
4.538309570312500000e+03
4.533080078125000000e+03
4.529727539062500000e+03
4.524876953125000000e+03
4.523628417968750000e+03
4.526719726562500000e+03
4.527291015625000000e+03
4.523325195312500000e+03
4.522884277343750000e+03
4.518596679687500000e+03
4.517642578125000000e+03
4.523937500000000000e+03
4.526247070312500000e+03
4.526376953125000000e+03
4.525948730468750000e+03
4.528085937500000000e+03
4.526761230468750000e+03
4.523133789062500000e+03
4.525454589843750000e+03
4.526568847656250000e+03
4.539267578125000000e+03
4.543511230468750000e+03
4.544533691406250000e+03
4.542520507812500000e+03
4.539382324218750000e+03
4.539053222656250000e+03
4.541196777343750000e+03
4.540322265625000000e+03
4.541011230468750000e+03
4.542917480468750000e+03
4.545190429687500000e+03
4.546281738281250000e+03
4.545539062500000000e+03
4.544226562500000000e+03
4.554698730468750000e+03
4.547430175781250000e+03
4.542935546875000000e+03
4.541626953125000000e+03
4.551565429687500000e+03
4.550898925781250000e+03
4.550175292968750000e+03
4.549406738281250000e+03
4.551228515625000000e+03
4.554354492187500000e+03
4.551359863281250000e+03
4.554153320312500000e+03
4.557718750000000000e+03
4.566398437500000000e+03
4.565284667968750000e+03
4.568766601562500000e+03
4.568203613281250000e+03
4.571155273437500000e+03
4.572970214843750000e+03
4.578134277343750000e+03
4.577077148437500000e+03
4.575403320312500000e+03
4.578996582031250000e+03
4.574456054687500000e+03
4.572654296875000000e+03
4.572409179687500000e+03
4.570277343750000000e+03
4.567238281250000000e+03
4.566451660156250000e+03
4.565257812500000000e+03
4.563532226562500000e+03
4.569190429687500000e+03
4.572490234375000000e+03
4.577616699218750000e+03
4.582495117187500000e+03
4.583072265625000000e+03
4.586520507812500000e+03
4.585032226562500000e+03
4.581882324218750000e+03
4.580927246093750000e+03
4.577193359375000000e+03
4.574606933593750000e+03
4.571407226562500000e+03
4.573561035156250000e+03
4.573766113281250000e+03
4.573530273437500000e+03
4.574687500000000000e+03
4.579059082031250000e+03
4.579825195312500000e+03
4.574535644531250000e+03
4.570662597656250000e+03
4.570443847656250000e+03
4.567969726562500000e+03
4.566692871093750000e+03
4.567019531250000000e+03
4.569286621093750000e+03
4.573900878906250000e+03
4.572836914062500000e+03
4.572384765625000000e+03
4.574833007812500000e+03
4.575849121093750000e+03
4.570487792968750000e+03
4.569537109375000000e+03
4.573137695312500000e+03
4.576742187500000000e+03
4.581802734375000000e+03
4.584879882812500000e+03
4.582664062500000000e+03
4.582084472656250000e+03
4.584541503906250000e+03
4.587203125000000000e+03
4.589551757812500000e+03
4.589040527343750000e+03
4.590984863281250000e+03
4.588398437500000000e+03
4.586767578125000000e+03
4.574435058593750000e+03
4.571101562500000000e+03
4.569914550781250000e+03
4.569278808593750000e+03
4.569989257812500000e+03
4.569704101562500000e+03
4.568172363281250000e+03
4.567822265625000000e+03
4.570466308593750000e+03
4.551251953125000000e+03
4.551625488281250000e+03
4.549322753906250000e+03
4.545833007812500000e+03
4.544132812500000000e+03
4.544486328125000000e+03
4.543878906250000000e+03
4.542730468750000000e+03
4.547347167968750000e+03
4.550886718750000000e+03
4.554707519531250000e+03
4.554599609375000000e+03
4.554294433593750000e+03
4.555909667968750000e+03
4.559962890625000000e+03
4.557332031250000000e+03
4.553516601562500000e+03
4.554883300781250000e+03
4.555280273437500000e+03
4.537696777343750000e+03
4.534922363281250000e+03
4.534108398437500000e+03
4.535353027343750000e+03
4.539785156250000000e+03
4.544965332031250000e+03
4.550269531250000000e+03
4.551986816406250000e+03
4.552243652343750000e+03
4.546577148437500000e+03
4.548143066406250000e+03
4.548414062500000000e+03
4.548211914062500000e+03
4.544494628906250000e+03
4.540048339843750000e+03
4.527056640625000000e+03
4.518777832031250000e+03
4.532852050781250000e+03
4.532881835937500000e+03
4.534623535156250000e+03
4.534386718750000000e+03
4.533679687500000000e+03
4.529921386718750000e+03
4.528606933593750000e+03
4.528610351562500000e+03
4.526829589843750000e+03
4.520048828125000000e+03
4.517479492187500000e+03
4.512251464843750000e+03
4.508134277343750000e+03
4.505740234375000000e+03
4.510305664062500000e+03
4.516202636718750000e+03
4.513913085937500000e+03
4.515257812500000000e+03
4.521427734375000000e+03
4.523708496093750000e+03
4.522609375000000000e+03
4.524581054687500000e+03
4.526938964843750000e+03
4.529789062500000000e+03
4.533717285156250000e+03
4.541351074218750000e+03
4.543536621093750000e+03
4.547758300781250000e+03
4.546698730468750000e+03
4.548657714843750000e+03
4.550323730468750000e+03
4.552144531250000000e+03
4.551964843750000000e+03
4.547680175781250000e+03
4.548114257812500000e+03
4.549279296875000000e+03
4.543180664062500000e+03
4.537968750000000000e+03
4.533370117187500000e+03
4.530490234375000000e+03
4.528059570312500000e+03
4.526875976562500000e+03
4.530766601562500000e+03
4.532447753906250000e+03
4.532683105468750000e+03
4.530446777343750000e+03
4.527842773437500000e+03
4.527931640625000000e+03
4.528113281250000000e+03
4.527245605468750000e+03
4.534537597656250000e+03
4.529042968750000000e+03
4.522502441406250000e+03
4.522514160156250000e+03
4.539982910156250000e+03
4.539297851562500000e+03
4.537390136718750000e+03
4.536769531250000000e+03
4.531013671875000000e+03
4.524826171875000000e+03
4.517190429687500000e+03
4.521720214843750000e+03
4.526001953125000000e+03
4.535000000000000000e+03
4.542740722656250000e+03
4.542387695312500000e+03
4.540438964843750000e+03
4.537222167968750000e+03
4.533167480468750000e+03
4.531791992187500000e+03
4.530729003906250000e+03
4.530861816406250000e+03
4.539155273437500000e+03
4.537028808593750000e+03
4.537992675781250000e+03
4.539407226562500000e+03
4.537276855468750000e+03
4.530705078125000000e+03
4.526049316406250000e+03
4.527819335937500000e+03
4.529775878906250000e+03
4.534283203125000000e+03
4.533941894531250000e+03
4.533789062500000000e+03
4.534321777343750000e+03
4.533802246093750000e+03
4.533396972656250000e+03
4.529504394531250000e+03
4.529161132812500000e+03
4.531298828125000000e+03
4.526850585937500000e+03
4.531281250000000000e+03
4.532091308593750000e+03
4.531910644531250000e+03
4.533505371093750000e+03
4.536805664062500000e+03
4.535089843750000000e+03
4.533375976562500000e+03
4.533567871093750000e+03
4.568531738281250000e+03
4.577009765625000000e+03
4.580567382812500000e+03
4.580044433593750000e+03
4.582956054687500000e+03
4.585029296875000000e+03
4.589367187500000000e+03
4.590891601562500000e+03
4.588401367187500000e+03
4.581387207031250000e+03
4.582321289062500000e+03
4.580522949218750000e+03
4.577262695312500000e+03
4.574816894531250000e+03
4.572873046875000000e+03
4.572887695312500000e+03
4.572690917968750000e+03
4.574359375000000000e+03
4.568633300781250000e+03
4.563674316406250000e+03
4.560625488281250000e+03
4.562585937500000000e+03
4.558933593750000000e+03
4.557616699218750000e+03
4.554431152343750000e+03
4.550458496093750000e+03
4.548911132812500000e+03
4.522615722656250000e+03
4.515566406250000000e+03
4.510597656250000000e+03
4.503807617187500000e+03
4.502236816406250000e+03
4.502605957031250000e+03
4.498940917968750000e+03
4.500051757812500000e+03
4.500950195312500000e+03
4.502727539062500000e+03
4.507066894531250000e+03
4.510105957031250000e+03
4.509621582031250000e+03
4.507460449218750000e+03
4.511110351562500000e+03
4.508154296875000000e+03
4.506492187500000000e+03
4.507566406250000000e+03
4.509492187500000000e+03
4.508267578125000000e+03
4.504218750000000000e+03
4.510588378906250000e+03
4.517763183593750000e+03
4.520709472656250000e+03
4.529487792968750000e+03
4.544113769531250000e+03
4.544744628906250000e+03
4.533734863281250000e+03
4.537005371093750000e+03
4.541381347656250000e+03
4.541231933593750000e+03
4.540455078125000000e+03
4.538785156250000000e+03
4.531968261718750000e+03
4.522744628906250000e+03
4.516837890625000000e+03
4.507574218750000000e+03
4.506827636718750000e+03
4.504546386718750000e+03
4.505155273437500000e+03
4.504191894531250000e+03
4.498315429687500000e+03
4.491061035156250000e+03
4.478942382812500000e+03
4.471291992187500000e+03
4.493928222656250000e+03
4.504368164062500000e+03
4.502018066406250000e+03
4.498937011718750000e+03
4.493756347656250000e+03
4.486464355468750000e+03
4.483043945312500000e+03
4.494401367187500000e+03
4.498462402343750000e+03
4.515094726562500000e+03
4.519273437500000000e+03
4.524374023437500000e+03
4.527020019531250000e+03
4.525556152343750000e+03
4.527202148437500000e+03
4.528732421875000000e+03
4.532020996093750000e+03
4.536104003906250000e+03
4.536999023437500000e+03
4.535824707031250000e+03
4.534320312500000000e+03
4.535666992187500000e+03
4.535606933593750000e+03
4.535482421875000000e+03
4.529655273437500000e+03
4.521260253906250000e+03
4.517518066406250000e+03
4.515800292968750000e+03
4.513511718750000000e+03
4.510650390625000000e+03
4.509959472656250000e+03
4.510401855468750000e+03
4.511656250000000000e+03
4.513885742187500000e+03
4.517503417968750000e+03
4.519447265625000000e+03
4.514268066406250000e+03
4.511184082031250000e+03
4.509443847656250000e+03
4.514261718750000000e+03
4.519881835937500000e+03
4.519055175781250000e+03
4.523009277343750000e+03
4.518012695312500000e+03
4.517570312500000000e+03
4.514067382812500000e+03
4.518718261718750000e+03
4.520325683593750000e+03
4.521691406250000000e+03
4.523398437500000000e+03
4.523277832031250000e+03
4.519179199218750000e+03
4.520244628906250000e+03
4.521245605468750000e+03
4.521978515625000000e+03
4.521000976562500000e+03
4.518760742187500000e+03
4.513957519531250000e+03
4.513582519531250000e+03
4.513222656250000000e+03
4.518700195312500000e+03
4.518885253906250000e+03
4.516505371093750000e+03
4.530481445312500000e+03
4.537039550781250000e+03
4.536425781250000000e+03
4.532156250000000000e+03
4.532153320312500000e+03
4.532499023437500000e+03
4.532593750000000000e+03
4.532053222656250000e+03
4.531005859375000000e+03
4.544189941406250000e+03
4.543181152343750000e+03
4.538629394531250000e+03
4.535192871093750000e+03
4.533821777343750000e+03
4.541532714843750000e+03
4.543836914062500000e+03
4.547354003906250000e+03
4.550167480468750000e+03
4.556398437500000000e+03
4.564654296875000000e+03
4.567394042968750000e+03
4.570228515625000000e+03
4.568571777343750000e+03
4.566610839843750000e+03
4.566989257812500000e+03
4.567423828125000000e+03
4.568965332031250000e+03
4.564789062500000000e+03
4.561233886718750000e+03
4.557393554687500000e+03
4.553103027343750000e+03
4.550038574218750000e+03
4.549659179687500000e+03
4.552510742187500000e+03
4.557050781250000000e+03
4.559876464843750000e+03
4.566045410156250000e+03
4.571997558593750000e+03
4.572215820312500000e+03
4.574121093750000000e+03
4.577666015625000000e+03
4.585904785156250000e+03
4.583374511718750000e+03
4.585965820312500000e+03
4.586679199218750000e+03
4.574847167968750000e+03
4.571458007812500000e+03
4.574192871093750000e+03
4.571626953125000000e+03
4.569791503906250000e+03
4.567980957031250000e+03
4.563958007812500000e+03
4.559247070312500000e+03
4.557614746093750000e+03
4.559203613281250000e+03
4.552024414062500000e+03
4.549271972656250000e+03
4.550871093750000000e+03
4.553075195312500000e+03
4.556749023437500000e+03
4.556072265625000000e+03
4.550105468750000000e+03
4.546990234375000000e+03
4.545801757812500000e+03
4.547479003906250000e+03
4.548395019531250000e+03
4.547434082031250000e+03
4.544869140625000000e+03
4.540466308593750000e+03
4.536494628906250000e+03
4.537329589843750000e+03
4.535874511718750000e+03
4.510770507812500000e+03
4.508750976562500000e+03
4.509893066406250000e+03
4.507070312500000000e+03
4.512327636718750000e+03
4.515726074218750000e+03
4.518673339843750000e+03
4.522396484375000000e+03
4.522767089843750000e+03
4.512037109375000000e+03
4.514164062500000000e+03
4.515514648437500000e+03
4.513540527343750000e+03
4.513202636718750000e+03
4.502282226562500000e+03
4.501106933593750000e+03
4.509270019531250000e+03
4.505685546875000000e+03
4.501815429687500000e+03
4.492908691406250000e+03
4.502065429687500000e+03
4.504774902343750000e+03
4.507438964843750000e+03
4.507975585937500000e+03
4.516151367187500000e+03
4.515338867187500000e+03
4.512158691406250000e+03
4.520482910156250000e+03
4.516447265625000000e+03
4.513401855468750000e+03
4.515237304687500000e+03
4.510899902343750000e+03
4.509001953125000000e+03
4.513163574218750000e+03
4.522474609375000000e+03
4.525343261718750000e+03
4.538031250000000000e+03
4.541479003906250000e+03
4.543126953125000000e+03
4.545237792968750000e+03
4.544415039062500000e+03
4.544183105468750000e+03
4.544985351562500000e+03
4.547465820312500000e+03
4.548447265625000000e+03
4.548701660156250000e+03
4.554845703125000000e+03
4.557396484375000000e+03
4.561852539062500000e+03
4.560565429687500000e+03
4.560020019531250000e+03
4.557397460937500000e+03
4.554002929687500000e+03
4.554083007812500000e+03
4.559394531250000000e+03
4.564926757812500000e+03
4.573542968750000000e+03
4.578406738281250000e+03
4.578367675781250000e+03
4.581281738281250000e+03
4.585013671875000000e+03
4.587152832031250000e+03
4.586599121093750000e+03
4.592657714843750000e+03
4.594972167968750000e+03
4.595240722656250000e+03
4.597166992187500000e+03
4.595757812500000000e+03
4.593121582031250000e+03
4.590745117187500000e+03
4.589616699218750000e+03
4.587070312500000000e+03
4.591648437500000000e+03
4.590926269531250000e+03
4.588632324218750000e+03
4.586054687500000000e+03
4.585729492187500000e+03
4.585273437500000000e+03
4.584335937500000000e+03
4.581418945312500000e+03
4.580039062500000000e+03
4.569095703125000000e+03
4.565125976562500000e+03
4.561290039062500000e+03
4.560969238281250000e+03
4.559227539062500000e+03
4.555294921875000000e+03
4.552578613281250000e+03
4.551102539062500000e+03
4.550536621093750000e+03
4.532640625000000000e+03
4.520241699218750000e+03
4.517913574218750000e+03
4.513791015625000000e+03
4.512000000000000000e+03
4.504453125000000000e+03
4.494470214843750000e+03
4.482085937500000000e+03
4.474464355468750000e+03
4.471551269531250000e+03
4.472507324218750000e+03
4.480198242187500000e+03
4.485919433593750000e+03
4.487717773437500000e+03
4.491731933593750000e+03
4.488908203125000000e+03
4.487889160156250000e+03
4.486219726562500000e+03
4.485104980468750000e+03
4.493589843750000000e+03
4.495692871093750000e+03
4.497510742187500000e+03
4.501588867187500000e+03
4.503710937500000000e+03
4.501561035156250000e+03
4.499895507812500000e+03
4.496711914062500000e+03
4.505272460937500000e+03
4.501206054687500000e+03
4.509207031250000000e+03
4.510535644531250000e+03
4.514131347656250000e+03
4.520710937500000000e+03
4.518362304687500000e+03
4.513891113281250000e+03
4.514572265625000000e+03
4.528803222656250000e+03
4.534208496093750000e+03
4.535613281250000000e+03
4.534555664062500000e+03
4.537388671875000000e+03
4.543267578125000000e+03
4.548266113281250000e+03
4.556445312500000000e+03
4.557766601562500000e+03
4.562445800781250000e+03
4.568662597656250000e+03
4.572237304687500000e+03
4.575495117187500000e+03
4.579029785156250000e+03
4.581443359375000000e+03
4.587455078125000000e+03
4.585770019531250000e+03
4.582850097656250000e+03
4.583588867187500000e+03
4.586186523437500000e+03
4.584159179687500000e+03
4.586717285156250000e+03
4.588678222656250000e+03
4.591484375000000000e+03
4.591294921875000000e+03
4.588096191406250000e+03
4.587601562500000000e+03
4.576289550781250000e+03
4.568108886718750000e+03
4.558179199218750000e+03
4.555927246093750000e+03
4.552448730468750000e+03
4.552097167968750000e+03
4.554473144531250000e+03
4.555718750000000000e+03
4.554758789062500000e+03
4.557052246093750000e+03
4.556869140625000000e+03
4.557223144531250000e+03
4.555434082031250000e+03
4.552919921875000000e+03
4.551289062500000000e+03
4.554754882812500000e+03
4.562602539062500000e+03
4.564559570312500000e+03
4.570305175781250000e+03
4.572739746093750000e+03
4.572527832031250000e+03
4.571637207031250000e+03
4.569345703125000000e+03
4.563842285156250000e+03
4.565230468750000000e+03
4.562955078125000000e+03
4.561701171875000000e+03
4.556551269531250000e+03
4.560100585937500000e+03
4.558166015625000000e+03
4.558366699218750000e+03
4.558651367187500000e+03
4.558098632812500000e+03
4.564488769531250000e+03
4.563793457031250000e+03
4.565496582031250000e+03
4.560940917968750000e+03
4.564522949218750000e+03
4.565959472656250000e+03
4.567131835937500000e+03
4.564271972656250000e+03
4.572269042968750000e+03
4.571970214843750000e+03
4.574170898437500000e+03
4.576400390625000000e+03
4.570421386718750000e+03
4.570498046875000000e+03
4.572040039062500000e+03
4.569581054687500000e+03
4.567163085937500000e+03
4.565451171875000000e+03
4.565523925781250000e+03
4.569617187500000000e+03
4.572059082031250000e+03
4.572187988281250000e+03
4.575325195312500000e+03
4.579583496093750000e+03
4.579909667968750000e+03
4.581452148437500000e+03
4.579707031250000000e+03
4.578604003906250000e+03
4.578729003906250000e+03
4.577816894531250000e+03
4.568888671875000000e+03
4.558031738281250000e+03
4.551030273437500000e+03
4.543861816406250000e+03
4.539285644531250000e+03
4.534173828125000000e+03
4.538944335937500000e+03
4.543142578125000000e+03
4.547445800781250000e+03
4.568377929687500000e+03
4.582257812500000000e+03
4.584487304687500000e+03
4.585325683593750000e+03
4.592297363281250000e+03
4.600685546875000000e+03
4.611148925781250000e+03
4.615373046875000000e+03
4.620445800781250000e+03
4.617995605468750000e+03
4.616026367187500000e+03
4.622180664062500000e+03
4.622965820312500000e+03
4.627373046875000000e+03
4.633772949218750000e+03
4.637051269531250000e+03
4.642609375000000000e+03
4.647958007812500000e+03
4.649458984375000000e+03
4.658634765625000000e+03
4.665166015625000000e+03
4.668012695312500000e+03
4.671956542968750000e+03
4.677338378906250000e+03
4.675299316406250000e+03
4.673333007812500000e+03
4.673160644531250000e+03
4.595536621093750000e+03
4.570329101562500000e+03
4.564842285156250000e+03
4.572292968750000000e+03
4.572705078125000000e+03
4.565711425781250000e+03
4.560754882812500000e+03
4.548202148437500000e+03
4.543288085937500000e+03
4.523248046875000000e+03
4.519219726562500000e+03
4.524853515625000000e+03
4.526064453125000000e+03
4.526031250000000000e+03
4.523345703125000000e+03
4.522941894531250000e+03
4.519527832031250000e+03
4.521266601562500000e+03
4.535663085937500000e+03
4.537425292968750000e+03
4.536984863281250000e+03
4.531558105468750000e+03
4.522688476562500000e+03
4.524118652343750000e+03
4.530450683593750000e+03
4.539838867187500000e+03
4.541627929687500000e+03
4.540640625000000000e+03
4.532380371093750000e+03
4.533168945312500000e+03
4.530118164062500000e+03
4.535747070312500000e+03
4.543122558593750000e+03
4.539555175781250000e+03
4.542515136718750000e+03
4.543786621093750000e+03
4.537242675781250000e+03
4.532553222656250000e+03
4.520600585937500000e+03
4.509657226562500000e+03
4.505998046875000000e+03
4.508780273437500000e+03
4.510820800781250000e+03
4.512464843750000000e+03
4.514585937500000000e+03
4.540532226562500000e+03
4.550541992187500000e+03
4.549660156250000000e+03
4.547265136718750000e+03
4.544585449218750000e+03
4.537572753906250000e+03
4.537439453125000000e+03
4.537336425781250000e+03
4.531803710937500000e+03
4.556124023437500000e+03
4.556488281250000000e+03
4.553606933593750000e+03
4.552937500000000000e+03
4.551708007812500000e+03
4.557183105468750000e+03
4.571170410156250000e+03
4.574379882812500000e+03
4.571833984375000000e+03
4.560649902343750000e+03
4.550100097656250000e+03
4.551433593750000000e+03
4.551417968750000000e+03
4.547773925781250000e+03
4.536407226562500000e+03
4.534742675781250000e+03
4.537176269531250000e+03
4.535231445312500000e+03
4.543911621093750000e+03
4.543891113281250000e+03
4.543233398437500000e+03
4.542985351562500000e+03
4.539604492187500000e+03
4.536303222656250000e+03
4.531449218750000000e+03
4.536701660156250000e+03
4.536778320312500000e+03
4.528520507812500000e+03
4.521090820312500000e+03
4.517577636718750000e+03
4.511090332031250000e+03
4.509903808593750000e+03
4.515195312500000000e+03
4.519090332031250000e+03
4.512617187500000000e+03
4.513954101562500000e+03
4.518595703125000000e+03
4.521185546875000000e+03
4.517130859375000000e+03
4.515008789062500000e+03
4.516520019531250000e+03
4.513669921875000000e+03
4.514122558593750000e+03
4.514585449218750000e+03
4.513348144531250000e+03
4.501800292968750000e+03
4.502634765625000000e+03
4.504865234375000000e+03
4.506805664062500000e+03
4.506360839843750000e+03
4.503071289062500000e+03
4.491208496093750000e+03
4.485111328125000000e+03
4.480182617187500000e+03
4.465967285156250000e+03
4.464902832031250000e+03
4.467027832031250000e+03
4.467580078125000000e+03
4.462111816406250000e+03
4.456309570312500000e+03
4.456062988281250000e+03
4.467107421875000000e+03
4.474515136718750000e+03
4.492886718750000000e+03
4.496682128906250000e+03
4.500830078125000000e+03
4.498628906250000000e+03
4.498321777343750000e+03
4.493155761718750000e+03
4.485716308593750000e+03
4.480631835937500000e+03
4.478185058593750000e+03
4.505628417968750000e+03
4.510471191406250000e+03
4.512919921875000000e+03
4.513987304687500000e+03
4.515168945312500000e+03
4.514105468750000000e+03
4.505186523437500000e+03
4.501684082031250000e+03
4.500174316406250000e+03
4.509679687500000000e+03
4.509797851562500000e+03
4.511821289062500000e+03
4.505110351562500000e+03
4.498725585937500000e+03
4.496423828125000000e+03
4.497153808593750000e+03
4.503155761718750000e+03
4.503958496093750000e+03
4.524962890625000000e+03
4.520570312500000000e+03
4.512313476562500000e+03
4.511469726562500000e+03
4.509468261718750000e+03
4.503614257812500000e+03
4.501246093750000000e+03
4.490954589843750000e+03
4.483302246093750000e+03
4.485776855468750000e+03
4.492755371093750000e+03
4.493520996093750000e+03
4.497389160156250000e+03
4.498234863281250000e+03
4.501744140625000000e+03
4.496408203125000000e+03
4.487593750000000000e+03
4.484782226562500000e+03
4.505264648437500000e+03
4.504852050781250000e+03
4.501438476562500000e+03
4.498605957031250000e+03
4.503219726562500000e+03
4.509366210937500000e+03
4.517551269531250000e+03
4.518745605468750000e+03
4.517669921875000000e+03
4.522648437500000000e+03
4.521945800781250000e+03
4.528170410156250000e+03
4.527897460937500000e+03
4.525149414062500000e+03
4.522608398437500000e+03
4.529442382812500000e+03
4.535249511718750000e+03
4.537159667968750000e+03
4.541676269531250000e+03
4.532622558593750000e+03
4.523242675781250000e+03
4.527674316406250000e+03
4.529413085937500000e+03
4.536274414062500000e+03
4.537853027343750000e+03
4.534349609375000000e+03
4.532174804687500000e+03
4.538308105468750000e+03
4.538703613281250000e+03
4.534214355468750000e+03
4.533090332031250000e+03
4.537738281250000000e+03
4.539313964843750000e+03
4.537976074218750000e+03
4.533857910156250000e+03
4.527569824218750000e+03
4.527910156250000000e+03
4.526906738281250000e+03
4.527708007812500000e+03
4.526492187500000000e+03
4.525897949218750000e+03
4.526650390625000000e+03
4.521539062500000000e+03
4.516774902343750000e+03
4.513679687500000000e+03
4.529775878906250000e+03
4.532608398437500000e+03
4.531175781250000000e+03
4.529688964843750000e+03
4.526758789062500000e+03
4.522407714843750000e+03
4.519637695312500000e+03
4.510544433593750000e+03
4.509193847656250000e+03
4.497405273437500000e+03
4.494450683593750000e+03
4.502002929687500000e+03
4.506035644531250000e+03
4.510536621093750000e+03
4.513294433593750000e+03
4.509727539062500000e+03
4.505751464843750000e+03
4.505704589843750000e+03
4.491333007812500000e+03
4.490005371093750000e+03
4.491463867187500000e+03
4.490003906250000000e+03
4.485902832031250000e+03
4.486809082031250000e+03
4.493087402343750000e+03
4.489955566406250000e+03
4.487208496093750000e+03
4.483017089843750000e+03
4.487014160156250000e+03
4.490867187500000000e+03
4.487879394531250000e+03
4.482067382812500000e+03
4.476641113281250000e+03
4.481124511718750000e+03
4.476931152343750000e+03
4.475803222656250000e+03
4.485203125000000000e+03
4.470423828125000000e+03
4.456062500000000000e+03
4.468479980468750000e+03
4.471431152343750000e+03
4.478137695312500000e+03
4.481042968750000000e+03
4.485502929687500000e+03
4.487697753906250000e+03
4.506151367187500000e+03
4.499009277343750000e+03
4.498548339843750000e+03
4.499583007812500000e+03
4.494974121093750000e+03
4.495363769531250000e+03
4.496117675781250000e+03
4.498866210937500000e+03
4.497622558593750000e+03
4.495014160156250000e+03
4.489886718750000000e+03
4.488225585937500000e+03
4.493183593750000000e+03
4.488363281250000000e+03
4.491294921875000000e+03
4.493295898437500000e+03
4.491060546875000000e+03
4.489745605468750000e+03
4.480864746093750000e+03
4.473127929687500000e+03
4.473554687500000000e+03
4.470133300781250000e+03
4.470856445312500000e+03
4.476881347656250000e+03
4.483390136718750000e+03
4.482254394531250000e+03
4.480142089843750000e+03
4.476100585937500000e+03
4.475025390625000000e+03
4.480259765625000000e+03
4.487824218750000000e+03
4.482762207031250000e+03
4.497656250000000000e+03
4.506365722656250000e+03
4.513329101562500000e+03
4.515052734375000000e+03
4.532890625000000000e+03
4.534251953125000000e+03
4.534880371093750000e+03
4.534767089843750000e+03
4.534587890625000000e+03
4.528649902343750000e+03
4.525008789062500000e+03
4.519724121093750000e+03
4.518164550781250000e+03
4.512578125000000000e+03
4.506944824218750000e+03
4.501404785156250000e+03
4.500912109375000000e+03
4.495733398437500000e+03
4.495607910156250000e+03
4.492400390625000000e+03
4.489289062500000000e+03
4.487711914062500000e+03
4.493308105468750000e+03
4.497020996093750000e+03
4.498176269531250000e+03
4.499054199218750000e+03
4.495839355468750000e+03
4.490573730468750000e+03
4.490124511718750000e+03
4.486708984375000000e+03
4.487298339843750000e+03
4.494277343750000000e+03
4.501798339843750000e+03
4.503548828125000000e+03
4.502452636718750000e+03
4.504391601562500000e+03
4.506188476562500000e+03
4.512658691406250000e+03
4.510373535156250000e+03
4.508437988281250000e+03
4.494939941406250000e+03
4.485719238281250000e+03
4.480434082031250000e+03
4.474190429687500000e+03
4.472216308593750000e+03
4.470302734375000000e+03
4.474547363281250000e+03
4.475331054687500000e+03
4.472596679687500000e+03
4.463426757812500000e+03
4.460804199218750000e+03
4.467577148437500000e+03
4.468735351562500000e+03
4.467080078125000000e+03
4.469118164062500000e+03
4.467661621093750000e+03
4.472216796875000000e+03
4.470813964843750000e+03
4.469225097656250000e+03
4.455648437500000000e+03
4.450306640625000000e+03
4.452251953125000000e+03
4.449206542968750000e+03
4.443547363281250000e+03
4.441479980468750000e+03
4.437883789062500000e+03
4.442715820312500000e+03
4.432062500000000000e+03
4.430124511718750000e+03
4.426373535156250000e+03
4.424908203125000000e+03
4.425541503906250000e+03
4.425148437500000000e+03
4.427460937500000000e+03
4.427078125000000000e+03
4.424686035156250000e+03
4.431328613281250000e+03
4.433548339843750000e+03
4.430607910156250000e+03
4.427200195312500000e+03
4.430452636718750000e+03
4.430179199218750000e+03
4.430906250000000000e+03
4.424648437500000000e+03
4.423566894531250000e+03
4.426185546875000000e+03
4.420243164062500000e+03
4.423205078125000000e+03
4.426825683593750000e+03
4.426383789062500000e+03
4.428895019531250000e+03
4.430018554687500000e+03
4.437698730468750000e+03
4.441622070312500000e+03
4.461064453125000000e+03
4.462291015625000000e+03
4.465468261718750000e+03
4.468823730468750000e+03
4.468985351562500000e+03
4.472174316406250000e+03
4.471990234375000000e+03
4.461570312500000000e+03
4.453914062500000000e+03
4.461038085937500000e+03
4.457579101562500000e+03
4.445665527343750000e+03
4.442901855468750000e+03
4.445867187500000000e+03
4.441968261718750000e+03
4.435259765625000000e+03
4.425232421875000000e+03
4.426412597656250000e+03
4.422992675781250000e+03
4.430472656250000000e+03
4.426673339843750000e+03
4.422554199218750000e+03
4.415656738281250000e+03
4.408785644531250000e+03
4.412457519531250000e+03
4.408688476562500000e+03
4.404773925781250000e+03
4.398676269531250000e+03
4.404139160156250000e+03
4.410922363281250000e+03
4.411801269531250000e+03
4.412436035156250000e+03
4.416665039062500000e+03
4.411735351562500000e+03
4.403076660156250000e+03
4.404504394531250000e+03
4.408756347656250000e+03
4.410440917968750000e+03
4.405522460937500000e+03
4.410044433593750000e+03
4.414078125000000000e+03
4.413531738281250000e+03
4.414578125000000000e+03
4.411050292968750000e+03
4.406556640625000000e+03
4.417589843750000000e+03
4.417963378906250000e+03
4.420990234375000000e+03
4.426561523437500000e+03
4.427258789062500000e+03
4.416088867187500000e+03
4.414237792968750000e+03
4.418076660156250000e+03
4.428462890625000000e+03
4.420847656250000000e+03
4.422227050781250000e+03
4.424666992187500000e+03
4.421166503906250000e+03
4.415848632812500000e+03
4.413454101562500000e+03
4.418335449218750000e+03
4.414761718750000000e+03
4.412261718750000000e+03
4.445929199218750000e+03
4.452210937500000000e+03
4.453095214843750000e+03
4.456625488281250000e+03
4.453768554687500000e+03
4.453135253906250000e+03
4.458665527343750000e+03
4.467063476562500000e+03
4.469148437500000000e+03
4.459802734375000000e+03
4.459962402343750000e+03
4.461032226562500000e+03
4.462244628906250000e+03
4.466592285156250000e+03
4.471009277343750000e+03
4.473339843750000000e+03
4.471391113281250000e+03
4.469424804687500000e+03
4.475473632812500000e+03
4.480489746093750000e+03
4.483621093750000000e+03
4.483335449218750000e+03
4.480696289062500000e+03
4.474772460937500000e+03
4.465945800781250000e+03
4.465097167968750000e+03
4.463812988281250000e+03
4.459396484375000000e+03
4.455937500000000000e+03
4.443728027343750000e+03
4.441957031250000000e+03
4.443788085937500000e+03
4.448497070312500000e+03
4.448817871093750000e+03
4.437481933593750000e+03
4.428656250000000000e+03
4.427205078125000000e+03
4.422823242187500000e+03
4.425123535156250000e+03
4.430306152343750000e+03
4.432027343750000000e+03
4.432811523437500000e+03
4.433781250000000000e+03
4.441257812500000000e+03
4.437264160156250000e+03
4.441060546875000000e+03
4.435700683593750000e+03
4.433856933593750000e+03
4.431403320312500000e+03
4.428258789062500000e+03
4.422487792968750000e+03
4.418218750000000000e+03
4.429704589843750000e+03
4.435695800781250000e+03
4.435197753906250000e+03
4.439688964843750000e+03
4.435877929687500000e+03
4.424278320312500000e+03
4.420843261718750000e+03
4.420230957031250000e+03
4.413951171875000000e+03
4.412299804687500000e+03
4.410953613281250000e+03
4.401486816406250000e+03
4.399262695312500000e+03
4.405006835937500000e+03
4.409616699218750000e+03
4.407365722656250000e+03
4.406314941406250000e+03
4.404323242187500000e+03
4.400647460937500000e+03
4.399597167968750000e+03
4.387292968750000000e+03
4.384529785156250000e+03
4.381355468750000000e+03
4.377053710937500000e+03
4.376324218750000000e+03
4.372968750000000000e+03
4.375936035156250000e+03
4.370954101562500000e+03
4.366053222656250000e+03
4.359776855468750000e+03
4.359008300781250000e+03
4.350672851562500000e+03
4.349262695312500000e+03
4.349824707031250000e+03
4.350332519531250000e+03
4.352251953125000000e+03
4.356383789062500000e+03
4.361076171875000000e+03
4.363437011718750000e+03
4.365808105468750000e+03
4.372055175781250000e+03
4.375461425781250000e+03
4.375854492187500000e+03
4.376617187500000000e+03
4.376784667968750000e+03
4.383482910156250000e+03
4.382815429687500000e+03
4.376812988281250000e+03
4.377413574218750000e+03
4.376420898437500000e+03
4.379924316406250000e+03
4.382619140625000000e+03
4.383864257812500000e+03
4.378979980468750000e+03
4.381567382812500000e+03
4.387111328125000000e+03
4.375909179687500000e+03
4.368457519531250000e+03
4.368201171875000000e+03
4.367313964843750000e+03
4.364835937500000000e+03
4.374129882812500000e+03
4.374975097656250000e+03
4.376652343750000000e+03
4.374744140625000000e+03
4.372334960937500000e+03
4.375769042968750000e+03
4.374998046875000000e+03
4.372310546875000000e+03
4.364677734375000000e+03
4.367585449218750000e+03
4.365900878906250000e+03
4.358724121093750000e+03
4.357148925781250000e+03
4.361104492187500000e+03
4.364860839843750000e+03
4.367345703125000000e+03
4.368614257812500000e+03
4.366826171875000000e+03
4.368189941406250000e+03
4.364666015625000000e+03
4.363671386718750000e+03
4.361720703125000000e+03
4.370701171875000000e+03
4.375194824218750000e+03
4.378787109375000000e+03
4.381572265625000000e+03
4.382614257812500000e+03
4.379579101562500000e+03
4.381762695312500000e+03
4.381384277343750000e+03
4.379961425781250000e+03
4.384464355468750000e+03
4.382519531250000000e+03
4.380359863281250000e+03
4.379428710937500000e+03
4.385631835937500000e+03
4.396216796875000000e+03
4.401337890625000000e+03
4.401630859375000000e+03
4.399771972656250000e+03
4.427639648437500000e+03
4.440073730468750000e+03
4.444456542968750000e+03
4.447388671875000000e+03
4.449169433593750000e+03
4.450135253906250000e+03
4.455025390625000000e+03
4.454031250000000000e+03
4.448349121093750000e+03
4.455032226562500000e+03
4.451731933593750000e+03
4.448628906250000000e+03
4.448045898437500000e+03
4.456979492187500000e+03
4.461254882812500000e+03
4.457888671875000000e+03
4.453189941406250000e+03
4.451602050781250000e+03
4.454038085937500000e+03
4.447995117187500000e+03
4.444629394531250000e+03
4.443377441406250000e+03
4.444203125000000000e+03
4.443565917968750000e+03
4.442396484375000000e+03
4.441425292968750000e+03
4.441239746093750000e+03
4.440272460937500000e+03
4.435784179687500000e+03
4.434377441406250000e+03
4.431303710937500000e+03
4.430860351562500000e+03
4.435458007812500000e+03
4.436835449218750000e+03
4.442022949218750000e+03
4.439876953125000000e+03
4.432860351562500000e+03
4.429127929687500000e+03
4.433178710937500000e+03
4.438261230468750000e+03
4.444023437500000000e+03
4.450491699218750000e+03
4.461998046875000000e+03
4.457484375000000000e+03
4.453242187500000000e+03
4.460470703125000000e+03
4.465482421875000000e+03
4.473460937500000000e+03
4.472777343750000000e+03
4.475596191406250000e+03
4.476014160156250000e+03
4.478178710937500000e+03
4.478689941406250000e+03
4.482879394531250000e+03
4.470726074218750000e+03
4.468326660156250000e+03
4.463581054687500000e+03
4.459097656250000000e+03
4.463928222656250000e+03
4.466946289062500000e+03
4.463754394531250000e+03
4.458188964843750000e+03
4.463192871093750000e+03
4.479312011718750000e+03
4.483113769531250000e+03
4.482352050781250000e+03
4.478285644531250000e+03
4.473344726562500000e+03
4.474576660156250000e+03
4.474312011718750000e+03
4.478259277343750000e+03
4.482151367187500000e+03
4.489738281250000000e+03
4.491574218750000000e+03
4.490270507812500000e+03
4.489351074218750000e+03
4.490306640625000000e+03
4.507464843750000000e+03
4.514450195312500000e+03
4.519835937500000000e+03
4.520080078125000000e+03
4.533787109375000000e+03
4.529927734375000000e+03
4.530566406250000000e+03
4.534696289062500000e+03
4.534301757812500000e+03
4.531786132812500000e+03
4.528583984375000000e+03
4.530147949218750000e+03
4.530882812500000000e+03
4.532767089843750000e+03
4.530242675781250000e+03
4.528725585937500000e+03
4.527029785156250000e+03
4.526022949218750000e+03
4.531476562500000000e+03
4.530903320312500000e+03
4.527414550781250000e+03
4.524093261718750000e+03
4.534771972656250000e+03
4.539622558593750000e+03
4.545820312500000000e+03
4.543809082031250000e+03
4.542779296875000000e+03
4.543614746093750000e+03
4.544212890625000000e+03
4.544503906250000000e+03
4.544506835937500000e+03
4.544256347656250000e+03
4.544123535156250000e+03
4.545092285156250000e+03
4.543684570312500000e+03
4.541302246093750000e+03
4.543038574218750000e+03
4.544978027343750000e+03
4.546425781250000000e+03
4.546612792968750000e+03
4.545875000000000000e+03
4.544372070312500000e+03
4.545010253906250000e+03
4.544618652343750000e+03
4.542920410156250000e+03
4.540144042968750000e+03
4.542304687500000000e+03
4.541322265625000000e+03
4.540265136718750000e+03
4.547388183593750000e+03
4.546410644531250000e+03
4.550529296875000000e+03
4.549377441406250000e+03
4.547922363281250000e+03
4.551592285156250000e+03
4.551209960937500000e+03
4.552555175781250000e+03
4.552474609375000000e+03
4.554009765625000000e+03
4.554326660156250000e+03
4.553743164062500000e+03
4.554550781250000000e+03
4.554475585937500000e+03
4.555716796875000000e+03
4.557095703125000000e+03
4.557664550781250000e+03
4.558376464843750000e+03
4.556772460937500000e+03
4.559599121093750000e+03
4.564785644531250000e+03
4.563754394531250000e+03
4.562995117187500000e+03
4.562380859375000000e+03
4.563109863281250000e+03
4.564730468750000000e+03
4.565183593750000000e+03
4.564744140625000000e+03
4.560537109375000000e+03
4.562588378906250000e+03
4.561444824218750000e+03
4.562724609375000000e+03
4.562617187500000000e+03
4.562375000000000000e+03
4.559832031250000000e+03
4.556508789062500000e+03
4.546459960937500000e+03
4.544510253906250000e+03
4.544999023437500000e+03
4.543073242187500000e+03
4.542039062500000000e+03
4.542824707031250000e+03
4.542613281250000000e+03
4.546099121093750000e+03
4.548019531250000000e+03
4.558000488281250000e+03
4.564042480468750000e+03
4.564678710937500000e+03
4.564468261718750000e+03
4.566295410156250000e+03
4.566675781250000000e+03
4.564894531250000000e+03
4.568055664062500000e+03
4.566665039062500000e+03
4.563121582031250000e+03
4.565412109375000000e+03
4.570805664062500000e+03
4.571726074218750000e+03
4.574757812500000000e+03
4.575563476562500000e+03
4.573535156250000000e+03
4.572539062500000000e+03
4.573642578125000000e+03
4.587335449218750000e+03
4.591290527343750000e+03
4.592918945312500000e+03
4.593478027343750000e+03
4.591443359375000000e+03
4.588163574218750000e+03
4.589449218750000000e+03
4.593996093750000000e+03
4.596789550781250000e+03
4.598725097656250000e+03
4.595647460937500000e+03
4.596769042968750000e+03
4.596945312500000000e+03
4.595946289062500000e+03
4.595702148437500000e+03
4.598403808593750000e+03
4.598420898437500000e+03
4.597498046875000000e+03
4.601250488281250000e+03
4.606708984375000000e+03
4.605146484375000000e+03
4.606209472656250000e+03
4.609707519531250000e+03
4.613118652343750000e+03
4.616837402343750000e+03
4.625205566406250000e+03
4.628632812500000000e+03
4.638075195312500000e+03
4.640403320312500000e+03
4.646172363281250000e+03
4.651730468750000000e+03
4.656007324218750000e+03
4.663449218750000000e+03
4.668533691406250000e+03
4.675659179687500000e+03
4.676215332031250000e+03
4.670750976562500000e+03
4.669483886718750000e+03
4.669506835937500000e+03
4.669815429687500000e+03
4.667015136718750000e+03
4.663948242187500000e+03
4.663258789062500000e+03
4.664010253906250000e+03
4.664882812500000000e+03
4.674634277343750000e+03
4.686371582031250000e+03
4.693739746093750000e+03
4.692942871093750000e+03
4.694679687500000000e+03
4.700332519531250000e+03
4.711526367187500000e+03
4.726781738281250000e+03
4.732091308593750000e+03
4.734823242187500000e+03
4.739340820312500000e+03
4.741964843750000000e+03
4.745869628906250000e+03
4.754814941406250000e+03
4.756255371093750000e+03
4.759366699218750000e+03
4.764179199218750000e+03
4.767652832031250000e+03
4.775788085937500000e+03
4.783708496093750000e+03
4.779746582031250000e+03
4.774859863281250000e+03
4.773521972656250000e+03
4.775077148437500000e+03
4.774794921875000000e+03
4.776069335937500000e+03
4.773129882812500000e+03
4.778229492187500000e+03
4.781707519531250000e+03
4.780587402343750000e+03
4.779400878906250000e+03
4.779881347656250000e+03
4.779300781250000000e+03
4.779488281250000000e+03
4.775126953125000000e+03
4.768615722656250000e+03
4.796059082031250000e+03
4.800666992187500000e+03
4.808966308593750000e+03
4.808013183593750000e+03
4.805743652343750000e+03
4.807499511718750000e+03
4.797449707031250000e+03
4.784055664062500000e+03
4.784468750000000000e+03
4.797725585937500000e+03
4.801229003906250000e+03
4.808332031250000000e+03
4.806149414062500000e+03
4.800257812500000000e+03
4.793175292968750000e+03
4.791149902343750000e+03
4.793706054687500000e+03
4.793672363281250000e+03
4.778669921875000000e+03
4.776919433593750000e+03
4.772287109375000000e+03
4.767611328125000000e+03
4.764791503906250000e+03
4.762783691406250000e+03
4.756308105468750000e+03
4.748342285156250000e+03
4.745865234375000000e+03
4.748765136718750000e+03
4.750638183593750000e+03
4.752560058593750000e+03
4.753093261718750000e+03
4.755711425781250000e+03
4.757515136718750000e+03
4.757903808593750000e+03
4.759620117187500000e+03
4.761693847656250000e+03
4.762243652343750000e+03
4.755346679687500000e+03
4.754990722656250000e+03
4.755383789062500000e+03
4.755963867187500000e+03
4.758730957031250000e+03
4.755900878906250000e+03
4.756340332031250000e+03
4.758345214843750000e+03
4.748163574218750000e+03
4.744358398437500000e+03
4.735865234375000000e+03
4.730352050781250000e+03
4.728751953125000000e+03
4.733256347656250000e+03
4.734050781250000000e+03
4.733710449218750000e+03
4.737550292968750000e+03
4.731104492187500000e+03
4.730088867187500000e+03
4.730484863281250000e+03
4.731901855468750000e+03
4.732611328125000000e+03
4.737030761718750000e+03
4.739754882812500000e+03
4.739927246093750000e+03
4.739181152343750000e+03
4.749036132812500000e+03
4.751132812500000000e+03
4.754065429687500000e+03
4.756246582031250000e+03
4.759269531250000000e+03
4.761347656250000000e+03
4.756939941406250000e+03
4.754355957031250000e+03
4.753916015625000000e+03
4.757190917968750000e+03
4.751942871093750000e+03
4.749824707031250000e+03
4.745702148437500000e+03
4.741662109375000000e+03
4.740896972656250000e+03
4.740019042968750000e+03
4.737605957031250000e+03
4.734662597656250000e+03
4.743866210937500000e+03
4.748465332031250000e+03
4.749460449218750000e+03
4.751235839843750000e+03
4.752627929687500000e+03
4.754071289062500000e+03
4.754922851562500000e+03
4.754502441406250000e+03
4.748627929687500000e+03
4.732719726562500000e+03
4.711183593750000000e+03
4.698093261718750000e+03
4.688203125000000000e+03
4.674318359375000000e+03
4.666035644531250000e+03
4.650725097656250000e+03
4.642707519531250000e+03
4.638541503906250000e+03
4.644378906250000000e+03
4.646509277343750000e+03
4.647597656250000000e+03
4.642009277343750000e+03
4.640923339843750000e+03
4.639396484375000000e+03
4.641660644531250000e+03
4.649294921875000000e+03
4.655476074218750000e+03
4.638708496093750000e+03
4.628869140625000000e+03
4.622313964843750000e+03
4.620825683593750000e+03
4.619848144531250000e+03
4.622538574218750000e+03
4.632858398437500000e+03
4.643809082031250000e+03
4.644366699218750000e+03
4.644182128906250000e+03
4.639750000000000000e+03
4.642014648437500000e+03
4.644217773437500000e+03
4.648627441406250000e+03
4.651992675781250000e+03
4.661467285156250000e+03
4.666817382812500000e+03
4.669066406250000000e+03
4.666788085937500000e+03
4.664716796875000000e+03
4.662734375000000000e+03
4.655195800781250000e+03
4.654329101562500000e+03
4.648959960937500000e+03
4.646370117187500000e+03
4.651908691406250000e+03
4.654166503906250000e+03
4.655152832031250000e+03
4.662114257812500000e+03
4.659622070312500000e+03
4.655211914062500000e+03
4.655322265625000000e+03
4.654938476562500000e+03
4.655494628906250000e+03
4.656508789062500000e+03
4.657562500000000000e+03
4.680537597656250000e+03
4.681347167968750000e+03
4.676825195312500000e+03
4.677247070312500000e+03
4.676965820312500000e+03
4.670492187500000000e+03
4.673362304687500000e+03
4.658934082031250000e+03
4.646440917968750000e+03
4.668008300781250000e+03
4.670818847656250000e+03
4.670810058593750000e+03
4.665281738281250000e+03
4.660553710937500000e+03
4.663915527343750000e+03
4.671178222656250000e+03
4.668868652343750000e+03
4.668408203125000000e+03
4.666992675781250000e+03
4.663912597656250000e+03
4.664460937500000000e+03
4.660445800781250000e+03
4.655728515625000000e+03
4.651076660156250000e+03
4.648058105468750000e+03
4.647004394531250000e+03
4.645191406250000000e+03
4.628840332031250000e+03
4.627614746093750000e+03
4.621086914062500000e+03
4.622528808593750000e+03
4.625125976562500000e+03
4.621084472656250000e+03
4.619997070312500000e+03
4.625430175781250000e+03
4.625872558593750000e+03
4.601275390625000000e+03
4.597695800781250000e+03
4.594604003906250000e+03
4.592988769531250000e+03
4.592000976562500000e+03
4.585677734375000000e+03
4.580034179687500000e+03
4.581963378906250000e+03
4.586295898437500000e+03
4.593423828125000000e+03
4.597812988281250000e+03
4.602841308593750000e+03
4.609213378906250000e+03
4.615034667968750000e+03
4.615273925781250000e+03
4.620333496093750000e+03
4.625181640625000000e+03
4.628057128906250000e+03
4.643040527343750000e+03
4.644815917968750000e+03
4.645506835937500000e+03
4.649055664062500000e+03
4.649584472656250000e+03
4.646505371093750000e+03
4.640331542968750000e+03
4.638202148437500000e+03
4.637152832031250000e+03
4.656930175781250000e+03
4.658531250000000000e+03
4.657161132812500000e+03
4.658789062500000000e+03
4.657608886718750000e+03
4.658489746093750000e+03
4.666088867187500000e+03
4.669463867187500000e+03
4.670409179687500000e+03
4.668330566406250000e+03
4.663423339843750000e+03
4.661132324218750000e+03
4.660177246093750000e+03
4.661251953125000000e+03
4.659691894531250000e+03
4.656330566406250000e+03
4.657077148437500000e+03
4.656669433593750000e+03
4.689162597656250000e+03
4.708255859375000000e+03
4.721973144531250000e+03
4.738073242187500000e+03
4.751485839843750000e+03
4.762420410156250000e+03
4.774354980468750000e+03
4.783506347656250000e+03
4.790506835937500000e+03
4.794574218750000000e+03
4.797194824218750000e+03
4.794374511718750000e+03
4.791301269531250000e+03
4.788553222656250000e+03
4.798884277343750000e+03
4.810880371093750000e+03
4.814387695312500000e+03
4.818117187500000000e+03
4.828957519531250000e+03
4.844180664062500000e+03
4.853808105468750000e+03
4.860257812500000000e+03
4.868136230468750000e+03
4.871228515625000000e+03
4.871488281250000000e+03
4.874670410156250000e+03
4.876229980468750000e+03
4.875967773437500000e+03
4.873694824218750000e+03
4.873647949218750000e+03
4.873317871093750000e+03
4.871449218750000000e+03
4.870495605468750000e+03
4.874064453125000000e+03
4.875637695312500000e+03
4.877393066406250000e+03
4.885967285156250000e+03
4.889665527343750000e+03
4.893745605468750000e+03
4.896104980468750000e+03
4.895625976562500000e+03
4.894981933593750000e+03
4.896616699218750000e+03
4.895467773437500000e+03
4.896145996093750000e+03
4.900015625000000000e+03
4.898463867187500000e+03
4.896172851562500000e+03
4.898218750000000000e+03
4.898778808593750000e+03
4.899984375000000000e+03
4.897310058593750000e+03
4.890746582031250000e+03
4.889606933593750000e+03
4.882104980468750000e+03
4.881229003906250000e+03
4.881637695312500000e+03
4.883900390625000000e+03
4.888465820312500000e+03
4.889317871093750000e+03
4.887906738281250000e+03
4.882611328125000000e+03
4.876856933593750000e+03
4.892161621093750000e+03
4.897736816406250000e+03
4.901103027343750000e+03
4.901261718750000000e+03
4.903375976562500000e+03
4.898016113281250000e+03
4.894654296875000000e+03
4.895319335937500000e+03
4.893079589843750000e+03
4.893881347656250000e+03
4.891349609375000000e+03
4.894941406250000000e+03
4.897860839843750000e+03
4.897640625000000000e+03
4.891767089843750000e+03
4.890618652343750000e+03
4.888712402343750000e+03
4.888923828125000000e+03
4.900699218750000000e+03
4.898506835937500000e+03
4.898310058593750000e+03
4.898852050781250000e+03
4.900637207031250000e+03
4.904031250000000000e+03
4.907547363281250000e+03
4.910799804687500000e+03
4.913856933593750000e+03
4.915292480468750000e+03
4.915110839843750000e+03
4.911718750000000000e+03
4.910851562500000000e+03
4.912869140625000000e+03
4.913488281250000000e+03
4.911943359375000000e+03
4.912134277343750000e+03
4.909889160156250000e+03
4.914525878906250000e+03
4.919625000000000000e+03
4.920462402343750000e+03
4.920642578125000000e+03
4.924514160156250000e+03
4.927437988281250000e+03
4.929485351562500000e+03
4.928557617187500000e+03
4.926812011718750000e+03
4.927623046875000000e+03
4.926790039062500000e+03
4.929322265625000000e+03
4.930312011718750000e+03
4.931474121093750000e+03
4.931484375000000000e+03
4.927782714843750000e+03
4.926058593750000000e+03
4.928972656250000000e+03
4.934604492187500000e+03
4.937029785156250000e+03
4.939383789062500000e+03
4.937443847656250000e+03
4.936342285156250000e+03
4.936164550781250000e+03
4.938802246093750000e+03
4.942312500000000000e+03
4.943538085937500000e+03
4.936449218750000000e+03
4.930322753906250000e+03
4.928448242187500000e+03
4.925729003906250000e+03
4.924300781250000000e+03
4.919145507812500000e+03
4.912520996093750000e+03
4.911927734375000000e+03
4.914437011718750000e+03
4.915499023437500000e+03
4.918693847656250000e+03
4.921204589843750000e+03
4.923279296875000000e+03
4.924864746093750000e+03
4.924666503906250000e+03
4.923929687500000000e+03
4.926158203125000000e+03
4.926125000000000000e+03
4.937333007812500000e+03
4.941795410156250000e+03
4.942080566406250000e+03
4.942967285156250000e+03
4.945187988281250000e+03
4.943217285156250000e+03
4.941534667968750000e+03
4.943277832031250000e+03
4.943617187500000000e+03
4.953520507812500000e+03
4.956873046875000000e+03
4.958854492187500000e+03
4.958133789062500000e+03
4.956927734375000000e+03
4.955772949218750000e+03
4.953106445312500000e+03
4.952622070312500000e+03
4.954310546875000000e+03
4.949602539062500000e+03
4.949487304687500000e+03
4.948769042968750000e+03
4.948732421875000000e+03
4.949406250000000000e+03
4.950522460937500000e+03
4.951834960937500000e+03
4.953561035156250000e+03
4.954055664062500000e+03
4.952458984375000000e+03
4.953048828125000000e+03
4.953217285156250000e+03
4.952401367187500000e+03
4.953816406250000000e+03
4.952599121093750000e+03
4.950885742187500000e+03
4.952941894531250000e+03
4.954345703125000000e+03
4.953243164062500000e+03
4.955605468750000000e+03
4.959787109375000000e+03
4.960336425781250000e+03
4.960686035156250000e+03
4.958649414062500000e+03
4.958205566406250000e+03
4.958251953125000000e+03
4.958740722656250000e+03
4.978851074218750000e+03
4.979194335937500000e+03
4.979996093750000000e+03
4.983388671875000000e+03
4.985864257812500000e+03
4.986986328125000000e+03
4.991239746093750000e+03
4.990978515625000000e+03
4.990645996093750000e+03
4.991289550781250000e+03
4.991904785156250000e+03
4.993049316406250000e+03
4.994795898437500000e+03
4.995858886718750000e+03
4.996783203125000000e+03
4.998014160156250000e+03
4.998102539062500000e+03
4.996984863281250000e+03
4.995058105468750000e+03
4.994519531250000000e+03
4.994121582031250000e+03
4.994755371093750000e+03
4.994498046875000000e+03
4.994934082031250000e+03
4.994835937500000000e+03
4.995006347656250000e+03
4.994410644531250000e+03
4.995339355468750000e+03
4.996764160156250000e+03
4.998655273437500000e+03
4.998576660156250000e+03
4.999481445312500000e+03
4.998395996093750000e+03
4.999243164062500000e+03
5.000871582031250000e+03
5.001365234375000000e+03
4.999851562500000000e+03
4.999281250000000000e+03
4.999326660156250000e+03
4.999965332031250000e+03
4.999680664062500000e+03
5.000050292968750000e+03
4.999204101562500000e+03
4.999281250000000000e+03
5.000074218750000000e+03
5.002566894531250000e+03
5.002387695312500000e+03
5.000513183593750000e+03
5.000754394531250000e+03
5.000089843750000000e+03
5.000166992187500000e+03
5.001819824218750000e+03
5.001079101562500000e+03
5.000613281250000000e+03
5.002349609375000000e+03
5.002824707031250000e+03
5.001038085937500000e+03
5.001776855468750000e+03
5.002522460937500000e+03
5.002103515625000000e+03
5.000479980468750000e+03
5.002156738281250000e+03
5.003802734375000000e+03
5.005860351562500000e+03
5.006723632812500000e+03
5.007041015625000000e+03
5.006693359375000000e+03
5.008262695312500000e+03
5.008774414062500000e+03
5.007627441406250000e+03
5.007264160156250000e+03
5.008410644531250000e+03
5.006189941406250000e+03
5.005114746093750000e+03
5.005823242187500000e+03
5.006908203125000000e+03
5.007004394531250000e+03
5.006726074218750000e+03
5.007022949218750000e+03
5.005282226562500000e+03
5.003555664062500000e+03
5.006305175781250000e+03
5.009079589843750000e+03
5.008780761718750000e+03
5.007563476562500000e+03
5.007951171875000000e+03
5.008737792968750000e+03
5.010148925781250000e+03
5.010003417968750000e+03
5.010125000000000000e+03
5.007935058593750000e+03
5.009935058593750000e+03
5.012735839843750000e+03
5.014070800781250000e+03
5.015067382812500000e+03
5.018274902343750000e+03
5.022051757812500000e+03
5.024133789062500000e+03
5.025066406250000000e+03
5.025420410156250000e+03
5.026344726562500000e+03
5.026961914062500000e+03
5.026387207031250000e+03
5.025083007812500000e+03
5.026225585937500000e+03
5.026061523437500000e+03
5.026070312500000000e+03
5.024770019531250000e+03
5.015839843750000000e+03
5.015067382812500000e+03
5.015603515625000000e+03
5.015720214843750000e+03
5.014661132812500000e+03
5.014934082031250000e+03
5.012818847656250000e+03
5.012667968750000000e+03
5.013874511718750000e+03
5.016517089843750000e+03
5.015784667968750000e+03
5.015831054687500000e+03
5.016126464843750000e+03
5.017033691406250000e+03
5.017657226562500000e+03
5.020212402343750000e+03
5.024467285156250000e+03
5.026438964843750000e+03
5.027853515625000000e+03
5.029786621093750000e+03
5.031822265625000000e+03
5.032604980468750000e+03
5.032109863281250000e+03
5.032567382812500000e+03
5.032612792968750000e+03
5.032253417968750000e+03
5.031732421875000000e+03
5.033921875000000000e+03
5.034888183593750000e+03
5.035404296875000000e+03
5.035637207031250000e+03
5.035388183593750000e+03
5.033360839843750000e+03
5.030851074218750000e+03
5.030167968750000000e+03
5.029965820312500000e+03
5.030228027343750000e+03
5.031788574218750000e+03
5.033327636718750000e+03
5.034268066406250000e+03
5.034771972656250000e+03
5.033791992187500000e+03
5.033239257812500000e+03
5.033349609375000000e+03
5.032012207031250000e+03
5.030627929687500000e+03
5.031241699218750000e+03
5.030931640625000000e+03
5.030713378906250000e+03
5.030289550781250000e+03
5.028971679687500000e+03
5.027757324218750000e+03
5.027404785156250000e+03
5.027850585937500000e+03
5.027718750000000000e+03
5.028444335937500000e+03
5.029017089843750000e+03
5.028414550781250000e+03
5.029130371093750000e+03
5.029495117187500000e+03
5.029105957031250000e+03
5.030169433593750000e+03
5.031438964843750000e+03
5.029377441406250000e+03
5.029578613281250000e+03
5.030741210937500000e+03
5.031673339843750000e+03
5.031300781250000000e+03
5.031050781250000000e+03
5.030986816406250000e+03
5.030566406250000000e+03
5.030666503906250000e+03
5.037848144531250000e+03
5.037116210937500000e+03
5.035949218750000000e+03
5.036256347656250000e+03
5.037184570312500000e+03
5.037630371093750000e+03
5.038589843750000000e+03
5.039802246093750000e+03
5.040282226562500000e+03
5.037953125000000000e+03
5.037768554687500000e+03
5.037502441406250000e+03
5.036293945312500000e+03
5.035564453125000000e+03
5.036052734375000000e+03
5.035482421875000000e+03
5.036417968750000000e+03
5.037106933593750000e+03
5.037137207031250000e+03
5.036380859375000000e+03
5.035432617187500000e+03
5.035162109375000000e+03
5.035179687500000000e+03
5.036665039062500000e+03
5.038792968750000000e+03
5.039345703125000000e+03
5.039288574218750000e+03
5.039195312500000000e+03
5.039987304687500000e+03
5.041473144531250000e+03
5.042290039062500000e+03
5.042871093750000000e+03
5.042863769531250000e+03
5.043224609375000000e+03
5.042913574218750000e+03
5.043046386718750000e+03
5.043145019531250000e+03
5.043565429687500000e+03
5.044303710937500000e+03
5.045036132812500000e+03
5.045946289062500000e+03
5.046351074218750000e+03
5.046208984375000000e+03
5.045960937500000000e+03
5.045387695312500000e+03
5.046453125000000000e+03
5.047266601562500000e+03
5.047465820312500000e+03
5.047076660156250000e+03
5.046792968750000000e+03
5.046605468750000000e+03
5.046381835937500000e+03
5.046289062500000000e+03
5.045947753906250000e+03
5.048054687500000000e+03
5.048337402343750000e+03
5.047881347656250000e+03
5.047573242187500000e+03
5.047060058593750000e+03
5.045825683593750000e+03
5.042871582031250000e+03
5.040812500000000000e+03
5.040291503906250000e+03
5.040862304687500000e+03
5.041200683593750000e+03
5.042097167968750000e+03
5.042133789062500000e+03
5.042179199218750000e+03
5.041856445312500000e+03
5.041667968750000000e+03
5.042500976562500000e+03
5.043122558593750000e+03
5.044006835937500000e+03
5.044872558593750000e+03
5.044495605468750000e+03
5.044587402343750000e+03
5.044483886718750000e+03
5.044465332031250000e+03
5.044720703125000000e+03
5.044648925781250000e+03
5.044439453125000000e+03
5.037823730468750000e+03
5.033435546875000000e+03
5.031994140625000000e+03
5.031618164062500000e+03
5.030804199218750000e+03
5.031468261718750000e+03
5.032480957031250000e+03
5.033118164062500000e+03
5.033673339843750000e+03
5.035701171875000000e+03
5.036583007812500000e+03
5.037056640625000000e+03
5.037834960937500000e+03
5.037980957031250000e+03
5.038968750000000000e+03
5.039825683593750000e+03
5.039483398437500000e+03
5.039557617187500000e+03
5.037318847656250000e+03
5.035829101562500000e+03
5.035117675781250000e+03
5.033854003906250000e+03
5.034853027343750000e+03
5.036176757812500000e+03
5.034953613281250000e+03
5.031753906250000000e+03
5.029990722656250000e+03
5.034315429687500000e+03
5.036206054687500000e+03
5.036201171875000000e+03
5.036166015625000000e+03
5.037073730468750000e+03
5.031852539062500000e+03
5.027801757812500000e+03
5.030878417968750000e+03
5.031185546875000000e+03
5.031604003906250000e+03
5.030686523437500000e+03
5.028234375000000000e+03
5.026565429687500000e+03
5.025179199218750000e+03
5.027269531250000000e+03
5.028448242187500000e+03
5.023610351562500000e+03
5.022970703125000000e+03
5.031053222656250000e+03
5.033427246093750000e+03
5.032385742187500000e+03
5.031562988281250000e+03
5.031539062500000000e+03
5.027481933593750000e+03
5.024741699218750000e+03
5.022063964843750000e+03
5.019604492187500000e+03
5.026328125000000000e+03
5.028635742187500000e+03
5.029278320312500000e+03
5.030155761718750000e+03
5.031882812500000000e+03
5.034451171875000000e+03
5.035410644531250000e+03
5.032503417968750000e+03
5.028306640625000000e+03
5.019537109375000000e+03
5.014952636718750000e+03
5.013188964843750000e+03
5.012062988281250000e+03
5.015115722656250000e+03
5.016260742187500000e+03
5.012754394531250000e+03
5.010280761718750000e+03
5.009523925781250000e+03
5.013357910156250000e+03
5.017159667968750000e+03
5.019049316406250000e+03
5.020847167968750000e+03
5.020076171875000000e+03
5.020120605468750000e+03
5.020218261718750000e+03
5.015482910156250000e+03
5.012709960937500000e+03
5.015113281250000000e+03
5.015709960937500000e+03
5.015384277343750000e+03
5.015269531250000000e+03
5.015336425781250000e+03
5.013547363281250000e+03
5.012665527343750000e+03
5.014845703125000000e+03
5.015886230468750000e+03
5.008203613281250000e+03
5.006024902343750000e+03
5.009234375000000000e+03
5.010300781250000000e+03
5.011157714843750000e+03
5.012478515625000000e+03
5.012702148437500000e+03
5.012605468750000000e+03
5.011669433593750000e+03
5.013288085937500000e+03
5.012088867187500000e+03
5.014686035156250000e+03
5.015479003906250000e+03
5.015331054687500000e+03
5.015796386718750000e+03
5.016393554687500000e+03
5.016623535156250000e+03
5.016252441406250000e+03
5.021090332031250000e+03
5.023301269531250000e+03
5.024353515625000000e+03
5.027063476562500000e+03
5.027581542968750000e+03
5.027215332031250000e+03
5.028178710937500000e+03
5.030268066406250000e+03
5.031993164062500000e+03
5.034146972656250000e+03
5.035182617187500000e+03
5.035224121093750000e+03
5.035747558593750000e+03
5.035969726562500000e+03
5.035267089843750000e+03
5.033515136718750000e+03
5.031150390625000000e+03
5.029073730468750000e+03
5.027584472656250000e+03
5.025962890625000000e+03
5.024818847656250000e+03
5.022330566406250000e+03
5.021552734375000000e+03
5.018512207031250000e+03
5.012693359375000000e+03
5.013437988281250000e+03
5.016708984375000000e+03
5.021775878906250000e+03
5.023364257812500000e+03
5.023873535156250000e+03
5.024593261718750000e+03
5.025566406250000000e+03
5.026440429687500000e+03
5.029118164062500000e+03
5.031641601562500000e+03
5.031842773437500000e+03
5.033747558593750000e+03
5.033495117187500000e+03
5.031936035156250000e+03
5.030952636718750000e+03
5.030502441406250000e+03
5.030244140625000000e+03
5.028890136718750000e+03
5.028240234375000000e+03
5.028004882812500000e+03
5.026166015625000000e+03
5.023059570312500000e+03
5.021897460937500000e+03
5.022903808593750000e+03
5.022625000000000000e+03
5.020505859375000000e+03
5.019452636718750000e+03
5.018904296875000000e+03
5.015027343750000000e+03
5.008476562500000000e+03
5.006822753906250000e+03
5.005310546875000000e+03
5.006467285156250000e+03
5.007624511718750000e+03
5.007465820312500000e+03
5.007542480468750000e+03
5.006017578125000000e+03
5.005460937500000000e+03
5.007200683593750000e+03
5.008833984375000000e+03
5.010515625000000000e+03
5.011312988281250000e+03
5.010182617187500000e+03
5.013346191406250000e+03
5.014912109375000000e+03
5.013014648437500000e+03
5.011371093750000000e+03
5.012928222656250000e+03
5.014199218750000000e+03
5.017453125000000000e+03
5.020364746093750000e+03
5.021665039062500000e+03
5.021832519531250000e+03
5.020162597656250000e+03
5.020155761718750000e+03
5.019591796875000000e+03
5.024718261718750000e+03
5.025443359375000000e+03
5.027159179687500000e+03
5.027663085937500000e+03
5.026943359375000000e+03
5.028112792968750000e+03
5.030146972656250000e+03
5.031489257812500000e+03
5.033127929687500000e+03
5.035724121093750000e+03
5.037000976562500000e+03
5.038208496093750000e+03
5.038654296875000000e+03
5.038556640625000000e+03
5.037375000000000000e+03
5.037869628906250000e+03
5.038963867187500000e+03
5.038594726562500000e+03
5.042884765625000000e+03
5.045178710937500000e+03
5.046250000000000000e+03
5.046387207031250000e+03
5.046296386718750000e+03
5.046397949218750000e+03
5.046147460937500000e+03
5.046026367187500000e+03
5.045552246093750000e+03
5.045445312500000000e+03
5.044902832031250000e+03
5.044550781250000000e+03
5.044369140625000000e+03
5.044456542968750000e+03
5.044373046875000000e+03
5.044338867187500000e+03
5.044722167968750000e+03
5.044661132812500000e+03
5.044269531250000000e+03
5.044001953125000000e+03
5.044000000000000000e+03
5.044039550781250000e+03
5.044194824218750000e+03
5.044068847656250000e+03
5.044480468750000000e+03
5.044552246093750000e+03
5.044935546875000000e+03
5.045742675781250000e+03
5.045819335937500000e+03
5.045796875000000000e+03
5.045207519531250000e+03
5.045174804687500000e+03
5.045898437500000000e+03
5.046444335937500000e+03
5.046838867187500000e+03
5.047487792968750000e+03
5.047010253906250000e+03
5.046231445312500000e+03
5.045635742187500000e+03
5.046029296875000000e+03
5.046262207031250000e+03
5.045778808593750000e+03
5.045088867187500000e+03
5.044848632812500000e+03
5.044366699218750000e+03
5.042363281250000000e+03
5.041134277343750000e+03
5.041425781250000000e+03
5.041215820312500000e+03
5.041042968750000000e+03
5.040993652343750000e+03
5.041447753906250000e+03
5.042121093750000000e+03
5.042470214843750000e+03
5.041870117187500000e+03
5.040533203125000000e+03
5.038702148437500000e+03
5.038321289062500000e+03
5.038597167968750000e+03
5.038066894531250000e+03
5.037541992187500000e+03
5.038312988281250000e+03
5.039174804687500000e+03
5.038329101562500000e+03
5.037371582031250000e+03
5.037332519531250000e+03
5.037386230468750000e+03
5.036905273437500000e+03
5.036814453125000000e+03
5.037195312500000000e+03
5.036473144531250000e+03
5.036189941406250000e+03
5.038773437500000000e+03
5.039372070312500000e+03
5.039256347656250000e+03
5.039575195312500000e+03
5.040575683593750000e+03
5.041374023437500000e+03
5.039943359375000000e+03
5.038248535156250000e+03
5.037844726562500000e+03
5.035163574218750000e+03
5.034897460937500000e+03
5.034855468750000000e+03
5.034883300781250000e+03
5.034526367187500000e+03
5.034076660156250000e+03
5.033832519531250000e+03
5.035353027343750000e+03
5.037173828125000000e+03
5.037815429687500000e+03
5.038283691406250000e+03
5.038459960937500000e+03
5.038399902343750000e+03
5.038383789062500000e+03
5.039148925781250000e+03
5.039447265625000000e+03
5.040020019531250000e+03
5.040560546875000000e+03
5.042005859375000000e+03
5.042552734375000000e+03
5.042539550781250000e+03
5.041390136718750000e+03
5.040573730468750000e+03
5.039528808593750000e+03
5.037943359375000000e+03
5.036567871093750000e+03
5.036676269531250000e+03
5.034591308593750000e+03
5.033385742187500000e+03
5.032351074218750000e+03
5.030725097656250000e+03
5.028872558593750000e+03
5.026046875000000000e+03
5.025089355468750000e+03
5.025410156250000000e+03
5.024235351562500000e+03
5.022743164062500000e+03
5.024210449218750000e+03
5.024063964843750000e+03
5.024071777343750000e+03
5.024184082031250000e+03
5.024899902343750000e+03
5.025770019531250000e+03
5.026250976562500000e+03
5.026647949218750000e+03
5.026982910156250000e+03
5.027299316406250000e+03
5.027551757812500000e+03
5.027763183593750000e+03
5.027819824218750000e+03
5.028948730468750000e+03
5.029556152343750000e+03
5.027810546875000000e+03
5.026699707031250000e+03
5.032822265625000000e+03
5.034068359375000000e+03
5.034602539062500000e+03
5.034395507812500000e+03
5.034110351562500000e+03
5.035295410156250000e+03
5.035595214843750000e+03
5.033920898437500000e+03
5.032390136718750000e+03
5.029611328125000000e+03
5.025429199218750000e+03
5.021896972656250000e+03
5.020707031250000000e+03
5.023732910156250000e+03
5.026283691406250000e+03
5.026917968750000000e+03
5.024931640625000000e+03
5.022373535156250000e+03
5.026779296875000000e+03
5.028010253906250000e+03
5.029585449218750000e+03
5.031709472656250000e+03
5.033835449218750000e+03
5.036260742187500000e+03
5.036941894531250000e+03
5.036513183593750000e+03
5.037023925781250000e+03
5.041400878906250000e+03
5.042838378906250000e+03
5.042895019531250000e+03
5.043374023437500000e+03
5.043877929687500000e+03
5.043278320312500000e+03
5.043012695312500000e+03
5.043177734375000000e+03
5.043231933593750000e+03
5.043503417968750000e+03
5.041799804687500000e+03
