3.880104003906250000e+03
3.880875976562500000e+03
3.880914062500000000e+03
3.881599609375000000e+03
3.890158447265625000e+03
3.887853515625000000e+03
3.886329101562500000e+03
3.880889648437500000e+03
3.882677978515625000e+03
3.886433105468750000e+03
3.885098388671875000e+03
3.888687988281250000e+03
3.894483154296875000e+03
3.897628173828125000e+03
3.897780273437500000e+03
3.904918945312500000e+03
3.960859619140625000e+03
3.945054687500000000e+03
3.968485351562500000e+03
3.990042724609375000e+03
4.041854980468750000e+03
4.026307617187500000e+03
3.961991943359375000e+03
3.985306396484375000e+03
3.960035888671875000e+03
3.903470947265625000e+03
3.895182128906250000e+03
3.886018310546875000e+03
3.884470947265625000e+03
3.882974609375000000e+03
3.880873291015625000e+03
3.878534179687500000e+03
3.880355468750000000e+03
3.878636230468750000e+03
3.878173339843750000e+03
3.877732177734375000e+03
3.877266845703125000e+03
3.876891357421875000e+03
3.877024902343750000e+03
3.876544921875000000e+03
3.876115966796875000e+03
3.876156494140625000e+03
3.875788574218750000e+03
3.875859375000000000e+03
3.876672119140625000e+03
3.876508544921875000e+03
3.877017333984375000e+03
3.877034179687500000e+03
3.877262451171875000e+03
3.877382812500000000e+03
3.878333496093750000e+03
3.878694335937500000e+03
3.877574462890625000e+03
3.876508789062500000e+03
3.876989013671875000e+03
3.876652343750000000e+03
3.876854492187500000e+03
3.876866455078125000e+03
3.877033691406250000e+03
3.877305419921875000e+03
3.877970458984375000e+03
3.876678955078125000e+03
3.877124511718750000e+03
3.876422851562500000e+03
3.877184570312500000e+03
3.877788574218750000e+03
3.895149902343750000e+03
3.897628417968750000e+03
3.907867919921875000e+03
3.910494873046875000e+03
3.930497314453125000e+03
3.921597656250000000e+03
3.922963134765625000e+03
3.921480224609375000e+03
3.921380126953125000e+03
3.922623046875000000e+03
3.925354003906250000e+03
3.928264160156250000e+03
3.926757080078125000e+03
3.934380615234375000e+03
3.929587402343750000e+03
3.930692382812500000e+03
3.931874023437500000e+03
3.934060302734375000e+03
3.936526123046875000e+03
3.942714599609375000e+03
3.939859375000000000e+03
3.936248046875000000e+03
3.942438964843750000e+03
3.939642333984375000e+03
3.940572021484375000e+03
3.941907226562500000e+03
3.946149414062500000e+03
3.958593261718750000e+03
3.951028564453125000e+03
3.950132568359375000e+03
3.949941162109375000e+03
3.951833251953125000e+03
3.944794433593750000e+03
3.945072265625000000e+03
3.943312011718750000e+03
3.943337158203125000e+03
3.942315673828125000e+03
3.934803466796875000e+03
3.933225585937500000e+03
3.935927246093750000e+03
3.940089355468750000e+03
3.931626220703125000e+03
3.927658447265625000e+03
3.927830810546875000e+03
3.921926757812500000e+03
3.916470703125000000e+03
3.921419433593750000e+03
3.925288085937500000e+03
3.928697509765625000e+03
3.950431640625000000e+03
3.948881835937500000e+03
3.969130859375000000e+03
3.959659912109375000e+03
3.957936035156250000e+03
3.962478027343750000e+03
3.956406738281250000e+03
3.950731689453125000e+03
3.960429931640625000e+03
3.951061279296875000e+03
3.952266357421875000e+03
3.951802001953125000e+03
3.947475830078125000e+03
3.950225341796875000e+03
3.951942626953125000e+03
3.958615722656250000e+03
3.953525146484375000e+03
3.952899169921875000e+03
3.956157226562500000e+03
3.966124267578125000e+03
3.957221923828125000e+03
3.953807861328125000e+03
3.955860839843750000e+03
3.958636474609375000e+03
3.961471191406250000e+03
3.968009765625000000e+03
3.968030761718750000e+03
3.970397460937500000e+03
3.972713378906250000e+03
3.969338867187500000e+03
3.971082763671875000e+03
3.974291748046875000e+03
3.970510742187500000e+03
3.976904296875000000e+03
3.977035644531250000e+03
3.981974609375000000e+03
3.995000732421875000e+03
3.997222412109375000e+03
4.004992675781250000e+03
3.998841796875000000e+03
3.992609130859375000e+03
3.990525634765625000e+03
3.990254638671875000e+03
3.994050048828125000e+03
3.995829101562500000e+03
3.992430419921875000e+03
3.989259033203125000e+03
4.003121093750000000e+03
3.998181884765625000e+03
3.996370361328125000e+03
3.992298095703125000e+03
3.989698486328125000e+03
3.989750488281250000e+03
3.993561279296875000e+03
3.980948730468750000e+03
3.969661376953125000e+03
3.974086181640625000e+03
3.969838867187500000e+03
3.971741455078125000e+03
3.971113037109375000e+03
3.974367187500000000e+03
3.975594726562500000e+03
3.975167480468750000e+03
3.976335449218750000e+03
3.971018310546875000e+03
3.974981201171875000e+03
3.978540283203125000e+03
3.980486816406250000e+03
3.975973632812500000e+03
3.977926269531250000e+03
3.980908691406250000e+03
3.970615234375000000e+03
3.985714111328125000e+03
3.990101318359375000e+03
3.988697998046875000e+03
3.993030517578125000e+03
3.996843750000000000e+03
3.991027832031250000e+03
3.995467041015625000e+03
3.991578613281250000e+03
3.996817382812500000e+03
4.013967041015625000e+03
4.011112792968750000e+03
4.010631591796875000e+03
4.017864257812500000e+03
4.022333496093750000e+03
4.021576904296875000e+03
4.019690673828125000e+03
4.015846679687500000e+03
4.009850341796875000e+03
4.007939453125000000e+03
4.013326904296875000e+03
4.019040039062500000e+03
4.014963623046875000e+03
4.023057128906250000e+03
4.001135253906250000e+03
4.010445068359375000e+03
4.009281005859375000e+03
4.009969726562500000e+03
4.009215332031250000e+03
4.004526123046875000e+03
3.999837158203125000e+03
4.002591308593750000e+03
3.995627929687500000e+03
3.993587402343750000e+03
3.993597900390625000e+03
3.996730712890625000e+03
3.996203857421875000e+03
3.996645019531250000e+03
3.986880126953125000e+03
3.985109130859375000e+03
3.984103027343750000e+03
3.986656982421875000e+03
3.986037597656250000e+03
3.979703125000000000e+03
3.973143066406250000e+03
3.975016845703125000e+03
3.976110351562500000e+03
3.967589355468750000e+03
3.966315917968750000e+03
3.964504150390625000e+03
3.961073730468750000e+03
3.968278076171875000e+03
3.964763183593750000e+03
3.976836181640625000e+03
3.966101806640625000e+03
3.963753173828125000e+03
3.963776367187500000e+03
3.956418457031250000e+03
3.953730468750000000e+03
3.958122558593750000e+03
3.958520751953125000e+03
3.959872070312500000e+03
3.965003417968750000e+03
3.962731933593750000e+03
3.960688964843750000e+03
3.962312011718750000e+03
3.968373291015625000e+03
3.967820312500000000e+03
3.977365234375000000e+03
3.966399902343750000e+03
3.970612304687500000e+03
3.973231933593750000e+03
3.974864013671875000e+03
3.959525390625000000e+03
3.968614746093750000e+03
3.970776367187500000e+03
3.967197509765625000e+03
3.962760986328125000e+03
3.958841552734375000e+03
3.960018310546875000e+03
3.961631347656250000e+03
3.965083740234375000e+03
3.967566650390625000e+03
3.974469238281250000e+03
3.987332275390625000e+03
3.988901855468750000e+03
3.993673339843750000e+03
4.032203857421875000e+03
4.055625732421875000e+03
4.007508300781250000e+03
4.011833740234375000e+03
3.999791748046875000e+03
3.995019775390625000e+03
3.994427001953125000e+03
4.004788818359375000e+03
4.000444091796875000e+03
4.008175537109375000e+03
4.007623535156250000e+03
4.008821777343750000e+03
4.008867919921875000e+03
3.976748535156250000e+03
3.969656250000000000e+03
3.967973632812500000e+03
3.969823730468750000e+03
3.966569091796875000e+03
3.946157470703125000e+03
3.924046630859375000e+03
3.929305175781250000e+03
3.918512939453125000e+03
3.909088134765625000e+03
3.908551757812500000e+03
3.900060791015625000e+03
3.900947021484375000e+03
3.902863769531250000e+03
3.899114990234375000e+03
3.901993652343750000e+03
3.897165527343750000e+03
3.897034912109375000e+03
3.902060058593750000e+03
3.900394775390625000e+03
3.902338867187500000e+03
3.901323486328125000e+03
3.901872558593750000e+03
3.900766845703125000e+03
3.900380615234375000e+03
3.898182128906250000e+03
3.899223388671875000e+03
3.894548095703125000e+03
3.895804931640625000e+03
3.897739990234375000e+03
3.896932861328125000e+03
3.897394287109375000e+03
3.896169677734375000e+03
3.895716308593750000e+03
3.897676757812500000e+03
3.894136230468750000e+03
3.904838134765625000e+03
3.906798339843750000e+03
3.906472167968750000e+03
3.910265136718750000e+03
3.910400146484375000e+03
3.911955566406250000e+03
3.911653076171875000e+03
3.923039062500000000e+03
3.922860595703125000e+03
3.930613769531250000e+03
3.925067138671875000e+03
3.923685058593750000e+03
3.923415771484375000e+03
3.920987548828125000e+03
3.916598388671875000e+03
3.908762207031250000e+03
3.905709228515625000e+03
3.904501464843750000e+03
3.907103271484375000e+03
3.907666015625000000e+03
3.907563964843750000e+03
3.903901367187500000e+03
3.904197021484375000e+03
3.900005615234375000e+03
3.897015625000000000e+03
3.901594970703125000e+03
3.900052734375000000e+03
3.909843994140625000e+03
3.911257812500000000e+03
3.913193115234375000e+03
3.913385009765625000e+03
3.912277587890625000e+03
3.908553222656250000e+03
3.905254638671875000e+03
3.906818115234375000e+03
3.906943603515625000e+03
3.905232421875000000e+03
3.906248779296875000e+03
3.908669189453125000e+03
3.909429199218750000e+03
3.910102050781250000e+03
3.906389892578125000e+03
3.904294677734375000e+03
3.898645019531250000e+03
3.898483642578125000e+03
3.897392578125000000e+03
3.900589111328125000e+03
3.901848876953125000e+03
3.901257324218750000e+03
3.902117187500000000e+03
3.905782226562500000e+03
3.908381591796875000e+03
3.912094238281250000e+03
3.912705810546875000e+03
3.901245849609375000e+03
3.903920410156250000e+03
3.901134277343750000e+03
3.900611816406250000e+03
3.899135498046875000e+03
3.899221679687500000e+03
3.898342529296875000e+03
3.898390869140625000e+03
3.893930664062500000e+03
3.938093261718750000e+03
3.948885498046875000e+03
3.947168701171875000e+03
3.930474853515625000e+03
3.931572265625000000e+03
3.939392333984375000e+03
3.933013671875000000e+03
3.941128417968750000e+03
3.934882324218750000e+03
3.963715576171875000e+03
3.969498291015625000e+03
3.975677246093750000e+03
3.985885253906250000e+03
3.978946777343750000e+03
3.995997558593750000e+03
3.997991943359375000e+03
3.996689697265625000e+03
4.001585693359375000e+03
3.991156250000000000e+03
3.993057128906250000e+03
3.998146972656250000e+03
4.000358154296875000e+03
4.000844970703125000e+03
3.992152832031250000e+03
3.994589111328125000e+03
3.995174072265625000e+03
3.992838134765625000e+03
3.992471435546875000e+03
3.992834960937500000e+03
3.996463134765625000e+03
3.998166259765625000e+03
3.999547363281250000e+03
4.024092285156250000e+03
4.007745117187500000e+03
4.036667968750000000e+03
4.042054443359375000e+03
4.057122802734375000e+03
4.057338867187500000e+03
4.064129394531250000e+03
4.066179443359375000e+03
4.076585205078125000e+03
4.075000000000000000e+03
4.097333984375000000e+03
4.110285644531250000e+03
4.111871582031250000e+03
4.080905517578125000e+03
4.086325683593750000e+03
4.082417968750000000e+03
4.082104492187500000e+03
4.082672851562500000e+03
4.085413330078125000e+03
4.090763916015625000e+03
4.098479003906250000e+03
4.092573974609375000e+03
4.115034667968750000e+03
4.130368652343750000e+03
4.133553710937500000e+03
4.140309082031250000e+03
4.139632324218750000e+03
4.143125976562500000e+03
4.143987304687500000e+03
4.133690917968750000e+03
4.138247558593750000e+03
4.168006835937500000e+03
4.169898925781250000e+03
4.168529785156250000e+03
4.175141113281250000e+03
4.178476562500000000e+03
4.189633300781250000e+03
4.158238769531250000e+03
4.177147949218750000e+03
4.177587890625000000e+03
4.196279296875000000e+03
4.206362792968750000e+03
4.202261230468750000e+03
4.189849609375000000e+03
4.177743652343750000e+03
4.182503906250000000e+03
4.202092773437500000e+03
4.203579101562500000e+03
4.200792480468750000e+03
4.198321777343750000e+03
4.195883789062500000e+03
4.203848144531250000e+03
4.207970214843750000e+03
4.202490234375000000e+03
4.211315429687500000e+03
4.209066406250000000e+03
4.211762207031250000e+03
4.212221191406250000e+03
4.197988769531250000e+03
4.197961914062500000e+03
4.193775878906250000e+03
4.199581542968750000e+03
4.205897949218750000e+03
4.206319335937500000e+03
4.219196777343750000e+03
4.221755859375000000e+03
4.222360839843750000e+03
4.232036132812500000e+03
4.231934570312500000e+03
4.234062500000000000e+03
4.239408203125000000e+03
4.244161621093750000e+03
4.247802246093750000e+03
4.246262695312500000e+03
4.235103515625000000e+03
4.226478515625000000e+03
4.188478515625000000e+03
4.184429687500000000e+03
4.169309570312500000e+03
4.153785156250000000e+03
4.149030761718750000e+03
4.151350097656250000e+03
4.152091796875000000e+03
4.146642578125000000e+03
4.141204589843750000e+03
4.156862304687500000e+03
4.154148925781250000e+03
4.166058593750000000e+03
4.154686035156250000e+03
4.161597656250000000e+03
4.152735839843750000e+03
4.157660644531250000e+03
4.155598632812500000e+03
4.162132324218750000e+03
4.174015625000000000e+03
4.179169433593750000e+03
4.174616210937500000e+03
4.171883300781250000e+03
4.180053710937500000e+03
4.182771484375000000e+03
4.181480957031250000e+03
4.195020996093750000e+03
4.202066894531250000e+03
4.208698242187500000e+03
4.199692382812500000e+03
4.189733886718750000e+03
4.194189941406250000e+03
4.193293945312500000e+03
4.184384277343750000e+03
4.181290039062500000e+03
4.203785644531250000e+03
4.204958984375000000e+03
4.195566406250000000e+03
4.173354980468750000e+03
4.178677734375000000e+03
4.181696289062500000e+03
4.175034667968750000e+03
4.168973632812500000e+03
4.173704101562500000e+03
4.185895019531250000e+03
4.196915039062500000e+03
4.224834472656250000e+03
4.216134277343750000e+03
4.226133789062500000e+03
4.215153320312500000e+03
4.225823730468750000e+03
4.230433105468750000e+03
4.218832031250000000e+03
4.220667480468750000e+03
4.226087890625000000e+03
4.231528320312500000e+03
4.233682128906250000e+03
4.241396484375000000e+03
4.233468261718750000e+03
4.217438476562500000e+03
4.208062011718750000e+03
4.225536132812500000e+03
4.222795898437500000e+03
4.229671875000000000e+03
4.201280761718750000e+03
4.194450195312500000e+03
4.187423339843750000e+03
4.181974609375000000e+03
4.191153808593750000e+03
4.193202636718750000e+03
4.208659179687500000e+03
4.208146972656250000e+03
4.210850097656250000e+03
4.190091796875000000e+03
4.188565917968750000e+03
4.173988281250000000e+03
4.184447753906250000e+03
4.192974121093750000e+03
4.207754394531250000e+03
4.199106445312500000e+03
4.212051757812500000e+03
4.216636718750000000e+03
4.223286621093750000e+03
4.222223144531250000e+03
4.217929687500000000e+03
4.228770019531250000e+03
4.237561035156250000e+03
4.231443359375000000e+03
4.241046386718750000e+03
4.212618652343750000e+03
4.222136718750000000e+03
4.285381835937500000e+03
4.280636718750000000e+03
4.279100097656250000e+03
4.270078125000000000e+03
4.264024414062500000e+03
4.300714355468750000e+03
4.287839843750000000e+03
4.302500000000000000e+03
4.306614257812500000e+03
4.279521972656250000e+03
4.285137207031250000e+03
4.288549316406250000e+03
4.283236328125000000e+03
4.289437988281250000e+03
4.275798339843750000e+03
4.291111328125000000e+03
4.311039550781250000e+03
4.316727539062500000e+03
4.272375488281250000e+03
4.253550292968750000e+03
4.249583007812500000e+03
4.254994628906250000e+03
4.266108398437500000e+03
4.252526855468750000e+03
4.261704101562500000e+03
4.259127441406250000e+03
4.263446777343750000e+03
4.269678710937500000e+03
4.274087402343750000e+03
4.266562988281250000e+03
4.263592773437500000e+03
4.270339355468750000e+03
4.256298828125000000e+03
4.261501953125000000e+03
4.256659179687500000e+03
4.262361816406250000e+03
4.287567871093750000e+03
4.293517089843750000e+03
4.300142578125000000e+03
4.287438964843750000e+03
4.288085937500000000e+03
4.287740234375000000e+03
4.292338378906250000e+03
4.274830078125000000e+03
4.270053710937500000e+03
4.319816894531250000e+03
4.336008300781250000e+03
4.342163574218750000e+03
4.333890136718750000e+03
4.329454101562500000e+03
4.330941406250000000e+03
4.320385253906250000e+03
4.319637207031250000e+03
4.314893554687500000e+03
4.290604980468750000e+03
4.267668457031250000e+03
4.262860839843750000e+03
4.236632812500000000e+03
4.230170898437500000e+03
4.249885253906250000e+03
4.251702636718750000e+03
4.246941406250000000e+03
4.254413574218750000e+03
4.278255859375000000e+03
4.276979003906250000e+03
4.279830566406250000e+03
4.282709960937500000e+03
4.292163574218750000e+03
4.290379882812500000e+03
4.297462402343750000e+03
4.304335449218750000e+03
4.306880371093750000e+03
4.317930664062500000e+03
4.320341308593750000e+03
4.322462890625000000e+03
4.324794433593750000e+03
4.325984375000000000e+03
4.315045898437500000e+03
4.330194824218750000e+03
4.313435546875000000e+03
4.314574218750000000e+03
4.325969238281250000e+03
4.334309082031250000e+03
4.330748046875000000e+03
4.334778320312500000e+03
4.339274902343750000e+03
4.330786621093750000e+03
4.333649414062500000e+03
4.339127929687500000e+03
4.352029296875000000e+03
4.367192382812500000e+03
4.379035644531250000e+03
4.376259277343750000e+03
4.380257324218750000e+03
4.375423828125000000e+03
4.352389648437500000e+03
4.342438964843750000e+03
4.362389160156250000e+03
4.370256835937500000e+03
4.309309082031250000e+03
4.321788574218750000e+03
4.319349609375000000e+03
4.312484863281250000e+03
4.329729003906250000e+03
4.332731445312500000e+03
4.335682617187500000e+03
4.342091796875000000e+03
4.340397460937500000e+03
4.346836914062500000e+03
4.335762207031250000e+03
4.343881835937500000e+03
4.339928710937500000e+03
4.342442871093750000e+03
4.344161621093750000e+03
4.339090820312500000e+03
4.337512695312500000e+03
4.339353515625000000e+03
4.278284179687500000e+03
4.312256835937500000e+03
4.302550292968750000e+03
4.315058105468750000e+03
4.315330566406250000e+03
4.315053222656250000e+03
4.313688476562500000e+03
4.318094238281250000e+03
4.313048339843750000e+03
4.277889648437500000e+03
4.283352539062500000e+03
4.276372558593750000e+03
4.275883789062500000e+03
4.301559082031250000e+03
4.311093261718750000e+03
4.295807617187500000e+03
4.303523437500000000e+03
4.303645996093750000e+03
4.327428222656250000e+03
4.326641601562500000e+03
4.327923828125000000e+03
4.333352050781250000e+03
4.333871093750000000e+03
4.332298339843750000e+03
4.348460449218750000e+03
4.331824218750000000e+03
4.325343261718750000e+03
4.329953613281250000e+03
4.326217773437500000e+03
4.319944335937500000e+03
4.297363281250000000e+03
4.292701171875000000e+03
4.273334472656250000e+03
4.255826660156250000e+03
4.247526855468750000e+03
4.254988281250000000e+03
4.302132324218750000e+03
4.314249023437500000e+03
4.317794433593750000e+03
4.322773437500000000e+03
4.319632324218750000e+03
4.330852050781250000e+03
4.326523437500000000e+03
4.313581542968750000e+03
4.315848144531250000e+03
4.302494628906250000e+03
4.306690917968750000e+03
4.317831054687500000e+03
4.324234863281250000e+03
4.326721191406250000e+03
4.323235351562500000e+03
4.303294433593750000e+03
4.309252929687500000e+03
4.308351562500000000e+03
4.326395996093750000e+03
4.324190429687500000e+03
4.335422363281250000e+03
4.340531250000000000e+03
4.337373046875000000e+03
4.313813476562500000e+03
4.317789062500000000e+03
4.302030273437500000e+03
4.273007812500000000e+03
4.261808105468750000e+03
4.251119628906250000e+03
4.260244628906250000e+03
4.268306640625000000e+03
4.274949707031250000e+03
4.270562988281250000e+03
4.291572753906250000e+03
4.299879882812500000e+03
4.301479980468750000e+03
4.339796875000000000e+03
4.339595214843750000e+03
4.348007812500000000e+03
4.348019531250000000e+03
4.342358886718750000e+03
4.346376953125000000e+03
4.358179199218750000e+03
4.359751464843750000e+03
4.367798828125000000e+03
4.394838378906250000e+03
4.382501953125000000e+03
4.384299804687500000e+03
4.367083007812500000e+03
4.375695312500000000e+03
4.384926757812500000e+03
4.381600097656250000e+03
4.384895996093750000e+03
4.382364746093750000e+03
4.385288085937500000e+03
4.380234375000000000e+03
4.385760253906250000e+03
4.381726074218750000e+03
4.377258300781250000e+03
4.381791503906250000e+03
4.371649902343750000e+03
4.348737792968750000e+03
4.344492675781250000e+03
4.345793457031250000e+03
4.345465820312500000e+03
4.351323242187500000e+03
4.351618652343750000e+03
4.349127441406250000e+03
4.356072265625000000e+03
4.356991210937500000e+03
4.359916503906250000e+03
4.360414062500000000e+03
4.343239257812500000e+03
4.323582519531250000e+03
4.335291015625000000e+03
4.341890625000000000e+03
4.336531738281250000e+03
4.346306152343750000e+03
4.358755859375000000e+03
4.360719726562500000e+03
4.357264160156250000e+03
4.254625000000000000e+03
4.276695312500000000e+03
4.271172851562500000e+03
4.294835937500000000e+03
4.292951171875000000e+03
4.301086425781250000e+03
4.269485839843750000e+03
4.276256347656250000e+03
4.278810546875000000e+03
4.195672363281250000e+03
4.153766113281250000e+03
4.183526367187500000e+03
4.167937988281250000e+03
4.145290039062500000e+03
4.168525878906250000e+03
4.162130371093750000e+03
4.162333496093750000e+03
4.146603027343750000e+03
4.162641113281250000e+03
4.145275878906250000e+03
4.153887695312500000e+03
4.174449707031250000e+03
4.208197265625000000e+03
4.230495605468750000e+03
4.223333496093750000e+03
4.235477050781250000e+03
4.227435546875000000e+03
4.198393066406250000e+03
4.143351074218750000e+03
4.076708496093750000e+03
4.093838867187500000e+03
4.080019531250000000e+03
4.088299560546875000e+03
4.099087890625000000e+03
4.098519042968750000e+03
4.069915771484375000e+03
4.109512207031250000e+03
4.100291015625000000e+03
4.102842773437500000e+03
4.108353027343750000e+03
4.096585449218750000e+03
4.130276855468750000e+03
4.149544921875000000e+03
4.173090332031250000e+03
4.165984863281250000e+03
4.204404785156250000e+03
4.192472167968750000e+03
4.186231445312500000e+03
4.159082031250000000e+03
4.115279296875000000e+03
4.115774414062500000e+03
4.094180664062500000e+03
4.100187011718750000e+03
4.103500000000000000e+03
4.091963867187500000e+03
4.109291015625000000e+03
4.144937988281250000e+03
4.137179199218750000e+03
4.156224609375000000e+03
4.159459960937500000e+03
4.167600585937500000e+03
4.170267089843750000e+03
4.159847167968750000e+03
4.229987792968750000e+03
4.245589843750000000e+03
4.247427734375000000e+03
4.247182128906250000e+03
4.248506347656250000e+03
4.258663574218750000e+03
4.234979980468750000e+03
4.233230468750000000e+03
4.238333984375000000e+03
4.240081054687500000e+03
4.250439941406250000e+03
4.256170410156250000e+03
4.255518554687500000e+03
4.261638183593750000e+03
4.264221679687500000e+03
4.265709960937500000e+03
4.255249023437500000e+03
4.254823730468750000e+03
4.265183593750000000e+03
4.243591308593750000e+03
4.225652832031250000e+03
4.240961914062500000e+03
4.248728515625000000e+03
4.254411132812500000e+03
4.268827636718750000e+03
4.271420898437500000e+03
4.264281250000000000e+03
4.205721679687500000e+03
4.172308593750000000e+03
4.157843750000000000e+03
4.155511718750000000e+03
4.179167480468750000e+03
4.182725585937500000e+03
4.182791992187500000e+03
4.185454589843750000e+03
4.171084472656250000e+03
4.196656250000000000e+03
4.209927734375000000e+03
4.217745605468750000e+03
4.227911621093750000e+03
4.220883300781250000e+03
4.225624023437500000e+03
4.225880371093750000e+03
4.214754394531250000e+03
4.217519531250000000e+03
4.236779785156250000e+03
4.230426269531250000e+03
4.218863281250000000e+03
4.218029785156250000e+03
4.223120117187500000e+03
4.212278320312500000e+03
4.208835937500000000e+03
4.218068359375000000e+03
4.223157226562500000e+03
4.255684082031250000e+03
4.264690917968750000e+03
4.274490234375000000e+03
4.275817871093750000e+03
4.273071777343750000e+03
4.280208496093750000e+03
4.288518554687500000e+03
4.277049316406250000e+03
4.286776367187500000e+03
4.338475097656250000e+03
4.348288085937500000e+03
4.344455078125000000e+03
4.360250976562500000e+03
4.359282226562500000e+03
4.346526367187500000e+03
4.346788085937500000e+03
4.354369140625000000e+03
4.356718750000000000e+03
4.351910156250000000e+03
4.358070312500000000e+03
4.373510742187500000e+03
4.373605468750000000e+03
4.370649902343750000e+03
4.378851562500000000e+03
4.384229492187500000e+03
4.397786132812500000e+03
4.390915527343750000e+03
4.400473632812500000e+03
4.394003906250000000e+03
4.393369628906250000e+03
4.397895996093750000e+03
4.391515625000000000e+03
4.388586914062500000e+03
4.387186523437500000e+03
4.377090332031250000e+03
4.376640136718750000e+03
4.386244140625000000e+03
4.397187011718750000e+03
4.412752929687500000e+03
4.419692871093750000e+03
4.415820312500000000e+03
4.416605957031250000e+03
4.409575195312500000e+03
4.394621093750000000e+03
4.389074707031250000e+03
4.379965820312500000e+03
4.369870117187500000e+03
4.368785156250000000e+03
4.379636230468750000e+03
4.376517578125000000e+03
4.367268554687500000e+03
4.370574218750000000e+03
4.359126953125000000e+03
4.360798339843750000e+03
4.374250488281250000e+03
4.377467773437500000e+03
4.378663085937500000e+03
4.378900878906250000e+03
4.383170898437500000e+03
4.377696777343750000e+03
4.370448730468750000e+03
4.375306640625000000e+03
4.379123535156250000e+03
4.402627441406250000e+03
4.414622558593750000e+03
4.413907714843750000e+03
4.407642578125000000e+03
4.400869628906250000e+03
4.403504394531250000e+03
4.406100585937500000e+03
4.401818359375000000e+03
4.406591308593750000e+03
4.410486328125000000e+03
4.411829589843750000e+03
4.417260742187500000e+03
4.411035644531250000e+03
4.412444824218750000e+03
4.429015136718750000e+03
4.411533691406250000e+03
4.403946289062500000e+03
4.406654296875000000e+03
4.426570800781250000e+03
4.419194335937500000e+03
4.421084960937500000e+03
4.421573242187500000e+03
4.423197753906250000e+03
4.430779296875000000e+03
4.418634765625000000e+03
4.430284667968750000e+03
4.437675292968750000e+03
4.455530761718750000e+03
4.447300781250000000e+03
4.457790039062500000e+03
4.452562988281250000e+03
4.459615234375000000e+03
4.459541503906250000e+03
4.472778808593750000e+03
4.464576660156250000e+03
4.461116210937500000e+03
4.465062988281250000e+03
4.457087890625000000e+03
4.454953613281250000e+03
4.456568359375000000e+03
4.450586425781250000e+03
4.444600585937500000e+03
4.445532714843750000e+03
4.441661132812500000e+03
4.441758300781250000e+03
4.455029785156250000e+03
4.460336425781250000e+03
4.470375488281250000e+03
4.479218750000000000e+03
4.476312988281250000e+03
4.483512695312500000e+03
4.475692382812500000e+03
4.469074707031250000e+03
4.468707519531250000e+03
4.459277343750000000e+03
4.456947753906250000e+03
4.449274414062500000e+03
4.458470703125000000e+03
4.457258300781250000e+03
4.457340820312500000e+03
4.459720703125000000e+03
4.470849121093750000e+03
4.469766113281250000e+03
4.451457519531250000e+03
4.451922363281250000e+03
4.450436523437500000e+03
4.447965820312500000e+03
4.443579101562500000e+03
4.448685546875000000e+03
4.453532226562500000e+03
4.462022460937500000e+03
4.457777832031250000e+03
4.457713378906250000e+03
4.463647949218750000e+03
4.460903808593750000e+03
4.449541015625000000e+03
4.451821289062500000e+03
4.460531250000000000e+03
4.464455078125000000e+03
4.473541015625000000e+03
4.480603515625000000e+03
4.474771972656250000e+03
4.470260742187500000e+03
4.476736328125000000e+03
4.482200683593750000e+03
4.485075195312500000e+03
4.481201171875000000e+03
4.485319824218750000e+03
4.476686035156250000e+03
4.475577636718750000e+03
4.446482910156250000e+03
4.447948242187500000e+03
4.446530273437500000e+03
4.446952148437500000e+03
4.450583984375000000e+03
4.449284667968750000e+03
4.446643554687500000e+03
4.449516113281250000e+03
4.454445312500000000e+03
4.401903320312500000e+03
4.421716796875000000e+03
4.410267089843750000e+03
4.404858398437500000e+03
4.403735839843750000e+03
4.408207519531250000e+03
4.405396484375000000e+03
4.408214843750000000e+03
4.416530761718750000e+03
4.426435058593750000e+03
4.433559570312500000e+03
4.429253417968750000e+03
4.430776855468750000e+03
4.434066894531250000e+03
4.442463378906250000e+03
4.431014160156250000e+03
4.424536132812500000e+03
4.431268554687500000e+03
4.420487304687500000e+03
4.382450683593750000e+03
4.392066894531250000e+03
4.382866699218750000e+03
4.392307128906250000e+03
4.402804687500000000e+03
4.413870605468750000e+03
4.420918457031250000e+03
4.428640136718750000e+03
4.416730957031250000e+03
4.414347656250000000e+03
4.418203613281250000e+03
4.419384765625000000e+03
4.417806640625000000e+03
4.407881835937500000e+03
4.398864746093750000e+03
4.363116699218750000e+03
4.358725097656250000e+03
4.390912109375000000e+03
4.387256835937500000e+03
4.394278320312500000e+03
4.390123046875000000e+03
4.388681152343750000e+03
4.378648437500000000e+03
4.380426757812500000e+03
4.381628906250000000e+03
4.377952148437500000e+03
4.368267089843750000e+03
4.354755371093750000e+03
4.345395507812500000e+03
4.337950195312500000e+03
4.335917968750000000e+03
4.345553222656250000e+03
4.361254882812500000e+03
4.350547363281250000e+03
4.355092773437500000e+03
4.366152343750000000e+03
4.375375976562500000e+03
4.370117187500000000e+03
4.373536621093750000e+03
4.380173339843750000e+03
4.385942382812500000e+03
4.394024414062500000e+03
4.411236328125000000e+03
4.412685058593750000e+03
4.421976562500000000e+03
4.415702148437500000e+03
4.422291015625000000e+03
4.424834472656250000e+03
4.427871582031250000e+03
4.425882324218750000e+03
4.413665039062500000e+03
4.419792968750000000e+03
4.420488281250000000e+03
4.403966796875000000e+03
4.393900878906250000e+03
4.385988281250000000e+03
4.382583496093750000e+03
4.377241699218750000e+03
4.375373046875000000e+03
4.387542968750000000e+03
4.389592285156250000e+03
4.388459472656250000e+03
4.376266601562500000e+03
4.381648437500000000e+03
4.380271484375000000e+03
4.382539550781250000e+03
4.378668457031250000e+03
4.395772949218750000e+03
4.374395019531250000e+03
4.365370117187500000e+03
4.371411132812500000e+03
4.408622070312500000e+03
4.398020996093750000e+03
4.398834960937500000e+03
4.397970214843750000e+03
4.381326660156250000e+03
4.367399902343750000e+03
4.356312011718750000e+03
4.371922851562500000e+03
4.377776855468750000e+03
4.395460449218750000e+03
4.412486816406250000e+03
4.405467285156250000e+03
4.404431152343750000e+03
4.396070312500000000e+03
4.389003906250000000e+03
4.389051269531250000e+03
4.384152832031250000e+03
4.385947753906250000e+03
4.403408691406250000e+03
4.395522460937500000e+03
4.401072265625000000e+03
4.403914550781250000e+03
4.396603515625000000e+03
4.380091308593750000e+03
4.375704589843750000e+03
4.381625976562500000e+03
4.385342773437500000e+03
4.395387207031250000e+03
4.391264648437500000e+03
4.391865722656250000e+03
4.394522460937500000e+03
4.391388183593750000e+03
4.390916992187500000e+03
4.380909179687500000e+03
4.384832031250000000e+03
4.388607910156250000e+03
4.378883300781250000e+03
4.389453125000000000e+03
4.389524902343750000e+03
4.389341308593750000e+03
4.392054687500000000e+03
4.400522949218750000e+03
4.390948242187500000e+03
4.392176757812500000e+03
4.391839843750000000e+03
4.467831054687500000e+03
4.479501953125000000e+03
4.481117675781250000e+03
4.474104003906250000e+03
4.481016113281250000e+03
4.481353027343750000e+03
4.489586914062500000e+03
4.487916992187500000e+03
4.476421386718750000e+03
4.468027343750000000e+03
4.469198242187500000e+03
4.464463867187500000e+03
4.459062500000000000e+03
4.456483398437500000e+03
4.453070800781250000e+03
4.455464355468750000e+03
4.457144042968750000e+03
4.460137695312500000e+03
4.444593261718750000e+03
4.436304687500000000e+03
4.434604003906250000e+03
4.439940917968750000e+03
4.430064453125000000e+03
4.431319824218750000e+03
4.422989257812500000e+03
4.415492187500000000e+03
4.415783691406250000e+03
4.340538574218750000e+03
4.355437500000000000e+03
4.333831054687500000e+03
4.326747070312500000e+03
4.326697753906250000e+03
4.325024902343750000e+03
4.319346679687500000e+03
4.326602050781250000e+03
4.326812500000000000e+03
4.322528320312500000e+03
4.343282226562500000e+03
4.346305175781250000e+03
4.343069824218750000e+03
4.342398925781250000e+03
4.349430664062500000e+03
4.338026855468750000e+03
4.341147460937500000e+03
4.340412597656250000e+03
4.336545898437500000e+03
4.343544921875000000e+03
4.330812500000000000e+03
4.350918945312500000e+03
4.363336425781250000e+03
4.368846191406250000e+03
4.386996093750000000e+03
4.418457031250000000e+03
4.412450683593750000e+03
4.393780273437500000e+03
4.399016113281250000e+03
4.408329589843750000e+03
4.404768066406250000e+03
4.404460937500000000e+03
4.399731933593750000e+03
4.381596679687500000e+03
4.364387695312500000e+03
4.355995117187500000e+03
4.335598144531250000e+03
4.340405273437500000e+03
4.328758300781250000e+03
4.336668945312500000e+03
4.330966308593750000e+03
4.317286621093750000e+03
4.304518554687500000e+03
4.277053710937500000e+03
4.269780273437500000e+03
4.316305664062500000e+03
4.336862304687500000e+03
4.324876464843750000e+03
4.321897949218750000e+03
4.309629394531250000e+03
4.293717773437500000e+03
4.290540039062500000e+03
4.320626464843750000e+03
4.323168945312500000e+03
4.360101074218750000e+03
4.363815429687500000e+03
4.373837402343750000e+03
4.380583496093750000e+03
4.375315429687500000e+03
4.382902343750000000e+03
4.381692871093750000e+03
4.391640136718750000e+03
4.399268066406250000e+03
4.398169433593750000e+03
4.395295898437500000e+03
4.392924316406250000e+03
4.397706542968750000e+03
4.395692382812500000e+03
4.396135742187500000e+03
4.377236328125000000e+03
4.361985839843750000e+03
4.359320312500000000e+03
4.357311523437500000e+03
4.345794921875000000e+03
4.346430175781250000e+03
4.345213867187500000e+03
4.346285644531250000e+03
4.349308593750000000e+03
4.354822753906250000e+03
4.361944335937500000e+03
4.364408203125000000e+03
4.349302734375000000e+03
4.348490722656250000e+03
4.345187011718750000e+03
4.356594238281250000e+03
4.367266113281250000e+03
4.363938476562500000e+03
4.373734863281250000e+03
4.357194335937500000e+03
4.363205566406250000e+03
4.353114746093750000e+03
4.363288085937500000e+03
4.367553222656250000e+03
4.367589843750000000e+03
4.374590820312500000e+03
4.372009277343750000e+03
4.361353027343750000e+03
4.368431152343750000e+03
4.368542968750000000e+03
4.369713867187500000e+03
4.368979003906250000e+03
4.358979492187500000e+03
4.351959960937500000e+03
4.352747070312500000e+03
4.354079589843750000e+03
4.365029296875000000e+03
4.363524414062500000e+03
4.356389160156250000e+03
4.392113281250000000e+03
4.399489257812500000e+03
4.395402832031250000e+03
4.389172851562500000e+03
4.389305664062500000e+03
4.392215820312500000e+03
4.390674804687500000e+03
4.389438964843750000e+03
4.385200683593750000e+03
4.414061523437500000e+03
4.409349121093750000e+03
4.396909667968750000e+03
4.392462402343750000e+03
4.391998046875000000e+03
4.410729492187500000e+03
4.408650878906250000e+03
4.420213867187500000e+03
4.424900878906250000e+03
4.439226562500000000e+03
4.454278320312500000e+03
4.454036621093750000e+03
4.461409179687500000e+03
4.451744628906250000e+03
4.447402832031250000e+03
4.450660644531250000e+03
4.450905761718750000e+03
4.453740234375000000e+03
4.444477539062500000e+03
4.433166503906250000e+03
4.428970214843750000e+03
4.418711914062500000e+03
4.416391113281250000e+03
4.416442871093750000e+03
4.425427734375000000e+03
4.434388671875000000e+03
4.440661132812500000e+03
4.453622558593750000e+03
4.464697753906250000e+03
4.460296386718750000e+03
4.465761718750000000e+03
4.469609375000000000e+03
4.488055175781250000e+03
4.471732910156250000e+03
4.481405761718750000e+03
4.478877929687500000e+03
4.449979003906250000e+03
4.451847167968750000e+03
4.457833984375000000e+03
4.449486816406250000e+03
4.448196777343750000e+03
4.447432617187500000e+03
4.437095214843750000e+03
4.430175781250000000e+03
4.429836914062500000e+03
4.437599609375000000e+03
4.411997070312500000e+03
4.416406250000000000e+03
4.421553222656250000e+03
4.425422363281250000e+03
4.434150390625000000e+03
4.430378417968750000e+03
4.414976562500000000e+03
4.412482910156250000e+03
4.410484863281250000e+03
4.416226074218750000e+03
4.418567382812500000e+03
4.413438964843750000e+03
4.411476562500000000e+03
4.398667480468750000e+03
4.393544921875000000e+03
4.398201660156250000e+03
4.393597656250000000e+03
4.331126464843750000e+03
4.342672363281250000e+03
4.341016601562500000e+03
4.334981933593750000e+03
4.351848144531250000e+03
4.354985351562500000e+03
4.363746582031250000e+03
4.370022949218750000e+03
4.371306640625000000e+03
4.343243164062500000e+03
4.356472656250000000e+03
4.358104980468750000e+03
4.351253906250000000e+03
4.351832031250000000e+03
4.319713378906250000e+03
4.332135253906250000e+03
4.344479003906250000e+03
4.333750000000000000e+03
4.324057617187500000e+03
4.308528808593750000e+03
4.334579589843750000e+03
4.334906738281250000e+03
4.341036621093750000e+03
4.340188476562500000e+03
4.360594238281250000e+03
4.355208984375000000e+03
4.348580566406250000e+03
4.362086425781250000e+03
4.356304199218750000e+03
4.351988769531250000e+03
4.358154785156250000e+03
4.343748046875000000e+03
4.344952636718750000e+03
4.354553222656250000e+03
4.373787109375000000e+03
4.377887207031250000e+03
4.401685058593750000e+03
4.406649414062500000e+03
4.412892089843750000e+03
4.415467773437500000e+03
4.411542480468750000e+03
4.412158691406250000e+03
4.414995605468750000e+03
4.418090332031250000e+03
4.420682128906250000e+03
4.418818359375000000e+03
4.435305175781250000e+03
4.437826171875000000e+03
4.446850097656250000e+03
4.439216308593750000e+03
4.439849121093750000e+03
4.433022949218750000e+03
4.424640625000000000e+03
4.428305175781250000e+03
4.440713867187500000e+03
4.450437988281250000e+03
4.467914550781250000e+03
4.473944335937500000e+03
4.470392089843750000e+03
4.476073730468750000e+03
4.481968261718750000e+03
4.482575683593750000e+03
4.478565917968750000e+03
4.490829101562500000e+03
4.493244628906250000e+03
4.490402832031250000e+03
4.493206542968750000e+03
4.487354980468750000e+03
4.482401367187500000e+03
4.477937500000000000e+03
4.477049316406250000e+03
4.472958496093750000e+03
4.485056152343750000e+03
4.479612304687500000e+03
4.478058593750000000e+03
4.472152832031250000e+03
4.474116699218750000e+03
4.473439941406250000e+03
4.472694824218750000e+03
4.464500488281250000e+03
4.465490234375000000e+03
4.437065917968750000e+03
4.437891113281250000e+03
4.431287109375000000e+03
4.434992675781250000e+03
4.430185058593750000e+03
4.423402832031250000e+03
4.417838867187500000e+03
4.418468750000000000e+03
4.419774414062500000e+03
4.365294921875000000e+03
4.358011718750000000e+03
4.356978027343750000e+03
4.346311523437500000e+03
4.344859375000000000e+03
4.325767089843750000e+03
4.308110351562500000e+03
4.278210449218750000e+03
4.277051757812500000e+03
4.265444335937500000e+03
4.275411132812500000e+03
4.286991699218750000e+03
4.299294433593750000e+03
4.299505371093750000e+03
4.302902832031250000e+03
4.304863281250000000e+03
4.300229980468750000e+03
4.298374511718750000e+03
4.298547851562500000e+03
4.315338867187500000e+03
4.316201660156250000e+03
4.322453613281250000e+03
4.330474121093750000e+03
4.331137695312500000e+03
4.329954589843750000e+03
4.323594238281250000e+03
4.319982421875000000e+03
4.332864746093750000e+03
4.328299804687500000e+03
4.348167480468750000e+03
4.346666992187500000e+03
4.356062011718750000e+03
4.369254394531250000e+03
4.359062500000000000e+03
4.352895019531250000e+03
4.355693359375000000e+03
4.388574707031250000e+03
4.394461425781250000e+03
4.397197753906250000e+03
4.394198730468750000e+03
4.402353515625000000e+03
4.411091308593750000e+03
4.423672851562500000e+03
4.438318847656250000e+03
4.437633789062500000e+03
4.448145019531250000e+03
4.460557128906250000e+03
4.461699707031250000e+03
4.469391601562500000e+03
4.473929199218750000e+03
4.476513183593750000e+03
4.487950683593750000e+03
4.476196289062500000e+03
4.471498535156250000e+03
4.475690917968750000e+03
4.477833984375000000e+03
4.472583007812500000e+03
4.479977539062500000e+03
4.482467773437500000e+03
4.487503906250000000e+03
4.484729980468750000e+03
4.475547851562500000e+03
4.477964843750000000e+03
4.449107910156250000e+03
4.437445312500000000e+03
4.416975097656250000e+03
4.422280761718750000e+03
4.413367675781250000e+03
4.418814941406250000e+03
4.426403808593750000e+03
4.428229492187500000e+03
4.428274902343750000e+03
4.434478027343750000e+03
4.431163085937500000e+03
4.434122070312500000e+03
4.429187988281250000e+03
4.423907714843750000e+03
4.421580566406250000e+03
4.431899902343750000e+03
4.447916503906250000e+03
4.448824707031250000e+03
4.450040039062500000e+03
4.465194824218750000e+03
4.458878906250000000e+03
4.459280761718750000e+03
4.448898925781250000e+03
4.437977050781250000e+03
4.446603027343750000e+03
4.438399902343750000e+03
4.438953613281250000e+03
4.429147949218750000e+03
4.436659667968750000e+03
4.432232910156250000e+03
4.433582519531250000e+03
4.435743164062500000e+03
4.434091308593750000e+03
4.450714355468750000e+03
4.444597167968750000e+03
4.449259277343750000e+03
4.435298828125000000e+03
4.448960937500000000e+03
4.449168457031250000e+03
4.449955566406250000e+03
4.442194335937500000e+03
4.464478515625000000e+03
4.455629882812500000e+03
4.463966308593750000e+03
4.466740234375000000e+03
4.451505371093750000e+03
4.455266601562500000e+03
4.456388183593750000e+03
4.449537109375000000e+03
4.445676757812500000e+03
4.444208496093750000e+03
4.444151855468750000e+03
4.455926757812500000e+03
4.457970703125000000e+03
4.454894042968750000e+03
4.464612304687500000e+03
4.473482421875000000e+03
4.470938476562500000e+03
4.473871093750000000e+03
4.466030761718750000e+03
4.467408203125000000e+03
4.465152343750000000e+03
4.465121582031250000e+03
4.438921875000000000e+03
4.421328125000000000e+03
4.410109863281250000e+03
4.397956542968750000e+03
4.393214355468750000e+03
4.382552246093750000e+03
4.400042968750000000e+03
4.406946777343750000e+03
4.417281250000000000e+03
4.465406738281250000e+03
4.488644531250000000e+03
4.484570800781250000e+03
4.483859375000000000e+03
4.497801757812500000e+03
4.507568847656250000e+03
4.524686523437500000e+03
4.523243652343750000e+03
4.527521972656250000e+03
4.511079589843750000e+03
4.513248535156250000e+03
4.522656250000000000e+03
4.519685546875000000e+03
4.526450683593750000e+03
4.536194335937500000e+03
4.537611816406250000e+03
4.545416992187500000e+03
4.545172363281250000e+03
4.548650878906250000e+03
4.560640625000000000e+03
4.561829589843750000e+03
4.562871582031250000e+03
4.562714843750000000e+03
4.567943847656250000e+03
4.556939453125000000e+03
4.556380371093750000e+03
4.553487792968750000e+03
4.412967773437500000e+03
4.401176269531250000e+03
4.409880859375000000e+03
4.439986328125000000e+03
4.441176757812500000e+03
4.429327636718750000e+03
4.427624023437500000e+03
4.396205078125000000e+03
4.401026367187500000e+03
4.341607421875000000e+03
4.354123535156250000e+03
4.372487304687500000e+03
4.372078125000000000e+03
4.371955566406250000e+03
4.368609863281250000e+03
4.371159667968750000e+03
4.359501464843750000e+03
4.369065429687500000e+03
4.400366699218750000e+03
4.396375976562500000e+03
4.399046386718750000e+03
4.381663574218750000e+03
4.365755859375000000e+03
4.374366699218750000e+03
4.385363769531250000e+03
4.409228515625000000e+03
4.408095214843750000e+03
4.407851074218750000e+03
4.378098632812500000e+03
4.393573242187500000e+03
4.380103515625000000e+03
4.398367675781250000e+03
4.413093750000000000e+03
4.397401367187500000e+03
4.411679687500000000e+03
4.410597656250000000e+03
4.400268066406250000e+03
4.383047851562500000e+03
4.356641601562500000e+03
4.336604980468750000e+03
4.338245117187500000e+03
4.342578613281250000e+03
4.344259765625000000e+03
4.349050292968750000e+03
4.355533203125000000e+03
4.413941406250000000e+03
4.428137207031250000e+03
4.421517578125000000e+03
4.417308593750000000e+03
4.411790039062500000e+03
4.392064941406250000e+03
4.400440917968750000e+03
4.395129882812500000e+03
4.383095703125000000e+03
4.438412109375000000e+03
4.434429687500000000e+03
4.427190917968750000e+03
4.428042968750000000e+03
4.420564453125000000e+03
4.437673339843750000e+03
4.467264648437500000e+03
4.462917968750000000e+03
4.458849121093750000e+03
4.425391113281250000e+03
4.414050781250000000e+03
4.416569824218750000e+03
4.416936523437500000e+03
4.410411621093750000e+03
4.380498535156250000e+03
4.388287109375000000e+03
4.392921875000000000e+03
4.390158691406250000e+03
4.414638183593750000e+03
4.409108886718750000e+03
4.407709472656250000e+03
4.407149902343750000e+03
4.401084472656250000e+03
4.394792480468750000e+03
4.383946289062500000e+03
4.399398925781250000e+03
4.397878906250000000e+03
4.365591796875000000e+03
4.367471191406250000e+03
4.355424316406250000e+03
4.342602050781250000e+03
4.343549804687500000e+03
4.355337890625000000e+03
4.361827636718750000e+03
4.344809082031250000e+03
4.354703125000000000e+03
4.365018066406250000e+03
4.365900878906250000e+03
4.355149902343750000e+03
4.355612792968750000e+03
4.359557617187500000e+03
4.349777832031250000e+03
4.354386718750000000e+03
4.356341308593750000e+03
4.350946289062500000e+03
4.322102539062500000e+03
4.331616210937500000e+03
4.337384765625000000e+03
4.338967773437500000e+03
4.338325195312500000e+03
4.330176269531250000e+03
4.298053222656250000e+03
4.294601562500000000e+03
4.286049316406250000e+03
4.248057617187500000e+03
4.262929199218750000e+03
4.262875488281250000e+03
4.260223632812500000e+03
4.247451660156250000e+03
4.238409667968750000e+03
4.238395019531250000e+03
4.266234863281250000e+03
4.272970703125000000e+03
4.314876464843750000e+03
4.315423339843750000e+03
4.325540527343750000e+03
4.318750488281250000e+03
4.321747070312500000e+03
4.306942382812500000e+03
4.295448242187500000e+03
4.287466796875000000e+03
4.283542968750000000e+03
4.344582519531250000e+03
4.346538085937500000e+03
4.350301269531250000e+03
4.352876953125000000e+03
4.357000000000000000e+03
4.351920898437500000e+03
4.328564941406250000e+03
4.330158203125000000e+03
4.328287109375000000e+03
4.340240722656250000e+03
4.342749511718750000e+03
4.349862304687500000e+03
4.327400878906250000e+03
4.324666503906250000e+03
4.315003906250000000e+03
4.322063476562500000e+03
4.335222167968750000e+03
4.334264160156250000e+03
4.372223144531250000e+03
4.360124511718750000e+03
4.345430175781250000e+03
4.349458496093750000e+03
4.341124511718750000e+03
4.331696777343750000e+03
4.329576171875000000e+03
4.296584960937500000e+03
4.296454589843750000e+03
4.300595214843750000e+03
4.313009277343750000e+03
4.310041992187500000e+03
4.320360351562500000e+03
4.321118652343750000e+03
4.328203613281250000e+03
4.314433105468750000e+03
4.290050292968750000e+03
4.300413085937500000e+03
4.336748046875000000e+03
4.332901855468750000e+03
4.326997558593750000e+03
4.322203613281250000e+03
4.335386230468750000e+03
4.346333984375000000e+03
4.360763183593750000e+03
4.362118164062500000e+03
4.360363769531250000e+03
4.362464355468750000e+03
4.366907714843750000e+03
4.385370605468750000e+03
4.379416015625000000e+03
4.374806152343750000e+03
4.370339355468750000e+03
4.385895507812500000e+03
4.396439453125000000e+03
4.400731933593750000e+03
4.410603027343750000e+03
4.377384765625000000e+03
4.368744140625000000e+03
4.381151367187500000e+03
4.384412109375000000e+03
4.399964355468750000e+03
4.401341796875000000e+03
4.389452636718750000e+03
4.388874511718750000e+03
4.404281738281250000e+03
4.400350585937500000e+03
4.389558593750000000e+03
4.390041503906250000e+03
4.402065429687500000e+03
4.400984863281250000e+03
4.401452636718750000e+03
4.385771484375000000e+03
4.376434570312500000e+03
4.384160156250000000e+03
4.374730468750000000e+03
4.375994628906250000e+03
4.376208984375000000e+03
4.374433593750000000e+03
4.378814453125000000e+03
4.357619628906250000e+03
4.354479003906250000e+03
4.350926757812500000e+03
4.387528808593750000e+03
4.389354980468750000e+03
4.384452148437500000e+03
4.383210449218750000e+03
4.376470214843750000e+03
4.368622070312500000e+03
4.364047851562500000e+03
4.337942871093750000e+03
4.346594726562500000e+03
4.309966796875000000e+03
4.318091796875000000e+03
4.331492675781250000e+03
4.336389648437500000e+03
4.346981445312500000e+03
4.353922363281250000e+03
4.340672851562500000e+03
4.336392578125000000e+03
4.336690429687500000e+03
4.298313476562500000e+03
4.309062011718750000e+03
4.309730957031250000e+03
4.306061035156250000e+03
4.295849609375000000e+03
4.303091796875000000e+03
4.313823730468750000e+03
4.299786621093750000e+03
4.302458984375000000e+03
4.293629882812500000e+03
4.302451660156250000e+03
4.304426757812500000e+03
4.300107421875000000e+03
4.286263671875000000e+03
4.278708496093750000e+03
4.287590820312500000e+03
4.279899902343750000e+03
4.278968261718750000e+03
4.293586914062500000e+03
4.249507324218750000e+03
4.238497070312500000e+03
4.271515625000000000e+03
4.269256835937500000e+03
4.281277343750000000e+03
4.286091308593750000e+03
4.295578125000000000e+03
4.301336914062500000e+03
4.337950195312500000e+03
4.311637207031250000e+03
4.324166992187500000e+03
4.325478027343750000e+03
4.311126953125000000e+03
4.318560546875000000e+03
4.313501953125000000e+03
4.326091308593750000e+03
4.321235351562500000e+03
4.310097656250000000e+03
4.302139648437500000e+03
4.304249511718750000e+03
4.314195312500000000e+03
4.296617675781250000e+03
4.310258300781250000e+03
4.314441406250000000e+03
4.304500488281250000e+03
4.305590332031250000e+03
4.282790527343750000e+03
4.267215820312500000e+03
4.276827636718750000e+03
4.265273925781250000e+03
4.272183105468750000e+03
4.282066406250000000e+03
4.294799316406250000e+03
4.289305175781250000e+03
4.284275878906250000e+03
4.277720703125000000e+03
4.277673828125000000e+03
4.289128417968750000e+03
4.302928222656250000e+03
4.282449218750000000e+03
4.327493652343750000e+03
4.336725585937500000e+03
4.354083007812500000e+03
4.354193847656250000e+03
4.393815917968750000e+03
4.391032226562500000e+03
4.396349121093750000e+03
4.395591796875000000e+03
4.393528320312500000e+03
4.375464843750000000e+03
4.374946289062500000e+03
4.358504394531250000e+03
4.363627441406250000e+03
4.348650390625000000e+03
4.334837402343750000e+03
4.325141113281250000e+03
4.329508300781250000e+03
4.311051757812500000e+03
4.317479492187500000e+03
4.307629394531250000e+03
4.302655273437500000e+03
4.303849609375000000e+03
4.316101562500000000e+03
4.319962402343750000e+03
4.323878417968750000e+03
4.321871582031250000e+03
4.315989746093750000e+03
4.304099609375000000e+03
4.306279785156250000e+03
4.299705078125000000e+03
4.303795410156250000e+03
4.316027343750000000e+03
4.331382324218750000e+03
4.333979980468750000e+03
4.330587890625000000e+03
4.334871093750000000e+03
4.340410644531250000e+03
4.353239746093750000e+03
4.343403808593750000e+03
4.343765136718750000e+03
4.308356933593750000e+03
4.296013671875000000e+03
4.284310546875000000e+03
4.273556640625000000e+03
4.271794433593750000e+03
4.267545898437500000e+03
4.277596191406250000e+03
4.273051757812500000e+03
4.271472167968750000e+03
4.247597656250000000e+03
4.251560058593750000e+03
4.265327636718750000e+03
4.264444824218750000e+03
4.260338378906250000e+03
4.262341796875000000e+03
4.260240234375000000e+03
4.269978027343750000e+03
4.268769531250000000e+03
4.264694824218750000e+03
4.222141601562500000e+03
4.233628906250000000e+03
4.235676757812500000e+03
4.220063964843750000e+03
4.215832031250000000e+03
4.214200683593750000e+03
4.199910644531250000e+03
4.217437011718750000e+03
4.177625488281250000e+03
4.192304199218750000e+03
4.175916992187500000e+03
4.181793945312500000e+03
4.179641113281250000e+03
4.176030761718750000e+03
4.184165039062500000e+03
4.181112792968750000e+03
4.175365234375000000e+03
4.195802246093750000e+03
4.190930175781250000e+03
4.187012695312500000e+03
4.182110351562500000e+03
4.192189941406250000e+03
4.187626464843750000e+03
4.188854003906250000e+03
4.169356933593750000e+03
4.178414062500000000e+03
4.176480957031250000e+03
4.165405273437500000e+03
4.180131835937500000e+03
4.183773925781250000e+03
4.180354980468750000e+03
4.181027832031250000e+03
4.189648925781250000e+03
4.206503906250000000e+03
4.211003906250000000e+03
4.247285156250000000e+03
4.243395507812500000e+03
4.254284667968750000e+03
4.261872070312500000e+03
4.259867675781250000e+03
4.270404785156250000e+03
4.267144531250000000e+03
4.238056640625000000e+03
4.234745605468750000e+03
4.247302246093750000e+03
4.237510742187500000e+03
4.210329589843750000e+03
4.217321289062500000e+03
4.217652832031250000e+03
4.210548828125000000e+03
4.190546875000000000e+03
4.170001953125000000e+03
4.187016601562500000e+03
4.175899414062500000e+03
4.192211914062500000e+03
4.173809570312500000e+03
4.169535156250000000e+03
4.154992675781250000e+03
4.141448730468750000e+03
4.156560058593750000e+03
4.141820312500000000e+03
4.138670410156250000e+03
4.128618652343750000e+03
4.140449707031250000e+03
4.156424316406250000e+03
4.152023437500000000e+03
4.156569335937500000e+03
4.162761230468750000e+03
4.145678222656250000e+03
4.128096191406250000e+03
4.141290039062500000e+03
4.147904296875000000e+03
4.143147460937500000e+03
4.140957031250000000e+03
4.152333984375000000e+03
4.160817382812500000e+03
4.151128417968750000e+03
4.162055175781250000e+03
4.144316406250000000e+03
4.143292968750000000e+03
4.169244628906250000e+03
4.160124511718750000e+03
4.173500000000000000e+03
4.181486816406250000e+03
4.180341796875000000e+03
4.143954589843750000e+03
4.153551757812500000e+03
4.170105468750000000e+03
4.189819824218750000e+03
4.158494628906250000e+03
4.177854003906250000e+03
4.174421875000000000e+03
4.166679199218750000e+03
4.156505859375000000e+03
4.151839843750000000e+03
4.169987792968750000e+03
4.149287109375000000e+03
4.155961425781250000e+03
4.222348632812500000e+03
4.229382324218750000e+03
4.231953613281250000e+03
4.239246093750000000e+03
4.227306152343750000e+03
4.234065917968750000e+03
4.244846679687500000e+03
4.258305664062500000e+03
4.263153320312500000e+03
4.236363281250000000e+03
4.248603515625000000e+03
4.246706054687500000e+03
4.251719726562500000e+03
4.261537109375000000e+03
4.269499023437500000e+03
4.271703125000000000e+03
4.268242187500000000e+03
4.263177246093750000e+03
4.272855468750000000e+03
4.289095703125000000e+03
4.291840332031250000e+03
4.290262207031250000e+03
4.286811035156250000e+03
4.270603515625000000e+03
4.255023925781250000e+03
4.257705566406250000e+03
4.256304687500000000e+03
4.243624511718750000e+03
4.235849121093750000e+03
4.205015136718750000e+03
4.217958984375000000e+03
4.214640625000000000e+03
4.228683593750000000e+03
4.220935546875000000e+03
4.192549804687500000e+03
4.185654296875000000e+03
4.171813476562500000e+03
4.176408691406250000e+03
4.181551269531250000e+03
4.192482421875000000e+03
4.190812988281250000e+03
4.195488769531250000e+03
4.194879882812500000e+03
4.212521484375000000e+03
4.198579101562500000e+03
4.213277343750000000e+03
4.188783691406250000e+03
4.195859863281250000e+03
4.190656250000000000e+03
4.185077636718750000e+03
4.166472167968750000e+03
4.164815917968750000e+03
4.194984375000000000e+03
4.200296875000000000e+03
4.198481445312500000e+03
4.209998046875000000e+03
4.190473144531250000e+03
4.169063964843750000e+03
4.172041992187500000e+03
4.163538085937500000e+03
4.149760253906250000e+03
4.148837890625000000e+03
4.151585449218750000e+03
4.120248535156250000e+03
4.128518554687500000e+03
4.145047851562500000e+03
4.151723144531250000e+03
4.141644042968750000e+03
4.143682617187500000e+03
4.136098632812500000e+03
4.127874023437500000e+03
4.130442382812500000e+03
4.094142578125000000e+03
4.096749511718750000e+03
4.092693603515625000e+03
4.082938720703125000e+03
4.087828613281250000e+03
4.077785888671875000e+03
4.091748779296875000e+03
4.072178710937500000e+03
4.065782958984375000e+03
4.045954589843750000e+03
4.057844238281250000e+03
4.032426269531250000e+03
4.044934814453125000e+03
4.047753173828125000e+03
4.050441406250000000e+03
4.058973632812500000e+03
4.065692138671875000e+03
4.074428466796875000e+03
4.070170898437500000e+03
4.079894775390625000e+03
4.092223876953125000e+03
4.093820312500000000e+03
4.089362548828125000e+03
4.092545166015625000e+03
4.091583740234375000e+03
4.109807128906250000e+03
4.097960937500000000e+03
4.082183593750000000e+03
4.092986816406250000e+03
4.086166015625000000e+03
4.100681640625000000e+03
4.102470214843750000e+03
4.100303222656250000e+03
4.086002441406250000e+03
4.102745117187500000e+03
4.110599609375000000e+03
4.070807617187500000e+03
4.065047607421875000e+03
4.069203857421875000e+03
4.067707031250000000e+03
4.068163818359375000e+03
4.097963867187500000e+03
4.088102539062500000e+03
4.096436523437500000e+03
4.084447509765625000e+03
4.073096435546875000e+03
4.094660400390625000e+03
4.082868896484375000e+03
4.074512695312500000e+03
4.055478271484375000e+03
4.073131835937500000e+03
4.062815673828125000e+03
4.048432617187500000e+03
4.055917724609375000e+03
4.066225341796875000e+03
4.076560546875000000e+03
4.080249755859375000e+03
4.081392578125000000e+03
4.072638916015625000e+03
4.077979003906250000e+03
4.062796875000000000e+03
4.065858642578125000e+03
4.061080810546875000e+03
4.091408447265625000e+03
4.096879882812500000e+03
4.100803222656250000e+03
4.103490234375000000e+03
4.101346679687500000e+03
4.089970947265625000e+03
4.099126464843750000e+03
4.096441406250000000e+03
4.092881103515625000e+03
4.098257812500000000e+03
4.096655761718750000e+03
4.095071044921875000e+03
4.092170410156250000e+03
4.110671875000000000e+03
4.132864746093750000e+03
4.139713867187500000e+03
4.137907226562500000e+03
4.128441894531250000e+03
4.196918945312500000e+03
4.207551757812500000e+03
4.216513183593750000e+03
4.219984375000000000e+03
4.223523437500000000e+03
4.225739257812500000e+03
4.238641601562500000e+03
4.227362792968750000e+03
4.222038085937500000e+03
4.236512207031250000e+03
4.227716308593750000e+03
4.224183105468750000e+03
4.226211425781250000e+03
4.240895507812500000e+03
4.249079589843750000e+03
4.237341308593750000e+03
4.231289550781250000e+03
4.232070800781250000e+03
4.232468261718750000e+03
4.219389160156250000e+03
4.215740722656250000e+03
4.214853027343750000e+03
4.217570312500000000e+03
4.216513671875000000e+03
4.208631347656250000e+03
4.212788574218750000e+03
4.210275878906250000e+03
4.209457031250000000e+03
4.194027343750000000e+03
4.196814453125000000e+03
4.190104492187500000e+03
4.191584472656250000e+03
4.202033691406250000e+03
4.202888671875000000e+03
4.212684570312500000e+03
4.204206542968750000e+03
4.192299804687500000e+03
4.185776855468750000e+03
4.197588378906250000e+03
4.205039062500000000e+03
4.217562988281250000e+03
4.229079589843750000e+03
4.250781250000000000e+03
4.231184082031250000e+03
4.232267089843750000e+03
4.247453613281250000e+03
4.258271972656250000e+03
4.273241210937500000e+03
4.267701171875000000e+03
4.277027343750000000e+03
4.275525390625000000e+03
4.283706542968750000e+03
4.284753906250000000e+03
4.290949218750000000e+03
4.263269531250000000e+03
4.267103027343750000e+03
4.249866699218750000e+03
4.248387695312500000e+03
4.257708496093750000e+03
4.261299316406250000e+03
4.250888671875000000e+03
4.243335449218750000e+03
4.254980468750000000e+03
4.287474121093750000e+03
4.287339355468750000e+03
4.291214355468750000e+03
4.277916015625000000e+03
4.271998535156250000e+03
4.275881835937500000e+03
4.276044433593750000e+03
4.285300292968750000e+03
4.292325683593750000e+03
4.306929199218750000e+03
4.306310546875000000e+03
4.303768066406250000e+03
4.306253906250000000e+03
4.306957031250000000e+03
4.343596679687500000e+03
4.354924804687500000e+03
4.360555664062500000e+03
4.366033691406250000e+03
4.397818359375000000e+03
4.378482910156250000e+03
4.388020996093750000e+03
4.396825195312500000e+03
4.394386230468750000e+03
4.384590332031250000e+03
4.381565917968750000e+03
4.385734863281250000e+03
4.387474609375000000e+03
4.391379394531250000e+03
4.383425292968750000e+03
4.381286621093750000e+03
4.378497070312500000e+03
4.376775390625000000e+03
4.390297851562500000e+03
4.387632812500000000e+03
4.376623535156250000e+03
4.372275390625000000e+03
4.396404296875000000e+03
4.404890136718750000e+03
4.417342285156250000e+03
4.410108886718750000e+03
4.408633789062500000e+03
4.410745605468750000e+03
4.412691406250000000e+03
4.412730468750000000e+03
4.413055175781250000e+03
4.407403320312500000e+03
4.412500000000000000e+03
4.412800781250000000e+03
4.409754394531250000e+03
4.402979492187500000e+03
4.410345214843750000e+03
4.414079101562500000e+03
4.415453613281250000e+03
4.416558593750000000e+03
4.414512695312500000e+03
4.409491699218750000e+03
4.413331054687500000e+03
4.412308105468750000e+03
4.406000488281250000e+03
4.402603027343750000e+03
4.407489746093750000e+03
4.404931152343750000e+03
4.404208496093750000e+03
4.420477539062500000e+03
4.410631347656250000e+03
4.426975585937500000e+03
4.418565917968750000e+03
4.417907714843750000e+03
4.426769531250000000e+03
4.422363769531250000e+03
4.427932617187500000e+03
4.425715332031250000e+03
4.430543945312500000e+03
4.429697753906250000e+03
4.428916015625000000e+03
4.429814941406250000e+03
4.428858398437500000e+03
4.432157714843750000e+03
4.434195312500000000e+03
4.436401855468750000e+03
4.436936035156250000e+03
4.431908203125000000e+03
4.438679199218750000e+03
4.451137207031250000e+03
4.443972167968750000e+03
4.443101074218750000e+03
4.443280761718750000e+03
4.444410156250000000e+03
4.446924804687500000e+03
4.447408203125000000e+03
4.444854003906250000e+03
4.434627929687500000e+03
4.443297363281250000e+03
4.438322753906250000e+03
4.443388183593750000e+03
4.440723632812500000e+03
4.441525390625000000e+03
4.433337402343750000e+03
4.430433105468750000e+03
4.405266601562500000e+03
4.408623535156250000e+03
4.409380859375000000e+03
4.404134277343750000e+03
4.404107910156250000e+03
4.406452636718750000e+03
4.407522949218750000e+03
4.416281250000000000e+03
4.419030273437500000e+03
4.442457031250000000e+03
4.448937988281250000e+03
4.449249511718750000e+03
4.448648437500000000e+03
4.452466308593750000e+03
4.448521972656250000e+03
4.446131347656250000e+03
4.455149414062500000e+03
4.446637207031250000e+03
4.435924804687500000e+03
4.447715332031250000e+03
4.458330078125000000e+03
4.457885253906250000e+03
4.464231445312500000e+03
4.463109863281250000e+03
4.459566406250000000e+03
4.456231445312500000e+03
4.459310058593750000e+03
4.490190429687500000e+03
4.488483886718750000e+03
4.492824707031250000e+03
4.490524414062500000e+03
4.482679687500000000e+03
4.475398437500000000e+03
4.481895019531250000e+03
4.490194335937500000e+03
4.494352050781250000e+03
4.493094238281250000e+03
4.486580566406250000e+03
4.490367187500000000e+03
4.488887695312500000e+03
4.488406738281250000e+03
4.487290039062500000e+03
4.491442382812500000e+03
4.489328125000000000e+03
4.491243164062500000e+03
4.498012695312500000e+03
4.507454101562500000e+03
4.499305175781250000e+03
4.501669433593750000e+03
4.509863281250000000e+03
4.511865722656250000e+03
4.518889160156250000e+03
4.532599609375000000e+03
4.529653320312500000e+03
4.543134765625000000e+03
4.543069335937500000e+03
4.549016113281250000e+03
4.552896972656250000e+03
4.554466796875000000e+03
4.562661621093750000e+03
4.563859863281250000e+03
4.568285156250000000e+03
4.562050292968750000e+03
4.550429199218750000e+03
4.552463867187500000e+03
4.552711425781250000e+03
4.553323242187500000e+03
4.546958984375000000e+03
4.546213867187500000e+03
4.548029296875000000e+03
4.552263671875000000e+03
4.551082519531250000e+03
4.570484375000000000e+03
4.581292480468750000e+03
4.582177246093750000e+03
4.572803222656250000e+03
4.576201171875000000e+03
4.582015625000000000e+03
4.594835937500000000e+03
4.611348144531250000e+03
4.602593261718750000e+03
4.601190917968750000e+03
4.601758300781250000e+03
4.603154785156250000e+03
4.609705566406250000e+03
4.618920898437500000e+03
4.609658203125000000e+03
4.617758300781250000e+03
4.619842285156250000e+03
4.622610839843750000e+03
4.631403320312500000e+03
4.638254394531250000e+03
4.618170898437500000e+03
4.616865234375000000e+03
4.616969726562500000e+03
4.615572265625000000e+03
4.622244628906250000e+03
4.621431152343750000e+03
4.616008300781250000e+03
4.630422363281250000e+03
4.629349609375000000e+03
4.624086425781250000e+03
4.625708984375000000e+03
4.622263183593750000e+03
4.625522460937500000e+03
4.621546386718750000e+03
4.615684082031250000e+03
4.607317871093750000e+03
4.657122070312500000e+03
4.646986816406250000e+03
4.659515625000000000e+03
4.642790039062500000e+03
4.644599121093750000e+03
4.646883789062500000e+03
4.619113769531250000e+03
4.617980468750000000e+03
4.619516601562500000e+03
4.644430175781250000e+03
4.646758789062500000e+03
4.653352050781250000e+03
4.642679199218750000e+03
4.632370605468750000e+03
4.623826660156250000e+03
4.628332031250000000e+03
4.632536621093750000e+03
4.633015136718750000e+03
4.613232421875000000e+03
4.615246093750000000e+03
4.608667968750000000e+03
4.607881347656250000e+03
4.607977539062500000e+03
4.609810058593750000e+03
4.598878906250000000e+03
4.593166503906250000e+03
4.597909667968750000e+03
4.600681152343750000e+03
4.608247070312500000e+03
4.608171875000000000e+03
4.607040527343750000e+03
4.613234863281250000e+03
4.612522949218750000e+03
4.613034179687500000e+03
4.613523437500000000e+03
4.615407226562500000e+03
4.608461425781250000e+03
4.605129394531250000e+03
4.603106445312500000e+03
4.607625488281250000e+03
4.608063476562500000e+03
4.612243652343750000e+03
4.605863281250000000e+03
4.607360351562500000e+03
4.612191406250000000e+03
4.597992187500000000e+03
4.593019531250000000e+03
4.583140625000000000e+03
4.583063476562500000e+03
4.587995605468750000e+03
4.598461914062500000e+03
4.594127929687500000e+03
4.597855957031250000e+03
4.602988281250000000e+03
4.584643554687500000e+03
4.590888183593750000e+03
4.593150390625000000e+03
4.593211425781250000e+03
4.596300292968750000e+03
4.601777832031250000e+03
4.601845703125000000e+03
4.600502441406250000e+03
4.600010742187500000e+03
4.614235839843750000e+03
4.610038574218750000e+03
4.611403320312500000e+03
4.612534667968750000e+03
4.616214355468750000e+03
4.612491699218750000e+03
4.605166015625000000e+03
4.604275390625000000e+03
4.606934570312500000e+03
4.604295898437500000e+03
4.602629882812500000e+03
4.599169921875000000e+03
4.596336425781250000e+03
4.593142578125000000e+03
4.597531250000000000e+03
4.596815429687500000e+03
4.593293945312500000e+03
4.591984863281250000e+03
4.609175781250000000e+03
4.608941406250000000e+03
4.609449707031250000e+03
4.608341796875000000e+03
4.609262695312500000e+03
4.609770019531250000e+03
4.609846191406250000e+03
4.607134277343750000e+03
4.595614746093750000e+03
4.572617675781250000e+03
4.545891113281250000e+03
4.549910156250000000e+03
4.541585937500000000e+03
4.534140625000000000e+03
4.528978027343750000e+03
4.514473632812500000e+03
4.515820312500000000e+03
4.519820800781250000e+03
4.533798339843750000e+03
4.543073730468750000e+03
4.541282714843750000e+03
4.526642089843750000e+03
4.533905273437500000e+03
4.527978027343750000e+03
4.534217773437500000e+03
4.548813476562500000e+03
4.553750976562500000e+03
4.515152832031250000e+03
4.505554199218750000e+03
4.500826171875000000e+03
4.507770019531250000e+03
4.507293457031250000e+03
4.517842285156250000e+03
4.536450683593750000e+03
4.552150390625000000e+03
4.541321289062500000e+03
4.539691406250000000e+03
4.530917480468750000e+03
4.534186523437500000e+03
4.538281738281250000e+03
4.544816406250000000e+03
4.544922363281250000e+03
4.562913085937500000e+03
4.561114257812500000e+03
4.562588867187500000e+03
4.550492675781250000e+03
4.552332519531250000e+03
4.544110351562500000e+03
4.531341308593750000e+03
4.538702636718750000e+03
4.528312011718750000e+03
4.531092285156250000e+03
4.544642578125000000e+03
4.546825195312500000e+03
4.548471679687500000e+03
4.557834960937500000e+03
4.545735839843750000e+03
4.539007812500000000e+03
4.539719726562500000e+03
4.539322753906250000e+03
4.542679687500000000e+03
4.547048339843750000e+03
4.547300781250000000e+03
4.587113281250000000e+03
4.566372070312500000e+03
4.559563964843750000e+03
4.559128906250000000e+03
4.557701171875000000e+03
4.540272460937500000e+03
4.555253906250000000e+03
4.518985839843750000e+03
4.517078613281250000e+03
4.565878906250000000e+03
4.557606933593750000e+03
4.556562988281250000e+03
4.543577148437500000e+03
4.540932128906250000e+03
4.553827636718750000e+03
4.559502441406250000e+03
4.552741210937500000e+03
4.554124511718750000e+03
4.540513671875000000e+03
4.547680175781250000e+03
4.550169921875000000e+03
4.540981933593750000e+03
4.536223144531250000e+03
4.531753906250000000e+03
4.533551757812500000e+03
4.532721191406250000e+03
4.532812011718750000e+03
4.506757324218750000e+03
4.510281250000000000e+03
4.501744140625000000e+03
4.514568847656250000e+03
4.519060546875000000e+03
4.508316894531250000e+03
4.513885253906250000e+03
4.524863281250000000e+03
4.523694824218750000e+03
4.472102050781250000e+03
4.478447265625000000e+03
4.473260742187500000e+03
4.477122070312500000e+03
4.475508789062500000e+03
4.464286132812500000e+03
4.455078125000000000e+03
4.467179687500000000e+03
4.477087890625000000e+03
4.489576171875000000e+03
4.498684570312500000e+03
4.507542968750000000e+03
4.515456054687500000e+03
4.520235351562500000e+03
4.513057128906250000e+03
4.525722167968750000e+03
4.525837890625000000e+03
4.529685058593750000e+03
4.549792480468750000e+03
4.545173828125000000e+03
4.542084472656250000e+03
4.543774414062500000e+03
4.544241210937500000e+03
4.530359375000000000e+03
4.525242187500000000e+03
4.524594238281250000e+03
4.524423339843750000e+03
4.560356445312500000e+03
4.550911132812500000e+03
4.549227539062500000e+03
4.548088867187500000e+03
4.546344238281250000e+03
4.548346191406250000e+03
4.561121582031250000e+03
4.558961914062500000e+03
4.559593750000000000e+03
4.540576660156250000e+03
4.546767089843750000e+03
4.543733886718750000e+03
4.544957031250000000e+03
4.549012207031250000e+03
4.542438476562500000e+03
4.543071777343750000e+03
4.541812500000000000e+03
4.544179199218750000e+03
4.606820312500000000e+03
4.611012207031250000e+03
4.615142089843750000e+03
4.623876953125000000e+03
4.627957519531250000e+03
4.630056640625000000e+03
4.637265625000000000e+03
4.639473144531250000e+03
4.642297851562500000e+03
4.640288085937500000e+03
4.642024902343750000e+03
4.630626953125000000e+03
4.628980957031250000e+03
4.624698730468750000e+03
4.648549804687500000e+03
4.659587402343750000e+03
4.655122070312500000e+03
4.661859375000000000e+03
4.682309082031250000e+03
4.695765625000000000e+03
4.697737792968750000e+03
4.706564941406250000e+03
4.710640136718750000e+03
4.714267578125000000e+03
4.708316894531250000e+03
4.716184570312500000e+03
4.713979492187500000e+03
4.710603515625000000e+03
4.706345703125000000e+03
4.708434570312500000e+03
4.706265136718750000e+03
4.702390625000000000e+03
4.704728515625000000e+03
4.712303222656250000e+03
4.712642578125000000e+03
4.716214355468750000e+03
4.731630371093750000e+03
4.736270507812500000e+03
4.740161621093750000e+03
4.743647949218750000e+03
4.736201171875000000e+03
4.739443359375000000e+03
4.741000976562500000e+03
4.734502441406250000e+03
4.740947265625000000e+03
4.747955078125000000e+03
4.737323242187500000e+03
4.738547363281250000e+03
4.743433593750000000e+03
4.744151367187500000e+03
4.745546386718750000e+03
4.735494140625000000e+03
4.722976074218750000e+03
4.725123535156250000e+03
4.716445312500000000e+03
4.713205078125000000e+03
4.718017578125000000e+03
4.723901855468750000e+03
4.732508300781250000e+03
4.730431152343750000e+03
4.724914062500000000e+03
4.708833007812500000e+03
4.709378417968750000e+03
4.741575683593750000e+03
4.747376464843750000e+03
4.749170898437500000e+03
4.749946777343750000e+03
4.752116699218750000e+03
4.732409179687500000e+03
4.732697265625000000e+03
4.736431152343750000e+03
4.731080078125000000e+03
4.732353027343750000e+03
4.729237792968750000e+03
4.740701660156250000e+03
4.742822753906250000e+03
4.739579589843750000e+03
4.723446777343750000e+03
4.731660644531250000e+03
4.724842285156250000e+03
4.726887695312500000e+03
4.744453613281250000e+03
4.742632324218750000e+03
4.743540039062500000e+03
4.743852050781250000e+03
4.748128417968750000e+03
4.752931640625000000e+03
4.759511718750000000e+03
4.765206542968750000e+03
4.768841308593750000e+03
4.771566406250000000e+03
4.766113281250000000e+03
4.757166503906250000e+03
4.759272949218750000e+03
4.766363281250000000e+03
4.761949707031250000e+03
4.759418457031250000e+03
4.760788574218750000e+03
4.755357421875000000e+03
4.768654296875000000e+03
4.782060546875000000e+03
4.774786132812500000e+03
4.780076171875000000e+03
4.785589843750000000e+03
4.791454101562500000e+03
4.792575195312500000e+03
4.788038085937500000e+03
4.784786132812500000e+03
4.786782714843750000e+03
4.787315429687500000e+03
4.793803222656250000e+03
4.792250000000000000e+03
4.796476562500000000e+03
4.792449707031250000e+03
4.782056152343750000e+03
4.786953125000000000e+03
4.790613281250000000e+03
4.802313964843750000e+03
4.809309570312500000e+03
4.810419433593750000e+03
4.802562500000000000e+03
4.802728027343750000e+03
4.801311035156250000e+03
4.812069824218750000e+03
4.818001953125000000e+03
4.818624511718750000e+03
4.790346679687500000e+03
4.788767578125000000e+03
4.783326660156250000e+03
4.778816406250000000e+03
4.780244140625000000e+03
4.759923339843750000e+03
4.755572265625000000e+03
4.759541503906250000e+03
4.765287109375000000e+03
4.769301757812500000e+03
4.775399414062500000e+03
4.780640625000000000e+03
4.783869140625000000e+03
4.785421875000000000e+03
4.781362304687500000e+03
4.783214843750000000e+03
4.786547363281250000e+03
4.786209472656250000e+03
4.817857421875000000e+03
4.817305175781250000e+03
4.816179687500000000e+03
4.818181152343750000e+03
4.821944335937500000e+03
4.812437988281250000e+03
4.811626953125000000e+03
4.818528320312500000e+03
4.815919433593750000e+03
4.844733886718750000e+03
4.845418457031250000e+03
4.849449707031250000e+03
4.844130859375000000e+03
4.840944335937500000e+03
4.840091796875000000e+03
4.829282226562500000e+03
4.834809082031250000e+03
4.837731445312500000e+03
4.825098144531250000e+03
4.828120605468750000e+03
4.824403808593750000e+03
4.825826171875000000e+03
4.828316894531250000e+03
4.831349609375000000e+03
4.834654296875000000e+03
4.837805175781250000e+03
4.837270507812500000e+03
4.836177246093750000e+03
4.834214843750000000e+03
4.834413574218750000e+03
4.833741699218750000e+03
4.836347167968750000e+03
4.831086914062500000e+03
4.830684570312500000e+03
4.838070800781250000e+03
4.837183105468750000e+03
4.831560546875000000e+03
4.845508300781250000e+03
4.852304687500000000e+03
4.850419921875000000e+03
4.850242675781250000e+03
4.842536621093750000e+03
4.846481933593750000e+03
4.843117675781250000e+03
4.847115234375000000e+03
4.901264648437500000e+03
4.893053710937500000e+03
4.898039062500000000e+03
4.906293457031250000e+03
4.908206054687500000e+03
4.912109863281250000e+03
4.926665039062500000e+03
4.914940429687500000e+03
4.918888671875000000e+03
4.918253906250000000e+03
4.922437988281250000e+03
4.925485351562500000e+03
4.931057128906250000e+03
4.930896484375000000e+03
4.933269042968750000e+03
4.938795410156250000e+03
4.933833007812500000e+03
4.933287597656250000e+03
4.925736816406250000e+03
4.925621093750000000e+03
4.924793457031250000e+03
4.928333496093750000e+03
4.925426269531250000e+03
4.928718261718750000e+03
4.927739746093750000e+03
4.927307617187500000e+03
4.926777832031250000e+03
4.926949707031250000e+03
4.936297851562500000e+03
4.939820800781250000e+03
4.936966796875000000e+03
4.941260253906250000e+03
4.933914550781250000e+03
4.941348632812500000e+03
4.944854003906250000e+03
4.944332519531250000e+03
4.938565917968750000e+03
4.935394042968750000e+03
4.939132812500000000e+03
4.940720703125000000e+03
4.939201171875000000e+03
4.939350585937500000e+03
4.936668945312500000e+03
4.939207519531250000e+03
4.941710449218750000e+03
4.951043945312500000e+03
4.944911621093750000e+03
4.937626464843750000e+03
4.943415527343750000e+03
4.936339843750000000e+03
4.942202148437500000e+03
4.946503417968750000e+03
4.938987792968750000e+03
4.943408691406250000e+03
4.942364257812500000e+03
4.949063964843750000e+03
4.936826660156250000e+03
4.948521972656250000e+03
4.945888183593750000e+03
4.943940917968750000e+03
4.935542480468750000e+03
4.951235839843750000e+03
4.949550292968750000e+03
4.956663574218750000e+03
4.959063964843750000e+03
4.958458007812500000e+03
4.958422851562500000e+03
4.963351562500000000e+03
4.962195800781250000e+03
4.956642578125000000e+03
4.959378417968750000e+03
4.962534179687500000e+03
4.949146972656250000e+03
4.950921875000000000e+03
4.955500488281250000e+03
4.957546875000000000e+03
4.956196289062500000e+03
4.956970214843750000e+03
4.958972656250000000e+03
4.944698730468750000e+03
4.947878417968750000e+03
4.960394042968750000e+03
4.965677246093750000e+03
4.959807128906250000e+03
4.957042480468750000e+03
4.961775390625000000e+03
4.963575195312500000e+03
4.967287597656250000e+03
4.964763183593750000e+03
4.966466308593750000e+03
4.962208984375000000e+03
4.967201660156250000e+03
4.976857910156250000e+03
4.977486816406250000e+03
4.979907714843750000e+03
4.994033691406250000e+03
5.002085449218750000e+03
5.004230957031250000e+03
5.006060546875000000e+03
5.005550292968750000e+03
5.007404296875000000e+03
5.008467773437500000e+03
5.002182128906250000e+03
5.000326171875000000e+03
5.005380859375000000e+03
5.001269042968750000e+03
5.004939453125000000e+03
4.994652832031250000e+03
4.968516601562500000e+03
4.971843261718750000e+03
4.976028808593750000e+03
4.975666015625000000e+03
4.974444824218750000e+03
4.973560546875000000e+03
4.967397460937500000e+03
4.971811523437500000e+03
4.975114257812500000e+03
4.979288085937500000e+03
4.977363281250000000e+03
4.980865234375000000e+03
4.980086425781250000e+03
4.983777832031250000e+03
4.985820312500000000e+03
4.994996093750000000e+03
5.009046875000000000e+03
5.009125000000000000e+03
5.012470214843750000e+03
5.018952636718750000e+03
5.022033691406250000e+03
5.020812011718750000e+03
5.019044433593750000e+03
5.019123535156250000e+03
5.018466308593750000e+03
5.017149414062500000e+03
5.014481445312500000e+03
5.024078125000000000e+03
5.023995117187500000e+03
5.025009765625000000e+03
5.024026855468750000e+03
5.022994628906250000e+03
5.011493652343750000e+03
5.006208007812500000e+03
5.008811523437500000e+03
5.008076660156250000e+03
5.010709472656250000e+03
5.018008300781250000e+03
5.020831542968750000e+03
5.023896972656250000e+03
5.023308105468750000e+03
5.016691406250000000e+03
5.019290527343750000e+03
5.016110839843750000e+03
5.011739746093750000e+03
5.011962890625000000e+03
5.013699707031250000e+03
5.010630859375000000e+03
5.012506347656250000e+03
5.009233886718750000e+03
5.004348632812500000e+03
5.002799316406250000e+03
5.003772949218750000e+03
5.006448730468750000e+03
5.006750488281250000e+03
5.008686523437500000e+03
5.009631347656250000e+03
5.008359863281250000e+03
5.012046875000000000e+03
5.010155273437500000e+03
5.009815917968750000e+03
5.014952636718750000e+03
5.017467285156250000e+03
5.009687988281250000e+03
5.011856933593750000e+03
5.015620117187500000e+03
5.016526367187500000e+03
5.014704589843750000e+03
5.014744628906250000e+03
5.012960937500000000e+03
5.011417480468750000e+03
5.013637695312500000e+03
5.033006835937500000e+03
5.027296875000000000e+03
5.023954589843750000e+03
5.026704101562500000e+03
5.027383300781250000e+03
5.028586914062500000e+03
5.031178710937500000e+03
5.033948242187500000e+03
5.033727050781250000e+03
5.026138183593750000e+03
5.024966308593750000e+03
5.023443359375000000e+03
5.018211425781250000e+03
5.021091308593750000e+03
5.019634765625000000e+03
5.020833496093750000e+03
5.024968261718750000e+03
5.025668457031250000e+03
5.025974609375000000e+03
5.021309082031250000e+03
5.021128417968750000e+03
5.019036132812500000e+03
5.020482421875000000e+03
5.027117187500000000e+03
5.031868164062500000e+03
5.031536621093750000e+03
5.032424316406250000e+03
5.029411621093750000e+03
5.033307128906250000e+03
5.034908203125000000e+03
5.037274902343750000e+03
5.037546386718750000e+03
5.037345703125000000e+03
5.037139648437500000e+03
5.034330078125000000e+03
5.035216308593750000e+03
5.033789550781250000e+03
5.036313476562500000e+03
5.037968261718750000e+03
5.039359863281250000e+03
5.041190429687500000e+03
5.039903808593750000e+03
5.039206054687500000e+03
5.036982421875000000e+03
5.035477050781250000e+03
5.038204589843750000e+03
5.039882324218750000e+03
5.039302246093750000e+03
5.039035644531250000e+03
5.037351562500000000e+03
5.036245117187500000e+03
5.035472167968750000e+03
5.034154785156250000e+03
5.034563964843750000e+03
5.040238281250000000e+03
5.037542480468750000e+03
5.039953613281250000e+03
5.037654785156250000e+03
5.035462402343750000e+03
5.031335449218750000e+03
5.021115234375000000e+03
5.020230957031250000e+03
5.021770019531250000e+03
5.024581542968750000e+03
5.028262695312500000e+03
5.031950195312500000e+03
5.031209960937500000e+03
5.033030761718750000e+03
5.029748535156250000e+03
5.031171875000000000e+03
5.033504882812500000e+03
5.035078125000000000e+03
5.038489746093750000e+03
5.038500976562500000e+03
5.037319824218750000e+03
5.037934082031250000e+03
5.034977050781250000e+03
5.036117675781250000e+03
5.035119140625000000e+03
5.035955566406250000e+03
5.035000000000000000e+03
5.009138671875000000e+03
5.002097167968750000e+03
5.005187500000000000e+03
5.004932617187500000e+03
5.004522949218750000e+03
5.012456054687500000e+03
5.014383789062500000e+03
5.018956542968750000e+03
5.018214355468750000e+03
5.028320312500000000e+03
5.024493652343750000e+03
5.030095214843750000e+03
5.030248535156250000e+03
5.029161132812500000e+03
5.033256835937500000e+03
5.032507324218750000e+03
5.031726074218750000e+03
5.031310546875000000e+03
5.020492675781250000e+03
5.019441894531250000e+03
5.017074707031250000e+03
5.013569335937500000e+03
5.021562500000000000e+03
5.022718750000000000e+03
5.016714355468750000e+03
5.006213378906250000e+03
5.005984375000000000e+03
5.022299804687500000e+03
5.026472167968750000e+03
5.023294921875000000e+03
5.027031250000000000e+03
5.028012207031250000e+03
4.993599609375000000e+03
5.003018066406250000e+03
5.010254882812500000e+03
5.011719726562500000e+03
5.016579589843750000e+03
5.007060546875000000e+03
5.003702148437500000e+03
4.998551757812500000e+03
4.994591308593750000e+03
5.007975097656250000e+03
5.003396972656250000e+03
4.986894531250000000e+03
4.995474609375000000e+03
5.023166015625000000e+03
5.022575683593750000e+03
5.017953613281250000e+03
5.014983398437500000e+03
5.016144042968750000e+03
4.989123046875000000e+03
4.997380859375000000e+03
4.975817871093750000e+03
4.984588867187500000e+03
5.008385742187500000e+03
5.012257812500000000e+03
5.013303710937500000e+03
5.015068359375000000e+03
5.021546386718750000e+03
5.026218261718750000e+03
5.026712890625000000e+03
5.007293457031250000e+03
5.003194824218750000e+03
4.964753906250000000e+03
4.964679199218750000e+03
4.960542480468750000e+03
4.963331542968750000e+03
4.980541992187500000e+03
4.977550292968750000e+03
4.964118652343750000e+03
4.957055664062500000e+03
4.961595703125000000e+03
4.980273437500000000e+03
4.986144042968750000e+03
4.992984375000000000e+03
4.993987304687500000e+03
4.989076171875000000e+03
4.992883789062500000e+03
4.984644531250000000e+03
4.968438964843750000e+03
4.963402832031250000e+03
4.977179687500000000e+03
4.978989257812500000e+03
4.977256835937500000e+03
4.978085449218750000e+03
4.978237304687500000e+03
4.967816406250000000e+03
4.970646484375000000e+03
4.977837402343750000e+03
4.979546386718750000e+03
4.953085937500000000e+03
4.946041503906250000e+03
4.968067382812500000e+03
4.964507324218750000e+03
4.969985351562500000e+03
4.974072265625000000e+03
4.970790527343750000e+03
4.969249023437500000e+03
4.967827148437500000e+03
4.966681640625000000e+03
4.971821289062500000e+03
4.980280273437500000e+03
4.978051269531250000e+03
4.979671386718750000e+03
4.981872558593750000e+03
4.980918457031250000e+03
4.982588867187500000e+03
4.978711425781250000e+03
4.999020507812500000e+03
5.000000000000000000e+03
5.004626464843750000e+03
5.013297363281250000e+03
5.006940917968750000e+03
5.009877441406250000e+03
5.010483398437500000e+03
5.018888671875000000e+03
5.020852539062500000e+03
5.028757812500000000e+03
5.024546386718750000e+03
5.027028808593750000e+03
5.026342773437500000e+03
5.026053710937500000e+03
5.020194824218750000e+03
5.014775390625000000e+03
5.005829101562500000e+03
5.005007812500000000e+03
4.995684082031250000e+03
4.997260253906250000e+03
4.993785644531250000e+03
4.984721191406250000e+03
4.990842285156250000e+03
4.970087890625000000e+03
4.957010742187500000e+03
4.974645996093750000e+03
4.980358886718750000e+03
5.000118164062500000e+03
4.999527832031250000e+03
5.002549804687500000e+03
5.003181640625000000e+03
5.005000976562500000e+03
5.005499023437500000e+03
5.017514648437500000e+03
5.018729492187500000e+03
5.019811035156250000e+03
5.024995605468750000e+03
5.019968750000000000e+03
5.013152343750000000e+03
5.012439453125000000e+03
5.010708496093750000e+03
5.010871093750000000e+03
5.003638183593750000e+03
5.006604980468750000e+03
5.005110839843750000e+03
4.994831054687500000e+03
4.987320800781250000e+03
4.989751464843750000e+03
4.994484863281250000e+03
4.991318847656250000e+03
4.982471679687500000e+03
4.985952636718750000e+03
4.979942871093750000e+03
4.967048339843750000e+03
4.949665039062500000e+03
4.944842285156250000e+03
4.946728515625000000e+03
4.955833007812500000e+03
4.956486328125000000e+03
4.957087890625000000e+03
4.956748535156250000e+03
4.953342773437500000e+03
4.950455078125000000e+03
4.958314941406250000e+03
4.964804687500000000e+03
4.969901367187500000e+03
4.968470214843750000e+03
4.963529296875000000e+03
4.979192871093750000e+03
4.980027832031250000e+03
4.966364746093750000e+03
4.967832519531250000e+03
4.970379882812500000e+03
4.979439453125000000e+03
4.989337890625000000e+03
4.996476074218750000e+03
4.997278808593750000e+03
4.994127441406250000e+03
4.988339843750000000e+03
4.989829101562500000e+03
4.991038085937500000e+03
5.000936035156250000e+03
5.007622070312500000e+03
5.010043457031250000e+03
5.009768554687500000e+03
5.005211914062500000e+03
5.012276855468750000e+03
5.014341796875000000e+03
5.020508789062500000e+03
5.023037109375000000e+03
5.029470214843750000e+03
5.031745117187500000e+03
5.033647949218750000e+03
5.032125976562500000e+03
5.030383789062500000e+03
5.023979492187500000e+03
5.029853515625000000e+03
5.029301269531250000e+03
5.028487304687500000e+03
5.042416503906250000e+03
5.044879394531250000e+03
5.045735839843750000e+03
5.044400878906250000e+03
5.042186035156250000e+03
5.040016601562500000e+03
5.038705078125000000e+03
5.036944335937500000e+03
5.036085937500000000e+03
5.035140625000000000e+03
5.033898925781250000e+03
5.033460937500000000e+03
5.032510253906250000e+03
5.032890136718750000e+03
5.032560058593750000e+03
5.034052734375000000e+03
5.034377929687500000e+03
5.034680175781250000e+03
5.032791992187500000e+03
5.033208984375000000e+03
5.032914550781250000e+03
5.033620117187500000e+03
5.034059570312500000e+03
5.034405273437500000e+03
5.035572265625000000e+03
5.035934570312500000e+03
5.036968750000000000e+03
5.037244140625000000e+03
5.037573730468750000e+03
5.036671386718750000e+03
5.034955078125000000e+03
5.035149414062500000e+03
5.036520507812500000e+03
5.037988281250000000e+03
5.039993164062500000e+03
5.040833007812500000e+03
5.038382812500000000e+03
5.036133300781250000e+03
5.034151367187500000e+03
5.035135253906250000e+03
5.035069335937500000e+03
5.034639160156250000e+03
5.033348632812500000e+03
5.034041992187500000e+03
5.031439453125000000e+03
5.026128906250000000e+03
5.025445312500000000e+03
5.027376464843750000e+03
5.027043457031250000e+03
5.028252441406250000e+03
5.028867187500000000e+03
5.030785644531250000e+03
5.033014648437500000e+03
5.033007324218750000e+03
5.030657226562500000e+03
5.026854980468750000e+03
5.020452636718750000e+03
5.024125000000000000e+03
5.024210449218750000e+03
5.022559082031250000e+03
5.023309082031250000e+03
5.026887207031250000e+03
5.028617187500000000e+03
5.024650390625000000e+03
5.022384765625000000e+03
5.024685546875000000e+03
5.023340332031250000e+03
5.022321777343750000e+03
5.024394042968750000e+03
5.024201171875000000e+03
5.022020507812500000e+03
5.022093261718750000e+03
5.032743652343750000e+03
5.027924316406250000e+03
5.030656250000000000e+03
5.031901367187500000e+03
5.033925292968750000e+03
5.034472167968750000e+03
5.025949707031250000e+03
5.021783691406250000e+03
5.024907226562500000e+03
5.012836425781250000e+03
5.018685546875000000e+03
5.017873046875000000e+03
5.019219238281250000e+03
5.018805175781250000e+03
5.016075195312500000e+03
5.016980468750000000e+03
5.024172851562500000e+03
5.027249023437500000e+03
5.029262695312500000e+03
5.030590332031250000e+03
5.029546386718750000e+03
5.029100585937500000e+03
5.028189941406250000e+03
5.030400878906250000e+03
5.029501953125000000e+03
5.033070800781250000e+03
5.033162597656250000e+03
5.036166992187500000e+03
5.036842285156250000e+03
5.034361816406250000e+03
5.030034667968750000e+03
5.028737304687500000e+03
5.024433105468750000e+03
5.019383300781250000e+03
5.019198730468750000e+03
5.021104492187500000e+03
5.009598632812500000e+03
5.014566406250000000e+03
5.008427246093750000e+03
5.005768066406250000e+03
5.001677246093750000e+03
4.991160644531250000e+03
4.997895019531250000e+03
4.995803710937500000e+03
4.994890136718750000e+03
4.995045898437500000e+03
4.998411621093750000e+03
4.996439941406250000e+03
4.998928710937500000e+03
4.999292480468750000e+03
5.000926269531250000e+03
5.004673828125000000e+03
5.003833007812500000e+03
5.006940917968750000e+03
5.004516601562500000e+03
5.006921386718750000e+03
5.008375976562500000e+03
5.008653320312500000e+03
5.006687988281250000e+03
5.012352050781250000e+03
5.011562011718750000e+03
5.003829589843750000e+03
5.002255371093750000e+03
5.018182128906250000e+03
5.026327636718750000e+03
5.022532226562500000e+03
5.022469726562500000e+03
5.021765136718750000e+03
5.026115234375000000e+03
5.021889648437500000e+03
5.014607421875000000e+03
5.014681640625000000e+03
5.000823242187500000e+03
4.987903808593750000e+03
4.983296875000000000e+03
4.984079589843750000e+03
5.000214355468750000e+03
5.005048339843750000e+03
5.005275878906250000e+03
4.992818359375000000e+03
4.991289062500000000e+03
5.008457031250000000e+03
5.008813964843750000e+03
5.016015625000000000e+03
5.020999023437500000e+03
5.027251464843750000e+03
5.033141113281250000e+03
5.028788574218750000e+03
5.027958984375000000e+03
5.028442871093750000e+03
5.041560546875000000e+03
5.039567382812500000e+03
5.040716308593750000e+03
5.040645019531250000e+03
5.040080566406250000e+03
5.036333007812500000e+03
5.034713867187500000e+03
5.034530761718750000e+03
5.034826660156250000e+03
5.034344726562500000e+03
5.027054199218750000e+03
5.028525878906250000e+03
5.020395019531250000e+03
