9.674964845180511475e-02
2.981532335281372070e+00
2.798043489456176758e+00
5.187713146209716797e+00
5.260911464691162109e+00
4.566667079925537109e+00
3.913697481155395508e+00
3.493649721145629883e+00
2.787833452224731445e+00
3.132735490798950195e+00
3.253892183303833008e+00
3.238728761672973633e+00
2.883313417434692383e+00
3.783433198928833008e+00
2.522874116897583008e+00
2.017125368118286133e+00
5.869706869125366211e-01
1.072749495506286621e+00
1.590150237083435059e+00
7.309672832489013672e+00
4.338430023193359375e+01
5.903299713134765625e+01
6.509341430664062500e+01
6.686474609375000000e+01
4.754357147216796875e+01
4.504816055297851562e+01
6.555118560791015625e+01
7.832852935791015625e+01
7.808522033691406250e+01
7.376084136962890625e+01
6.279550170898437500e+01
4.401991271972656250e+01
1.139089775085449219e+01
2.218325853347778320e+00
1.230691522359848022e-01
-2.404043912887573242e+00
2.768491506576538086e-01
3.182166337966918945e+00
1.169724822044372559e+00
7.878164052963256836e-01
1.586965173482894897e-01
6.668351888656616211e-01
1.695374846458435059e+00
6.520684719085693359e+00
4.780855560302734375e+01
6.014441680908203125e+01
6.745474243164062500e+01
7.374010467529296875e+01
3.202687454223632812e+01
4.381624603271484375e+01
6.684238433837890625e+01
7.722682189941406250e+01
7.707929992675781250e+01
7.133911132812500000e+01
5.830511474609375000e+01
4.659156036376953125e+01
2.289439392089843750e+01
8.862570762634277344e+00
7.211436748504638672e+00
1.893113702535629272e-01
-3.790364027023315430e+00
1.911784529685974121e+00
1.731074690818786621e+00
9.932569265365600586e-01
1.003337264060974121e+00
1.250731825828552246e+00
2.026780366897583008e+00
2.384494066238403320e+00
5.413296127319335938e+01
5.894875717163085938e+01
8.195062255859375000e+01
7.578081512451171875e+01
3.486872863769531250e+01
5.085074615478515625e+01
7.375721740722656250e+01
7.045307922363281250e+01
6.774224853515625000e+01
5.185159683227539062e+01
2.871479606628417969e+01
3.584260177612304688e+01
3.201493835449218750e+01
8.792321205139160156e+00
4.786496639251708984e+00
1.830808043479919434e+00
-4.817373752593994141e+00
-4.682928323745727539e-01
-5.380083322525024414e-01
-7.350946664810180664e-01
-4.101034402847290039e-01
6.680427491664886475e-02
9.927285909652709961e-01
4.186559200286865234e+00
5.351005172729492188e+01
6.020774841308593750e+01
8.276502227783203125e+01
7.586794281005859375e+01
2.952403259277343750e+01
5.025301742553710938e+01
7.676457214355468750e+01
7.891265869140625000e+01
7.722525024414062500e+01
6.852900695800781250e+01
6.030999755859375000e+01
5.510345458984375000e+01
3.435270690917968750e+01
5.055295467376708984e+00
4.808358669281005859e+00
-3.610407590866088867e+00
-1.029835343360900879e+00
2.202962160110473633e+00
9.959787130355834961e-01
6.253541707992553711e-01
4.190744161605834961e-01
7.987378835678100586e-01
1.587430357933044434e+00
2.494303941726684570e+00
4.814987945556640625e+01
6.072281265258789062e+01
8.695885467529296875e+01
7.442588043212890625e+01
3.081839370727539062e+01
5.398571395874023438e+01
7.886957550048828125e+01
7.995772552490234375e+01
7.625619506835937500e+01
6.792742156982421875e+01
6.276272201538085938e+01
6.278285980224609375e+01
5.334356689453125000e+01
2.345468139648437500e+01
1.934112358093261719e+01
-3.283528089523315430e+00
2.565854310989379883e+00
4.420083522796630859e+00
2.489075899124145508e+00
1.219889998435974121e+00
1.048953413963317871e+00
1.544759154319763184e+00
2.082143068313598633e+00
2.703311204910278320e+00
5.367635345458984375e+01
6.063335800170898438e+01
8.183221435546875000e+01
5.948030853271484375e+01
2.135909080505371094e+01
4.363075637817382812e+01
7.237842559814453125e+01
7.843986511230468750e+01
7.392221069335937500e+01
6.438916015625000000e+01
4.940614700317382812e+01
8.566430091857910156e+00
4.407247066497802734e+00
2.823884248733520508e+00
3.083092927932739258e+00
3.240601778030395508e+00
2.886605501174926758e+00
3.871224641799926758e+00
2.852469682693481445e+00
1.734004378318786621e+00
7.630571126937866211e-01
1.014174818992614746e+00
1.649123549461364746e+00
7.425601482391357422e+00
4.391593933105468750e+01
5.953310775756835938e+01
8.572551727294921875e+01
6.978164672851562500e+01
2.565376281738281250e+01
5.432916641235351562e+01
7.331021118164062500e+01
7.466121673583984375e+01
7.125353240966796875e+01
5.234127044677734375e+01
2.881514930725097656e+01
9.731880187988281250e+00
4.276225566864013672e+00
2.918771028518676758e+00
2.857804536819458008e+00
3.244706392288208008e+00
2.755471467971801758e+00
3.823500871658325195e+00
3.073855638504028320e+00
1.859172224998474121e+00
1.262189269065856934e+00
9.592698812484741211e-01
1.974063277244567871e+00
5.763394832611083984e+00
4.069449234008789062e+01
5.878086090087890625e+01
6.951661682128906250e+01
6.622988891601562500e+01
3.325183486938476562e+01
4.113704299926757812e+01
6.385850906372070312e+01
7.152963256835937500e+01
6.984403228759765625e+01
6.046090698242187500e+01
4.132041549682617188e+01
4.374386978149414062e+01
2.352201461791992188e+01
6.563226222991943359e+00
2.772849321365356445e+00
-4.010591983795166016e+00
-2.168442487716674805e+00
7.263597249984741211e-01
1.496577620506286621e+00
3.832067251205444336e-01
2.595227956771850586e-01
2.525876760482788086e-01
7.915395498275756836e-01
3.392401933670043945e+00
4.752310562133789062e+01
6.029116058349609375e+01
7.348286437988281250e+01
7.310705566406250000e+01
2.715027427673339844e+01
4.713623428344726562e+01
6.670330047607421875e+01
7.491014099121093750e+01
7.492564392089843750e+01
6.823749542236328125e+01
5.620276641845703125e+01
6.196026992797851562e+01
5.520303726196289062e+01
1.493047714233398438e+01
8.058749198913574219e+00
-1.019774079322814941e+00
6.436399221420288086e-01
5.111545085906982422e+00
4.027997493743896484e+00
2.400777101516723633e+00
1.255744338035583496e+00
1.001155257225036621e+00
1.466359496116638184e+00
2.101849794387817383e+00
4.640876770019531250e+01
5.929621124267578125e+01
8.049665069580078125e+01
6.594779205322265625e+01
2.569235229492187500e+01
4.750155258178710938e+01
7.105826568603515625e+01
7.667459869384765625e+01
7.259221649169921875e+01
5.459681701660156250e+01
2.498856163024902344e+01
2.504196739196777344e+01
9.114296913146972656e+00
3.024178743362426758e+00
2.138507127761840820e+00
-1.689488053321838379e+00
9.761939942836761475e-02
1.005290389060974121e+00
1.438535302877426147e-01
-2.523752450942993164e-01
-3.434623777866363525e-02
7.595475912094116211e-01
1.463395476341247559e+00
8.146557807922363281e+00
4.502021026611328125e+01
6.019477462768554688e+01
7.773752593994140625e+01
7.089286041259765625e+01
2.872930335998535156e+01
4.607998275756835938e+01
6.655120086669921875e+01
3.939760589599609375e+01
4.528065109252929688e+01
3.650365829467773438e+01
2.723324203491210938e+01
3.304675292968750000e+01
3.182750892639160156e+01
1.797284889221191406e+01
1.269994640350341797e+01
-7.591673135757446289e-01
-1.195009827613830566e+00
-8.854528665542602539e-01
-3.121248483657836914e-01
-2.895034849643707275e-02
1.047090142965316772e-01
6.444123983383178711e-01
6.067918539047241211e-01
4.021201610565185547e+00
4.800255203247070312e+01
6.050630569458007812e+01
6.737803649902343750e+01
6.946005249023437500e+01
3.526105117797851562e+01
3.388452148437500000e+01
5.673050689697265625e+01
6.725811767578125000e+01
6.489944458007812500e+01
5.228782272338867188e+01
2.262350273132324219e+01
2.551584434509277344e+01
1.741746711730957031e+01
9.036828041076660156e+00
7.705741405487060547e+00
-1.441748261451721191e+00
-2.015417814254760742e+00
-1.314209580421447754e+00
-7.920976877212524414e-01
-2.679239511489868164e-01
2.530988454818725586e-01
6.591008901596069336e-01
4.258474111557006836e-01
2.153651475906372070e+00
5.283872604370117188e+01
6.030822753906250000e+01
6.596728515625000000e+01
5.276603317260742188e+01
3.256204605102539062e+01
4.053103256225585938e+01
3.889818954467773438e+01
3.708729553222656250e+01
5.448454666137695312e+01
4.230755233764648438e+01
1.691644287109375000e+01
1.949141860008239746e+00
-2.961965799331665039e-01
1.149930357933044434e+00
1.911477446556091309e+00
3.061784029006958008e+00
2.481990098953247070e+00
1.898084044456481934e+00
1.520039916038513184e+00
1.331715941429138184e+00
1.262421965599060059e+00
1.956771254539489746e+00
1.777917265892028809e+00
1.010928511619567871e+00
3.395074605941772461e-01
5.795091390609741211e-01
3.337354660034179688e+01
6.087136840820312500e+01
7.389757537841796875e+01
7.473148345947265625e+01
7.414918518066406250e+01
7.837301635742187500e+01
7.620964050292968750e+01
6.896379852294921875e+01
6.279388046264648438e+01
3.549881744384765625e+01
1.462990474700927734e+01
1.271853804588317871e+00
-4.451128244400024414e-01
-9.437090158462524414e-01
1.515765547752380371e+00
1.683518767356872559e+00
1.025853514671325684e+00
9.555600881576538086e-01
1.294984221458435059e+00
1.873830199241638184e+00
2.082873582839965820e+00
1.163600325584411621e+00
6.933225393295288086e-01
1.100873351097106934e+00
3.325332260131835938e+01
5.846865081787109375e+01
7.436265563964843750e+01
7.652494812011718750e+01
7.494638824462890625e+01
7.832454681396484375e+01
7.783039093017578125e+01
7.236434936523437500e+01
6.394487762451171875e+01
5.596028518676757812e+01
2.895865249633789062e+01
1.276548099517822266e+01
4.214175701141357422e+00
1.836013197898864746e+00
2.706849336624145508e+00
2.287276506423950195e+00
1.430116057395935059e+00
1.284045577049255371e+00
1.063107848167419434e+00
2.051127672195434570e+00
1.003367781639099121e+00
3.187879323959350586e-01
-5.524450540542602539e-01
5.754998922348022461e-01
3.498936462402343750e+01
6.283100509643554688e+01
5.845093154907226562e+01
5.881811904907226562e+01
6.485697174072265625e+01
7.480467224121093750e+01
7.604429626464843750e+01
7.398351287841796875e+01
6.530150604248046875e+01
5.985020828247070312e+01
4.758488082885742188e+01
1.861317825317382812e+01
3.333033800125122070e+00
-1.635584473609924316e+00
6.585420370101928711e-01
1.286328673362731934e+00
1.299561858177185059e+00
1.449775099754333496e+00
1.425696730613708496e+00
1.890031218528747559e+00
2.706418275833129883e+00
1.572945952415466309e+00
9.997342824935913086e-01
1.480985045433044434e+00
2.132423400878906250e+01
4.551125335693359375e+01
6.964885711669921875e+01
7.110599517822265625e+01
5.909153747558593750e+01
7.340704345703125000e+01
7.789839935302734375e+01
7.733039093017578125e+01
6.715727233886718750e+01
5.739130401611328125e+01
1.467217636108398438e+01
6.037021160125732422e+00
4.803531169891357422e+00
4.102487087249755859e+00
3.004246950149536133e+00
2.133588075637817383e+00
1.626765608787536621e+00
1.376643538475036621e+00
1.213824629783630371e+00
1.854770064353942871e+00
2.003413438796997070e+00
1.174628615379333496e+00
2.478478997945785522e-01
1.029635787010192871e+00
3.125392341613769531e+01
5.824605941772460938e+01
7.239362335205078125e+01
7.151564025878906250e+01
6.683259582519531250e+01
7.541420745849609375e+01
7.701667022705078125e+01
7.460502624511718750e+01
6.573065948486328125e+01
6.249295806884765625e+01
5.788378906250000000e+01
5.090040588378906250e+01
3.792049407958984375e+01
1.137577629089355469e+01
3.242186784744262695e+00
1.185284972190856934e+00
9.215768575668334961e-01
8.552240133285522461e-01
1.050217986106872559e+00
2.092335939407348633e+00
2.120864152908325195e+00
5.304921865463256836e-01
-1.061655431985855103e-01
9.874871969223022461e-01
2.615133094787597656e+01
5.656211090087890625e+01
6.971718597412109375e+01
6.874822998046875000e+01
6.960431671142578125e+01
7.707466888427734375e+01
7.834370422363281250e+01
7.591178131103515625e+01
6.666460418701171875e+01
6.037054824829101562e+01
3.967420196533203125e+01
1.933742141723632812e+01
8.300192832946777344e+00
2.147296190261840820e+00
3.513253450393676758e+00
2.927581071853637695e+00
1.874535918235778809e+00
1.487275481224060059e+00
1.305735945701599121e+00
2.020243883132934570e+00
1.938008666038513184e+00
1.258324980735778809e+00
4.322313070297241211e-01
1.163167357444763184e+00
1.980666542053222656e+01
4.573150634765625000e+01
5.658821487426757812e+01
4.754853820800781250e+01
4.089297103881835938e+01
4.607496643066406250e+01
5.693080139160156250e+01
4.971589279174804688e+01
2.058594703674316406e+01
1.929679274559020996e+00
2.008130311965942383e+00
2.156724214553833008e+00
2.640076875686645508e+00
3.456053972244262695e+00
2.665713548660278320e+00
2.027367830276489258e+00
1.595994353294372559e+00
1.406443953514099121e+00
1.272546172142028809e+00
1.759482741355895996e+00
2.152806520462036133e+00
1.379264235496520996e+00
7.931054830551147461e-01
4.966977834701538086e-01
1.285756468772888184e+00
6.116060018539428711e-01
3.906403779983520508e+00
1.407895183563232422e+01
8.904042243957519531e+00
3.047051668167114258e+00
4.286021709442138672e+00
5.370093822479248047e+00
4.954270839691162109e+00
3.931084871292114258e+00
2.687072038650512695e+00
2.892050981521606445e+00
3.331446886062622070e+00
3.187115907669067383e+00
2.416188478469848633e+00
1.733243346214294434e+00
1.346158385276794434e+00
1.220094084739685059e+00
1.083209395408630371e+00
1.843337416648864746e+00
1.920602202415466309e+00
1.504088759422302246e+00
3.762429952621459961e-01
1.732282042503356934e+00
2.758301162719726562e+01
5.708677291870117188e+01
7.044831848144531250e+01
7.007147216796875000e+01
6.900748443603515625e+01
7.749111938476562500e+01
7.817787933349609375e+01
7.565408325195312500e+01
6.625945281982421875e+01
5.662277603149414062e+01
3.997256469726562500e+01
2.418771743774414062e+01
1.280543613433837891e+01
3.887395143508911133e+00
3.564931154251098633e+00
2.945168733596801758e+00
2.378850221633911133e+00
1.412820219993591309e+00
1.230374693870544434e+00
2.041566133499145508e+00
1.955546736717224121e+00
1.235921263694763184e+00
1.807378381490707397e-01
1.677647948265075684e+00
3.374791717529296875e+01
6.556344604492187500e+01
7.359178161621093750e+01
7.372836303710937500e+01
7.920920562744140625e+01
8.000866699218750000e+01
7.916284179687500000e+01
7.454796600341796875e+01
6.485710906982421875e+01
4.869804382324218750e+01
3.825815582275390625e+01
1.991283798217773438e+01
6.671903133392333984e+00
-1.120178818702697754e+00
8.472894430160522461e-01
9.924234151840209961e-01
9.784444570541381836e-01
4.186509847640991211e-01
3.070920705795288086e-01
1.613677382469177246e+00
2.177439928054809570e+00
7.382178783416748047e+00
5.310059738159179688e+01
5.955788803100585938e+01
6.759151458740234375e+01
6.401136016845703125e+01
2.303647041320800781e+01
3.825035095214843750e+01
5.922991943359375000e+01
6.316704177856445312e+01
6.312009429931640625e+01
4.806277465820312500e+01
2.633248519897460938e+01
3.886327362060546875e+01
3.101976776123046875e+01
2.274407005310058594e+01
1.574180889129638672e+01
-4.010986804962158203e+00
-1.164078354835510254e+00
2.078002214431762695e+00
1.244269728660583496e+00
1.586423277854919434e+00
2.019370317459106445e+00
2.795434236526489258e+00
2.487418413162231445e+00
3.648186922073364258e+00
4.549853134155273438e+01
5.894857025146484375e+01
8.063458251953125000e+01
6.537019348144531250e+01
1.807575798034667969e+01
4.080260467529296875e+01
6.807167816162109375e+01
6.919385528564453125e+01
5.937850570678710938e+01
3.785881805419921875e+01
1.594415283203125000e+01
1.292850303649902344e+01
6.838805675506591797e+00
6.495683193206787109e+00
4.596568584442138672e+00
-1.804194092750549316e+00
-6.677175760269165039e-01
-1.138397812843322754e+00
-7.278333902359008789e-01
-9.836984872817993164e-01
-2.200342565774917603e-01
1.828988641500473022e-01
1.558461546897888184e+00
8.549477577209472656e+00
5.019838714599609375e+01
6.138848495483398438e+01
7.130693817138671875e+01
6.514529418945312500e+01
2.526139450073242188e+01
3.733157348632812500e+01
5.984531021118164062e+01
6.514005279541015625e+01
6.309147262573242188e+01
4.743521881103515625e+01
1.829757499694824219e+01
2.106300163269042969e+01
9.538895606994628906e+00
9.805666923522949219e+00
4.449296474456787109e+00
-1.909466385841369629e+00
-1.098387360572814941e+00
-6.375147104263305664e-01
-6.218992471694946289e-01
-5.556761026382446289e-01
2.311166375875473022e-01
1.405324339866638184e+00
1.899026274681091309e+00
1.942016029357910156e+01
5.270428466796875000e+01
6.103034591674804688e+01
6.569658660888671875e+01
5.381391143798828125e+01
3.001255607604980469e+01
4.542512893676757812e+01
4.917842102050781250e+01
5.944310760498046875e+01
6.116633605957031250e+01
4.542146301269531250e+01
1.355231380462646484e+01
2.166180849075317383e+00
1.528146147727966309e+00
1.958508849143981934e+00
2.508050203323364258e+00
3.219556093215942383e+00
2.889531373977661133e+00
3.593259096145629883e+00
2.114678621292114258e+00
1.462062239646911621e+00
1.580289453268051147e-01
2.275785058736801147e-01
1.529103636741638184e+00
7.971009731292724609e+00
4.497860336303710938e+01
6.059086990356445312e+01
6.453401947021484375e+01
5.122248077392578125e+01
3.311538696289062500e+01
3.455559539794921875e+01
2.374109458923339844e+01
1.838680267333984375e+01
2.408374404907226562e+01
3.115907096862792969e+01
6.125430583953857422e+00
-2.572466135025024414e-01
1.649285674095153809e+00
2.557589769363403320e+00
3.055056810379028320e+00
3.185717821121215820e+00
3.109303712844848633e+00
3.496758699417114258e+00
1.909594893455505371e+00
6.872075796127319336e-01
2.200292199850082397e-01
2.409375756978988647e-01
1.629685759544372559e+00
1.057672977447509766e+01
4.718725204467773438e+01
6.058080673217773438e+01
7.488690948486328125e+01
7.068264770507812500e+01
2.523988151550292969e+01
3.895132446289062500e+01
5.867848205566406250e+01
7.258940124511718750e+01
7.188969421386718750e+01
6.592844390869140625e+01
5.185525894165039062e+01
6.246282196044921875e+01
5.073645401000976562e+01
7.156154155731201172e+00
2.717221498489379883e+00
2.380084276199340820e+00
1.466588377952575684e+00
3.030362367630004883e+00
3.812159776687622070e+00
9.772485494613647461e-01
7.740415334701538086e-01
1.124274611473083496e+00
1.863353133201599121e+00
4.912141323089599609e+00
5.104823303222656250e+01
5.919736099243164062e+01
8.496788787841796875e+01
6.330578994750976562e+01
2.271464920043945312e+01
5.149491882324218750e+01
7.503927612304687500e+01
7.813791656494140625e+01
7.206636810302734375e+01
5.238374328613281250e+01
1.735746765136718750e+01
5.075356960296630859e+00
2.455708742141723633e+00
2.005538225173950195e+00
2.519534349441528320e+00
2.961823701858520508e+00
2.957410097122192383e+00
2.746188402175903320e+00
2.397505998611450195e+00
8.903020620346069336e-01
1.551622003316879272e-01
3.677057027816772461e-01
2.423758745193481445e+00
1.333678913116455078e+01
4.822070312500000000e+01
6.075326538085937500e+01
6.080753326416015625e+01
1.552958011627197266e+01
-9.898039102554321289e-01
2.458516359329223633e+00
2.506745576858520508e+00
5.072698116302490234e+00
5.271743297576904297e+00
4.606563091278076172e+00
4.031398296356201172e+00
3.608309984207153320e+00
2.887936830520629883e+00
3.111233949661254883e+00
3.279206514358520508e+00
3.284001588821411133e+00
3.059092760086059570e+00
3.064555406570434570e+00
1.963553786277770996e+00
1.395711302757263184e+00
-1.530844122171401978e-01
1.419576257467269897e-01
1.861695647239685059e+00
1.120266246795654297e+01
4.694661331176757812e+01
6.075214385986328125e+01
6.103772735595703125e+01
1.554307937622070312e+01
-1.267187714576721191e+00
2.439362764358520508e+00
2.445204973220825195e+00
5.072635173797607422e+00
5.215907573699951172e+00
4.496619701385498047e+00
3.830489397048950195e+00
3.393960237503051758e+00
2.598786592483520508e+00
2.911021471023559570e+00
3.118733644485473633e+00
3.108237504959106445e+00
3.155719041824340820e+00
2.532349824905395508e+00
1.758387923240661621e+00
-4.965652525424957275e-02
-4.646553099155426025e-02
3.493436574935913086e-01
2.582839250564575195e+00
1.655105400085449219e+01
4.949013900756835938e+01
6.179544830322265625e+01
6.225670623779296875e+01
1.889898681640625000e+01
-7.441278696060180664e-01
3.236695528030395508e+00
2.564793825149536133e+00
5.054811000823974609e+00
5.261937618255615234e+00
4.537154674530029297e+00
3.820731401443481445e+00
3.396680116653442383e+00
2.579711198806762695e+00
2.893904924392700195e+00
3.099951982498168945e+00
3.088849306106567383e+00
3.073346376419067383e+00
2.780654191970825195e+00
1.687289595603942871e+00
5.750154256820678711e-01
1.009689364582300186e-02
1.508344262838363647e-01
2.189582109451293945e+00
1.452503013610839844e+01
4.876943969726562500e+01
6.161314010620117188e+01
6.198496246337890625e+01
1.690834617614746094e+01
-1.324171662330627441e+00
2.509764909744262695e+00
2.345343828201293945e+00
5.027394771575927734e+00
5.282491207122802734e+00
4.589759349822998047e+00
3.955640077590942383e+00
3.565184831619262695e+00
2.799720048904418945e+00
3.048941850662231445e+00
3.206645250320434570e+00
3.218926668167114258e+00
3.121897935867309570e+00
2.816727876663208008e+00
2.362979173660278320e+00
3.713926076889038086e-01
-2.279154211282730103e-01
1.016746554523706436e-02
2.070773363113403320e+00
1.298791313171386719e+01
4.831258773803710938e+01
6.143428421020507812e+01
6.194815444946289062e+01
1.863902854919433594e+01
2.139562219381332397e-01
4.065545558929443359e+00
2.661620378494262695e+00
4.992875576019287109e+00
5.311999797821044922e+00
4.555238246917724609e+00
3.758170366287231445e+00
3.280581712722778320e+00
2.612546205520629883e+00
2.899876832962036133e+00
3.122027635574340820e+00
3.126790285110473633e+00
3.029996156692504883e+00
2.636565446853637695e+00
2.155204057693481445e+00
7.741769552230834961e-01
4.999574422836303711e-01
8.282600343227386475e-02
2.121451616287231445e+00
1.323457813262939453e+01
4.806628799438476562e+01
6.074242401123046875e+01
7.611216735839843750e+01
7.721495056152343750e+01
2.681223106384277344e+01
4.930192184448242188e+01
7.568009185791015625e+01
7.947116851806640625e+01
7.739613342285156250e+01
6.580892944335937500e+01
4.401962280273437500e+01
3.689371109008789062e+01
2.884737586975097656e+01
1.547766017913818359e+01
1.946010398864746094e+01
1.559196505695581436e-02
-2.836430311203002930e+00
-3.302084684371948242e+00
-1.248163819313049316e+00
4.873574972152709961e-01
1.053374648094177246e+00
2.369527101516723633e+00
2.881076097488403320e+00
5.250237941741943359e+00
5.412747192382812500e+01
6.009544754028320312e+01
8.320172882080078125e+01
6.500519561767578125e+01
3.484175491333007812e+01
5.077273178100585938e+01
7.836296844482421875e+01
7.957626342773437500e+01
7.824510192871093750e+01
6.749682617187500000e+01
5.680715942382812500e+01
4.867188644409179688e+01
2.471758842468261719e+01
1.104680824279785156e+01
5.959424495697021484e+00
-2.352738142013549805e+00
-3.153380155563354492e+00
-2.572218179702758789e-01
1.811784148216247559e+00
6.773656606674194336e-01
4.583963155746459961e-01
1.281901717185974121e+00
2.263919115066528320e+00
1.853383827209472656e+01
5.952743911743164062e+01
6.160409927368164062e+01
7.669841766357421875e+01
7.219921112060546875e+01
4.094707489013671875e+01
5.021234893798828125e+01
7.177920532226562500e+01
7.976255035400390625e+01
7.734414672851562500e+01
7.235734558105468750e+01
6.475295257568359375e+01
4.634239196777343750e+01
2.496287155151367188e+01
9.625234603881835938e+00
5.134524822235107422e+00
1.073193907737731934e+00
2.075150728225708008e+00
1.791097044944763184e+00
-2.206159979104995728e-01
-9.329954385757446289e-01
6.707511842250823975e-02
2.206986993551254272e-01
9.488195180892944336e-01
3.176942110061645508e+00
5.297050476074218750e+01
6.112458419799804688e+01
8.761553192138671875e+01
7.492649841308593750e+01
4.268606567382812500e+01
5.321253204345703125e+01
7.660917663574218750e+01
8.036426544189453125e+01
7.849404907226562500e+01
7.159174346923828125e+01
6.183225631713867188e+01
4.492223358154296875e+01
2.448126411437988281e+01
8.473408699035644531e+00
2.869994401931762695e+00
-2.850388288497924805e+00
-1.198231339454650879e+00
2.306474298238754272e-01
-2.246958166360855103e-01
-1.651102453470230103e-01
-3.521026670932769775e-02
1.404683470726013184e+00
1.422494292259216309e+00
8.286093711853027344e+00
5.265189361572265625e+01
6.080083465576171875e+01
7.305249023437500000e+01
6.208947753906250000e+01
2.718986320495605469e+01
5.378365707397460938e+01
7.315063476562500000e+01
8.018776702880859375e+01
7.727983093261718750e+01
7.088065338134765625e+01
6.257446670532226562e+01
5.843142318725585938e+01
3.366026306152343750e+01
2.656422996520996094e+01
2.145304107666015625e+01
-4.205152988433837891e+00
3.323531389236450195e+00
2.382661104202270508e+00
1.753907561302185059e+00
7.288297414779663086e-01
3.621095418930053711e-01
1.263930678367614746e+00
1.477500319480895996e+00
3.114684343338012695e+00
5.276253128051757812e+01
6.139931869506835938e+01
8.483876037597656250e+01
7.319004058837890625e+01
2.432847213745117188e+01
5.100440979003906250e+01
7.334619140625000000e+01
7.699506378173828125e+01
7.464885711669921875e+01
6.678240966796875000e+01
5.902707290649414062e+01
1.650522804260253906e+01
4.958249568939208984e+00
3.355954408645629883e+00
2.900775194168090820e+00
3.136481523513793945e+00
3.039710283279418945e+00
3.037390947341918945e+00
1.545827269554138184e+00
4.409288167953491211e-01
-1.525389105081558228e-01
2.638257741928100586e-01
2.003157854080200195e+00
1.433917236328125000e+01
4.940715789794921875e+01
6.128744506835937500e+01
6.147918319702148438e+01
1.902774238586425781e+01
4.822324514389038086e-01
4.136802196502685547e+00
2.697812318801879883e+00
5.047942638397216797e+00
5.279050350189208984e+00
4.489947795867919922e+00
3.747145891189575195e+00
3.211322069168090820e+00
2.541030168533325195e+00
2.808638811111450195e+00
2.978705644607543945e+00
2.981143236160278320e+00
3.065530061721801758e+00
2.741809129714965820e+00
1.907668471336364746e+00
2.571920156478881836e-01
-3.626161813735961914e-01
2.724202871322631836e-01
2.378705263137817383e+00
1.533915901184082031e+01
4.944339752197265625e+01
6.130373382568359375e+01
7.922418975830078125e+01
7.791060638427734375e+01
3.446269607543945312e+01
4.958446121215820312e+01
6.900679779052734375e+01
8.017130279541015625e+01
7.695730590820312500e+01
7.251729583740234375e+01
6.481848907470703125e+01
6.344665908813476562e+01
6.070003509521484375e+01
4.380409622192382812e+01
2.992001533508300781e+01
8.049736976623535156e+00
5.980020046234130859e+00
2.470708131790161133e+00
2.986287355422973633e+00
1.506947875022888184e+00
1.398690581321716309e+00
2.110556840896606445e+00
2.475997209548950195e+00
4.557044506072998047e+00
5.649582672119140625e+01
6.129903030395507812e+01
8.117517852783203125e+01
7.165090942382812500e+01
4.007890701293945312e+01
4.163282394409179688e+01
7.212924957275390625e+01
8.007091522216796875e+01
7.764594268798828125e+01
7.055988311767578125e+01
6.381957626342773438e+01
5.914130783081054688e+01
3.984775924682617188e+01
2.170518302917480469e+01
1.801558303833007812e+01
-3.940914869308471680e+00
6.096071004867553711e-01
1.423909544944763184e+00
4.316438436508178711e-01
8.560689687728881836e-01
1.049161314964294434e+00
1.004584670066833496e+00
1.677886366844177246e+00
3.744250535964965820e+00
5.672517776489257812e+01
6.033720016479492188e+01
7.152662658691406250e+01
7.434325408935546875e+01
3.931494903564453125e+01
4.814427185058593750e+01
7.274211120605468750e+01
7.814300537109375000e+01
7.599593353271484375e+01
7.059053802490234375e+01
6.205359268188476562e+01
1.463896942138671875e+01
4.322024822235107422e+00
3.152692079544067383e+00
2.732701539993286133e+00
3.021842241287231445e+00
3.164750337600708008e+00
2.537438631057739258e+00
1.302407622337341309e+00
6.114782094955444336e-01
3.320823609828948975e-02
7.144311666488647461e-01
2.720357179641723633e+00
1.852145195007324219e+01
5.072867202758789062e+01
6.123957443237304688e+01
8.504450225830078125e+01
7.720195770263671875e+01
3.355439376831054688e+01
3.608269500732421875e+01
6.366107559204101562e+01
7.683084106445312500e+01
7.685057830810546875e+01
6.787448120117187500e+01
5.169292449951171875e+01
5.035966491699218750e+01
2.765038108825683594e+01
6.974553585052490234e+00
5.157552242279052734e+00
-1.409140229225158691e+00
-9.701391458511352539e-01
2.494062036275863647e-01
8.227590322494506836e-01
2.710908651351928711e-01
7.024759054183959961e-01
1.564750075340270996e+00
2.371583223342895508e+00
9.738389968872070312e+00
5.398813629150390625e+01
6.162126541137695312e+01
7.386223602294921875e+01
6.365893554687500000e+01
3.164293861389160156e+01
4.184270477294921875e+01
5.216856384277343750e+01
7.203124237060546875e+01
7.533186340332031250e+01
7.227545928955078125e+01
6.263671875000000000e+01
6.134257888793945312e+01
3.400922012329101562e+01
1.473319816589355469e+01
1.418419837951660156e+01
9.420697212219238281e+00
3.443745851516723633e+00
3.384963274002075195e+00
3.381615877151489258e+00
1.505153059959411621e+00
1.067309737205505371e+00
2.412400484085083008e+00
2.258132219314575195e+00
4.671769618988037109e+00
5.475290679931640625e+01
6.029471588134765625e+01
8.799314117431640625e+01
6.902085113525390625e+01
3.284681320190429688e+01
4.226694488525390625e+01
6.585707855224609375e+01
6.816366577148437500e+01
6.683171081542968750e+01
5.408208847045898438e+01
4.851312255859375000e+01
1.756083869934082031e+01
5.236949443817138672e+00
3.687873125076293945e+00
2.958115816116333008e+00
3.283944368362426758e+00
3.165198564529418945e+00
3.427579164505004883e+00
2.065362215042114258e+00
1.105039000511169434e+00
5.627761781215667725e-02
3.735898733139038086e-01
1.922751784324645996e+00
1.193633270263671875e+01
4.870023727416992188e+01
6.088353347778320312e+01
6.105195999145507812e+01
1.907740974426269531e+01
2.343793153762817383e+00
7.083396434783935547e+00
4.095185756683349609e+00
5.279448986053466797e+00
5.436404705047607422e+00
4.709901332855224609e+00
3.925431489944458008e+00
3.349360704421997070e+00
2.651366472244262695e+00
2.903716325759887695e+00
3.133099794387817383e+00
3.083152055740356445e+00
3.123116731643676758e+00
2.813542604446411133e+00
2.276889085769653320e+00
8.267225027084350586e-01
-1.413751989603042603e-01
2.094434350728988647e-01
2.023757219314575195e+00
1.397282886505126953e+01
4.917367553710937500e+01
6.108163833618164062e+01
8.667515563964843750e+01
7.819365692138671875e+01
4.492317581176757812e+01
5.165987014770507812e+01
6.850940704345703125e+01
7.818257141113281250e+01
7.759233856201171875e+01
7.279290771484375000e+01
6.256780242919921875e+01
6.119969558715820312e+01
5.319824218750000000e+01
1.694903182983398438e+01
7.482205867767333984e+00
1.767321944236755371e+00
2.017970323562622070e+00
3.945321321487426758e+00
3.213149309158325195e+00
1.150777220726013184e+00
8.900731801986694336e-01
6.279710531234741211e-01
1.537080168724060059e+00
6.057507991790771484e+00
5.239659500122070312e+01
6.087117004394531250e+01
8.166642761230468750e+01
6.895173645019531250e+01
2.943209266662597656e+01
4.318594741821289062e+01
5.836948013305664062e+01
6.915184783935546875e+01
6.875006866455078125e+01
6.291980743408203125e+01
4.492468643188476562e+01
5.217617797851562500e+01
3.816047286987304688e+01
7.839795589447021484e+00
8.087407112121582031e+00
-2.396075010299682617e+00
-1.853396058082580566e+00
8.216108083724975586e-01
1.257245421409606934e+00
5.570443868637084961e-01
1.016154646873474121e+00
2.319142580032348633e+00
1.911858916282653809e+00
4.477982997894287109e+00
5.243898010253906250e+01
6.020743560791015625e+01
7.427919006347656250e+01
6.834165954589843750e+01
2.831006622314453125e+01
4.327948379516601562e+01
6.181506729125976562e+01
7.309056854248046875e+01
7.475031280517578125e+01
6.836139678955078125e+01
4.822011566162109375e+01
5.135503387451171875e+01
4.699094295501708984e+00
6.309846639633178711e-01
1.574790358543395996e+00
3.195016145706176758e+00
3.186257600784301758e+00
2.821059465408325195e+00
2.114711046218872070e+00
5.601094961166381836e-01
2.496408075094223022e-01
1.667935729026794434e+00
4.222072124481201172e+00
1.850090980529785156e+01
5.181975936889648438e+01
6.135076522827148438e+01
7.555023956298828125e+01
6.780066680908203125e+01
3.804061508178710938e+01
4.993734359741210938e+01
5.286140441894531250e+01
7.061796569824218750e+01
7.191122436523437500e+01
6.963741302490234375e+01
5.596980667114257812e+01
4.114496612548828125e+01
2.249654960632324219e+01
6.705852031707763672e+00
2.943915605545043945e+00
-3.607809782028198242e+00
-1.832289338111877441e+00
-1.261234879493713379e+00
-1.500250250101089478e-01
-5.313078165054321289e-01
-2.986246347427368164e-01
7.447637319564819336e-01
1.911704421043395996e+00
1.070741748809814453e+01
5.474285507202148438e+01
6.134876632690429688e+01
7.697966766357421875e+01
7.071480560302734375e+01
3.230263137817382812e+01
4.450288009643554688e+01
6.190500640869140625e+01
7.337399291992187500e+01
7.381930541992187500e+01
6.599007415771484375e+01
4.646311569213867188e+01
4.502503204345703125e+01
2.139022254943847656e+01
6.930507183074951172e+00
6.420276165008544922e+00
-1.794546723365783691e+00
-2.053812742233276367e+00
-9.913278818130493164e-01
3.310273885726928711e-01
3.131746053695678711e-01
6.896966695785522461e-01
1.229707121849060059e+00
1.594298720359802246e+00
6.526170253753662109e+00
5.482578659057617188e+01
6.111025619506835938e+01
6.175551986694335938e+01
2.649098587036132812e+01
3.957186937332153320e+00
7.225402355194091797e+00
3.408442735671997070e+00
5.054479122161865234e+00
5.622857570648193359e+00
4.476790904998779297e+00
3.283656358718872070e+00
2.771584749221801758e+00
2.148968935012817383e+00
2.502419710159301758e+00
2.846202135086059570e+00
2.883210420608520508e+00
3.069117784500122070e+00
3.301490068435668945e+00
1.911982893943786621e+00
9.948800802230834961e-01
5.777982473373413086e-01
3.894017934799194336e-01
2.369446992874145508e+00
1.330560207366943359e+01
4.964160156250000000e+01
6.121905899047851562e+01
6.217509460449218750e+01
2.498611068725585938e+01
5.869458675384521484e+00
6.918084621429443359e+00
3.319291353225708008e+00
5.202825069427490234e+00
5.576896190643310547e+00
4.402778148651123047e+00
2.702302217483520508e+00
2.326833009719848633e+00
2.094767808914184570e+00
2.489100694656372070e+00
2.832360506057739258e+00
2.884833574295043945e+00
3.016665697097778320e+00
3.272557497024536133e+00
1.938016295433044434e+00
9.289716482162475586e-01
4.587091207504272461e-01
9.161390066146850586e-01
2.405265092849731445e+00
1.404632282257080078e+01
4.946741104125976562e+01
6.042972564697265625e+01
6.927113342285156250e+01
7.328793334960937500e+01
3.996627044677734375e+01
3.772204971313476562e+01
4.449986267089843750e+01
6.949562072753906250e+01
7.621407318115234375e+01
7.366773986816406250e+01
6.225848770141601562e+01
4.790081787109375000e+01
2.356396913528442383e+00
2.069377183914184570e+00
2.461686372756958008e+00
3.392184495925903320e+00
3.246272325515747070e+00
3.306224107742309570e+00
2.299733400344848633e+00
1.336612105369567871e+00
8.887039124965667725e-02
7.858041524887084961e-01
2.106610536575317383e+00
1.385169029235839844e+01
4.884691238403320312e+01
6.025541305541992188e+01
7.020744323730468750e+01
7.121223449707031250e+01
3.613368225097656250e+01
4.435275268554687500e+01
6.106093215942382812e+01
7.269215393066406250e+01
7.296696472167968750e+01
6.661691284179687500e+01
4.261081314086914062e+01
2.719200134277343750e+01
1.138150119781494141e+01
1.536296248435974121e+00
2.603839159011840820e+00
-2.396719694137573242e+00
-5.729871988296508789e-01
-7.776321470737457275e-02
-3.636194467544555664e-01
-4.253622293472290039e-01
3.355537354946136475e-02
7.391294240951538086e-01
2.024987459182739258e+00
6.865911006927490234e+00
5.342900085449218750e+01
6.064947891235351562e+01
7.456041717529296875e+01
6.743818664550781250e+01
2.423539924621582031e+01
4.379680252075195312e+01
6.181708526611328125e+01
7.241519927978515625e+01
7.256421661376953125e+01
6.512720489501953125e+01
4.166149139404296875e+01
4.983043289184570312e+01
3.069132804870605469e+01
6.260579586029052734e+00
5.160184383392333984e+00
-1.908878922462463379e+00
-1.399559617042541504e+00
1.234675765037536621e+00
1.541283965110778809e+00
7.384961843490600586e-01
5.611356496810913086e-01
1.350095152854919434e+00
1.748994231224060059e+00
9.883742332458496094e+00
5.410255050659179688e+01
6.088702392578125000e+01
7.058862304687500000e+01
6.937276458740234375e+01
3.329715347290039062e+01
4.353144836425781250e+01
5.673379516601562500e+01
7.132917022705078125e+01
7.511201477050781250e+01
7.114714050292968750e+01
5.438759994506835938e+01
2.889388847351074219e+01
1.209822750091552734e+01
3.214577913284301758e+00
2.519461870193481445e+00
-7.756181955337524414e-01
-1.086603552103042603e-01
8.303693532943725586e-01
2.043012231588363647e-01
-4.227720499038696289e-01
-2.155786901712417603e-01
4.964231252670288086e-01
2.504960298538208008e+00
2.695143318176269531e+01
5.402349853515625000e+01
6.126351165771484375e+01
7.149219512939453125e+01
7.992187500000000000e+01
2.955324554443359375e+01
4.344485473632812500e+01
6.349975967407226562e+01
7.208901214599609375e+01
7.530244445800781250e+01
7.020491790771484375e+01
5.412407684326171875e+01
4.212107467651367188e+01
2.224773025512695312e+01
1.847327589988708496e+00
1.073716521263122559e+00
-1.528574585914611816e+00
3.323854207992553711e-01
1.108651518821716309e+00
3.683904409408569336e-01
-3.534723520278930664e-01
-1.630236059427261353e-01
9.291642904281616211e-01
2.157244920730590820e+00
1.301168155670166016e+01
5.461573410034179688e+01
6.135266876220703125e+01
6.457633209228515625e+01
5.796322631835937500e+01
4.140899276733398438e+01
2.864212799072265625e+01
3.257873916625976562e+01
3.440163040161132812e+01
4.174819946289062500e+01
4.191082763671875000e+01
1.839407539367675781e+01
3.313435792922973633e+00
-6.893697977066040039e-01
5.727494955062866211e-01
5.739900112152099609e+00
5.952428340911865234e+00
7.869077205657958984e+00
7.317058086395263672e+00
3.721898317337036133e+00
1.453463912010192871e+00
9.868043661117553711e-01
1.243636488914489746e+00
3.310853242874145508e+00
2.485095596313476562e+01
5.324060821533203125e+01
6.088972854614257812e+01
6.705428314208984375e+01
5.991326904296875000e+01
3.420561218261718750e+01
3.272166442871093750e+01
3.916113281250000000e+01
4.743555068969726562e+01
5.318362045288085938e+01
3.809426879882812500e+01
3.575486421585083008e+00
3.620396852493286133e+00
2.664231538772583008e+00
2.668202638626098633e+00
2.875966310501098633e+00
2.978465318679809570e+00
3.487542390823364258e+00
3.147431612014770508e+00
1.810346007347106934e+00
1.037013411521911621e+00
3.837715089321136475e-02
9.242089986801147461e-01
3.206465959548950195e+00
2.121409988403320312e+01
5.251432037353515625e+01
6.090863037109375000e+01
6.537893676757812500e+01
7.378813171386718750e+01
3.559807586669921875e+01
2.743337249755859375e+01
4.235630416870117188e+01
5.964673614501953125e+01
6.758791351318359375e+01
6.046432495117187500e+01
3.636429214477539062e+01
5.722926330566406250e+01
5.071389389038085938e+01
6.268815517425537109e+00
9.769204854965209961e-01
4.097474575042724609e+00
3.359002351760864258e+00
2.871794939041137695e+00
1.398076415061950684e+00
2.813180685043334961e-01
-4.828109871596097946e-03
9.267514944076538086e-01
4.361505508422851562e+01
4.890579223632812500e+01
5.360921859741210938e+01
6.133684539794921875e+01
7.546128845214843750e+01
7.521819305419921875e+01
4.872690200805664062e+01
4.959269332885742188e+01
7.333164215087890625e+01
7.999699401855468750e+01
7.694803619384765625e+01
7.166941070556640625e+01
6.414244842529296875e+01
6.399687957763671875e+01
6.152965545654296875e+01
4.255604171752929688e+01
1.326070499420166016e+01
5.299703121185302734e+00
3.091506242752075195e+00
2.560101747512817383e+00
2.094634294509887695e+00
7.100538015365600586e-01
1.832307428121566772e-01
-8.139480650424957275e-02
9.129174947738647461e-01
5.800298213958740234e+00
5.479319000244140625e+01
6.155446624755859375e+01
8.118545532226562500e+01
7.725833892822265625e+01
2.814953422546386719e+01
4.370161056518554688e+01
6.640266418457031250e+01
7.771455383300781250e+01
7.720375823974609375e+01
7.101013946533203125e+01
5.979369735717773438e+01
5.785407257080078125e+01
3.341114044189453125e+01
8.930611610412597656e+00
5.816808223724365234e+00
-8.774973154067993164e-01
-1.719042211771011353e-01
2.108163118362426758e+00
1.583466887474060059e+00
7.541478872299194336e-01
7.619889974594116211e-01
1.659024596214294434e+00
3.063161134719848633e+00
1.810173797607421875e+01
5.790083312988281250e+01
6.184118652343750000e+01
7.332504272460937500e+01
7.318557739257812500e+01
3.471349716186523438e+01
4.171168136596679688e+01
6.254938125610351562e+01
7.532749938964843750e+01
7.722165679931640625e+01
7.312030792236328125e+01
6.046287536621093750e+01
4.796103668212890625e+01
2.300311088562011719e+01
9.764785766601562500e+00
1.078214359283447266e+01
-2.473458051681518555e+00
-1.441189408302307129e+00
1.631205916404724121e+00
1.579724669456481934e+00
7.289613485336303711e-01
1.880599379539489746e+00
2.556155443191528320e+00
3.639806032180786133e+00
1.560305404663085938e+01
5.852116012573242188e+01
6.119309234619140625e+01
7.900966644287109375e+01
7.381213378906250000e+01
3.078018569946289062e+01
4.816892242431640625e+01
7.738531494140625000e+01
7.913506317138671875e+01
7.559262847900390625e+01
6.872543334960937500e+01
5.858771514892578125e+01
5.896122741699218750e+01
4.471914291381835938e+01
1.613669776916503906e+01
1.598561000823974609e+01
-5.125673770904541016e+00
-3.692675352096557617e+00
7.107557058334350586e-01
1.398784041404724121e+00
1.211657881736755371e+00
1.084315657615661621e+00
2.020617723464965820e+00
2.542926073074340820e+00
6.079234600067138672e+00
5.876620864868164062e+01
6.129989624023437500e+01
6.426121520996093750e+01
5.483023071289062500e+01
3.801564407348632812e+01
3.085791969299316406e+01
3.116372299194335938e+01
3.460969161987304688e+01
4.893830108642578125e+01
3.508596420288085938e+01
9.167742729187011719e+00
6.742416322231292725e-02
1.534222960472106934e+00
2.404366731643676758e+00
2.602061510086059570e+00
2.709779024124145508e+00
3.319356203079223633e+00
2.651465654373168945e+00
1.345136046409606934e+00
2.641443014144897461e-01
-2.424850594252347946e-03
9.503415822982788086e-01
4.279342174530029297e+00
2.770962333679199219e+01
5.451749801635742188e+01
6.196089172363281250e+01
6.250349044799804688e+01
5.198476028442382812e+01
3.891710281372070312e+01
3.537947845458984375e+01
1.751913642883300781e+01
1.842472267150878906e+01
1.549427986145019531e+01
1.771675872802734375e+01
1.195408058166503906e+01
8.097537040710449219e+00
2.903084993362426758e+00
2.719598054885864258e+00
2.862181901931762695e+00
2.797238588333129883e+00
3.745312929153442383e+00
2.784569978713989258e+00
1.356168150901794434e+00
9.785018861293792725e-02
1.342252343893051147e-01
1.068271040916442871e+00
4.348163127899169922e+00
2.746126747131347656e+01
5.408163452148437500e+01
6.171289062500000000e+01
7.181391906738281250e+01
6.521792602539062500e+01
2.879396820068359375e+01
3.522573471069335938e+01
6.161970901489257812e+01
7.536959075927734375e+01
7.461834716796875000e+01
6.809883880615234375e+01
5.815023422241210938e+01
5.858386993408203125e+01
1.315990638732910156e+01
2.442198991775512695e+00
3.119574785232543945e+00
3.992125749588012695e+00
4.251237392425537109e+00
3.029813051223754883e+00
1.797181487083435059e+00
1.334069818258285522e-01
-2.511049509048461914e-01
9.925664663314819336e-01
3.848881959915161133e+00
2.591558265686035156e+01
5.342237091064453125e+01
6.180639266967773438e+01
8.539884185791015625e+01
7.794093322753906250e+01
4.235220718383789062e+01
5.245806503295898438e+01
7.580538940429687500e+01
8.013263702392578125e+01
7.885641479492187500e+01
7.389553070068359375e+01
6.382557296752929688e+01
6.286871337890625000e+01
5.740510559082031250e+01
3.085374832153320312e+01
3.201771974563598633e+00
2.812638521194458008e+00
3.425175905227661133e+00
3.345750093460083008e+00
2.323836565017700195e+00
1.206132292747497559e+00
6.237386465072631836e-01
1.665181517601013184e+00
4.478684902191162109e+00
3.718789672851562500e+01
5.647376251220703125e+01
6.111445999145507812e+01
8.632046508789062500e+01
6.047055816650390625e+01
2.697612953186035156e+01
4.720594024658203125e+01
6.598961639404296875e+01
7.732452392578125000e+01
7.623510742187500000e+01
6.724245452880859375e+01
6.379927825927734375e+01
6.058684158325195312e+01
3.623770141601562500e+01
1.201015853881835938e+01
5.526761531829833984e+00
5.542249202728271484e+00
2.427720308303833008e+00
2.343961000442504883e+00
2.442015886306762695e+00
6.276029348373413086e-01
8.055185079574584961e-01
2.183861970901489258e+00
3.960215806961059570e+00
2.584591484069824219e+01
5.550178527832031250e+01
6.087902069091796875e+01
7.207799530029296875e+01
8.036736297607421875e+01
4.949386215209960938e+01
2.909214401245117188e+01
6.298973083496093750e+01
7.569622039794921875e+01
7.719097137451171875e+01
7.000002288818359375e+01
6.373993301391601562e+01
6.049567413330078125e+01
4.435846710205078125e+01
1.522112655639648438e+01
1.072185325622558594e+01
4.540763378143310547e+00
2.403947114944458008e+00
4.043828487396240234e+00
2.953250169754028320e+00
2.870339632034301758e+00
2.892276048660278320e+00
3.455842256546020508e+00
4.283257961273193359e+00
1.601352882385253906e+01
5.731550598144531250e+01
6.013148880004882812e+01
7.166665649414062500e+01
6.511729431152343750e+01
3.296224975585937500e+01
4.406972503662109375e+01
6.389912414550781250e+01
7.821490478515625000e+01
7.809712219238281250e+01
7.343114471435546875e+01
6.355994796752929688e+01
5.730709075927734375e+01
1.482502269744873047e+01
-5.291219949722290039e-01
-1.301390081644058228e-01
3.020097017288208008e+00
3.907468080520629883e+00
2.817067384719848633e+00
1.416104674339294434e+00
5.368553102016448975e-02
-1.740976721048355103e-01
2.651419878005981445e+00
1.230300521850585938e+01
2.830956840515136719e+01
5.400784301757812500e+01
6.175658035278320312e+01
6.727333068847656250e+01
5.603831863403320312e+01
3.096291351318359375e+01
2.944027519226074219e+01
3.203582000732421875e+01
3.841506576538085938e+01
4.490433502197265625e+01
2.915558815002441406e+01
6.180156230926513672e+00
7.461789846420288086e-01
1.974286437034606934e+00
2.548318147659301758e+00
2.683995485305786133e+00
2.829421281814575195e+00
3.349990129470825195e+00
2.569443941116333008e+00
1.492699980735778809e+00
2.240537256002426147e-01
-4.869522154331207275e-02
8.985475301742553711e-01
4.125995159149169922e+00
2.750527381896972656e+01
5.374787902832031250e+01
6.152848052978515625e+01
6.129961395263671875e+01
1.941493606567382812e+01
1.577330946922302246e+00
2.504979372024536133e+00
2.476382493972778320e+00
5.151826381683349609e+00
5.147658824920654297e+00
4.325963497161865234e+00
3.510020494461059570e+00
2.986127138137817383e+00
2.299294710159301758e+00
2.587153673171997070e+00
2.824816942214965820e+00
2.761534929275512695e+00
3.416035890579223633e+00
2.629018068313598633e+00
1.461774230003356934e+00
2.584832906723022461e-01
-7.961715757846832275e-02
8.947709798812866211e-01
4.141896724700927734e+00
2.700161361694335938e+01
5.396363067626953125e+01
6.159470367431640625e+01
7.032506561279296875e+01
6.881294250488281250e+01
3.348960113525390625e+01
3.999681854248046875e+01
5.600702667236328125e+01
7.603974914550781250e+01
7.551553344726562500e+01
7.028951263427734375e+01
6.210998153686523438e+01
6.394081497192382812e+01
4.802052688598632812e+01
2.391671752929687500e+01
1.906101417541503906e+01
1.129607295989990234e+01
3.167081117630004883e+00
2.875411272048950195e+00
2.032433748245239258e+00
1.422639250755310059e+00
1.444899916648864746e+00
2.736142396926879883e+00
5.304833889007568359e+00
2.312149429321289062e+01
5.628206634521484375e+01
6.156300354003906250e+01
7.291210174560546875e+01
6.898927307128906250e+01
3.252380752563476562e+01
3.882188796997070312e+01
5.314642333984375000e+01
7.569821929931640625e+01
7.657855987548828125e+01
7.185745239257812500e+01
5.704178619384765625e+01
3.608614349365234375e+01
1.182240867614746094e+01
5.123324871063232422e+00
4.291375637054443359e+00
-2.726382017135620117e+00
-3.387869596481323242e+00
6.782315969467163086e-01
2.002633661031723022e-01
1.089757531881332397e-01
5.862458944320678711e-01
1.439984679222106934e+00
3.364247560501098633e+00
2.545961952209472656e+01
5.900667572021484375e+01
6.137348556518554688e+01
6.728744506835937500e+01
6.208508682250976562e+01
2.609303092956542969e+01
3.079454231262207031e+01
4.696833038330078125e+01
5.184236907958984375e+01
5.035268402099609375e+01
3.440069580078125000e+01
1.243700027465820312e+01
1.917495346069335938e+01
3.036252260208129883e+00
2.643544435501098633e+00
2.678565263748168945e+00
2.597466707229614258e+00
2.941725969314575195e+00
2.741975069046020508e+00
1.605059981346130371e+00
6.814187765121459961e-01
5.717979371547698975e-02
1.082904219627380371e+00
4.174249172210693359e+00
2.706250953674316406e+01
5.386558532714843750e+01
6.120264053344726562e+01
6.908929443359375000e+01
6.025270080566406250e+01
3.425157165527343750e+01
3.890874099731445312e+01
4.410552215576171875e+01
7.140037536621093750e+01
7.506712341308593750e+01
7.173771667480468750e+01
5.073645401000976562e+01
3.000914382934570312e+01
8.765793800354003906e+00
5.679505825042724609e+00
4.555516719818115234e+00
-1.554628759622573853e-01
-4.282156229019165039e-01
1.742143034934997559e+00
1.381875395774841309e+00
2.950414419174194336e-01
8.157285451889038086e-01
1.844729781150817871e+00
3.563519716262817383e+00
1.914729499816894531e+01
5.557150650024414062e+01
6.110289764404296875e+01
7.035666656494140625e+01
6.479077148437500000e+01
2.620657730102539062e+01
2.619108581542968750e+01
3.498716735839843750e+01
3.394207000732421875e+01
2.661088180541992188e+01
4.006389141082763672e+00
3.016324281692504883e+00
2.959277391433715820e+00
2.560469865798950195e+00
2.711730241775512695e+00
2.989550828933715820e+00
2.999770402908325195e+00
3.655455827713012695e+00
2.996331453323364258e+00
1.802745223045349121e+00
5.938180685043334961e-01
-1.346918493509292603e-01
5.776513814926147461e-01
3.302027940750122070e+00
2.347639274597167969e+01
5.295668411254882812e+01
6.132122039794921875e+01
6.149594497680664062e+01
2.382394599914550781e+01
4.943025112152099609e+00
4.011258602142333984e+00
2.554742097854614258e+00
5.034261226654052734e+00
5.295356273651123047e+00
4.390994548797607422e+00
3.557784318923950195e+00
2.970729112625122070e+00
2.221293687820434570e+00
2.388205766677856445e+00
2.640191316604614258e+00
2.626052141189575195e+00
3.226527452468872070e+00
2.172724962234497070e+00
1.202363371849060059e+00
-5.200256407260894775e-02
-2.406050115823745728e-01
1.171075224876403809e+00
5.342488765716552734e+00
3.026538085937500000e+01
5.410729980468750000e+01
6.174537658691406250e+01
6.200405883789062500e+01
2.040633583068847656e+01
1.611899733543395996e+00
2.498696565628051758e+00
2.414834260940551758e+00
5.126149654388427734e+00
5.124652385711669922e+00
4.207257747650146484e+00
3.471757173538208008e+00
2.961737871170043945e+00
2.251805543899536133e+00
2.446395158767700195e+00
2.747794389724731445e+00
2.739260911941528320e+00
3.352326631546020508e+00
2.713023424148559570e+00
9.436887502670288086e-01
-9.008850157260894775e-02
-2.921816110610961914e-01
9.801515340805053711e-01
4.666696071624755859e+00
2.765402412414550781e+01
5.407510757446289062e+01
6.196645736694335938e+01
6.223965454101562500e+01
2.212363243103027344e+01
1.621285796165466309e+00
2.794553041458129883e+00
2.569566011428833008e+00
5.127868175506591797e+00
5.200940608978271484e+00
4.283116817474365234e+00
3.398671388626098633e+00
2.873391389846801758e+00
2.150349855422973633e+00
2.359750032424926758e+00
2.653012514114379883e+00
2.678202867507934570e+00
3.301068544387817383e+00
2.384986162185668945e+00
1.099635481834411621e+00
-2.285257726907730103e-01
-1.087957769632339478e-01
9.991449117660522461e-01
4.713931560516357422e+00
2.870637321472167969e+01
5.394798660278320312e+01
6.196376800537109375e+01
6.205950546264648438e+01
1.874567794799804688e+01
2.916082143783569336e-01
2.011674165725708008e+00
2.408282518386840820e+00
5.092429637908935547e+00
5.108655452728271484e+00
4.261287212371826172e+00
3.572087526321411133e+00
3.161442995071411133e+00
2.536107301712036133e+00
2.680983781814575195e+00
2.851306200027465820e+00
2.847373247146606445e+00
3.392548799514770508e+00
2.443051576614379883e+00
1.243731856346130371e+00
-1.470114141702651978e-01
-3.066049814224243164e-01
8.409284353256225586e-01
4.327601909637451172e+00
2.668135833740234375e+01
5.314461517333984375e+01
6.181031799316406250e+01
6.222134017944335938e+01
1.945939636230468750e+01
9.939912557601928711e-01
1.985644698143005371e+00
2.369445085525512695e+00
5.151134014129638672e+00
5.099816799163818359e+00
4.350551128387451172e+00
3.637376070022583008e+00
3.211451768875122070e+00
2.633137941360473633e+00
2.752480745315551758e+00
2.881177186965942383e+00
2.942345857620239258e+00
3.496283769607543945e+00
2.674145936965942383e+00
1.419844985008239746e+00
-1.223780065774917603e-01
-2.918001413345336914e-01
6.284898519515991211e-01
4.032962322235107422e+00
2.647923278808593750e+01
5.296927261352539062e+01
6.186047363281250000e+01
7.057145690917968750e+01
6.256373596191406250e+01
3.367388153076171875e+01
3.332382583618164062e+01
5.689023208618164062e+01
7.114086151123046875e+01
7.293648529052734375e+01
6.763995361328125000e+01
6.238134002685546875e+01
5.856405258178710938e+01
3.178149795532226562e+01
4.947564601898193359e+00
1.667729735374450684e+00
5.532132625579833984e+00
2.579655885696411133e+00
2.473576784133911133e+00
1.309438109397888184e+00
2.314637750387191772e-01
3.268254995346069336e-01
2.270238161087036133e+00
7.406692028045654297e+00
3.736380004882812500e+01
5.805340194702148438e+01
6.161761856079101562e+01
6.908580780029296875e+01
7.315510559082031250e+01
3.736134338378906250e+01
3.891263961791992188e+01
5.626984786987304688e+01
6.917459869384765625e+01
7.329930114746093750e+01
6.935414886474609375e+01
4.845217895507812500e+01
4.206348037719726562e+01
1.945774650573730469e+01
2.475354433059692383e+00
6.110795736312866211e-01
-8.854719400405883789e-01
-1.183535009622573853e-01
1.387814879417419434e+00
8.118108510971069336e-01
1.951001733541488647e-01
4.091237783432006836e-01
1.499568343162536621e+00
5.055793285369873047e+00
3.742603302001953125e+01
5.417567825317382812e+01
6.108152770996093750e+01
6.675136566162109375e+01
6.138486480712890625e+01
3.408523559570312500e+01
3.119824981689453125e+01
4.214714813232421875e+01
5.018473052978515625e+01
5.315962982177734375e+01
3.795765686035156250e+01
9.857678413391113281e+00
2.129922151565551758e+00
2.320145845413208008e+00
2.531798601150512695e+00
2.807692766189575195e+00
2.918177843093872070e+00
3.391148805618286133e+00
2.943022966384887695e+00
1.649419188499450684e+00
6.295446157455444336e-01
6.663833558559417725e-02
5.664380788803100586e-01
3.348986864089965820e+00
2.397596168518066406e+01
5.320055770874023438e+01
6.126233291625976562e+01
6.106703567504882812e+01
1.829670143127441406e+01
1.084748625755310059e+00
2.186627626419067383e+00
2.412631273269653320e+00
5.131680965423583984e+00
5.124825954437255859e+00
4.306960582733154297e+00
3.604027986526489258e+00
3.114529848098754883e+00
2.443578004837036133e+00
2.717614412307739258e+00
2.926007509231567383e+00
2.898600816726684570e+00
3.494727373123168945e+00
2.908099412918090820e+00
1.736161589622497559e+00
3.161824941635131836e-01
-2.399736791849136353e-01
5.844930410385131836e-01
3.372649431228637695e+00
2.452515411376953125e+01
5.304616928100585938e+01
6.098748779296875000e+01
6.677883911132812500e+01
6.432653045654296875e+01
3.800862503051757812e+01
3.669794464111328125e+01
5.287144851684570312e+01
6.356356048583984375e+01
6.918640136718750000e+01
6.292897415161132812e+01
3.713335418701171875e+01
4.422309875488281250e+01
2.791684913635253906e+01
3.568925142288208008e+00
7.401479482650756836e-01
-9.433199167251586914e-01
-5.751806497573852539e-01
1.371259093284606934e+00
1.143399596214294434e+00
3.764585256576538086e-01
1.652844995260238647e-01
1.643163084983825684e+00
6.080951213836669922e+00
4.134477996826171875e+01
5.555394363403320312e+01
6.141118621826171875e+01
7.123510742187500000e+01
7.309421539306640625e+01
3.576419448852539062e+01
4.055102157592773438e+01
6.132724380493164062e+01
7.563799285888671875e+01
7.768403625488281250e+01
7.353114318847656250e+01
6.385770416259765625e+01
5.272565841674804688e+01
2.926203918457031250e+01
1.868019866943359375e+01
1.998206138610839844e+01
1.546524810791015625e+01
4.493741512298583984e+00
2.533990144729614258e+00
2.115365266799926758e+00
2.211426973342895508e+00
2.455676317214965820e+00
3.169419527053833008e+00
6.378634929656982422e+00
1.225580692291259766e+01
5.864453506469726562e+01
6.209931945800781250e+01
7.907960510253906250e+01
7.320564270019531250e+01
3.198628425598144531e+01
4.270609283447265625e+01
5.951778030395507812e+01
7.393658447265625000e+01
7.578231048583984375e+01
7.178482055664062500e+01
6.111229324340820312e+01
1.628251647949218750e+01
4.664048671722412109e+00
2.982661485671997070e+00
2.922648668289184570e+00
3.337161302566528320e+00
3.884110689163208008e+00
2.819386720657348633e+00
1.680577635765075684e+00
1.520722955465316772e-01
-1.308618932962417603e-01
8.382905721664428711e-01
4.318555355072021484e+00
2.678843116760253906e+01
5.404263305664062500e+01
6.191829299926757812e+01
7.264087677001953125e+01
7.748441314697265625e+01
3.835912322998046875e+01
4.255821990966796875e+01
6.511343383789062500e+01
7.830979919433593750e+01
7.841564941406250000e+01
7.424048614501953125e+01
6.520684814453125000e+01
5.779248809814453125e+01
4.034185028076171875e+01
2.020172500610351562e+01
1.863496971130371094e+01
3.558129549026489258e+00
2.601008653640747070e+00
2.683161973953247070e+00
2.511702775955200195e+00
2.158728837966918945e+00
2.728448152542114258e+00
3.055520296096801758e+00
4.491439342498779297e+00
1.714717674255371094e+01
5.773907470703125000e+01
6.111360549926757812e+01
6.766082000732421875e+01
6.851227569580078125e+01
3.284289932250976562e+01
3.485534286499023438e+01
5.791962432861328125e+01
7.173118591308593750e+01
7.291690826416015625e+01
6.479885864257812500e+01
3.684160995483398438e+01
3.402597808837890625e+01
2.608207130432128906e+01
6.277036190032958984e+00
8.692030906677246094e+00
-6.926447153091430664e-01
-2.021599531173706055e+00
-6.474348306655883789e-01
-2.207609564065933228e-01
-4.822851419448852539e-01
1.258160948753356934e+00
2.773419618606567383e+00
5.272067546844482422e+00
2.095882797241210938e+01
5.730891036987304688e+01
6.204722595214843750e+01
7.423565673828125000e+01
7.188234710693359375e+01
3.627316665649414062e+01
3.219406509399414062e+01
3.856743240356445312e+01
6.850796508789062500e+01
7.536672210693359375e+01
7.146864318847656250e+01
6.388987350463867188e+01
5.467358016967773438e+01
2.817851638793945312e+01
1.001627635955810547e+01
8.826619148254394531e+00
5.423341274261474609e+00
2.619076967239379883e+00
2.475857973098754883e+00
7.762407064437866211e-01
-3.183504343032836914e-01
-1.187731176614761353e-01
8.266938924789428711e-01
2.863826036453247070e+00
2.612752532958984375e+01
5.376235580444335938e+01
6.136321640014648438e+01
6.125363922119140625e+01
1.780367660522460938e+01
3.651803731918334961e-01
1.951672911643981934e+00
2.519652605056762695e+00
5.130286693572998047e+00
5.114938259124755859e+00
4.331773281097412109e+00
3.586287736892700195e+00
3.203372240066528320e+00
2.525696992874145508e+00
2.531140565872192383e+00
2.819457292556762695e+00
2.903472185134887695e+00
3.492461442947387695e+00
2.766877412796020508e+00
1.526597380638122559e+00
2.558759450912475586e-01
-1.901136785745620728e-01
6.148275136947631836e-01
3.960145235061645508e+00
2.499618339538574219e+01
5.304582214355468750e+01
6.141484451293945312e+01
7.861968231201171875e+01
7.906158447265625000e+01
4.443059158325195312e+01
4.740517425537109375e+01
7.315113067626953125e+01
8.005579376220703125e+01
7.659632873535156250e+01
7.089652252197265625e+01
6.379888534545898438e+01
6.467015075683593750e+01
6.198192596435546875e+01
4.579257965087890625e+01
2.119024658203125000e+01
6.262061595916748047e+00
2.536244630813598633e+00
2.444005250930786133e+00
2.665034532546997070e+00
2.000148057937622070e+00
1.872165083885192871e+00
2.977065324783325195e+00
4.979938030242919922e+00
2.616302108764648438e+01
5.726892852783203125e+01
6.089132690429687500e+01
7.049726104736328125e+01
6.932392883300781250e+01
3.715793228149414062e+01
4.198297882080078125e+01
6.361370086669921875e+01
7.480823516845703125e+01
7.630567932128906250e+01
7.111888885498046875e+01
6.214868164062500000e+01
6.213529205322265625e+01
1.233248043060302734e+01
3.168355226516723633e+00
2.936520814895629883e+00
4.049760341644287109e+00
4.515635967254638672e+00
3.801820039749145508e+00
1.884265303611755371e+00
9.469980001449584961e-01
-5.957092344760894775e-02
1.283236861228942871e+00
4.140437602996826172e+00
2.540787124633789062e+01
5.324872970581054688e+01
6.097379684448242188e+01
7.734571075439453125e+01
7.618267822265625000e+01
4.216297912597656250e+01
4.947297668457031250e+01
6.883339691162109375e+01
7.743200683593750000e+01
7.675849914550781250e+01
7.083326721191406250e+01
6.204375839233398438e+01
6.167097091674804688e+01
4.999531555175781250e+01
1.949250793457031250e+01
1.635262870788574219e+01
8.221673011779785156e+00
-4.471115589141845703e+00
1.152318358421325684e+00
1.239745497703552246e+00
6.493066549301147461e-01
6.228307485580444336e-01
9.519284963607788086e-01
2.371665239334106445e+00
2.555796623229980469e+01
6.151509857177734375e+01
6.191428375244140625e+01
8.669691467285156250e+01
7.804198455810546875e+01
3.956791305541992188e+01
5.209916305541992188e+01
7.527073669433593750e+01
7.968612670898437500e+01
7.774023437500000000e+01
7.065413665771484375e+01
6.109167480468750000e+01
5.523098373413085938e+01
3.893189239501953125e+01
1.978551101684570312e+01
1.831229019165039062e+01
-4.963488101959228516e+00
-3.901699781417846680e+00
1.735631346702575684e+00
2.056462526321411133e+00
1.566836714744567871e+00
1.628205657005310059e+00
2.635924577713012695e+00
3.106171846389770508e+00
7.421929836273193359e+00
5.822269439697265625e+01
6.153242874145507812e+01
7.691400909423828125e+01
7.579287719726562500e+01
2.856860351562500000e+01
3.755817794799804688e+01
6.192779541015625000e+01
7.378483581542968750e+01
7.341074371337890625e+01
6.618798065185546875e+01
4.580591583251953125e+01
5.092547607421875000e+01
4.097646331787109375e+01
1.179312801361083984e+01
1.541236591339111328e+01
-2.817023038864135742e+00
-3.508404493331909180e+00
1.396375060081481934e+00
9.236844778060913086e-01
1.302798628807067871e+00
2.523581743240356445e+00
3.600901842117309570e+00
4.521592617034912109e+00
1.451882934570312500e+01
5.644769668579101562e+01
6.054629898071289062e+01
7.401711273193359375e+01
6.456533813476562500e+01
2.365282440185546875e+01
2.906913185119628906e+01
4.892193603515625000e+01
5.475594329833984375e+01
5.669306945800781250e+01
4.072622680664062500e+01
1.606793785095214844e+01
6.841195583343505859e+00
3.603211641311645508e+00
2.995448350906372070e+00
3.039088487625122070e+00
3.247525453567504883e+00
3.668118715286254883e+00
3.375188112258911133e+00
1.863084197044372559e+00
5.258325338363647461e-01
1.856664270162582397e-01
7.906049489974975586e-01
3.338715791702270508e+00
2.344420623779296875e+01
5.313891220092773438e+01
6.106594085693359375e+01
6.085507965087890625e+01
2.038400459289550781e+01
2.080933809280395508e+00
2.875392198562622070e+00
2.714398622512817383e+00
5.239503383636474609e+00
5.182998180389404297e+00
4.271014690399169922e+00
3.486222505569458008e+00
2.977265596389770508e+00
2.299184083938598633e+00
2.460915803909301758e+00
2.747748613357543945e+00
2.799538850784301758e+00
3.456109285354614258e+00
2.809802293777465820e+00
1.489764571189880371e+00
3.258146047592163086e-01
5.088745057582855225e-02
1.017278075218200684e+00
4.318582057952880859e+00
2.627637100219726562e+01
5.365502166748046875e+01
6.158902740478515625e+01
7.828467559814453125e+01
7.608979034423828125e+01
3.979511260986328125e+01
5.346270370483398438e+01
7.675209808349609375e+01
7.982720947265625000e+01
7.719005584716796875e+01
6.959447479248046875e+01
6.387582015991210938e+01
6.435666656494140625e+01
6.266314697265625000e+01
4.943303298950195312e+01
2.558224487304687500e+01
8.606581687927246094e+00
3.539735078811645508e+00
2.332558870315551758e+00
2.550963640213012695e+00
1.081788420677185059e+00
9.741548299789428711e-01
2.246142625808715820e+00
3.919440507888793945e+00
2.230480766296386719e+01
5.767321395874023438e+01
6.194465255737304688e+01
7.925759887695312500e+01
7.769300842285156250e+01
4.007259750366210938e+01
3.939378356933593750e+01
6.695137023925781250e+01
7.807727813720703125e+01
7.811521911621093750e+01
7.241676330566406250e+01
6.524707794189453125e+01
6.256871414184570312e+01
5.670751190185546875e+01
2.598338508605957031e+01
1.967838287353515625e+01
1.528948688507080078e+01
3.985259294509887695e+00
3.265645265579223633e+00
3.728066682815551758e+00
2.502293825149536133e+00
3.236731767654418945e+00
4.180263042449951172e+00
6.664220333099365234e+00
2.241979408264160156e+01
5.823019790649414062e+01
6.168123626708984375e+01
7.359206390380859375e+01
7.818867492675781250e+01
4.117608261108398438e+01
4.938830566406250000e+01
6.961820983886718750e+01
7.430780792236328125e+01
7.654882812500000000e+01
7.342658996582031250e+01
6.335332870483398438e+01
5.735245895385742188e+01
3.843132781982421875e+01
5.869704723358154297e+00
7.194837331771850586e-01
3.313620805740356445e+00
2.822633028030395508e+00
3.599040269851684570e+00
2.311011552810668945e+00
7.437185049057006836e-01
5.856870412826538086e-01
1.625295042991638184e+00
3.483933687210083008e+00
2.909844207763671875e+01
5.422267913818359375e+01
6.015168762207031250e+01
6.370007324218750000e+01
5.966635131835937500e+01
3.344755554199218750e+01
3.997976303100585938e+01
5.175279998779296875e+01
7.248532104492187500e+01
7.692932128906250000e+01
7.256062316894531250e+01
6.230317306518554688e+01
4.511382293701171875e+01
2.179619789123535156e+01
1.503845310211181641e+01
1.504880905151367188e+01
4.047726440429687500e+01
1.348368167877197266e+01
4.778781414031982422e+00
1.045281219482421875e+01
3.484339952468872070e+00
3.994551897048950195e+00
7.145518779754638672e+00
2.212447166442871094e+01
4.502719879150390625e+01
6.081653594970703125e+01
6.193769073486328125e+01
8.414566802978515625e+01
7.621121978759765625e+01
2.515139961242675781e+01
3.770748519897460938e+01
6.061083221435546875e+01
7.047595214843750000e+01
7.388848114013671875e+01
6.755343627929687500e+01
5.866785049438476562e+01
5.930805587768554688e+01
5.361173248291015625e+01
1.705385589599609375e+01
1.787287139892578125e+01
4.437115097045898438e+01
5.137046813964843750e+01
5.782685470581054688e+01
4.949253845214843750e+01
1.760618972778320312e+01
5.417804241180419922e+00
3.911055803298950195e+00
3.848326921463012695e+00
3.672251939773559570e+00
9.583893775939941406e+00
5.284445953369140625e+01
6.726984405517578125e+01
6.122674942016601562e+01
4.081491851806640625e+01
4.196463394165039062e+01
5.093679046630859375e+01
7.137754821777343750e+01
7.433016967773437500e+01
7.001329040527343750e+01
5.500043106079101562e+01
3.573172378540039062e+01
6.874484539031982422e+00
-1.184603124856948853e-01
1.275142073631286621e+00
3.104190111160278320e+00
3.478110551834106445e+00
3.572396516799926758e+00
1.828475356101989746e+00
7.528356313705444336e-01
4.534696340560913086e-01
1.354623198509216309e+00
3.967160463333129883e+00
2.463186645507812500e+01
5.315000915527343750e+01
6.114089965820312500e+01
6.123069000244140625e+01
2.029726982116699219e+01
2.067633867263793945e+00
2.878617525100708008e+00
2.683352708816528320e+00
5.134740352630615234e+00
5.206883907318115234e+00
4.073729991912841797e+00
4.261907100677490234e+00
1.405854582786560059e+00
1.870816588401794434e+00
2.191073656082153320e+00
2.636647462844848633e+00
2.751916170120239258e+00
3.471265077590942383e+00
2.840680360794067383e+00
1.778413176536560059e+00
3.126367330551147461e-01
-1.276649441570043564e-02
1.140492796897888184e+00
4.077991008758544922e+00
2.551108169555664062e+01
5.422978973388671875e+01
6.145151138305664062e+01
6.533078765869140625e+01
6.592198181152343750e+01
3.699329757690429688e+01
4.878316116333007812e+01
6.602330780029296875e+01
7.851116180419921875e+01
7.693207550048828125e+01
7.530273437500000000e+01
6.205621719360351562e+01
2.976519775390625000e+01
1.205427646636962891e+01
1.337263488769531250e+01
1.326923751831054688e+01
-2.263958692550659180e+00
-1.386839300394058228e-01
1.428489089012145996e+00
6.812070608139038086e-01
1.200398802757263184e+00
2.196545839309692383e+00
2.642960786819458008e+00
3.540837526321411133e+00
1.134462165832519531e+01
5.803743362426757812e+01
6.148445510864257812e+01
7.992297363281250000e+01
7.028815460205078125e+01
2.506918907165527344e+01
4.158207321166992188e+01
6.695917510986328125e+01
7.928963470458984375e+01
7.740542602539062500e+01
7.196847534179687500e+01
6.531156921386718750e+01
5.645565414428710938e+01
3.459246444702148438e+01
2.159678077697753906e+01
1.986193847656250000e+01
2.518233489990234375e+01
5.046380233764648438e+01
4.783242034912109375e+01
1.895495033264160156e+01
8.555388450622558594e+00
5.576474666595458984e+00
4.343183040618896484e+00
4.492665767669677734e+00
9.715210914611816406e+00
5.778786849975585938e+01
6.168541336059570312e+01
7.301776123046875000e+01
6.314059829711914062e+01
4.216537094116210938e+01
4.335399246215820312e+01
6.504443359375000000e+01
7.520903015136718750e+01
7.617122650146484375e+01
7.043732452392578125e+01
5.463357925415039062e+01
5.840125274658203125e+01
5.252082347869873047e+00
9.522641897201538086e-01
1.278119444847106934e+00
3.141947984695434570e+00
3.667691469192504883e+00
3.272492647171020508e+00
2.003211259841918945e+00
5.334275960922241211e-01
7.609710562974214554e-03
1.458472609519958496e+00
4.517781734466552734e+00
2.739765357971191406e+01
5.435440063476562500e+01
6.154582595825195312e+01
7.520517730712890625e+01
7.565658569335937500e+01
3.800963592529296875e+01
4.407912445068359375e+01
6.406042480468750000e+01
7.381853485107421875e+01
7.485278320312500000e+01
7.021347808837890625e+01
5.768085098266601562e+01
5.521007156372070312e+01
3.423710250854492188e+01
9.421490669250488281e+00
7.494231700897216797e+00
-3.641731977462768555e+00
-3.926396131515502930e+00
1.384057402610778809e+00
2.132577180862426758e+00
1.269740462303161621e+00
1.310855269432067871e+00
2.118270158767700195e+00
2.506076097488403320e+00
6.429234981536865234e+00
5.702975082397460938e+01
6.036235427856445312e+01
7.742066192626953125e+01
7.840226745605468750e+01
3.248076248168945312e+01
4.321672058105468750e+01
7.180616760253906250e+01
7.810874938964843750e+01
7.707381439208984375e+01
6.912382507324218750e+01
5.695384979248046875e+01
5.458915328979492188e+01
3.206581115722656250e+01
8.110432624816894531e+00
6.952893733978271484e+00
-2.709456205368041992e+00
-2.722613096237182617e+00
5.333474874496459961e-01
4.727987051010131836e-01
3.571618795394897461e-01
1.125935912132263184e+00
2.296103715896606445e+00
3.732581377029418945e+00
1.558907222747802734e+01
5.838474655151367188e+01
6.184502792358398438e+01
6.736244964599609375e+01
6.162772369384765625e+01
3.409437942504882812e+01
3.140751838684082031e+01
3.872906112670898438e+01
4.844397354125976562e+01
5.480627822875976562e+01
4.116912460327148438e+01
1.701581954956054688e+01
5.079068660736083984e+00
2.990662813186645508e+00
2.727835893630981445e+00
2.801982164382934570e+00
3.094884157180786133e+00
3.557482957839965820e+00
2.925185441970825195e+00
1.656178832054138184e+00
3.922246694564819336e-01
3.286872804164886475e-02
9.392179250717163086e-01
3.864093065261840820e+00
2.538743400573730469e+01
5.368980789184570312e+01
6.141864395141601562e+01
6.139215850830078125e+01
2.043255043029785156e+01
2.669886827468872070e+00
3.073491334915161133e+00
2.470965623855590820e+00
5.189363002777099609e+00
5.176614284515380859e+00
4.180139064788818359e+00
3.311635255813598633e+00
2.788537263870239258e+00
2.156279802322387695e+00
2.393811464309692383e+00
2.638291597366333008e+00
2.663441896438598633e+00
3.390374422073364258e+00
2.714949846267700195e+00
1.673165678977966309e+00
2.867387533187866211e-01
7.050834596157073975e-02
1.154116988182067871e+00
4.479497432708740234e+00
2.811427116394042969e+01
5.403173065185546875e+01
6.139365005493164062e+01
7.027426147460937500e+01
7.593511962890625000e+01
3.178805732727050781e+01
4.563010787963867188e+01
7.457614135742187500e+01
7.804525756835937500e+01
7.540485382080078125e+01
6.712598419189453125e+01
5.993909072875976562e+01
6.158392715454101562e+01
5.276396179199218750e+01
1.568419837951660156e+01
6.540404796600341797e+00
-2.170218229293823242e+00
-1.443363785743713379e+00
3.135245561599731445e+00
1.771117568016052246e+00
1.038890242576599121e+00
1.233771681785583496e+00
2.599467515945434570e+00
3.059039354324340820e+00
1.270067214965820312e+01
5.771298599243164062e+01
5.998838424682617188e+01
6.927179718017578125e+01
7.342157745361328125e+01
3.357188034057617188e+01
4.149779129028320312e+01
6.464252471923828125e+01
7.460219573974609375e+01
7.529901123046875000e+01
6.904548645019531250e+01
5.550559234619140625e+01
5.042758178710937500e+01
2.986748504638671875e+01
4.516211986541748047e+00
7.096404552459716797e+00
-6.641508340835571289e-01
-1.396589875221252441e+00
1.946414351463317871e+00
6.571325063705444336e-01
8.988128602504730225e-02
1.224204421043395996e+00
1.992186903953552246e+00
3.279891252517700195e+00
6.227727413177490234e+00
5.621178054809570312e+01
5.951859664916992188e+01
7.709267425537109375e+01
7.790340423583984375e+01
3.768324279785156250e+01
5.140154647827148438e+01
7.657985687255859375e+01
7.960048675537109375e+01
7.722527313232421875e+01
7.230215454101562500e+01
6.334393310546875000e+01
5.898951339721679688e+01
4.569071960449218750e+01
2.026698112487792969e+01
1.814773178100585938e+01
-3.612635374069213867e+00
1.042813658714294434e+00
3.604981660842895508e+00
3.371377229690551758e+00
2.916442155838012695e+00
2.564091920852661133e+00
3.754428148269653320e+00
3.937819719314575195e+00
6.009334087371826172e+00
5.661954498291015625e+01
5.847334289550781250e+01
8.179885864257812500e+01
5.983664321899414062e+01
2.912332153320312500e+01
5.571300888061523438e+01
7.790153503417968750e+01
7.968122100830078125e+01
7.659201812744140625e+01
7.068556976318359375e+01
6.326211547851562500e+01
5.504956054687500000e+01
5.437934398651123047e+00
2.639956712722778320e+00
2.040240526199340820e+00
3.152659654617309570e+00
4.000380992889404297e+00
3.038193941116333008e+00
1.717555403709411621e+00
4.910444021224975586e-01
8.887802064418792725e-02
1.860822081565856934e+00
5.066081523895263672e+00
2.888217544555664062e+01
5.456050872802734375e+01
6.135552978515625000e+01
6.503451538085937500e+01
7.107821655273437500e+01
3.284267044067382812e+01
3.635874557495117188e+01
5.859155654907226562e+01
7.407839965820312500e+01
7.550672912597656250e+01
7.038194274902343750e+01
5.639372634887695312e+01
5.732389831542968750e+01
4.934563827514648438e+01
1.744354438781738281e+01
1.814706802368164062e+01
6.599778652191162109e+00
2.338944673538208008e+00
3.094491243362426758e+00
3.987052202224731445e+00
2.389178514480590820e+00
3.010197877883911133e+00
3.715628862380981445e+00
4.684117794036865234e+00
1.182850646972656250e+01
5.767095184326171875e+01
6.048277664184570312e+01
6.336817932128906250e+01
5.540893173217773438e+01
4.187806320190429688e+01
3.278552246093750000e+01
5.919482040405273438e+01
6.856452941894531250e+01
5.957596969604492188e+01
3.210951995849609375e+01
6.198216915130615234e+00
6.222165822982788086e-01
1.300391554832458496e+00
2.344071626663208008e+00
2.614117860794067383e+00
2.932105302810668945e+00
3.372838258743286133e+00
3.432620286941528320e+00
2.318085908889770508e+00
8.798459768295288086e-01
2.460645288228988647e-01
7.878869771957397461e-01
3.092726945877075195e+00
1.976605606079101562e+01
5.292072296142578125e+01
6.126854324340820312e+01
6.432549285888671875e+01
5.880877685546875000e+01
3.772118759155273438e+01
3.262798690795898438e+01
5.702619171142578125e+01
6.956243896484375000e+01
6.671841430664062500e+01
5.323341751098632812e+01
2.967399406433105469e+01
5.125867366790771484e+00
3.484900712966918945e+00
3.088382005691528320e+00
2.543179750442504883e+00
2.749268770217895508e+00
3.228080034255981445e+00
3.268216371536254883e+00
1.925851225852966309e+00
1.246447920799255371e+00
5.490697622299194336e-01
1.242003798484802246e+00
3.829880952835083008e+00
2.335582733154296875e+01
5.307837295532226562e+01
5.959179306030273438e+01
7.471665954589843750e+01
7.335800933837890625e+01
3.093392562866210938e+01
4.459514236450195312e+01
7.013269042968750000e+01
7.816001129150390625e+01
7.748786163330078125e+01
7.065947723388671875e+01
6.221979522705078125e+01
5.872576141357421875e+01
3.855374145507812500e+01
1.219678592681884766e+01
1.065152072906494141e+01
3.128594207763671875e+01
3.920063400268554688e+01
1.871441268920898438e+01
7.493817806243896484e+00
3.061574220657348633e+00
2.717147111892700195e+00
3.924134492874145508e+00
9.210669517517089844e+00
4.559881591796875000e+01
6.102237319946289062e+01
6.118362426757812500e+01
7.175936889648437500e+01
7.595461273193359375e+01
3.325446319580078125e+01
4.359896087646484375e+01
6.477776336669921875e+01
7.609420013427734375e+01
7.615834808349609375e+01
6.977349853515625000e+01
5.474337005615234375e+01
5.130000305175781250e+01
2.773765182495117188e+01
1.013349914550781250e+01
6.143006801605224609e+00
-5.058580636978149414e-01
-7.512651681900024414e-01
2.099030733108520508e+00
-1.449423432350158691e+00
2.781346559524536133e+00
1.309121489524841309e+00
1.658416152000427246e+00
2.616708040237426758e+00
1.697340011596679688e+01
5.096768569946289062e+01
6.023914718627929688e+01
7.206446838378906250e+01
6.404819488525390625e+01
3.133328437805175781e+01
3.647236251831054688e+01
5.882725143432617188e+01
6.919731140136718750e+01
7.044223785400390625e+01
5.978719711303710938e+01
3.771308135986328125e+01
5.589182662963867188e+01
4.260438156127929688e+01
1.234682750701904297e+01
8.821091651916503906e+00
-1.710692048072814941e+00
-1.924341797828674316e+00
1.426225066184997559e+00
1.740838408470153809e+00
1.492425322532653809e+00
1.910331130027770996e+00
2.658358812332153320e+00
3.657967805862426758e+00
1.427999973297119141e+01
5.571071243286132812e+01
6.067542266845703125e+01
6.746908569335937500e+01
6.958253479003906250e+01
3.467643356323242188e+01
3.485603332519531250e+01
5.483162689208984375e+01
7.231600189208984375e+01
7.489911651611328125e+01
6.860379791259765625e+01
5.014327621459960938e+01
5.634320449829101562e+01
4.220426559448242188e+01
1.743338203430175781e+01
1.806210136413574219e+01
-1.483339905738830566e+00
-8.249384164810180664e-01
2.072753190994262695e+00
2.784217119216918945e+00
2.768250703811645508e+00
2.375722169876098633e+00
2.505248308181762695e+00
3.327790498733520508e+00
1.136302852630615234e+01
5.836619949340820312e+01
6.010132217407226562e+01
7.829262542724609375e+01
7.765556335449218750e+01
2.590972518920898438e+01
4.275834655761718750e+01
6.804962158203125000e+01
7.587320709228515625e+01
7.555715942382812500e+01
6.811805725097656250e+01
5.692643737792968750e+01
6.189068984985351562e+01
5.131360626220703125e+01
8.988907814025878906e+00
5.196557521820068359e+00
1.284139037132263184e+00
3.208516836166381836e-01
3.620648622512817383e+00
3.337125062942504883e+00
2.081414461135864258e+00
1.708295226097106934e+00
1.747805953025817871e+00
3.153922319412231445e+00
1.858608818054199219e+01
6.098222351074218750e+01
6.160464859008789062e+01
6.520545959472656250e+01
6.103881454467773438e+01
3.174143600463867188e+01
3.373464965820312500e+01
4.766725921630859375e+01
6.325257110595703125e+01
6.632887268066406250e+01
5.295037841796875000e+01
2.031377410888671875e+01
6.956567287445068359e+00
3.510049104690551758e+00
2.639840364456176758e+00
2.621209383010864258e+00
3.227378129959106445e+00
3.651479005813598633e+00
3.224368333816528320e+00
2.807126283645629883e+00
1.181651473045349121e+00
1.078534483909606934e+00
9.012235403060913086e-01
3.033520936965942383e+00
1.950279617309570312e+01
5.292113876342773438e+01
6.075572586059570312e+01
6.030086135864257812e+01
1.774101066589355469e+01
1.382192015647888184e+00
2.440779924392700195e+00
2.359372377395629883e+00
5.165034770965576172e+00
5.128022670745849609e+00
4.251632213592529297e+00
3.547238588333129883e+00
3.133662462234497070e+00
2.511124849319458008e+00
2.657586336135864258e+00
2.884478807449340820e+00
2.906850099563598633e+00
3.440272569656372070e+00
3.712525606155395508e+00
2.612008333206176758e+00
1.612061858177185059e+00
8.270429372787475586e-01
8.223451375961303711e-01
2.931342363357543945e+00
1.408555030822753906e+01
5.029593658447265625e+01
5.758437347412109375e+01
6.407509613037109375e+01
6.859215545654296875e+01
3.014014053344726562e+01
4.046960830688476562e+01
6.852368927001953125e+01
7.722274780273437500e+01
7.622005462646484375e+01
6.894850921630859375e+01
5.447515106201171875e+01
6.028890609741210938e+01
5.315336227416992188e+01
2.026815986633300781e+01
1.895157814025878906e+01
1.041297149658203125e+01
4.525868892669677734e+00
4.365485668182373047e+00
7.342708110809326172e+00
3.444350481033325195e+00
2.785975694656372070e+00
4.492808818817138672e+00
5.031949520111083984e+00
7.889239788055419922e+00
5.895353317260742188e+01
5.983644866943359375e+01
8.322636413574218750e+01
7.403012084960937500e+01
3.436576461791992188e+01
4.927928543090820312e+01
6.888612365722656250e+01
7.586753845214843750e+01
7.563054656982421875e+01
6.790663146972656250e+01
6.472026062011718750e+01
5.866017150878906250e+01
4.302023696899414062e+01
2.311291313171386719e+01
1.834064292907714844e+01
5.687776088714599609e+00
8.890923500061035156e+00
2.411646842956542969e+01
1.746074295043945312e+01
1.192374134063720703e+01
5.034438610076904297e+00
4.108050823211669922e+00
4.310462474822998047e+00
1.475788974761962891e+01
5.995041656494140625e+01
5.970021057128906250e+01
8.322255706787109375e+01
7.339759826660156250e+01
2.929140090942382812e+01
4.560544967651367188e+01
6.985707855224609375e+01
7.688873291015625000e+01
7.419764709472656250e+01
6.835161590576171875e+01
6.297584152221679688e+01
6.286400604248046875e+01
2.019552803039550781e+01
2.705361604690551758e+00
2.186053514480590820e+00
3.610053300857543945e+00
4.333392620086669922e+00
4.449899196624755859e+00
2.309405565261840820e+00
1.886481642723083496e+00
1.458802580833435059e+00
2.829480409622192383e+00
4.162980556488037109e+00
2.111480712890625000e+01
5.349245452880859375e+01
5.889961624145507812e+01
8.323123168945312500e+01
7.464540863037109375e+01
3.749501037597656250e+01
5.780105972290039062e+01
7.928656005859375000e+01
7.946662902832031250e+01
7.754870605468750000e+01
6.814543151855468750e+01
5.721181869506835938e+01
4.888637542724609375e+01
2.299061203002929688e+01
5.228164196014404297e+00
2.982817888259887695e+00
-2.084725141525268555e+00
-2.424786329269409180e+00
-5.086561441421508789e-01
1.875947564840316772e-01
-3.267999887466430664e-01
5.572522878646850586e-01
1.924395918846130371e+00
3.281594514846801758e+00
2.699038124084472656e+01
5.897937011718750000e+01
6.058332061767578125e+01
6.811436462402343750e+01
7.459171295166015625e+01
4.035766220092773438e+01
3.677816009521484375e+01
6.513651275634765625e+01
7.784882354736328125e+01
7.724794769287109375e+01
6.962022399902343750e+01
6.393350982666015625e+01
5.424039077758789062e+01
2.530759239196777344e+01
8.939307212829589844e+00
1.123405361175537109e+01
-1.807839035987854004e+00
1.054932951927185059e+00
2.188966035842895508e+00
1.950784087181091309e+00
1.208926558494567871e+00
1.417813658714294434e+00
2.521703004837036133e+00
3.686455965042114258e+00
7.377631664276123047e+00
5.651037597656250000e+01
5.986830520629882812e+01
7.790603637695312500e+01
7.599422454833984375e+01
3.790560531616210938e+01
4.995051956176757812e+01
7.748302459716796875e+01
7.895800018310546875e+01
7.471546936035156250e+01
6.535880279541015625e+01
6.259295654296875000e+01
2.052130126953125000e+01
6.522181987762451172e+00
3.900199174880981445e+00
2.996636629104614258e+00
3.153100252151489258e+00
3.934628725051879883e+00
3.411856889724731445e+00
2.261964082717895508e+00
6.632741689682006836e-01
6.533559560775756836e-01
1.321938872337341309e+00
4.439782619476318359e+00
2.635771179199218750e+01
5.484400558471679688e+01
6.135296630859375000e+01
7.196552276611328125e+01
5.211748886108398438e+01
2.164051246643066406e+01
2.801014709472656250e+01
3.492338943481445312e+01
3.510583877563476562e+01
3.412817382812500000e+01
1.087299537658691406e+01
2.963114976882934570e+00
-1.002062439918518066e+00
1.405534148216247559e+00
2.440251588821411133e+00
2.860060930252075195e+00
2.845139741897583008e+00
3.356007814407348633e+00
3.117724657058715820e+00
2.628024339675903320e+00
1.006467223167419434e+00
5.208581686019897461e-01
8.813356161117553711e-01
3.207608461380004883e+00
2.044705963134765625e+01
5.335325622558593750e+01
5.987657546997070312e+01
6.667897796630859375e+01
7.136251831054687500e+01
3.445712280273437500e+01
3.813200378417968750e+01
6.332519531250000000e+01
7.387016296386718750e+01
7.360710144042968750e+01
6.698899841308593750e+01
4.945532608032226562e+01
5.554714965820312500e+01
2.658115577697753906e+01
2.775624513626098633e+00
7.802881002426147461e-01
-1.305634140968322754e+00
1.397126764059066772e-01
3.763713121414184570e+00
2.584252595901489258e+00
1.386481642723083496e+00
1.522921919822692871e+00
2.073065996170043945e+00
4.025327205657958984e+00
6.882918834686279297e+00
4.775148773193359375e+01
4.966699981689453125e+01
6.897297668457031250e+01
7.212276458740234375e+01
2.347174644470214844e+01
3.741965103149414062e+01
6.333233261108398438e+01
6.092502975463867188e+01
4.956454849243164062e+01
3.108414268493652344e+01
1.402211761474609375e+01
2.347351074218750000e+01
3.899287462234497070e+00
1.116460204124450684e+00
1.380158782005310059e+00
2.374455690383911133e+00
2.764180421829223633e+00
3.311728715896606445e+00
2.705558061599731445e+00
2.379340410232543945e+00
2.634707689285278320e+00
3.519513368606567383e+00
4.261458873748779297e+00
6.701966762542724609e+00
3.426022720336914062e+01
4.991168594360351562e+01
6.399190521240234375e+01
6.645245361328125000e+01
2.947074699401855469e+01
5.344892883300781250e+01
7.887960815429687500e+01
7.736508178710937500e+01
7.046962738037109375e+01
5.803802490234375000e+01
4.438225173950195312e+01
5.186755371093750000e+01
4.249504852294921875e+01
2.042046546936035156e+01
1.909821319580078125e+01
-4.023186206817626953e+00
-1.038244843482971191e+00
3.986718416213989258e+00
4.860955715179443359e+00
4.582061290740966797e+00
5.092101573944091797e+00
4.269196987152099609e+00
3.469273805618286133e+00
3.830584764480590820e+00
5.251651382446289062e+01
5.392337417602539062e+01
8.069968414306640625e+01
7.546346282958984375e+01
4.356800079345703125e+01
6.146665573120117188e+01
7.748228454589843750e+01
7.852106475830078125e+01
7.495449829101562500e+01
6.744529724121093750e+01
6.285656356811523438e+01
6.278096389770507812e+01
5.581579208374023438e+01
2.167211532592773438e+01
9.817365646362304688e+00
3.498051881790161133e+00
2.823710680007934570e+00
5.832955837249755859e+00
4.949300289154052734e+00
3.625716447830200195e+00
3.087325334548950195e+00
4.195712566375732422e+00
4.065156459808349609e+00
4.239203929901123047e+00
4.292854690551757812e+01
4.925936508178710938e+01
8.102274322509765625e+01
6.960974884033203125e+01
3.452134323120117188e+01
5.310747909545898438e+01
7.741336059570312500e+01
7.906754302978515625e+01
7.403068542480468750e+01
6.610396575927734375e+01
6.243851852416992188e+01
6.380122756958007812e+01
5.242130279541015625e+01
2.213618278503417969e+01
7.783362865447998047e+00
4.415784358978271484e+00
3.638709306716918945e+00
7.194455623626708984e+00
5.420726299285888672e+00
4.186906337738037109e+00
3.280955553054809570e+00
3.494443178176879883e+00
3.736064195632934570e+00
4.201228618621826172e+00
4.892952346801757812e+01
5.531791305541992188e+01
5.451189804077148438e+01
1.561158370971679688e+01
4.508903026580810547e+00
2.540841341018676758e+00
3.451457262039184570e+00
5.551200389862060547e+00
5.065045833587646484e+00
4.186501979827880859e+00
3.425019502639770508e+00
2.910380601882934570e+00
2.606944322586059570e+00
2.860734224319458008e+00
2.945100069046020508e+00
2.938349962234497070e+00
3.139724016189575195e+00
3.337798357009887695e+00
2.830542802810668945e+00
2.667340517044067383e+00
2.544183015823364258e+00
2.503762483596801758e+00
