4.638457775115966797e+00
4.583236217498779297e+00
4.724099636077880859e+00
4.763774394989013672e+00
4.470227718353271484e+00
4.176766872406005859e+00
3.925601243972778320e+00
3.788901567459106445e+00
3.699965715408325195e+00
3.877574205398559570e+00
3.928092241287231445e+00
3.926251649856567383e+00
3.757947206497192383e+00
3.828747987747192383e+00
4.308486461639404297e+00
4.763980388641357422e+00
5.562573909759521484e+00
6.480178356170654297e+00
8.410456657409667969e+00
1.786224365234375000e+01
3.155970573425292969e+01
3.603597640991210938e+01
4.620402526855468750e+01
5.093423461914062500e+01
5.785697555541992188e+01
6.154339981079101562e+01
6.122798919677734375e+01
6.164115905761718750e+01
6.350156784057617188e+01
6.402494812011718750e+01
5.725442123413085938e+01
3.913501358032226562e+01
2.603114318847656250e+01
1.748768997192382812e+01
1.787847518920898438e+01
6.404162883758544922e+00
3.702748537063598633e+00
3.399104356765747070e+00
3.921612977981567383e+00
4.313909053802490234e+00
4.929059505462646484e+00
6.376054286956787109e+00
9.154166221618652344e+00
2.305193901062011719e+01
3.285713577270507812e+01
3.588385391235351562e+01
4.808346939086914062e+01
5.634165954589843750e+01
5.511307144165039062e+01
5.957154464721679688e+01
5.877931594848632812e+01
5.685958480834960938e+01
5.907793807983398438e+01
6.095743942260742188e+01
5.605050659179687500e+01
4.350543212890625000e+01
3.729238128662109375e+01
3.615075683593750000e+01
3.806616973876953125e+01
2.556635284423828125e+01
7.874557018280029297e+00
3.910479784011840820e+00
2.964003801345825195e+00
3.189505815505981445e+00
4.043603420257568359e+00
8.540696144104003906e+00
2.339026069641113281e+01
3.132317924499511719e+01
3.492225265502929688e+01
3.613391113281250000e+01
5.819154739379882812e+01
6.525166320800781250e+01
6.947085571289062500e+01
7.120532989501953125e+01
6.450318145751953125e+01
5.602799606323242188e+01
4.914416122436523438e+01
4.052527999877929688e+01
3.137027931213378906e+01
2.139879608154296875e+01
2.287350082397460938e+01
1.938628578186035156e+01
1.969459152221679688e+01
1.774559974670410156e+01
5.861594676971435547e+00
3.210753679275512695e+00
2.995173692703247070e+00
3.655312776565551758e+00
4.508540630340576172e+00
6.311877727508544922e+00
1.274202919006347656e+01
2.728046989440917969e+01
3.443552017211914062e+01
3.590938949584960938e+01
5.826128387451171875e+01
6.481696319580078125e+01
6.831055450439453125e+01
7.062534332275390625e+01
6.559507751464843750e+01
6.195447921752929688e+01
6.221607589721679688e+01
6.207661819458007812e+01
5.225476837158203125e+01
3.749478530883789062e+01
3.069651412963867188e+01
2.844787788391113281e+01
3.224525833129882812e+01
1.449282836914062500e+01
7.615212917327880859e+00
4.945092678070068359e+00
4.108434200286865234e+00
4.406629085540771484e+00
5.152242183685302734e+00
7.305106639862060547e+00
1.669707679748535156e+01
3.027661895751953125e+01
3.231594085693359375e+01
3.585670471191406250e+01
5.986224365234375000e+01
6.652511596679687500e+01
6.991687011718750000e+01
7.160845947265625000e+01
6.634602355957031250e+01
6.343935394287109375e+01
6.648420715332031250e+01
6.530613708496093750e+01
5.776673126220703125e+01
4.755954742431640625e+01
4.421953201293945312e+01
4.426152801513671875e+01
4.725004577636718750e+01
2.606447219848632812e+01
1.072843837738037109e+01
6.928693294525146484e+00
6.525294780731201172e+00
9.205454826354980469e+00
1.359082698822021484e+01
2.490258026123046875e+01
3.148066902160644531e+01
3.369337463378906250e+01
3.356663131713867188e+01
3.576773452758789062e+01
5.819444274902343750e+01
5.632733917236328125e+01
5.363452148437500000e+01
5.848222732543945312e+01
5.830490875244140625e+01
5.775394439697265625e+01
6.215601730346679688e+01
5.990128707885742188e+01
5.185071563720703125e+01
2.204605484008789062e+01
1.150271415710449219e+01
8.329361915588378906e+00
6.854388713836669922e+00
6.417754650115966797e+00
5.630307674407958984e+00
5.958253383636474609e+00
6.556472301483154297e+00
6.780223369598388672e+00
5.428033351898193359e+00
6.368945598602294922e+00
8.363703727722167969e+00
1.786263656616210938e+01
3.183794403076171875e+01
3.599278640747070312e+01
5.976686096191406250e+01
6.543107604980468750e+01
6.834251403808593750e+01
7.074324035644531250e+01
6.404164886474609375e+01
5.966770935058593750e+01
5.783289337158203125e+01
4.830955123901367188e+01
3.193419456481933594e+01
9.528756141662597656e+00
5.432609081268310547e+00
4.189811229705810547e+00
3.655486345291137695e+00
4.260818004608154297e+00
3.341592073440551758e+00
3.426413774490356445e+00
3.819869279861450195e+00
4.519631862640380859e+00
4.775062084197998047e+00
5.574592113494873047e+00
6.568006038665771484e+00
1.192540645599365234e+01
3.079378509521484375e+01
3.610150527954101562e+01
5.046332931518554688e+01
5.244924926757812500e+01
5.535036468505859375e+01
5.797696304321289062e+01
5.629828643798828125e+01
5.133277511596679688e+01
4.915433120727539062e+01
4.787913513183593750e+01
4.595267105102539062e+01
3.280785369873046875e+01
2.602487754821777344e+01
2.648339080810546875e+01
2.455880165100097656e+01
9.750691413879394531e+00
4.863111019134521484e+00
3.276204347610473633e+00
3.050576448440551758e+00
3.648673295974731445e+00
4.396342754364013672e+00
5.888148784637451172e+00
8.573195457458496094e+00
2.093820381164550781e+01
3.233579254150390625e+01
3.582529830932617188e+01
5.357180404663085938e+01
5.809930801391601562e+01
5.690269088745117188e+01
6.178603744506835938e+01
6.098007202148437500e+01
5.802454757690429688e+01
5.936854934692382812e+01
6.210350799560546875e+01
5.624411773681640625e+01
4.842702865600585938e+01
4.375086975097656250e+01
3.953588104248046875e+01
3.458692169189453125e+01
1.081280422210693359e+01
5.025678157806396484e+00
3.342950105667114258e+00
3.177685976028442383e+00
3.650515794754028320e+00
4.261107921600341797e+00
5.325501918792724609e+00
7.968101024627685547e+00
2.028742599487304688e+01
3.255033874511718750e+01
3.595771026611328125e+01
5.737408447265625000e+01
5.784350967407226562e+01
5.804872894287109375e+01
6.209615707397460938e+01
6.115904617309570312e+01
5.862228393554687500e+01
5.389561080932617188e+01
4.230751419067382812e+01
2.820100212097167969e+01
1.859933090209960938e+01
1.580115222930908203e+01
1.579320144653320312e+01
1.522128200531005859e+01
6.227588176727294922e+00
3.739520311355590820e+00
3.334210634231567383e+00
3.768878221511840820e+00
4.555110454559326172e+00
5.525538921356201172e+00
7.032699108123779297e+00
9.918313980102539062e+00
2.157116699218750000e+01
3.158104705810546875e+01
3.585984420776367188e+01
5.612329101562500000e+01
5.877630996704101562e+01
5.978914642333984375e+01
6.305475616455078125e+01
6.149473571777343750e+01
5.443836212158203125e+01
5.057241821289062500e+01
4.860574340820312500e+01
4.386768341064453125e+01
3.524088668823242188e+01
3.344224929809570312e+01
2.995783996582031250e+01
2.809463691711425781e+01
1.054336833953857422e+01
5.653785228729248047e+00
3.845809221267700195e+00
3.578280687332153320e+00
4.182401180267333984e+00
5.200828075408935547e+00
7.343430995941162109e+00
1.142635250091552734e+01
2.505944252014160156e+01
3.243836593627929688e+01
3.564806365966796875e+01
4.757968902587890625e+01
5.281897354125976562e+01
5.403283309936523438e+01
5.520356369018554688e+01
5.431340026855468750e+01
5.046900177001953125e+01
4.898991394042968750e+01
4.702390289306640625e+01
3.612533569335937500e+01
2.805076599121093750e+01
2.719108581542968750e+01
2.833110809326171875e+01
2.958040809631347656e+01
1.250909328460693359e+01
5.875070095062255859e+00
4.066052913665771484e+00
3.385890245437622070e+00
3.811022996902465820e+00
4.530826091766357422e+00
7.286519527435302734e+00
1.872464942932128906e+01
3.030164718627929688e+01
3.410697174072265625e+01
3.564801406860351562e+01
4.384794235229492188e+01
4.015807723999023438e+01
3.903646850585937500e+01
4.591266632080078125e+01
4.028823471069335938e+01
3.514105224609375000e+01
3.878862762451171875e+01
4.838412475585937500e+01
4.688780212402343750e+01
1.554136657714843750e+01
4.787976741790771484e+00
4.036681652069091797e+00
3.941498994827270508e+00
3.982642412185668945e+00
3.263402223587036133e+00
2.860673189163208008e+00
3.088868379592895508e+00
3.004504442214965820e+00
2.794812440872192383e+00
3.256999254226684570e+00
4.842719554901123047e+00
5.930688381195068359e+00
7.094790935516357422e+00
8.590336799621582031e+00
3.344890594482421875e+01
5.329378128051757812e+01
6.636769866943359375e+01
7.033622741699218750e+01
6.348505020141601562e+01
6.391591262817382812e+01
6.638836669921875000e+01
6.492182922363281250e+01
5.715839767456054688e+01
2.853950691223144531e+01
1.823813629150390625e+01
1.840104866027832031e+01
1.818521308898925781e+01
6.835488796234130859e+00
4.102885723114013672e+00
2.867297410964965820e+00
2.365279436111450195e+00
2.234820604324340820e+00
2.329526185989379883e+00
2.891253709793090820e+00
4.593890666961669922e+00
5.732575893402099609e+00
6.365676403045654297e+00
7.245723247528076172e+00
3.170936584472656250e+01
4.994747543334960938e+01
6.534431457519531250e+01
6.821606445312500000e+01
6.246767807006835938e+01
5.997219467163085938e+01
6.140674209594726562e+01
6.276442337036132812e+01
5.841349029541015625e+01
3.861399078369140625e+01
2.953724670410156250e+01
2.955714225769042969e+01
2.707994651794433594e+01
9.914806365966796875e+00
4.940526485443115234e+00
2.819142580032348633e+00
2.123170137405395508e+00
1.968711256980895996e+00
2.055352449417114258e+00
3.451827287673950195e+00
5.984992504119873047e+00
7.465991497039794922e+00
9.517848014831542969e+00
1.292553710937500000e+01
4.112675476074218750e+01
5.776787948608398438e+01
6.340080261230468750e+01
6.412332916259765625e+01
6.003818893432617188e+01
5.861946868896484375e+01
6.576574707031250000e+01
6.529068756103515625e+01
5.989436721801757812e+01
4.518096923828125000e+01
3.765799713134765625e+01
3.133645629882812500e+01
2.527322387695312500e+01
8.044459342956542969e+00
4.010022640228271484e+00
2.623994112014770508e+00
2.143529176712036133e+00
2.165696382522583008e+00
2.284518480300903320e+00
3.151780366897583008e+00
4.315644741058349609e+00
5.239457607269287109e+00
5.693982601165771484e+00
6.190856456756591797e+00
2.392986106872558594e+01
3.679609680175781250e+01
5.826452636718750000e+01
6.106410217285156250e+01
5.557806396484375000e+01
5.761375045776367188e+01
6.068214035034179688e+01
6.098722457885742188e+01
6.133429336547851562e+01
3.697043228149414062e+01
1.300395584106445312e+01
6.498040676116943359e+00
4.959088802337646484e+00
4.349092006683349609e+00
3.991559267044067383e+00
3.629571199417114258e+00
3.618769884109497070e+00
3.931521654129028320e+00
3.455451250076293945e+00
3.291108369827270508e+00
4.541324138641357422e+00
5.469846248626708984e+00
6.462049007415771484e+00
7.560704708099365234e+00
3.124135017395019531e+01
5.027702331542968750e+01
6.215864562988281250e+01
6.706056976318359375e+01
6.081069183349609375e+01
6.103117370605468750e+01
6.627839660644531250e+01
6.649250030517578125e+01
6.027171325683593750e+01
4.527859497070312500e+01
3.920208358764648438e+01
3.610665512084960938e+01
3.430506134033203125e+01
2.472382354736328125e+01
8.072833061218261719e+00
3.004689455032348633e+00
2.038062334060668945e+00
1.854577422142028809e+00
1.931275725364685059e+00
2.878119707107543945e+00
5.144704341888427734e+00
6.510245800018310547e+00
7.605529308319091797e+00
9.577130317687988281e+00
3.200925064086914062e+01
5.158444976806640625e+01
6.165581512451171875e+01
6.435160064697265625e+01
6.026988983154296875e+01
5.922789001464843750e+01
6.116348648071289062e+01
6.351887130737304688e+01
6.253100204467773438e+01
4.687354660034179688e+01
3.480307388305664062e+01
3.504557037353515625e+01
3.492687988281250000e+01
1.430712699890136719e+01
6.958327770233154297e+00
3.920865297317504883e+00
2.941067934036254883e+00
2.736861467361450195e+00
2.885712862014770508e+00
3.903893709182739258e+00
5.777562618255615234e+00
6.678868770599365234e+00
7.156352519989013672e+00
8.731383323669433594e+00
2.709035110473632812e+01
4.464609527587890625e+01
5.094827270507812500e+01
5.284644699096679688e+01
4.780936813354492188e+01
4.316401290893554688e+01
3.952163696289062500e+01
3.817544555664062500e+01
3.459277343750000000e+01
7.837977886199951172e+00
4.952115535736083984e+00
4.283206462860107422e+00
3.850089311599731445e+00
3.912341356277465820e+00
3.265996217727661133e+00
2.862862825393676758e+00
3.034428834915161133e+00
3.183917284011840820e+00
2.784701585769653320e+00
3.176919221878051758e+00
4.519946575164794922e+00
5.384353160858154297e+00
6.077184200286865234e+00
7.378495693206787109e+00
1.087784481048583984e+01
1.086026763916015625e+01
7.527785778045654297e+00
1.487477970123291016e+01
1.523600864410400391e+01
8.668389320373535156e+00
6.398623943328857422e+00
6.172923564910888672e+00
5.668340206146240234e+00
4.607087612152099609e+00
3.940213441848754883e+00
4.092687129974365234e+00
4.102559566497802734e+00
3.987044572830200195e+00
3.483517885208129883e+00
3.011708498001098633e+00
2.807790040969848633e+00
2.726210832595825195e+00
2.718238115310668945e+00
3.236521959304809570e+00
4.762870311737060547e+00
5.488641262054443359e+00
6.383874416351318359e+00
7.381339550018310547e+00
2.983296966552734375e+01
5.036094284057617188e+01
6.160518646240234375e+01
6.362001037597656250e+01
5.943722915649414062e+01
5.967373275756835938e+01
6.267345428466796875e+01
6.374150466918945312e+01
6.107065200805664062e+01
4.298730468750000000e+01
3.656770324707031250e+01
3.771470642089843750e+01
3.951405334472656250e+01
1.619969177246093750e+01
7.559705257415771484e+00
4.453298091888427734e+00
3.450482606887817383e+00
3.108134508132934570e+00
3.063666582107543945e+00
4.093343257904052734e+00
5.998366832733154297e+00
6.878262996673583984e+00
7.380607128143310547e+00
8.723162651062011719e+00
3.730798721313476562e+01
6.197588729858398438e+01
6.640975189208984375e+01
7.079784393310546875e+01
6.592714691162109375e+01
6.637410736083984375e+01
6.668556976318359375e+01
6.484328460693359375e+01
5.754667282104492188e+01
3.215327835083007812e+01
2.708562850952148438e+01
2.687434959411621094e+01
2.524476051330566406e+01
9.641794204711914062e+00
4.791312694549560547e+00
4.135867595672607422e+00
3.886159181594848633e+00
3.987202882766723633e+00
4.544688701629638672e+00
6.184247493743896484e+00
1.096855449676513672e+01
2.768424606323242188e+01
3.468682861328125000e+01
3.619678115844726562e+01
4.938002014160156250e+01
5.059247970581054688e+01
4.782593536376953125e+01
5.222678756713867188e+01
5.077129364013671875e+01
4.523181152343750000e+01
5.260517883300781250e+01
5.175034332275390625e+01
4.519872665405273438e+01
3.797232055664062500e+01
3.649964141845703125e+01
3.883652496337890625e+01
4.107194137573242188e+01
1.707009124755859375e+01
9.376683235168457031e+00
5.995017528533935547e+00
5.158690929412841797e+00
5.293361186981201172e+00
6.090947628021240234e+00
1.254552078247070312e+01
2.606104850769042969e+01
3.165443801879882812e+01
3.254463577270507812e+01
3.618391036987304688e+01
5.773198318481445312e+01
5.996650314331054688e+01
5.455680847167968750e+01
5.485668182373046875e+01
5.205176544189453125e+01
4.649029922485351562e+01
4.376472473144531250e+01
4.120770645141601562e+01
3.276858520507812500e+01
2.371008110046386719e+01
2.298104476928710938e+01
2.744759178161621094e+01
2.622443771362304688e+01
9.983822822570800781e+00
5.242499828338623047e+00
4.257676601409912109e+00
4.502139568328857422e+00
5.338239192962646484e+00
6.476993083953857422e+00
1.008278560638427734e+01
1.700110435485839844e+01
2.537034988403320312e+01
3.241062545776367188e+01
3.561398696899414062e+01
5.169897460937500000e+01
5.221325302124023438e+01
5.280537033081054688e+01
5.471823883056640625e+01
5.341172027587890625e+01
4.749926757812500000e+01
4.883681869506835938e+01
4.336232757568359375e+01
3.517345428466796875e+01
2.333864593505859375e+01
2.093114089965820312e+01
2.689276504516601562e+01
2.034519195556640625e+01
7.356875896453857422e+00
4.016982555389404297e+00
3.827780961990356445e+00
4.125073909759521484e+00
5.073068141937255859e+00
6.318398952484130859e+00
9.735307693481445312e+00
1.749870109558105469e+01
2.708557510375976562e+01
3.373227691650390625e+01
3.606041336059570312e+01
4.713600921630859375e+01
4.367251205444335938e+01
4.260582733154296875e+01
5.348154067993164062e+01
5.203687667846679688e+01
4.711756515502929688e+01
5.091053390502929688e+01
4.522210693359375000e+01
3.302346420288085938e+01
9.931889533996582031e+00
5.147941112518310547e+00
4.693927288055419922e+00
3.928342103958129883e+00
4.175607204437255859e+00
3.399165391921997070e+00
3.773865938186645508e+00
4.559140682220458984e+00
5.440923213958740234e+00
6.307815074920654297e+00
7.931191921234130859e+00
1.121721553802490234e+01
2.093702316284179688e+01
3.141781806945800781e+01
3.569532394409179688e+01
4.207366180419921875e+01
3.840531921386718750e+01
3.518505477905273438e+01
3.843350601196289062e+01
2.585025978088378906e+01
1.971852493286132812e+01
2.121181106567382812e+01
1.897059059143066406e+01
1.413247680664062500e+01
4.135051250457763672e+00
3.209738969802856445e+00
3.557576417922973633e+00
3.990012407302856445e+00
3.843343019485473633e+00
3.638873338699340820e+00
3.874047517776489258e+00
4.679141521453857422e+00
5.807210445404052734e+00
7.042199611663818359e+00
9.136635780334472656e+00
1.364776611328125000e+01
2.272524642944335938e+01
3.213056182861328125e+01
3.572341537475585938e+01
5.441080856323242188e+01
5.697259140014648438e+01
5.481723403930664062e+01
5.632743835449218750e+01
5.514152526855468750e+01
5.398850250244140625e+01
5.609906768798828125e+01
6.072031021118164062e+01
5.550909042358398438e+01
4.645959854125976562e+01
3.960977935791015625e+01
3.497020721435546875e+01
3.138874816894531250e+01
1.046273422241210938e+01
5.188226222991943359e+00
4.380919933319091797e+00
3.976058244705200195e+00
4.409265041351318359e+00
4.720975399017333984e+00
5.318881511688232422e+00
8.467436790466308594e+00
2.538120079040527344e+01
3.448097991943359375e+01
3.622919464111328125e+01
5.938202667236328125e+01
5.959922027587890625e+01
6.001387405395507812e+01
6.581118774414062500e+01
6.245851898193359375e+01
6.266696929931640625e+01
5.511271286010742188e+01
4.501752471923828125e+01
1.744430160522460938e+01
5.345609188079833984e+00
4.024354457855224609e+00
3.660912752151489258e+00
3.507739305496215820e+00
4.037299633026123047e+00
3.775084733963012695e+00
4.542502880096435547e+00
4.902720928192138672e+00
5.628032207489013672e+00
6.769233226776123047e+00
8.909438133239746094e+00
1.326395702362060547e+01
2.334517478942871094e+01
3.241150665283203125e+01
3.567938232421875000e+01
3.579112243652343750e+01
1.149172115325927734e+01
4.986129283905029297e+00
4.802997112274169922e+00
4.867181301116943359e+00
4.752740383148193359e+00
4.428769588470458984e+00
4.076964855194091797e+00
3.874551057815551758e+00
3.786450624465942383e+00
3.729216814041137695e+00
3.833606004714965820e+00
3.907832384109497070e+00
3.919636964797973633e+00
3.792920351028442383e+00
4.310542583465576172e+00
5.070195674896240234e+00
5.541619777679443359e+00
6.821998119354248047e+00
9.186450004577636719e+00
1.398730850219726562e+01
2.288450050354003906e+01
3.190132522583007812e+01
3.559943389892578125e+01
3.571766662597656250e+01
1.155079746246337891e+01
5.042579174041748047e+00
4.846004009246826172e+00
4.887549877166748047e+00
4.742612361907958984e+00
4.372827053070068359e+00
4.009534358978271484e+00
3.771582841873168945e+00
3.687154054641723633e+00
3.574742555618286133e+00
3.733479738235473633e+00
3.842271089553833008e+00
3.858918428421020508e+00
3.966643571853637695e+00
5.050395488739013672e+00
5.896054744720458984e+00
7.440827846527099609e+00
9.222430229187011719e+00
1.277758502960205078e+01
1.788347816467285156e+01
2.486400222778320312e+01
3.194981765747070312e+01
3.534018707275390625e+01
3.549547958374023438e+01
1.256621265411376953e+01
5.227611064910888672e+00
4.918668270111083984e+00
4.918881893157958984e+00
4.793464183807373047e+00
4.418967723846435547e+00
4.019805431365966797e+00
3.747578859329223633e+00
3.662814378738403320e+00
3.574740648269653320e+00
3.734952211380004883e+00
3.844825029373168945e+00
3.864152193069458008e+00
3.942338228225708008e+00
4.774039745330810547e+00
5.616403102874755859e+00
6.745498180389404297e+00
8.229184150695800781e+00
1.168268871307373047e+01
1.701201438903808594e+01
2.450336265563964844e+01
3.187765312194824219e+01
3.538743591308593750e+01
3.553628158569335938e+01
1.217110919952392578e+01
5.271581172943115234e+00
4.992248058319091797e+00
5.008950710296630859e+00
4.829740047454833984e+00
4.458352565765380859e+00
4.057939052581787109e+00
3.797871828079223633e+00
3.724087953567504883e+00
3.675526857376098633e+00
3.793067216873168945e+00
3.879737138748168945e+00
3.895842790603637695e+00
3.833167314529418945e+00
4.616366863250732422e+00
5.088073253631591797e+00
6.240817546844482422e+00
7.869582653045654297e+00
1.116563796997070312e+01
1.635881996154785156e+01
2.388280677795410156e+01
3.174246025085449219e+01
3.539723587036132812e+01
3.553447723388671875e+01
1.233521080017089844e+01
5.176272869110107422e+00
4.883149623870849609e+00
4.845330715179443359e+00
4.808005809783935547e+00
4.463412761688232422e+00
4.050086498260498047e+00
3.745064973831176758e+00
3.641610383987426758e+00
3.613837480545043945e+00
3.762784242630004883e+00
3.860095262527465820e+00
3.877942323684692383e+00
3.814936876296997070e+00
4.743482112884521484e+00
5.152871608734130859e+00
5.884624004364013672e+00
6.724889278411865234e+00
9.197617530822753906e+00
1.432988071441650391e+01
2.361140060424804688e+01
3.222307968139648438e+01
3.580276107788085938e+01
5.506670761108398438e+01
6.291461944580078125e+01
6.405392456054687500e+01
6.881893157958984375e+01
6.523478698730468750e+01
6.475673675537109375e+01
6.179748153686523438e+01
5.155944061279296875e+01
4.048588180541992188e+01
3.113889694213867188e+01
3.195786285400390625e+01
3.637073516845703125e+01
4.081073760986328125e+01
2.151173973083496094e+01
9.926314353942871094e+00
6.280133724212646484e+00
5.676349163055419922e+00
6.321227550506591797e+00
1.078338432312011719e+01
2.304570579528808594e+01
3.085496520996093750e+01
3.351013946533203125e+01
3.434394836425781250e+01
3.602961349487304688e+01
5.858100891113281250e+01
5.991881942749023438e+01
6.764836120605468750e+01
7.027566528320312500e+01
6.496458435058593750e+01
6.607170104980468750e+01
6.279756546020507812e+01
5.749059677124023438e+01
4.906904220581054688e+01
3.618388366699218750e+01
3.585684204101562500e+01
3.400885391235351562e+01
3.070428657531738281e+01
1.130107021331787109e+01
4.509892940521240234e+00
3.835191011428833008e+00
4.177491664886474609e+00
6.245078563690185547e+00
9.195200920104980469e+00
1.798065567016601562e+01
2.520656967163085938e+01
3.215286254882812500e+01
3.478866195678710938e+01
3.579725646972656250e+01
5.569089126586914062e+01
5.886809921264648438e+01
6.584403991699218750e+01
7.017382049560546875e+01
6.563453674316406250e+01
6.637451171875000000e+01
6.808797454833984375e+01
6.722599792480468750e+01
5.889599609375000000e+01
3.600175476074218750e+01
2.460085487365722656e+01
2.546371650695800781e+01
3.071970176696777344e+01
1.359669017791748047e+01
6.712756633758544922e+00
4.429145336151123047e+00
4.418275356292724609e+00
5.023372173309326172e+00
5.832767009735107422e+00
1.099978256225585938e+01
2.346145439147949219e+01
3.180869865417480469e+01
3.351052856445312500e+01
3.571407318115234375e+01
5.989381408691406250e+01
6.552128601074218750e+01
7.050106811523437500e+01
7.189299774169921875e+01
6.647468566894531250e+01
6.539556884765625000e+01
6.603984069824218750e+01
6.083660507202148438e+01
5.209369277954101562e+01
2.871781730651855469e+01
2.533805274963378906e+01
2.547315025329589844e+01
2.395250511169433594e+01
9.123764991760253906e+00
4.605483531951904297e+00
3.657130479812622070e+00
4.008676052093505859e+00
4.760089397430419922e+00
6.080586910247802734e+00
1.025739955902099609e+01
1.834872627258300781e+01
2.831187629699707031e+01
3.400321960449218750e+01
3.588442993164062500e+01
5.299980545043945312e+01
5.159246444702148438e+01
5.155482864379882812e+01
6.270610427856445312e+01
6.331263351440429688e+01
6.534316253662109375e+01
6.730058288574218750e+01
6.623845672607421875e+01
6.017156982421875000e+01
4.906433105468750000e+01
4.372111511230468750e+01
4.389836883544921875e+01
4.673238372802734375e+01
2.328750801086425781e+01
1.062680530548095703e+01
7.266129970550537109e+00
7.013896465301513672e+00
8.728268623352050781e+00
1.122406291961669922e+01
2.044252395629882812e+01
2.945044517517089844e+01
3.264275360107421875e+01
3.290201187133789062e+01
3.550160980224609375e+01
5.877400207519531250e+01
6.520396423339843750e+01
6.757199096679687500e+01
7.022271728515625000e+01
6.420422363281250000e+01
6.171076965332031250e+01
6.489250946044921875e+01
6.307602691650390625e+01
5.524547576904296875e+01
2.306845664978027344e+01
1.013773441314697266e+01
6.899310588836669922e+00
5.885879039764404297e+00
6.017022609710693359e+00
5.355449199676513672e+00
6.505122661590576172e+00
7.396564006805419922e+00
8.313075065612792969e+00
8.157467842102050781e+00
1.105206394195556641e+01
1.650199890136718750e+01
2.439919853210449219e+01
3.226290512084960938e+01
3.548276138305664062e+01
3.560519409179687500e+01
1.230290508270263672e+01
4.978629589080810547e+00
4.740729808807373047e+00
4.762862682342529297e+00
4.745313167572021484e+00
4.415858745574951172e+00
4.021087169647216797e+00
3.741061449050903320e+00
3.620787858963012695e+00
3.574773073196411133e+00
3.716019868850708008e+00
3.800513505935668945e+00
3.811949968338012695e+00
3.780173540115356445e+00
4.704263210296630859e+00
5.438029766082763672e+00
6.591147899627685547e+00
8.480837821960449219e+00
1.149557876586914062e+01
1.685424804687500000e+01
2.463730049133300781e+01
3.228091812133789062e+01
3.557293701171875000e+01
5.642021942138671875e+01
6.470478057861328125e+01
6.924693298339843750e+01
7.136098480224609375e+01
6.543184661865234375e+01
6.644825744628906250e+01
6.844774627685546875e+01
6.694144439697265625e+01
6.158081817626953125e+01
5.015392303466796875e+01
4.699247360229492188e+01
4.634162139892578125e+01
4.771830749511718750e+01
2.747403335571289062e+01
1.303762531280517578e+01
9.264630317687988281e+00
1.084775829315185547e+01
1.537600326538085938e+01
2.072186088562011719e+01
2.832251930236816406e+01
3.301433563232421875e+01
3.462603378295898438e+01
3.384870529174804688e+01
3.566654586791992188e+01
5.746286010742187500e+01
6.162951278686523438e+01
6.815559387207031250e+01
6.816751098632812500e+01
6.434697723388671875e+01
6.338328552246093750e+01
6.600309753417968750e+01
6.552239990234375000e+01
5.820687484741210938e+01
4.582297134399414062e+01
4.122751617431640625e+01
4.050351715087890625e+01
4.346162796020507812e+01
2.409982490539550781e+01
8.801991462707519531e+00
5.565677165985107422e+00
5.837628841400146484e+00
7.486291408538818359e+00
1.218120765686035156e+01
2.358731460571289062e+01
3.116305732727050781e+01
3.450677490234375000e+01
3.482917785644531250e+01
3.586758804321289062e+01
5.195090103149414062e+01
5.938751220703125000e+01
6.674736022949218750e+01
7.028646087646484375e+01
6.467807006835937500e+01
6.308883666992187500e+01
6.598377990722656250e+01
6.430980682373046875e+01
5.768695068359375000e+01
2.277440261840820312e+01
8.950325965881347656e+00
6.251237392425537109e+00
5.433347225189208984e+00
5.727162837982177734e+00
5.303567409515380859e+00
6.902307033538818359e+00
7.957850933074951172e+00
8.432700157165527344e+00
8.091721534729003906e+00
1.091553592681884766e+01
1.687774085998535156e+01
2.528638458251953125e+01
3.262863159179687500e+01
3.563684463500976562e+01
5.875274658203125000e+01
6.603716278076171875e+01
6.966757965087890625e+01
6.684391784667968750e+01
6.185429382324218750e+01
6.345115661621093750e+01
6.071916580200195312e+01
5.867791748046875000e+01
4.643366622924804688e+01
3.213092422485351562e+01
2.728096389770507812e+01
2.820920181274414062e+01
2.839393234252929688e+01
1.145915031433105469e+01
5.658744335174560547e+00
4.528338909149169922e+00
4.705234050750732422e+00
5.891896724700927734e+00
8.403162956237792969e+00
1.643151664733886719e+01
2.529548072814941406e+01
3.068827629089355469e+01
3.334439468383789062e+01
3.549515533447265625e+01
5.369237136840820312e+01
5.214942932128906250e+01
5.098247146606445312e+01
5.469341659545898438e+01
5.352793502807617188e+01
5.699450683593750000e+01
6.384011077880859375e+01
6.455584716796875000e+01
6.025281524658203125e+01
4.746736526489257812e+01
3.907357025146484375e+01
3.469345855712890625e+01
3.321345138549804688e+01
1.451639366149902344e+01
6.484107494354248047e+00
4.500180721282958984e+00
4.527146816253662109e+00
5.442151546478271484e+00
7.223880290985107422e+00
2.138136291503906250e+01
2.935637855529785156e+01
3.356851196289062500e+01
3.470972824096679688e+01
3.607352066040039062e+01
6.028572082519531250e+01
6.299823379516601562e+01
6.758148193359375000e+01
6.702765655517578125e+01
6.202961349487304688e+01
5.456119155883789062e+01
5.268351364135742188e+01
5.180195617675781250e+01
4.721697616577148438e+01
2.002963256835937500e+01
1.017658710479736328e+01
6.691325664520263672e+00
5.778073787689208984e+00
5.559447765350341797e+00
4.620561122894287109e+00
5.466062068939208984e+00
6.817323207855224609e+00
7.371676921844482422e+00
6.812573909759521484e+00
8.815562248229980469e+00
1.324585342407226562e+01
2.306592750549316406e+01
3.231626129150390625e+01
3.562126159667968750e+01
3.577643203735351562e+01
1.218772411346435547e+01
4.981236934661865234e+00
5.316447734832763672e+00
4.798541545867919922e+00
4.755263805389404297e+00
4.522561550140380859e+00
4.165431499481201172e+00
3.879323244094848633e+00
3.715501070022583008e+00
3.641350984573364258e+00
3.772603273391723633e+00
3.869097948074340820e+00
3.855056047439575195e+00
3.754485368728637695e+00
4.522593975067138672e+00
4.984055995941162109e+00
6.052182674407958984e+00
7.335984706878662109e+00
9.961223602294921875e+00
1.518829250335693359e+01
2.394987678527832031e+01
3.253223419189453125e+01
3.565916824340820312e+01
5.919517517089843750e+01
6.589215087890625000e+01
7.018667602539062500e+01
7.166400909423828125e+01
6.478281402587890625e+01
6.135102081298828125e+01
5.915278244018554688e+01
5.989968490600585938e+01
5.769740295410156250e+01
4.645375823974609375e+01
4.200399398803710938e+01
3.695586013793945312e+01
3.005639839172363281e+01
9.081091880798339844e+00
4.111684322357177734e+00
3.535371065139770508e+00
4.565173625946044922e+00
6.265023708343505859e+00
7.775390148162841797e+00
1.276344299316406250e+01
2.241818237304687500e+01
2.918760108947753906e+01
3.335762023925781250e+01
3.564818572998046875e+01
5.734984207153320312e+01
5.809312438964843750e+01
5.814096832275390625e+01
5.988412094116210938e+01
5.867931747436523438e+01
5.369626998901367188e+01
5.121295928955078125e+01
5.427609634399414062e+01
4.867607498168945312e+01
3.325392532348632812e+01
3.051499366760253906e+01
2.959212303161621094e+01
3.095349311828613281e+01
1.379870128631591797e+01
6.788068294525146484e+00
4.648101329803466797e+00
4.481463909149169922e+00
4.825854778289794922e+00
5.823112010955810547e+00
1.514023685455322266e+01
2.832149314880371094e+01
3.286351013183593750e+01
3.389758300781250000e+01
3.585614776611328125e+01
5.386375808715820312e+01
5.558889770507812500e+01
5.519021987915039062e+01
5.900413131713867188e+01
5.778614044189453125e+01
5.515846252441406250e+01
5.973175811767578125e+01
5.868478775024414062e+01
5.066815948486328125e+01
3.590677642822265625e+01
1.184277725219726562e+01
5.629565715789794922e+00
4.127961635589599609e+00
3.938523530960083008e+00
3.363486528396606445e+00
4.775165081024169922e+00
5.402926921844482422e+00
6.706510066986083984e+00
7.668229579925537109e+00
1.098939514160156250e+01
1.597268676757812500e+01
2.479876708984375000e+01
3.300923156738281250e+01
3.587054443359375000e+01
5.519776153564453125e+01
5.637204360961914062e+01
6.085202789306640625e+01
6.477517700195312500e+01
5.947362518310546875e+01
5.378044891357421875e+01
4.798210906982421875e+01
4.541746520996093750e+01
4.349533843994140625e+01
2.403048515319824219e+01
2.034809303283691406e+01
1.960935974121093750e+01
2.271183395385742188e+01
9.198410987854003906e+00
4.730071544647216797e+00
4.100780010223388672e+00
4.432216167449951172e+00
5.528712749481201172e+00
6.938521862030029297e+00
1.072355365753173828e+01
1.895577812194824219e+01
2.975606155395507812e+01
3.373868942260742188e+01
3.565873718261718750e+01
5.555135726928710938e+01
5.793172836303710938e+01
5.922375106811523438e+01
6.171320343017578125e+01
6.014821624755859375e+01
5.650518035888671875e+01
5.579661560058593750e+01
5.178763198852539062e+01
4.587144470214843750e+01
2.953839683532714844e+01
2.858230781555175781e+01
2.947155380249023438e+01
2.973774337768554688e+01
1.246403598785400391e+01
5.883170604705810547e+00
4.330228328704833984e+00
4.005715847015380859e+00
4.501433849334716797e+00
5.736590862274169922e+00
1.383871364593505859e+01
2.560242652893066406e+01
3.162730216979980469e+01
3.410594940185546875e+01
3.570681381225585938e+01
3.600435256958007812e+01
1.467599678039550781e+01
5.149127483367919922e+00
5.063788890838623047e+00
4.735620021820068359e+00
4.912080287933349609e+00
4.708980083465576172e+00
4.267655849456787109e+00
3.839457750320434570e+00
3.605000734329223633e+00
3.446017503738403320e+00
3.623606920242309570e+00
3.749230623245239258e+00
3.783124208450317383e+00
3.682641267776489258e+00
4.111802577972412109e+00
4.914405345916748047e+00
5.614482402801513672e+00
6.431493282318115234e+00
8.345738410949707031e+00
1.230916118621826172e+01
2.342308807373046875e+01
3.265888595581054688e+01
3.566472625732421875e+01
3.617163848876953125e+01
1.432653522491455078e+01
5.638631343841552734e+00
5.125483989715576172e+00
4.857697963714599609e+00
5.030391216278076172e+00
4.820233821868896484e+00
4.114459514617919922e+00
3.501685380935668945e+00
3.482970476150512695e+00
3.444234132766723633e+00
3.659484148025512695e+00
3.781857728958129883e+00
3.815022706985473633e+00
3.726332902908325195e+00
4.499364376068115234e+00
5.169761180877685547e+00
5.945844173431396484e+00
6.748193264007568359e+00
8.428208351135253906e+00
1.255656051635742188e+01
2.327419090270996094e+01
3.293600463867187500e+01
3.594205474853515625e+01
5.071586227416992188e+01
5.614178848266601562e+01
5.841050338745117188e+01
5.938242721557617188e+01
5.372477722167968750e+01
5.207373046875000000e+01
5.468878173828125000e+01
5.650197601318359375e+01
5.511191177368164062e+01
3.184862518310546875e+01
1.366262626647949219e+01
6.704303264617919922e+00
4.643361568450927734e+00
3.724150896072387695e+00
3.307124376296997070e+00
4.486144542694091797e+00
5.568509578704833984e+00
6.485473155975341797e+00
7.509343624114990234e+00
8.358738899230957031e+00
1.234391403198242188e+01
2.352835845947265625e+01
3.287856674194335938e+01
3.583919906616210938e+01
5.052892303466796875e+01
5.498143005371093750e+01
5.617493057250976562e+01
6.025451660156250000e+01
5.928467559814453125e+01
5.560329818725585938e+01
5.483462524414062500e+01
5.336089706420898438e+01
4.620241546630859375e+01
2.327187538146972656e+01
1.973649978637695312e+01
1.889022445678710938e+01
2.354536819458007812e+01
1.035360050201416016e+01
4.721974849700927734e+00
3.937064409255981445e+00
4.270871639251708984e+00
4.731772899627685547e+00
5.756316661834716797e+00
8.664008140563964844e+00
1.820825767517089844e+01
3.041687774658203125e+01
3.400709915161132812e+01
3.581662750244140625e+01
5.428146743774414062e+01
5.524510574340820312e+01
5.143854904174804688e+01
5.662014770507812500e+01
5.574306869506835938e+01
5.349594116210937500e+01
5.399621963500976562e+01
5.425605010986328125e+01
4.890872955322265625e+01
3.394839096069335938e+01
3.135290336608886719e+01
2.972509956359863281e+01
2.699555587768554688e+01
1.016212749481201172e+01
4.897136211395263672e+00
3.892642259597778320e+00
4.060786724090576172e+00
4.956431865692138672e+00
7.046803951263427734e+00
1.389425563812255859e+01
2.378379440307617188e+01
2.962181854248046875e+01
3.380014419555664062e+01
3.569052505493164062e+01
5.109116744995117188e+01
5.365393447875976562e+01
5.216349411010742188e+01
5.645915603637695312e+01
5.502544403076171875e+01
5.282255935668945312e+01
5.779505157470703125e+01
5.884123992919921875e+01
5.492289733886718750e+01
3.122451591491699219e+01
3.241629409790039062e+01
2.670184707641601562e+01
2.117017745971679688e+01
7.591386318206787109e+00
4.179664134979248047e+00
4.212335109710693359e+00
4.460914134979248047e+00
5.556378841400146484e+00
7.293092250823974609e+00
1.317801380157470703e+01
2.197781372070312500e+01
2.978415870666503906e+01
3.357803344726562500e+01
3.559259796142578125e+01
5.188255691528320312e+01
6.182163619995117188e+01
5.982726287841796875e+01
6.228467941284179688e+01
6.058763122558593750e+01
5.581147766113281250e+01
5.986000442504882812e+01
5.781472015380859375e+01
5.326212310791015625e+01
3.131105422973632812e+01
2.158971595764160156e+01
1.985861968994140625e+01
2.087852668762207031e+01
8.040707588195800781e+00
4.003543376922607422e+00
4.066577434539794922e+00
4.471372127532958984e+00
5.247369289398193359e+00
6.386510372161865234e+00
1.026138877868652344e+01
1.766720008850097656e+01
2.869178581237792969e+01
3.380395126342773438e+01
3.572072219848632812e+01
4.186358642578125000e+01
4.316044235229492188e+01
4.449182128906250000e+01
4.096995544433593750e+01
3.821595764160156250e+01
3.370511627197265625e+01
3.028407669067382812e+01
2.803499603271484375e+01
2.674559783935546875e+01
7.166478633880615234e+00
4.163072109222412109e+00
3.393132448196411133e+00
3.877410173416137695e+00
4.023885250091552734e+00
4.289252758026123047e+00
5.195218563079833984e+00
5.917249202728271484e+00
7.138152599334716797e+00
8.602852821350097656e+00
1.112064838409423828e+01
1.678357887268066406e+01
2.641364097595214844e+01
3.353550338745117188e+01
3.568511962890625000e+01
4.672169113159179688e+01
4.628246307373046875e+01
4.555251693725585938e+01
4.671657562255859375e+01
4.297370910644531250e+01
3.776473236083984375e+01
4.246692657470703125e+01
3.803149414062500000e+01
1.190011596679687500e+01
6.225919246673583984e+00
4.309920787811279297e+00
4.466939449310302734e+00
4.454547405242919922e+00
4.060241222381591797e+00
3.847686052322387695e+00
4.519187450408935547e+00
5.452964305877685547e+00
5.719607830047607422e+00
7.207120418548583984e+00
9.185420036315917969e+00
1.503740406036376953e+01
2.525611114501953125e+01
3.366548156738281250e+01
3.591597747802734375e+01
4.450693893432617188e+01
5.465676879882812500e+01
5.009632873535156250e+01
4.893117904663085938e+01
4.554594802856445312e+01
4.446452713012695312e+01
5.290378570556640625e+01
5.808522796630859375e+01
5.462205505371093750e+01
4.586271286010742188e+01
4.130768966674804688e+01
1.920106697082519531e+01
5.227160930633544922e+00
1.983357787132263184e+00
3.329209566116333008e+00
4.964255809783935547e+00
6.552737712860107422e+00
8.991692543029785156e+00
1.118016529083251953e+01
1.597909259796142578e+01
2.650718498229980469e+01
2.997862434387207031e+01
3.334749603271484375e+01
3.557080841064453125e+01
5.428017807006835938e+01
5.915945053100585938e+01
6.629098510742187500e+01
7.101647186279296875e+01
6.649238586425781250e+01
6.635644531250000000e+01
6.835712432861328125e+01
6.769474792480468750e+01
6.350622558593750000e+01
5.332797241210937500e+01
4.772990036010742188e+01
4.431993103027343750e+01
4.013681793212890625e+01
1.271097469329833984e+01
6.470077037811279297e+00
5.228164196014404297e+00
5.419772624969482422e+00
6.209849834442138672e+00
8.010596275329589844e+00
9.838033676147460938e+00
1.942805290222167969e+01
2.947148132324218750e+01
3.373733520507812500e+01
3.555250167846679688e+01
5.716479873657226562e+01
6.534953308105468750e+01
6.538697052001953125e+01
6.549333190917968750e+01
6.216431808471679688e+01
6.078810119628906250e+01
6.236365890502929688e+01
6.122650146484375000e+01
5.567077636718750000e+01
3.914153671264648438e+01
3.200672149658203125e+01
2.949361610412597656e+01
2.894341659545898438e+01
1.138263511657714844e+01
5.823697566986083984e+00
5.110641002655029297e+00
5.290353298187255859e+00
6.807891368865966797e+00
9.804446220397949219e+00
1.828754425048828125e+01
2.696788787841796875e+01
3.260242080688476562e+01
3.440899658203125000e+01
3.559819030761718750e+01
5.330049514770507812e+01
5.715317153930664062e+01
5.732173156738281250e+01
6.011573791503906250e+01
5.921987915039062500e+01
5.754998016357421875e+01
6.040022277832031250e+01
6.059463119506835938e+01
5.745418930053710938e+01
3.822461318969726562e+01
3.337068939208984375e+01
3.141295623779296875e+01
3.282271575927734375e+01
1.691908264160156250e+01
8.758957862854003906e+00
6.765126705169677734e+00
6.487252712249755859e+00
7.025681972503662109e+00
9.522471427917480469e+00
2.318278312683105469e+01
3.088636970520019531e+01
3.440961074829101562e+01
3.467255020141601562e+01
3.580499649047851562e+01
5.686703491210937500e+01
6.396729660034179688e+01
6.880319976806640625e+01
7.084879302978515625e+01
6.497921752929687500e+01
6.527006530761718750e+01
6.686055755615234375e+01
6.157681655883789062e+01
5.641482925415039062e+01
4.702902984619140625e+01
4.086701202392578125e+01
3.710544967651367188e+01
3.847279739379882812e+01
2.347731208801269531e+01
1.159273719787597656e+01
7.186660289764404297e+00
6.040175914764404297e+00
9.508067131042480469e+00
1.501744174957275391e+01
2.725765228271484375e+01
3.258546829223632812e+01
3.517301177978515625e+01
3.485729598999023438e+01
3.592037582397460938e+01
4.263647842407226562e+01
4.170798873901367188e+01
4.204493331909179688e+01
4.261093902587890625e+01
3.562579345703125000e+01
3.100110054016113281e+01
3.504314422607421875e+01
3.319590759277343750e+01
2.802380752563476562e+01
8.010279655456542969e+00
4.358891963958740234e+00
4.226077556610107422e+00
4.111106395721435547e+00
3.764756441116333008e+00
3.790181398391723633e+00
4.660792827606201172e+00
5.801661968231201172e+00
7.098937511444091797e+00
8.770195960998535156e+00
1.224134445190429688e+01
1.856520843505859375e+01
2.677448081970214844e+01
3.337573623657226562e+01
3.556882476806640625e+01
3.595912170410156250e+01
3.139872741699218750e+01
2.481100273132324219e+01
2.472165107727050781e+01
8.968291282653808594e+00
9.505364418029785156e+00
1.902710151672363281e+01
2.128727912902832031e+01
7.466491222381591797e+00
4.525950908660888672e+00
3.435899019241333008e+00
3.568976640701293945e+00
3.647692918777465820e+00
3.719083070755004883e+00
4.409974575042724609e+00
5.238824367523193359e+00
6.118066310882568359e+00
7.419833660125732422e+00
9.144900321960449219e+00
1.314029979705810547e+01
1.910098838806152344e+01
2.678510665893554688e+01
3.324617004394531250e+01
3.554570388793945312e+01
5.213095855712890625e+01
5.273595428466796875e+01
5.281216812133789062e+01
5.478918457031250000e+01
5.389550018310546875e+01
6.003844451904296875e+01
6.446574401855468750e+01
6.360182571411132812e+01
5.717053985595703125e+01
4.907015228271484375e+01
3.229008865356445312e+01
1.337814331054687500e+01
9.130352973937988281e+00
7.585750102996826172e+00
8.232840538024902344e+00
9.055886268615722656e+00
9.775224685668945312e+00
1.188418674468994141e+01
1.393747138977050781e+01
1.345525264739990234e+01
1.844019317626953125e+01
2.608513832092285156e+01
3.293985366821289062e+01
3.548097991943359375e+01
5.880977630615234375e+01
6.525021362304687500e+01
6.986344146728515625e+01
7.191230773925781250e+01
6.704159545898437500e+01
6.793634796142578125e+01
6.840892028808593750e+01
6.620533752441406250e+01
6.189992141723632812e+01
5.111926651000976562e+01
4.229482650756835938e+01
3.275584793090820312e+01
2.161560249328613281e+01
5.424104213714599609e+00
4.009206295013427734e+00
4.950387477874755859e+00
5.891488552093505859e+00
7.529582500457763672e+00
9.716123580932617188e+00
1.448493099212646484e+01
2.253518867492675781e+01
3.090158271789550781e+01
3.442527008056640625e+01
3.578547668457031250e+01
5.955579376220703125e+01
5.763175201416015625e+01
5.685109710693359375e+01
6.048674392700195312e+01
5.960691452026367188e+01
5.970208740234375000e+01
6.452235412597656250e+01
6.572868347167968750e+01
5.877431488037109375e+01
4.387148284912109375e+01
3.698611450195312500e+01
3.133949661254882812e+01
2.742071533203125000e+01
9.399291038513183594e+00
5.120215892791748047e+00
5.008681774139404297e+00
4.920930385589599609e+00
5.644822597503662109e+00
8.188170433044433594e+00
1.732703018188476562e+01
2.604195022583007812e+01
3.145609855651855469e+01
3.426449203491210938e+01
3.578683471679687500e+01
5.255000686645507812e+01
6.235774230957031250e+01
6.782649230957031250e+01
6.523825836181640625e+01
6.071292114257812500e+01
5.891797637939453125e+01
6.173225784301757812e+01
6.466240692138671875e+01
5.995055007934570312e+01
4.621380233764648438e+01
3.779180526733398438e+01
3.259498596191406250e+01
3.027148437500000000e+01
1.177272319793701172e+01
6.369391918182373047e+00
5.130206584930419922e+00
5.180881023406982422e+00
5.667649745941162109e+00
7.294801235198974609e+00
2.316641807556152344e+01
3.145443916320800781e+01
3.414551925659179688e+01
3.531631088256835938e+01
3.620875930786132812e+01
5.304592514038085938e+01
5.359198760986328125e+01
5.395776748657226562e+01
5.810869216918945312e+01
5.692868423461914062e+01
5.801328659057617188e+01
6.265146636962890625e+01
6.369472122192382812e+01
6.093004226684570312e+01
4.553918457031250000e+01
2.936673927307128906e+01
6.865233898162841797e+00
2.923209428787231445e+00
3.048075914382934570e+00
4.014052867889404297e+00
5.509994029998779297e+00
6.597114086151123047e+00
8.450400352478027344e+00
1.020721340179443359e+01
1.656122398376464844e+01
2.136725425720214844e+01
2.716035270690917969e+01
3.338551330566406250e+01
3.551374435424804688e+01
4.633626556396484375e+01
4.421226501464843750e+01
4.231064224243164062e+01
4.149061584472656250e+01
3.391047286987304688e+01
3.062364387512207031e+01
3.215690994262695312e+01
3.217758941650390625e+01
2.580200386047363281e+01
7.323455333709716797e+00
4.298655986785888672e+00
4.111739635467529297e+00
4.028716564178466797e+00
3.809216737747192383e+00
3.787484407424926758e+00
4.627778530120849609e+00
5.606612682342529297e+00
6.813556194305419922e+00
8.710005760192871094e+00
1.255128765106201172e+01
1.841138267517089844e+01
2.672155570983886719e+01
3.324616622924804688e+01
3.555400848388671875e+01
3.539559936523437500e+01
1.275363636016845703e+01
5.061017513275146484e+00
4.543654918670654297e+00
4.886909008026123047e+00
4.768760204315185547e+00
4.412818431854248047e+00
4.035605907440185547e+00
3.715932130813598633e+00
3.604668855667114258e+00
3.406285524368286133e+00
3.599484682083129883e+00
3.706691026687622070e+00
3.695851564407348633e+00
4.170239925384521484e+00
5.010291576385498047e+00
6.037990093231201172e+00
7.349629878997802734e+00
9.246991157531738281e+00
1.325025558471679688e+01
1.890419006347656250e+01
2.665358161926269531e+01
3.327660751342773438e+01
3.555728912353515625e+01
5.068120956420898438e+01
5.337124633789062500e+01
5.343292617797851562e+01
5.689093399047851562e+01
5.491763305664062500e+01
6.045519256591796875e+01
6.648022460937500000e+01
6.645888519287109375e+01
6.189226150512695312e+01
4.967999649047851562e+01
3.989778518676757812e+01
3.527178192138671875e+01
3.326882934570312500e+01
1.141173839569091797e+01
6.195836544036865234e+00
5.917357921600341797e+00
6.773217678070068359e+00
8.080237388610839844e+00
1.108675670623779297e+01
2.177573013305664062e+01
3.029428291320800781e+01
3.320608139038085938e+01
3.410446548461914062e+01
3.572047042846679688e+01
5.336642837524414062e+01
5.529637908935546875e+01
5.625373458862304688e+01
5.864220428466796875e+01
5.466548919677734375e+01
5.377441406250000000e+01
5.862397384643554688e+01
5.931828689575195312e+01
5.276055526733398438e+01
3.265911102294921875e+01
2.898103141784667969e+01
2.715244865417480469e+01
2.628704261779785156e+01
1.175982570648193359e+01
5.711154460906982422e+00
5.008117198944091797e+00
4.961261272430419922e+00
5.984433650970458984e+00
9.050225257873535156e+00
1.893362998962402344e+01
2.776573562622070312e+01
3.223944091796875000e+01
3.475421142578125000e+01
3.567130279541015625e+01
4.748929214477539062e+01
4.842557525634765625e+01
4.528344726562500000e+01
4.559786987304687500e+01
4.160046768188476562e+01
3.656518554687500000e+01
3.761827850341796875e+01
3.628204727172851562e+01
3.342990875244140625e+01
2.756866455078125000e+01
1.208276844024658203e+01
7.018054485321044922e+00
5.636304378509521484e+00
4.658000469207763672e+00
4.152190685272216797e+00
4.278954982757568359e+00
5.751452922821044922e+00
7.473348140716552734e+00
8.809397697448730469e+00
1.169985103607177734e+01
1.751001739501953125e+01
2.631188201904296875e+01
3.343247222900390625e+01
3.563682174682617188e+01
4.940362930297851562e+01
4.801680755615234375e+01
4.806206512451171875e+01
5.290837097167968750e+01
4.842318725585937500e+01
4.935742950439453125e+01
5.447126770019531250e+01
5.787693023681640625e+01
5.511656570434570312e+01
3.493414306640625000e+01
2.839533996582031250e+01
2.840390205383300781e+01
2.663655281066894531e+01
1.006766319274902344e+01
5.502320766448974609e+00
5.011085033416748047e+00
4.915774822235107422e+00
5.971486568450927734e+00
7.834140300750732422e+00
1.550777244567871094e+01
2.531154441833496094e+01
3.010909080505371094e+01
3.406572723388671875e+01
3.573200988769531250e+01
5.096908950805664062e+01
5.194665908813476562e+01
4.996228027343750000e+01
4.435412597656250000e+01
3.754832458496093750e+01
2.970207214355468750e+01
2.154995918273925781e+01
6.962968349456787109e+00
5.194587230682373047e+00
4.005643367767333984e+00
3.681271791458129883e+00
3.818240404129028320e+00
3.813222169876098633e+00
3.848670244216918945e+00
3.973643541336059570e+00
4.934304714202880859e+00
5.478072643280029297e+00
6.078759670257568359e+00
7.766324520111083984e+00
1.088092708587646484e+01
1.738447570800781250e+01
2.594478416442871094e+01
3.309468841552734375e+01
3.554056930541992188e+01
3.561665725708007812e+01
1.361583328247070312e+01
5.131278514862060547e+00
4.131873607635498047e+00
4.578647136688232422e+00
4.705420970916748047e+00
4.397185802459716797e+00
4.035336971282958984e+00
3.714261293411254883e+00
3.550076723098754883e+00
3.388606309890747070e+00
3.515862703323364258e+00
3.620898485183715820e+00
3.626340150833129883e+00
4.465009212493896484e+00
5.813342571258544922e+00
6.400512218475341797e+00
7.672292232513427734e+00
1.011981868743896484e+01
1.498621463775634766e+01
2.036004829406738281e+01
2.732353591918945312e+01
3.324684906005859375e+01
3.538331985473632812e+01
3.535622024536132812e+01
1.291880035400390625e+01
5.087096691131591797e+00
4.537292003631591797e+00
4.878697872161865234e+00
4.770110607147216797e+00
4.328559398651123047e+00
3.900363206863403320e+00
3.648169755935668945e+00
3.537394762039184570e+00
3.384948015213012695e+00
3.516654253005981445e+00
3.652354478836059570e+00
3.672324419021606445e+00
4.242732524871826172e+00
5.446296215057373047e+00
6.413968563079833984e+00
7.782638072967529297e+00
1.019305801391601562e+01
1.463740730285644531e+01
2.002029418945312500e+01
2.672473526000976562e+01
3.295901489257812500e+01
3.530325317382812500e+01
3.529591369628906250e+01
1.333711814880371094e+01
5.101239681243896484e+00
4.499585628509521484e+00
4.781531810760498047e+00
4.667668819427490234e+00
4.349193096160888672e+00
3.902671098709106445e+00
3.570988893508911133e+00
3.469878435134887695e+00
3.311051607131958008e+00
3.508269548416137695e+00
3.616923570632934570e+00
3.652098894119262695e+00
4.342900753021240234e+00
5.409909725189208984e+00
6.626592159271240234e+00
8.110560417175292969e+00
1.063898563385009766e+01
1.513398742675781250e+01
2.019517135620117188e+01
2.708453559875488281e+01
3.300508499145507812e+01
3.528928375244140625e+01
3.522647476196289062e+01
1.266971778869628906e+01
5.222535610198974609e+00
4.786361217498779297e+00
4.980197429656982422e+00
4.801728725433349609e+00
4.347880840301513672e+00
3.914962053298950195e+00
3.668153047561645508e+00
3.644717454910278320e+00
3.529273271560668945e+00
3.613000154495239258e+00
3.699187517166137695e+00
3.710276842117309570e+00
4.274552822113037109e+00
5.371446132659912109e+00
6.214601039886474609e+00
7.706975460052490234e+00
1.002380371093750000e+01
1.457589912414550781e+01
1.974377441406250000e+01
2.660441780090332031e+01
3.283068084716796875e+01
3.528885269165039062e+01
3.528100204467773438e+01
1.282734394073486328e+01
5.197288036346435547e+00
4.727651119232177734e+00
5.008885860443115234e+00
4.780183315277099609e+00
4.361533641815185547e+00
3.990098237991333008e+00
3.706883668899536133e+00
3.659333467483520508e+00
3.595034837722778320e+00
3.650338411331176758e+00
3.695857286453247070e+00
3.755503892898559570e+00
4.335036754608154297e+00
4.986703395843505859e+00
5.879832744598388672e+00
7.553390026092529297e+00
9.557944297790527344e+00
1.402846908569335938e+01
1.929186630249023438e+01
2.649856758117675781e+01
3.281515502929687500e+01
3.557058715820312500e+01
5.032007217407226562e+01
5.005784225463867188e+01
5.379844284057617188e+01
5.355693817138671875e+01
5.215923690795898438e+01
5.134167098999023438e+01
6.334435272216796875e+01
6.481481933593750000e+01
5.918107986450195312e+01
4.417440414428710938e+01
3.045222663879394531e+01
1.956369781494140625e+01
1.892172431945800781e+01
6.324145793914794922e+00
4.224462032318115234e+00
4.866300106048583984e+00
5.722501277923583984e+00
7.161120891571044922e+00
1.042604351043701172e+01
1.905164909362792969e+01
2.568725395202636719e+01
3.151974105834960938e+01
3.454891204833984375e+01
3.566975784301757812e+01
5.006649017333984375e+01
5.583290481567382812e+01
5.509716033935546875e+01
5.745935821533203125e+01
5.648125457763671875e+01
5.252811431884765625e+01
5.519689559936523438e+01
5.722745513916015625e+01
5.086933135986328125e+01
3.393023300170898438e+01
2.518219375610351562e+01
2.018902397155761719e+01
1.585460758209228516e+01
5.758548259735107422e+00
3.899968385696411133e+00
4.211978435516357422e+00
4.377198696136474609e+00
5.607734203338623047e+00
7.381551265716552734e+00
1.566256999969482422e+01
2.276423263549804688e+01
3.014429473876953125e+01
3.404699707031250000e+01
3.574188613891601562e+01
4.600359344482421875e+01
4.688478469848632812e+01
4.595490264892578125e+01
4.685823440551757812e+01
4.331361770629882812e+01
3.858943939208984375e+01
3.923666763305664062e+01
3.584004592895507812e+01
2.560095214843750000e+01
7.808516979217529297e+00
4.599208354949951172e+00
4.456206798553466797e+00
4.356935024261474609e+00
3.892043352127075195e+00
3.851584672927856445e+00
4.186807155609130859e+00
5.291978359222412109e+00
6.159589290618896484e+00
7.290149211883544922e+00
1.040752506256103516e+01
1.684969520568847656e+01
2.582379913330078125e+01
3.340641784667968750e+01
3.563588714599609375e+01
3.548193359375000000e+01
1.227183532714843750e+01
4.948480129241943359e+00
4.568944454193115234e+00
4.909963130950927734e+00
4.754054546356201172e+00
4.386249065399169922e+00
3.988215684890747070e+00
3.736201524734497070e+00
3.628283739089965820e+00
3.479089021682739258e+00
3.644536256790161133e+00
3.733918428421020508e+00
3.739360094070434570e+00
4.155417919158935547e+00
4.691627025604248047e+00
5.552381038665771484e+00
6.532828807830810547e+00
8.637539863586425781e+00
1.217349243164062500e+01
1.797444534301757812e+01
2.623869132995605469e+01
3.314651489257812500e+01
3.560811614990234375e+01
4.646038055419921875e+01
4.874090576171875000e+01
5.024678802490234375e+01
5.315405273437500000e+01
5.233924102783203125e+01
4.823193740844726562e+01
5.120965957641601562e+01
5.231656646728515625e+01
5.009342193603515625e+01
3.463922882080078125e+01
2.649528884887695312e+01
2.160428428649902344e+01
1.690859603881835938e+01
6.182918071746826172e+00
4.135303020477294922e+00
4.495976924896240234e+00
5.140965938568115234e+00
6.328340053558349609e+00
9.655961990356445312e+00
1.723732376098632812e+01
2.425777435302734375e+01
3.104989814758300781e+01
3.421714782714843750e+01
3.565227127075195312e+01
5.148659515380859375e+01
5.612528228759765625e+01
5.510332489013671875e+01
5.820102691650390625e+01
5.754273605346679688e+01
5.804447174072265625e+01
6.115975570678710938e+01
6.202444458007812500e+01
6.051797485351562500e+01
4.286814498901367188e+01
3.919167709350585938e+01
3.945526885986328125e+01
4.496712875366210938e+01
3.190559959411621094e+01
1.693950843811035156e+01
1.346091270446777344e+01
1.631590652465820312e+01
2.173058128356933594e+01
2.679060173034667969e+01
3.188239097595214844e+01
3.490451049804687500e+01
3.516710662841796875e+01
3.411740493774414062e+01
3.554634857177734375e+01
5.653998184204101562e+01
5.985900115966796875e+01
5.945578765869140625e+01
6.199839401245117188e+01
6.026928329467773438e+01
5.764455795288085938e+01
6.083168792724609375e+01
6.238945770263671875e+01
5.851057052612304688e+01
2.094757652282714844e+01
1.003546047210693359e+01
6.750562191009521484e+00
5.618773937225341797e+00
6.096566677093505859e+00
5.993791103363037109e+00
7.817594051361083984e+00
9.221295356750488281e+00
9.301911354064941406e+00
9.296177864074707031e+00
1.294182777404785156e+01
1.892643165588378906e+01
2.643506431579589844e+01
3.314642333984375000e+01
3.554331207275390625e+01
5.278450393676757812e+01
5.914342498779296875e+01
5.988933944702148438e+01
6.304320144653320312e+01
6.165525817871093750e+01
6.130596160888671875e+01
6.438482666015625000e+01
6.343087005615234375e+01
6.103527832031250000e+01
4.359452438354492188e+01
3.764413070678710938e+01
3.574837112426757812e+01
3.705848312377929688e+01
1.610286331176757812e+01
7.691085338592529297e+00
6.319514751434326172e+00
7.628621578216552734e+00
1.319886684417724609e+01
1.992344474792480469e+01
2.991291809082031250e+01
3.345243835449218750e+01
3.457138061523437500e+01
3.485200881958007812e+01
3.577820587158203125e+01
4.835726165771484375e+01
5.236793518066406250e+01
5.301315307617187500e+01
5.516982650756835938e+01
5.405833053588867188e+01
5.326185607910156250e+01
5.668833541870117188e+01
5.505271911621093750e+01
4.590512466430664062e+01
3.020528030395507812e+01
2.659823608398437500e+01
2.750148010253906250e+01
2.950336837768554688e+01
1.390627956390380859e+01
7.133639812469482422e+00
5.874656200408935547e+00
6.002885341644287109e+00
7.185822963714599609e+00
1.177302074432373047e+01
2.461433982849121094e+01
3.156499671936035156e+01
3.417044448852539062e+01
3.424651718139648438e+01
3.559171676635742188e+01
5.383315658569335938e+01
5.651861572265625000e+01
5.663396453857421875e+01
5.461907196044921875e+01
4.926291275024414062e+01
5.417113113403320312e+01
6.426020812988281250e+01
6.686215972900390625e+01
6.207005691528320312e+01
3.933192062377929688e+01
3.087639236450195312e+01
2.545949745178222656e+01
2.171553039550781250e+01
7.840838909149169922e+00
4.577088832855224609e+00
4.445592403411865234e+00
4.540336132049560547e+00
5.389600276947021484e+00
6.399137020111083984e+00
1.114221000671386719e+01
1.965019989013671875e+01
2.908957862854003906e+01
3.340898513793945312e+01
3.554976272583007812e+01
3.542076873779296875e+01
1.219487380981445312e+01
5.000773906707763672e+00
4.676909923553466797e+00
4.900674343109130859e+00
4.715577602386474609e+00
4.351277828216552734e+00
3.988461732864379883e+00
3.703541994094848633e+00
3.672267198562622070e+00
3.527051210403442383e+00
3.566954851150512695e+00
3.691975831985473633e+00
3.751094102859497070e+00
4.047490596771240234e+00
4.767817974090576172e+00
6.026879787445068359e+00
6.989257335662841797e+00
8.736292839050292969e+00
1.272074699401855469e+01
1.882252502441406250e+01
2.624938011169433594e+01
3.293815994262695312e+01
3.552923583984375000e+01
5.610128784179687500e+01
6.436356353759765625e+01
6.920243835449218750e+01
7.136733245849609375e+01
6.600421142578125000e+01
6.651204681396484375e+01
6.847513580322265625e+01
6.760398101806640625e+01
6.246294403076171875e+01
5.188662338256835938e+01
4.503641128540039062e+01
4.220935440063476562e+01
3.887743759155273438e+01
1.405804729461669922e+01
7.599315166473388672e+00
6.768771648406982422e+00
7.912351131439208984e+00
1.095722103118896484e+01
1.739729499816894531e+01
2.807207870483398438e+01
3.299426651000976562e+01
3.454037857055664062e+01
3.477926635742187500e+01
3.579605484008789062e+01
5.130883789062500000e+01
5.441941452026367188e+01
5.715162658691406250e+01
6.002140808105468750e+01
5.924048995971679688e+01
5.616318511962890625e+01
6.160701370239257812e+01
6.479889678955078125e+01
6.059702682495117188e+01
4.938857650756835938e+01
2.782887077331542969e+01
1.160270214080810547e+01
8.086644172668457031e+00
7.036361217498779297e+00
7.628697872161865234e+00
8.738610267639160156e+00
9.472617149353027344e+00
1.047657489776611328e+01
1.179969787597656250e+01
1.130706691741943359e+01
1.696941184997558594e+01
2.576435279846191406e+01
3.332289123535156250e+01
3.581918334960937500e+01
5.572938156127929688e+01
6.170016479492187500e+01
6.783002471923828125e+01
7.128604125976562500e+01
6.509670257568359375e+01
6.467712402343750000e+01
6.521258544921875000e+01
6.402307128906250000e+01
5.751980972290039062e+01
4.790346527099609375e+01
4.413097763061523438e+01
4.162617874145507812e+01
4.105739974975585938e+01
3.325565338134765625e+01
1.289268302917480469e+01
5.228072643280029297e+00
6.742476940155029297e+00
1.164682865142822266e+01
1.714409828186035156e+01
2.443794631958007812e+01
3.122689628601074219e+01
3.468937301635742188e+01
3.528858947753906250e+01
3.577584457397460938e+01
5.961609649658203125e+01
6.756381988525390625e+01
7.091863250732421875e+01
7.205681610107421875e+01
6.660601043701171875e+01
6.151829147338867188e+01
5.785979080200195312e+01
5.746535491943359375e+01
5.240876388549804688e+01
3.480730438232421875e+01
3.429214096069335938e+01
3.715343475341796875e+01
4.156729125976562500e+01
2.638127136230468750e+01
1.349938964843750000e+01
8.112456321716308594e+00
8.472649574279785156e+00
1.244135856628417969e+01
1.793581771850585938e+01
2.721403694152832031e+01
3.346389389038085938e+01
3.496439361572265625e+01
3.418600845336914062e+01
3.584267044067382812e+01
5.605474853515625000e+01
6.187976837158203125e+01
6.133678817749023438e+01
6.073962402343750000e+01
5.918663787841796875e+01
5.722263717651367188e+01
5.656463241577148438e+01
5.588349914550781250e+01
4.655527877807617188e+01
3.330162048339843750e+01
3.164317512512207031e+01
3.187471771240234375e+01
3.337028884887695312e+01
1.645684814453125000e+01
8.814581871032714844e+00
6.054538249969482422e+00
5.908397197723388672e+00
8.122344017028808594e+00
1.480610370635986328e+01
2.783351325988769531e+01
3.293775177001953125e+01
3.481896591186523438e+01
3.460490036010742188e+01
3.588057708740234375e+01
5.428823471069335938e+01
5.316443252563476562e+01
4.944736480712890625e+01
4.678231048583984375e+01
4.276983261108398438e+01
3.802323532104492188e+01
4.666566085815429688e+01
5.286024856567382812e+01
3.870829010009765625e+01
1.170713996887207031e+01
6.286574840545654297e+00
5.247462749481201172e+00
5.059619426727294922e+00
4.849576473236083984e+00
4.677932262420654297e+00
5.109565258026123047e+00
6.015334606170654297e+00
6.478291988372802734e+00
7.643147945404052734e+00
1.011272048950195312e+01
1.597203350067138672e+01
2.556394958496093750e+01
3.337910461425781250e+01
3.572977066040039062e+01
3.560047149658203125e+01
1.282164764404296875e+01
4.925893306732177734e+00
4.385140895843505859e+00
4.714503765106201172e+00
4.635919094085693359e+00
4.344756603240966797e+00
3.970990419387817383e+00
3.712073564529418945e+00
3.604544878005981445e+00
3.442252397537231445e+00
3.551064729690551758e+00
3.690846681594848633e+00
3.741797685623168945e+00
4.137553691864013672e+00
4.868638515472412109e+00
6.092107295989990234e+00
7.218808650970458984e+00
8.896544456481933594e+00
1.243862724304199219e+01
1.860546684265136719e+01
2.643954086303710938e+01
3.334622573852539062e+01
3.573556137084960938e+01
5.627889251708984375e+01
6.442697906494140625e+01
6.967767333984375000e+01
7.195384979248046875e+01
6.654788970947265625e+01
6.747470092773437500e+01
6.863973236083984375e+01
6.772743225097656250e+01
6.262941741943359375e+01
5.178401184082031250e+01
4.770132446289062500e+01
4.622390365600585938e+01
4.336496734619140625e+01
1.449169158935546875e+01
7.655072689056396484e+00
6.991479396820068359e+00
8.098383903503417969e+00
1.011504840850830078e+01
1.376395893096923828e+01
2.215610694885253906e+01
3.059027481079101562e+01
3.312026214599609375e+01
3.422467422485351562e+01
3.571294403076171875e+01
5.686705780029296875e+01
6.583169555664062500e+01
7.026178741455078125e+01
6.946513366699218750e+01
6.344906616210937500e+01
6.131943511962890625e+01
6.409875488281250000e+01
6.466136932373046875e+01
6.086970138549804688e+01
4.434390640258789062e+01
3.766816329956054688e+01
3.570235443115234375e+01
3.743323516845703125e+01
1.640617752075195312e+01
8.645224571228027344e+00
8.002644538879394531e+00
9.307324409484863281e+00
1.535637474060058594e+01
2.253901672363281250e+01
3.071048545837402344e+01
3.412919998168945312e+01
3.468067550659179688e+01
3.455282211303710938e+01
3.585435867309570312e+01
5.424346542358398438e+01
6.292233657836914062e+01
6.816592407226562500e+01
7.127611541748046875e+01
6.494007110595703125e+01
5.784553909301757812e+01
6.223240280151367188e+01
6.325474166870117188e+01
5.953380203247070312e+01
4.010889816284179688e+01
2.512252235412597656e+01
2.306966400146484375e+01
1.731906318664550781e+01
6.010188579559326172e+00
3.809869050979614258e+00
3.930287599563598633e+00
4.543927669525146484e+00
5.356942653656005859e+00
6.659497737884521484e+00
9.812121391296386719e+00
1.723051261901855469e+01
2.845705223083496094e+01
3.405978012084960938e+01
3.605834579467773438e+01
4.450183868408203125e+01
4.638400268554687500e+01
4.462805557250976562e+01
5.156029891967773438e+01
4.925220108032226562e+01
5.601373672485351562e+01
6.119718551635742188e+01
6.363282775878906250e+01
6.008707046508789062e+01
4.509228897094726562e+01
3.416946792602539062e+01
3.344957733154296875e+01
3.379905700683593750e+01
2.874797058105468750e+01
1.236681175231933594e+01
6.037652492523193359e+00
1.588419055938720703e+01
1.261442661285400391e+01
1.639177131652832031e+01
2.689169311523437500e+01
3.409395599365234375e+01
3.472014999389648438e+01
3.524258041381835938e+01
3.606708145141601562e+01
5.905067062377929688e+01
6.554065704345703125e+01
6.402872467041015625e+01
6.247068405151367188e+01
5.919136047363281250e+01
5.384553527832031250e+01
5.839549636840820312e+01
6.159849548339843750e+01
5.613665390014648438e+01
4.207684326171875000e+01
3.826499176025390625e+01
3.479698562622070312e+01
3.367419815063476562e+01
3.215322113037109375e+01
3.464444732666015625e+01
3.560103607177734375e+01
3.260164260864257812e+01
1.516987133026123047e+01
5.895112514495849609e+00
1.019245243072509766e+01
2.099382209777832031e+01
2.759472656250000000e+01
3.097515106201171875e+01
3.597286987304687500e+01
4.526737594604492188e+01
4.785520172119140625e+01
5.173989868164062500e+01
5.867571258544921875e+01
5.716958999633789062e+01
5.712911987304687500e+01
6.215212249755859375e+01
6.313349151611328125e+01
5.741982269287109375e+01
3.611761856079101562e+01
1.510842514038085938e+01
5.237399578094482422e+00
4.019355297088623047e+00
3.930779695510864258e+00
4.227365016937255859e+00
5.276483058929443359e+00
5.860154628753662109e+00
6.465186595916748047e+00
7.231153011322021484e+00
1.036612033843994141e+01
1.495464992523193359e+01
2.522215652465820312e+01
3.340628433227539062e+01
3.580089569091796875e+01
3.572772216796875000e+01
1.277352619171142578e+01
4.939618587493896484e+00
4.423690319061279297e+00
4.749434947967529297e+00
4.752641201019287109e+00
4.395246028900146484e+00
3.900088548660278320e+00
4.323794841766357422e+00
3.417748689651489258e+00
3.281005144119262695e+00
3.467463731765747070e+00
3.664889574050903320e+00
3.741189241409301758e+00
4.108222484588623047e+00
4.929395198822021484e+00
5.738929271697998047e+00
6.873387813568115234e+00
8.787585258483886719e+00
1.241097259521484375e+01
1.820798492431640625e+01
2.617251968383789062e+01
3.339926147460937500e+01
3.575391769409179688e+01
4.480315399169921875e+01
4.975428390502929688e+01
4.887406158447265625e+01
5.959691238403320312e+01
6.122305297851562500e+01
6.277358245849609375e+01
6.733701324462890625e+01
6.296271514892578125e+01
5.676620483398437500e+01
3.642041397094726562e+01
3.265845108032226562e+01
3.418439483642578125e+01
3.793068695068359375e+01
1.704097366333007812e+01
8.422196388244628906e+00
5.928290843963623047e+00
5.713918209075927734e+00
6.690423488616943359e+00
1.087182712554931641e+01
2.350638580322265625e+01
3.105081367492675781e+01
3.316096496582031250e+01
3.467224502563476562e+01
3.588841629028320312e+01
5.731160354614257812e+01
5.980166244506835938e+01
5.700402450561523438e+01
5.931288146972656250e+01
5.840641021728515625e+01
6.267972946166992188e+01
6.680185699462890625e+01
6.608744049072265625e+01
5.995346069335937500e+01
4.352041244506835938e+01
4.035950469970703125e+01
3.974719238281250000e+01
4.117469024658203125e+01
2.661879348754882812e+01
3.142658233642578125e+01
2.647084426879882812e+01
1.171377372741699219e+01
5.960660457611083984e+00
7.367396831512451172e+00
1.813399696350097656e+01
2.694832992553710938e+01
3.152048492431640625e+01
3.448659896850585938e+01
3.620390319824218750e+01
5.495671844482421875e+01
5.371391677856445312e+01
6.254706954956054688e+01
6.686620330810546875e+01
6.315520095825195312e+01
5.914974212646484375e+01
6.104042816162109375e+01
6.053258514404296875e+01
5.312517547607421875e+01
3.752896499633789062e+01
1.564037036895751953e+01
6.734578609466552734e+00
4.751353740692138672e+00
4.367421627044677734e+00
4.595876216888427734e+00
5.422955989837646484e+00
6.210523128509521484e+00
7.660686016082763672e+00
1.011874103546142578e+01
1.231205654144287109e+01
1.774380493164062500e+01
2.612183761596679688e+01
3.323276901245117188e+01
3.573760604858398438e+01
5.453783416748046875e+01
6.001133346557617188e+01
6.294389724731445312e+01
6.583293151855468750e+01
6.280038833618164062e+01
5.753421020507812500e+01
5.949126815795898438e+01
5.897534561157226562e+01
5.434830856323242188e+01
3.673131179809570312e+01
3.262179183959960938e+01
3.076610755920410156e+01
3.164270591735839844e+01
1.520461559295654297e+01
7.447970867156982422e+00
5.174504756927490234e+00
4.897521495819091797e+00
5.529021739959716797e+00
6.225911617279052734e+00
1.526734828948974609e+01
2.771716308593750000e+01
3.311856079101562500e+01
3.473565292358398438e+01
3.605723571777343750e+01
5.624116134643554688e+01
6.621568298339843750e+01
6.916530609130859375e+01
6.909566497802734375e+01
6.390032577514648438e+01
6.124989700317382812e+01
6.248136520385742188e+01
6.061021423339843750e+01
5.122931671142578125e+01
3.506436538696289062e+01
2.805626296997070312e+01
2.927339363098144531e+01
3.037093162536621094e+01
1.393398571014404297e+01
7.095321178436279297e+00
5.674743175506591797e+00
5.506515026092529297e+00
6.574933528900146484e+00
9.006197929382324219e+00
2.026499366760253906e+01
2.960020065307617188e+01
3.306426620483398438e+01
3.452276992797851562e+01
3.572021102905273438e+01
4.821762466430664062e+01
4.819424057006835938e+01
4.727029037475585938e+01
4.767012023925781250e+01
4.367914962768554688e+01
3.846211624145507812e+01
4.103897094726562500e+01
4.229695510864257812e+01
3.762579345703125000e+01
1.139064788818359375e+01
6.032760143280029297e+00
5.169232845306396484e+00
4.692744731903076172e+00
4.257003307342529297e+00
4.130416393280029297e+00
4.853137493133544922e+00
6.048526287078857422e+00
7.110089778900146484e+00
8.190733909606933594e+00
1.130931663513183594e+01
1.729030418395996094e+01
2.593153190612792969e+01
3.324059295654296875e+01
3.563093185424804688e+01
3.559611129760742188e+01
1.285664367675781250e+01
5.114736080169677734e+00
4.422891139984130859e+00
4.809611797332763672e+00
4.759627819061279297e+00
4.324643611907958984e+00
3.910300493240356445e+00
3.592309236526489258e+00
3.475857973098754883e+00
3.378796815872192383e+00
3.536879777908325195e+00
3.625046968460083008e+00
3.660605669021606445e+00
4.283784389495849609e+00
5.139537334442138672e+00
5.875619411468505859e+00
7.096856594085693359e+00
9.011443138122558594e+00
1.252239513397216797e+01
1.850623703002929688e+01
2.689515304565429688e+01
3.353556060791015625e+01
3.571905899047851562e+01
5.091712951660156250e+01
6.174540710449218750e+01
6.713725280761718750e+01
7.017644500732421875e+01
6.424973297119140625e+01
6.388963317871093750e+01
6.530215454101562500e+01
6.401235961914062500e+01
5.790288162231445312e+01
4.777745056152343750e+01
4.163014221191406250e+01
3.473963928222656250e+01
3.064975357055664062e+01
1.104294109344482422e+01
5.095809459686279297e+00
4.125743389129638672e+00
5.010564327239990234e+00
6.514956951141357422e+00
8.078055381774902344e+00
1.753479003906250000e+01
2.672928237915039062e+01
3.330147933959960938e+01
3.538699340820312500e+01
3.613595581054687500e+01
5.058670043945312500e+01
5.791141128540039062e+01
5.972753143310546875e+01
6.219780349731445312e+01
6.074995422363281250e+01
5.837298583984375000e+01
6.185149002075195312e+01
6.126832580566406250e+01
5.477342987060546875e+01
3.623507308959960938e+01
2.843238067626953125e+01
2.741477012634277344e+01
3.207761383056640625e+01
1.682890510559082031e+01
8.946473121643066406e+00
6.124045848846435547e+00
5.389430522918701172e+00
5.545327663421630859e+00
6.050078868865966797e+00
1.671425628662109375e+01
3.011801910400390625e+01
3.485670471191406250e+01
3.486706542968750000e+01
3.618383026123046875e+01
5.624908828735351562e+01
6.437152862548828125e+01
6.888498687744140625e+01
7.141981506347656250e+01
6.597543334960937500e+01
6.369083404541015625e+01
6.660262298583984375e+01
6.393354415893554688e+01
5.726187896728515625e+01
4.285956192016601562e+01
3.683603668212890625e+01
3.852037429809570312e+01
4.333572769165039062e+01
2.354650688171386719e+01
1.136752223968505859e+01
6.496673107147216797e+00
5.954272747039794922e+00
8.116002082824707031e+00
1.543038558959960938e+01
2.690095329284667969e+01
3.354141235351562500e+01
3.502750015258789062e+01
3.537892913818359375e+01
3.630123901367187500e+01
5.858689498901367188e+01
5.797811126708984375e+01
6.080830764770507812e+01
6.855859375000000000e+01
6.477713012695312500e+01
6.650141906738281250e+01
6.776796722412109375e+01
6.450870513916015625e+01
5.624079895019531250e+01
3.847403717041015625e+01
1.119645309448242188e+01
4.866382122039794922e+00
3.972949266433715820e+00
4.048202037811279297e+00
4.746205806732177734e+00
6.044379711151123047e+00
6.906289577484130859e+00
7.658236980438232422e+00
8.625250816345214844e+00
1.235400867462158203e+01
1.765123748779296875e+01
2.640215492248535156e+01
3.345405578613281250e+01
3.585151290893554688e+01
4.551676940917968750e+01
5.440656280517578125e+01
5.431083679199218750e+01
5.774687576293945312e+01
5.589596176147460938e+01
5.569141006469726562e+01
6.126937866210937500e+01
6.262718582153320312e+01
5.723022460937500000e+01
4.399819183349609375e+01
3.757934188842773438e+01
3.438016510009765625e+01
3.577128982543945312e+01
1.960168075561523438e+01
1.122508430480957031e+01
7.807469844818115234e+00
7.849700450897216797e+00
1.286262321472167969e+01
2.048115539550781250e+01
3.096355438232421875e+01
3.450384902954101562e+01
3.552756881713867188e+01
3.501552963256835938e+01
3.603917694091796875e+01
4.330085372924804688e+01
4.327454376220703125e+01
5.440461730957031250e+01
5.830500030517578125e+01
5.580021667480468750e+01
5.229931640625000000e+01
4.758535385131835938e+01
3.034786224365234375e+01
9.376721382141113281e+00
4.494458675384521484e+00
3.705359697341918945e+00
4.175302028656005859e+00
4.171782970428466797e+00
3.986838579177856445e+00
4.018811702728271484e+00
4.551742076873779297e+00
5.021100521087646484e+00
5.900846004486083984e+00
7.424445629119873047e+00
9.702885627746582031e+00
1.446261882781982422e+01
2.403752708435058594e+01
3.306143951416015625e+01
3.580073165893554688e+01
4.197316741943359375e+01
4.437977218627929688e+01
5.233758544921875000e+01
5.718093490600585938e+01
5.448356246948242188e+01
5.245812225341796875e+01
5.755624389648437500e+01
5.548944473266601562e+01
4.853762817382812500e+01
1.728976821899414062e+01
8.197262763977050781e+00
6.138991832733154297e+00
4.939813137054443359e+00
4.630593776702880859e+00
4.247586727142333984e+00
4.952783107757568359e+00
6.240247249603271484e+00
6.609895229339599609e+00
6.807569026947021484e+00
8.530396461486816406e+00
1.404052925109863281e+01
2.555270957946777344e+01
3.412490844726562500e+01
3.615613555908203125e+01
5.466357421875000000e+01
6.069932174682617188e+01
6.290321731567382812e+01
6.507015991210937500e+01
6.225759124755859375e+01
6.148001098632812500e+01
6.204850387573242188e+01
6.263486862182617188e+01
5.657684707641601562e+01
4.130582809448242188e+01
3.338085174560546875e+01
3.145701789855957031e+01
3.187164878845214844e+01
3.165132331848144531e+01
3.037046432495117188e+01
1.273059082031250000e+01
5.579814434051513672e+00
6.521825313568115234e+00
1.052361488342285156e+01
2.255585861206054688e+01
3.135847282409667969e+01
3.473270797729492188e+01
3.563802719116210938e+01
3.611889266967773438e+01
5.336830139160156250e+01
5.996061325073242188e+01
6.110246276855468750e+01
6.468762969970703125e+01
6.213145828247070312e+01
5.954018783569335938e+01
5.949746322631835938e+01
5.801035690307617188e+01
5.353511810302734375e+01
3.479858779907226562e+01
2.999860954284667969e+01
3.053462219238281250e+01
2.792161560058593750e+01
1.033092975616455078e+01
5.675822734832763672e+00
4.744349956512451172e+00
5.648044109344482422e+00
6.193242549896240234e+00
7.196406841278076172e+00
1.623090553283691406e+01
2.623645401000976562e+01
3.019992065429687500e+01
3.410852050781250000e+01
3.583554458618164062e+01
5.057380294799804688e+01
5.204093551635742188e+01
5.485142135620117188e+01
5.493788528442382812e+01
5.345365142822265625e+01
4.987517929077148438e+01
5.496712112426757812e+01
5.517000579833984375e+01
4.730744934082031250e+01
3.609195709228515625e+01
3.256230926513671875e+01
3.211603164672851562e+01
3.099762725830078125e+01
1.203183364868164062e+01
6.435405254364013672e+00
5.090384960174560547e+00
5.084592342376708984e+00
6.333674907684326172e+00
8.204874992370605469e+00
1.911786842346191406e+01
2.771979522705078125e+01
3.158039283752441406e+01
3.433353805541992188e+01
3.597960662841796875e+01
4.921565628051757812e+01
5.449511718750000000e+01
5.743802261352539062e+01
5.712604141235351562e+01
5.416738128662109375e+01
5.378400421142578125e+01
5.787656021118164062e+01
5.844705200195312500e+01
5.314802169799804688e+01
4.154209136962890625e+01
3.822803878784179688e+01
3.742280578613281250e+01
3.823694992065429688e+01
2.003137016296386719e+01
9.376227378845214844e+00
6.413131237030029297e+00
7.336949825286865234e+00
1.245703887939453125e+01
2.051473617553710938e+01
2.803974342346191406e+01
3.354337692260742188e+01
3.528181457519531250e+01
3.540574264526367188e+01
3.609307479858398438e+01
5.656234359741210938e+01
6.509622192382812500e+01
6.548854827880859375e+01
6.634016418457031250e+01
6.197197723388671875e+01
5.904736709594726562e+01
6.134008026123046875e+01
6.112269592285156250e+01
5.337329101562500000e+01
4.226778030395507812e+01
3.467982101440429688e+01
3.112975692749023438e+01
2.873138236999511719e+01
1.088525867462158203e+01
5.513265132904052734e+00
4.612409114837646484e+00
4.543908596038818359e+00
5.571328639984130859e+00
7.029353618621826172e+00
1.417710018157958984e+01
2.577465629577636719e+01
3.262854003906250000e+01
3.544415283203125000e+01
3.614889144897460938e+01
4.730064010620117188e+01
4.865929031372070312e+01
4.985713958740234375e+01
5.193790817260742188e+01
4.933135223388671875e+01
4.604542922973632812e+01
5.215947723388671875e+01
5.261312484741210938e+01
3.783343124389648438e+01
1.115662002563476562e+01
6.088431835174560547e+00
5.238151073455810547e+00
4.548833370208740234e+00
4.376470088958740234e+00
4.047677516937255859e+00
4.871238231658935547e+00
4.951714992523193359e+00
5.319894313812255859e+00
6.056512355804443359e+00
7.485826015472412109e+00
1.110620594024658203e+01
2.310131835937500000e+01
3.341423797607421875e+01
3.594052886962890625e+01
3.578261947631835938e+01
1.208959293365478516e+01
4.892920970916748047e+00
4.541522502899169922e+00
4.937703609466552734e+00
4.847613811492919922e+00
4.411326885223388672e+00
3.989243745803833008e+00
3.758586168289184570e+00
3.682162523269653320e+00
3.550540208816528320e+00
3.630826234817504883e+00
3.735682725906372070e+00
3.764785051345825195e+00
3.747555971145629883e+00
3.605128526687622070e+00
4.432830333709716797e+00
4.740586757659912109e+00
5.444631099700927734e+00
7.180192470550537109e+00
9.221013069152832031e+00
2.040283775329589844e+01
3.374941635131835938e+01
3.617775344848632812e+01
4.590725326538085938e+01
5.423773574829101562e+01
5.553735733032226562e+01
5.850090408325195312e+01
5.763713836669921875e+01
5.937808609008789062e+01
6.262099075317382812e+01
6.334608840942382812e+01
5.497443771362304688e+01
4.801841354370117188e+01
4.587346267700195312e+01
4.505966186523437500e+01
4.662099838256835938e+01
2.445244598388671875e+01
1.293151855468750000e+01
9.568240165710449219e+00
1.275261878967285156e+01
1.498848342895507812e+01
1.987299156188964844e+01
2.813898277282714844e+01
3.423949432373046875e+01
3.563904571533203125e+01
3.527018737792968750e+01
3.633872222900390625e+01
5.929022598266601562e+01
6.602436828613281250e+01
7.031915283203125000e+01
7.129534149169921875e+01
6.453399658203125000e+01
6.112491989135742188e+01
6.522492218017578125e+01
6.361098480224609375e+01
5.181426620483398438e+01
4.330644607543945312e+01
4.120924377441406250e+01
3.985168838500976562e+01
4.059163284301757812e+01
3.062813758850097656e+01
2.564842987060546875e+01
2.438058662414550781e+01
2.012513160705566406e+01
1.439321994781494141e+01
7.193322658538818359e+00
5.905259609222412109e+00
1.233173370361328125e+01
2.722518348693847656e+01
3.614447402954101562e+01
3.662683105468750000e+01
5.962092590332031250e+01
6.422563171386718750e+01
6.622241973876953125e+01
6.733926391601562500e+01
6.289550018310546875e+01
6.039685821533203125e+01
6.570395660400390625e+01
6.461880493164062500e+01
5.681550216674804688e+01
4.912829589843750000e+01
2.811396026611328125e+01
9.340525627136230469e+00
6.492751598358154297e+00
5.739163875579833984e+00
6.214015483856201172e+00
6.854453563690185547e+00
7.590610027313232422e+00
7.978202342987060547e+00
7.797955989837646484e+00
6.840369701385498047e+00
8.845646858215332031e+00
2.167430496215820312e+01
3.427049636840820312e+01
3.642029190063476562e+01
5.910945892333984375e+01
6.682799530029296875e+01
7.089890289306640625e+01
7.226165008544921875e+01
6.621977996826171875e+01
6.614420318603515625e+01
6.568204498291015625e+01
6.044371414184570312e+01
4.827762222290039062e+01
2.993453598022460938e+01
2.584393692016601562e+01
2.802512741088867188e+01
2.720642280578613281e+01
1.106865787506103516e+01
5.676946163177490234e+00
4.913655757904052734e+00
5.020274639129638672e+00
5.777621746063232422e+00
7.027417659759521484e+00
1.343291473388671875e+01
2.584798240661621094e+01
3.253789901733398438e+01
3.514393615722656250e+01
3.598646545410156250e+01
5.003333663940429688e+01
5.791270828247070312e+01
6.060722351074218750e+01
6.179154205322265625e+01
5.983794021606445312e+01
5.949311447143554688e+01
6.295801925659179688e+01
6.517662811279296875e+01
5.866452026367187500e+01
4.395724105834960938e+01
3.314525222778320312e+01
3.083841133117675781e+01
3.524108886718750000e+01
1.987352561950683594e+01
1.146675682067871094e+01
7.543408870697021484e+00
6.489047527313232422e+00
7.392337322235107422e+00
1.285799789428710938e+01
2.538403129577636719e+01
3.278831863403320312e+01
3.537269210815429688e+01
3.505625152587890625e+01
3.615480804443359375e+01
5.689754486083984375e+01
6.632127380371093750e+01
7.086804962158203125e+01
7.172179412841796875e+01
6.517279815673828125e+01
6.379385757446289062e+01
6.672075653076171875e+01
6.544104003906250000e+01
5.922099685668945312e+01
3.526078414916992188e+01
1.607387542724609375e+01
9.700583457946777344e+00
7.970799922943115234e+00
7.281415462493896484e+00
7.855227947235107422e+00
8.690804481506347656e+00
8.913166999816894531e+00
9.279442787170410156e+00
7.860726833343505859e+00
1.027213668823242188e+01
1.603875923156738281e+01
2.587288093566894531e+01
3.372986602783203125e+01
3.592154693603515625e+01
5.312590789794921875e+01
4.875947189331054688e+01
4.319180297851562500e+01
3.949689102172851562e+01
3.036172676086425781e+01
2.400313568115234375e+01
2.302148246765136719e+01
1.978878211975097656e+01
1.519442462921142578e+01
5.017516613006591797e+00
3.527076005935668945e+00
3.623551607131958008e+00
3.869273424148559570e+00
3.715272188186645508e+00
3.554471254348754883e+00
3.879460573196411133e+00
4.674424648284912109e+00
5.371350765228271484e+00
6.395131587982177734e+00
8.305186271667480469e+00
1.272449111938476562e+01
2.423562622070312500e+01
3.394649887084960938e+01
3.606518936157226562e+01
4.816676712036132812e+01
5.657029724121093750e+01
5.912214660644531250e+01
6.071181488037109375e+01
5.906690597534179688e+01
5.673273086547851562e+01
6.039648056030273438e+01
6.130931854248046875e+01
5.265930557250976562e+01
3.989290618896484375e+01
2.466958236694335938e+01
2.306666755676269531e+01
2.135038185119628906e+01
7.802806377410888672e+00
3.698271989822387695e+00
2.736663103103637695e+00
2.579095125198364258e+00
2.769688844680786133e+00
3.011086702346801758e+00
3.596492052078247070e+00
4.208220958709716797e+00
1.647292709350585938e+01
3.444503402709960938e+01
3.497235870361328125e+01
4.919501495361328125e+01
5.941343307495117188e+01
5.709083557128906250e+01
5.413587951660156250e+01
5.073754501342773438e+01
4.510932159423828125e+01
4.910377120971679688e+01
4.211628723144531250e+01
3.264780426025390625e+01
2.194885253906250000e+01
7.950881481170654297e+00
4.546123027801513672e+00
4.058669567108154297e+00
3.887269258499145508e+00
2.915320634841918945e+00
2.611823320388793945e+00
2.874211549758911133e+00
3.186928987503051758e+00
3.401625871658325195e+00
3.489556550979614258e+00
3.791226625442504883e+00
3.940009355545043945e+00
9.235903739929199219e+00
3.510366821289062500e+01
4.321874237060546875e+01
5.590985870361328125e+01
5.877567672729492188e+01
6.404470825195312500e+01
6.253591918945312500e+01
6.208872604370117188e+01
6.269445037841796875e+01
5.725685501098632812e+01
4.962635421752929688e+01
4.733187866210937500e+01
4.668738937377929688e+01
4.651735687255859375e+01
4.748325729370117188e+01
2.462702560424804688e+01
9.131855964660644531e+00
4.317891597747802734e+00
3.310988664627075195e+00
3.579379320144653320e+00
8.255482673645019531e+00
2.233837318420410156e+01
3.190419197082519531e+01
3.464144897460937500e+01
3.517671966552734375e+01
3.602904510498046875e+01
5.809511947631835938e+01
6.929739379882812500e+01
7.205236816406250000e+01
7.222794342041015625e+01
6.538304138183593750e+01
6.362289428710937500e+01
6.563919067382812500e+01
6.251853179931640625e+01
5.347531127929687500e+01
4.581802368164062500e+01
3.952946853637695312e+01
3.648701858520507812e+01
3.610837936401367188e+01
1.543491458892822266e+01
6.642705440521240234e+00
3.537337541580200195e+00
2.686545610427856445e+00
2.595551729202270508e+00
2.554009675979614258e+00
3.349665880203247070e+00
1.309348583221435547e+01
2.897730255126953125e+01
3.232475662231445312e+01
3.510271072387695312e+01
5.705132293701171875e+01
6.240799331665039062e+01
6.642482757568359375e+01
6.686947631835937500e+01
6.115494918823242188e+01
6.232539367675781250e+01
6.331938934326171875e+01
5.822837066650390625e+01
5.151653671264648438e+01
4.766558074951171875e+01
4.149382781982421875e+01
3.667181777954101562e+01
3.222284698486328125e+01
1.105356121063232422e+01
5.066176891326904297e+00
2.874722719192504883e+00
2.363257646560668945e+00
2.595895051956176758e+00
2.890879869461059570e+00
3.807534456253051758e+00
5.323548793792724609e+00
1.310475158691406250e+01
3.370438385009765625e+01
3.625292205810546875e+01
3.557385635375976562e+01
1.080887031555175781e+01
4.204661846160888672e+00
4.311294078826904297e+00
4.815202236175537109e+00
4.839133739471435547e+00
4.583165645599365234e+00
4.263116359710693359e+00
3.969001054763793945e+00
3.802939653396606445e+00
3.725268602371215820e+00
3.821315050125122070e+00
3.811087846755981445e+00
3.802733659744262695e+00
3.405738115310668945e+00
3.137488603591918945e+00
3.181401491165161133e+00
3.303767442703247070e+00
3.519187211990356445e+00
3.847485780715942383e+00
