7.601405620574951172e+00
6.450759410858154297e+00
4.783679485321044922e+00
4.617223262786865234e+00
5.189912319183349609e+00
5.010232448577880859e+00
4.744004726409912109e+00
4.567824840545654297e+00
4.153003215789794922e+00
4.336114406585693359e+00
4.438830852508544922e+00
4.452865123748779297e+00
3.210028886795043945e+00
4.570813655853271484e+00
2.692631959915161133e+00
2.347218751907348633e+00
1.765874266624450684e+00
2.285474061965942383e+00
2.836451768875122070e+00
5.987493038177490234e+00
3.513323593139648438e+01
6.055297470092773438e+01
7.413016510009765625e+01
6.718412780761718750e+01
4.143656539916992188e+01
5.064419174194335938e+01
7.170835876464843750e+01
6.971146392822265625e+01
7.581168365478515625e+01
7.502935028076171875e+01
5.810282897949218750e+01
4.468157577514648438e+01
3.034408187866210938e+01
4.080741405487060547e+00
2.505448579788208008e+00
3.015798330307006836e-01
2.862260103225708008e+00
3.895493745803833008e+00
1.879428267478942871e+00
1.861352324485778809e+00
1.748053908348083496e+00
2.352399110794067383e+00
3.569447755813598633e+00
6.934260845184326172e+00
3.982585525512695312e+01
6.022311401367187500e+01
7.609449768066406250e+01
7.126875305175781250e+01
3.038022994995117188e+01
4.677741622924804688e+01
7.424349975585937500e+01
6.561149597167968750e+01
7.044982147216796875e+01
7.383253479003906250e+01
5.796989822387695312e+01
5.927282333374023438e+01
5.219845962524414062e+01
9.588435173034667969e+00
1.121001529693603516e+01
3.591902971267700195e+00
-4.286218881607055664e-01
3.902177095413208008e+00
2.847647905349731445e+00
2.279467821121215820e+00
2.515322923660278320e+00
2.907239198684692383e+00
3.406909227371215820e+00
3.734275102615356445e+00
4.718511199951171875e+01
6.033966064453125000e+01
8.400810241699218750e+01
7.261139678955078125e+01
3.948281097412109375e+01
5.660879135131835938e+01
7.745064544677734375e+01
6.456384277343750000e+01
6.116370010375976562e+01
4.540972900390625000e+01
3.752513885498046875e+01
4.650495529174804688e+01
4.330684280395507812e+01
9.927025794982910156e+00
5.709603786468505859e+00
5.520877361297607422e+00
-8.305097818374633789e-01
4.500918865203857422e+00
2.554900407791137695e+00
2.698600053787231445e+00
2.859629869461059570e+00
3.266999483108520508e+00
4.651610851287841797e+00
1.328142070770263672e+01
4.648716354370117188e+01
6.046820831298828125e+01
8.561591339111328125e+01
7.253593444824218750e+01
3.200251007080078125e+01
5.774842834472656250e+01
8.590106201171875000e+01
7.777168273925781250e+01
7.626303863525390625e+01
6.757318878173828125e+01
5.672459793090820312e+01
6.034160614013671875e+01
5.212928771972656250e+01
5.690013408660888672e+00
7.503667354583740234e+00
2.377112627029418945e+00
2.220427751541137695e+00
3.896325349807739258e+00
2.091931581497192383e+00
1.631966948509216309e+00
1.597880721092224121e+00
1.973925948143005371e+00
2.794230699539184570e+00
3.690535783767700195e+00
3.867871856689453125e+01
6.061818313598632812e+01
8.881644439697265625e+01
7.127539825439453125e+01
3.378095245361328125e+01
6.100510025024414062e+01
8.710273742675781250e+01
8.027087402343750000e+01
8.059942626953125000e+01
6.891980743408203125e+01
6.410803985595703125e+01
6.301956939697265625e+01
6.160320281982421875e+01
2.048341178894042969e+01
2.088795280456542969e+01
3.727355241775512695e+00
-3.992182016372680664e-01
4.524407863616943359e+00
2.481845140457153320e+00
1.742881178855895996e+00
1.986125349998474121e+00
2.649909257888793945e+00
3.411069154739379883e+00
4.463513851165771484e+00
4.565080261230468750e+01
6.077853012084960938e+01
8.293606567382812500e+01
5.635782623291015625e+01
2.115108108520507812e+01
5.063361358642578125e+01
8.211880493164062500e+01
7.451808929443359375e+01
7.459388732910156250e+01
6.657587432861328125e+01
4.396649551391601562e+01
1.000217437744140625e+01
4.802646160125732422e+00
4.342372417449951172e+00
4.465417385101318359e+00
4.486741542816162109e+00
3.329207658767700195e+00
4.873494625091552734e+00
3.065730333328247070e+00
2.387492418289184570e+00
1.857201933860778809e+00
2.240948915481567383e+00
2.885777711868286133e+00
6.026120662689208984e+00
3.583588409423828125e+01
5.997962188720703125e+01
8.717565155029296875e+01
6.606829833984375000e+01
2.644759178161621094e+01
5.956853103637695312e+01
8.139134979248046875e+01
7.272881317138671875e+01
7.151892852783203125e+01
5.188042068481445312e+01
4.261958312988281250e+01
8.348486900329589844e+00
2.029912233352661133e+00
4.808841228485107422e+00
4.620070934295654297e+00
4.604825496673583984e+00
3.304135560989379883e+00
4.317576885223388672e+00
2.726824998855590820e+00
2.380746126174926758e+00
2.263238191604614258e+00
2.266495943069458008e+00
3.137961626052856445e+00
5.367335796356201172e+00
3.190724372863769531e+01
5.984902191162109375e+01
7.750978851318359375e+01
6.557517242431640625e+01
3.050650215148925781e+01
4.516913223266601562e+01
7.026027679443359375e+01
6.110120391845703125e+01
6.203607177734375000e+01
6.368326568603515625e+01
4.354476165771484375e+01
5.387619781494140625e+01
4.236915969848632812e+01
9.737539291381835938e+00
5.541390895843505859e+00
9.608434438705444336e-01
2.768040895462036133e+00
3.618455171585083008e+00
1.942040801048278809e+00
1.642411589622497559e+00
1.751672148704528809e+00
1.721932768821716309e+00
2.351414918899536133e+00
5.431260585784912109e+00
3.777856826782226562e+01
6.011370468139648438e+01
8.086547088623046875e+01
7.118933868408203125e+01
2.650052642822265625e+01
5.110827636718750000e+01
7.656497192382812500e+01
6.575006103515625000e+01
7.183945465087890625e+01
7.240316009521484375e+01
6.222515487670898438e+01
6.779048919677734375e+01
6.396608734130859375e+01
2.276847457885742188e+01
8.006268501281738281e+00
1.325614333152770996e+00
1.344247221946716309e+00
3.622475862503051758e+00
2.629363298416137695e+00
2.100825548171997070e+00
1.945468306541442871e+00
2.080342531204223633e+00
2.620356798171997070e+00
3.829898118972778320e+00
3.770151901245117188e+01
5.926676559448242188e+01
8.354154968261718750e+01
6.405520629882812500e+01
2.444610404968261719e+01
5.282692337036132812e+01
7.990194702148437500e+01
7.035903167724609375e+01
6.613455963134765625e+01
4.810285186767578125e+01
2.913681030273437500e+01
3.707158279418945312e+01
2.023432159423828125e+01
4.600755214691162109e+00
2.884368181228637695e+00
1.109401106834411621e+00
3.669602632522583008e+00
3.598384141921997070e+00
2.029093980789184570e+00
1.963668227195739746e+00
1.987828612327575684e+00
2.546647310256958008e+00
3.259654283523559570e+00
7.626794338226318359e+00
3.668643569946289062e+01
6.042944717407226562e+01
8.269618225097656250e+01
6.854699707031250000e+01
2.773610877990722656e+01
5.111681365966796875e+01
7.532266998291015625e+01
4.302864837646484375e+01
5.481183624267578125e+01
5.078477096557617188e+01
4.667405700683593750e+01
4.879354476928710938e+01
4.809101104736328125e+01
2.924883842468261719e+01
1.244231414794921875e+01
2.417332887649536133e+00
3.131709337234497070e+00
3.480546236038208008e+00
1.598983168601989746e+00
1.108889937400817871e+00
1.173312544822692871e+00
1.777579665184020996e+00
1.993577361106872559e+00
4.968610286712646484e+00
4.008716201782226562e+01
5.990321731567382812e+01
7.569962310791015625e+01
6.758083343505859375e+01
3.120055961608886719e+01
3.718179702758789062e+01
6.708370208740234375e+01
6.273243331909179688e+01
6.158963775634765625e+01
5.834740829467773438e+01
3.594376754760742188e+01
3.872444534301757812e+01
2.983594322204589844e+01
1.216406822204589844e+01
1.050420093536376953e+01
2.942372560501098633e+00
1.662324309349060059e+00
3.329556703567504883e+00
-3.154815733432769775e-02
1.452681899070739746e+00
1.317775130271911621e+00
1.806340575218200684e+00
2.172909975051879883e+00
5.428578853607177734e+00
4.697837448120117188e+01
6.000133132934570312e+01
7.291613769531250000e+01
5.557592391967773438e+01
2.828858375549316406e+01
4.052258300781250000e+01
6.193050003051757812e+01
5.549074554443359375e+01
5.671077728271484375e+01
5.752018737792968750e+01
2.384457778930664062e+01
5.108651638031005859e+00
1.122830748558044434e+00
3.370763063430786133e+00
4.458789348602294922e+00
4.577064037322998047e+00
4.075448513031005859e+00
3.387789964675903320e+00
2.923833131790161133e+00
2.590436220169067383e+00
2.572266817092895508e+00
2.080121278762817383e+00
2.652329683303833008e+00
1.903499007225036621e+00
1.527398467063903809e+00
2.119836091995239258e+00
4.027913284301757812e+01
6.273397445678710938e+01
6.980599212646484375e+01
6.686814117431640625e+01
7.412609100341796875e+01
7.850413513183593750e+01
8.045107269287109375e+01
6.958781433105468750e+01
6.258623504638671875e+01
4.030390548706054688e+01
2.035978698730468750e+01
3.741294145584106445e+00
2.766349077224731445e+00
1.510159850120544434e+00
4.400926113128662109e+00
3.631121873855590820e+00
2.957448244094848633e+00
2.723174333572387695e+00
2.572524309158325195e+00
1.921960234642028809e+00
2.496031999588012695e+00
2.025113344192504883e+00
1.851741194725036621e+00
2.490048646926879883e+00
4.116736221313476562e+01
6.149846267700195312e+01
7.261962890625000000e+01
6.347131347656250000e+01
7.223638916015625000e+01
7.064221954345703125e+01
7.646687316894531250e+01
6.920056915283203125e+01
5.901655960083007812e+01
5.909306716918945312e+01
3.414997863769531250e+01
8.224890708923339844e+00
5.334809780120849609e+00
2.028459161520004272e-01
1.044700026512145996e+00
1.396481871604919434e+00
1.539248824119567871e+00
1.966662764549255371e+00
1.923137068748474121e+00
1.425311446189880371e+00
1.942723631858825684e+00
1.538577437400817871e+00
1.141404509544372559e+00
2.594401597976684570e+00
4.254346084594726562e+01
7.734986114501953125e+01
5.307564926147460938e+01
4.681930923461914062e+01
6.335872268676757812e+01
5.520660400390625000e+01
7.477191162109375000e+01
7.755792999267578125e+01
6.569637298583984375e+01
4.984664535522460938e+01
2.522908973693847656e+01
6.956243038177490234e+00
2.724189043045043945e+00
7.476094961166381836e-01
3.606679201126098633e+00
2.710076570510864258e+00
2.897143602371215820e+00
2.916932344436645508e+00
2.783602952957153320e+00
2.126927614212036133e+00
2.757457017898559570e+00
2.175252199172973633e+00
2.172097444534301758e+00
2.731374025344848633e+00
2.471446800231933594e+01
4.856072998046875000e+01
6.723211669921875000e+01
4.984907913208007812e+01
4.974833679199218750e+01
5.663348388671875000e+01
7.609308624267578125e+01
7.551570892333984375e+01
6.747475433349609375e+01
4.718081283569335938e+01
-2.253958135843276978e-01
-4.876396656036376953e+00
-1.027513891458511353e-01
4.115716457366943359e+00
4.093362331390380859e+00
3.468903779983520508e+00
2.928900957107543945e+00
2.615578889846801758e+00
2.442878007888793945e+00
2.009310960769653320e+00
2.533631563186645508e+00
1.999089598655700684e+00
1.602214217185974121e+00
2.401082277297973633e+00
3.634891891479492188e+01
6.101411056518554688e+01
6.240919494628906250e+01
5.866683959960937500e+01
5.695606613159179688e+01
5.384722137451171875e+01
8.109805297851562500e+01
7.900061798095703125e+01
6.657402801513671875e+01
5.456959533691406250e+01
3.493493652343750000e+01
2.383503532409667969e+01
1.518379974365234375e+01
8.473689079284667969e+00
-8.922106027603149414e-01
-2.535298109054565430e+00
1.209136366844177246e+00
2.010869264602661133e+00
2.429658174514770508e+00
1.849149107933044434e+00
2.233708620071411133e+00
1.543290495872497559e+00
1.552432417869567871e+00
2.683684587478637695e+00
2.871891593933105469e+01
6.136505508422851562e+01
6.356313705444335938e+01
5.042567443847656250e+01
6.598645782470703125e+01
5.761550140380859375e+01
7.316812133789062500e+01
7.712919616699218750e+01
6.453838348388671875e+01
5.483289337158203125e+01
3.428794097900390625e+01
1.373746109008789062e+01
9.755340576171875000e+00
1.915500044822692871e+00
-1.486267056316137314e-02
6.956247091293334961e-01
1.511670470237731934e+00
2.336770296096801758e+00
2.342635393142700195e+00
1.795482039451599121e+00
2.172959566116333008e+00
1.974971175193786621e+00
2.044711351394653320e+00
3.001761674880981445e+00
2.255853080749511719e+01
4.726083374023437500e+01
5.439290237426757812e+01
3.653047180175781250e+01
5.563223266601562500e+01
5.399380874633789062e+01
5.476255416870117188e+01
5.433300018310546875e+01
2.306653213500976562e+01
2.636559724807739258e+00
4.926576137542724609e+00
4.630263805389404297e+00
4.635192394256591797e+00
4.649453639984130859e+00
4.129767894744873047e+00
3.412917375564575195e+00
2.942090272903442383e+00
2.718814134597778320e+00
2.538567781448364258e+00
2.003159761428833008e+00
2.766402482986450195e+00
2.078068971633911133e+00
1.863406538963317871e+00
2.053431749343872070e+00
3.174216508865356445e+00
-4.757347583770751953e+00
2.977685213088989258e+00
2.731886863708496094e+01
2.832145690917968750e+01
1.307857894897460938e+01
6.127137660980224609e+00
4.698104381561279297e+00
5.338540554046630859e+00
4.927253246307373047e+00
4.166203975677490234e+00
4.272674083709716797e+00
4.515664577484130859e+00
4.457866191864013672e+00
3.827767610549926758e+00
3.074982881546020508e+00
2.662095308303833008e+00
2.403939485549926758e+00
2.352055788040161133e+00
1.941041350364685059e+00
2.582043886184692383e+00
2.148238420486450195e+00
1.750541090965270996e+00
3.030669450759887695e+00
3.160950469970703125e+01
6.122967910766601562e+01
5.847415161132812500e+01
5.288317871093750000e+01
6.822491455078125000e+01
5.873372650146484375e+01
7.344981384277343750e+01
7.653319549560546875e+01
6.254558563232421875e+01
5.207625579833984375e+01
3.705671310424804688e+01
1.676313400268554688e+01
1.343168735504150391e+01
1.491345763206481934e+00
-1.785456091165542603e-01
1.268369078636169434e+00
1.867551207542419434e+00
2.415471315383911133e+00
2.481887102127075195e+00
2.129355669021606445e+00
2.624066591262817383e+00
2.016736268997192383e+00
1.780074477195739746e+00
3.238831758499145508e+00
4.088572311401367188e+01
7.809430694580078125e+01
7.188578796386718750e+01
6.607466125488281250e+01
7.434202575683593750e+01
7.899545288085937500e+01
8.200923156738281250e+01
7.297834777832031250e+01
6.101354217529296875e+01
4.078761291503906250e+01
2.060667610168457031e+01
1.006253147125244141e+01
6.563701152801513672e+00
1.240964293479919434e+00
1.690717101097106934e+00
2.574803590774536133e+00
1.779832243919372559e+00
1.548444151878356934e+00
1.584996581077575684e+00
2.561421632766723633e+00
3.196192979812622070e+00
8.474946022033691406e+00
4.781186676025390625e+01
6.131727981567382812e+01
7.596587371826171875e+01
5.978929901123046875e+01
2.398291587829589844e+01
4.316571426391601562e+01
7.064408874511718750e+01
6.242931365966796875e+01
6.935985565185546875e+01
6.186031341552734375e+01
4.839503097534179688e+01
5.709057235717773438e+01
3.984835433959960938e+01
2.625677108764648438e+01
2.188092041015625000e+01
3.296777009963989258e+00
1.936656355857849121e+00
3.342892885208129883e+00
1.679713606834411621e+00
1.571112990379333496e+00
2.238595247268676758e+00
2.999701738357543945e+00
2.928696870803833008e+00
3.557332277297973633e+00
3.774316024780273438e+01
6.078815078735351562e+01
8.259484863281250000e+01
5.917119979858398438e+01
2.023381042480468750e+01
4.598597717285156250e+01
7.709983825683593750e+01
6.622397613525390625e+01
5.619692993164062500e+01
3.415461349487304688e+01
2.851148605346679688e+01
2.378421211242675781e+01
8.478613853454589844e+00
8.197178840637207031e+00
8.378420829772949219e+00
2.199696779251098633e+00
3.759989976882934570e+00
3.226899385452270508e+00
1.536050200462341309e+00
7.923063039779663086e-01
1.017407774925231934e+00
1.248725295066833496e+00
2.281625032424926758e+00
7.320739269256591797e+00
4.381695938110351562e+01
6.094468307495117188e+01
7.836620330810546875e+01
5.992955017089843750e+01
2.399156188964843750e+01
4.270322799682617188e+01
7.183995056152343750e+01
6.261088943481445312e+01
6.293153762817382812e+01
5.168896484375000000e+01
3.180410766601562500e+01
3.381294631958007812e+01
1.313571739196777344e+01
1.070998382568359375e+01
7.275876522064208984e+00
1.726115584373474121e+00
3.012122392654418945e+00
3.331227540969848633e+00
1.815907835960388184e+00
1.322102904319763184e+00
1.591359496116638184e+00
2.481080293655395508e+00
2.842774629592895508e+00
1.782803726196289062e+01
4.649110794067382812e+01
6.207034301757812500e+01
7.492819976806640625e+01
5.621207046508789062e+01
2.654945564270019531e+01
5.017433166503906250e+01
6.883173370361328125e+01
5.907197952270507812e+01
6.758392333984375000e+01
5.484675979614257812e+01
2.522404670715332031e+01
4.982186794281005859e+00
4.265019893646240234e+00
4.570827007293701172e+00
4.613664150238037109e+00
4.619153499603271484e+00
3.349684953689575195e+00
4.131536006927490234e+00
2.572276353836059570e+00
2.120990037918090820e+00
1.428977370262145996e+00
1.645327925682067871e+00
2.746289491653442383e+00
6.209041118621826172e+00
3.663201522827148438e+01
5.999523925781250000e+01
7.188040161132812500e+01
5.674057006835937500e+01
3.116382980346679688e+01
3.561489868164062500e+01
5.063533401489257812e+01
4.273401260375976562e+01
2.850937843322753906e+01
1.392749786376953125e+01
3.461673021316528320e+00
1.708463072776794434e+00
4.239335536956787109e+00
4.532411098480224609e+00
4.589425563812255859e+00
4.580102443695068359e+00
3.418376207351684570e+00
3.916194200515747070e+00
2.390271425247192383e+00
1.684321761131286621e+00
1.331202864646911621e+00
1.661193251609802246e+00
2.734915971755981445e+00
7.963742733001708984e+00
3.993802261352539062e+01
6.035023117065429688e+01
8.098802947998046875e+01
6.730487823486328125e+01
2.466261100769042969e+01
4.210525131225585938e+01
7.027244567871093750e+01
6.959980010986328125e+01
7.060027313232421875e+01
7.104364776611328125e+01
6.104210281372070312e+01
6.378552627563476562e+01
5.859180831909179688e+01
3.353150939941406250e+01
7.870751857757568359e+00
6.966565847396850586e-01
9.405492544174194336e-01
1.515849471092224121e+00
2.333781480789184570e+00
1.228526473045349121e+00
1.691214919090270996e+00
2.164338350296020508e+00
2.726422548294067383e+00
4.792783260345458984e+00
4.533794784545898438e+01
6.130891799926757812e+01
8.716596984863281250e+01
6.084665679931640625e+01
2.216452598571777344e+01
5.817761230468750000e+01
8.407433319091796875e+01
7.979675292968750000e+01
6.639180755615234375e+01
4.924506378173828125e+01
2.241390800476074219e+01
1.258912444114685059e+00
3.770413637161254883e+00
4.402513027191162109e+00
4.473893642425537109e+00
4.515496730804443359e+00
3.303712129592895508e+00
3.763749361038208008e+00
2.555157899856567383e+00
1.763039946556091309e+00
1.295161604881286621e+00
1.675296187400817871e+00
3.171878099441528320e+00
8.303345680236816406e+00
4.077045440673828125e+01
5.997058868408203125e+01
6.062829589843750000e+01
1.370632266998291016e+01
7.766789913177490234e+00
5.660604000091552734e+00
4.182721614837646484e+00
4.382968425750732422e+00
5.109817028045654297e+00
5.020696163177490234e+00
4.788768291473388672e+00
4.622811794281005859e+00
4.226048946380615234e+00
4.337724208831787109e+00
4.446002483367919922e+00
4.473512172698974609e+00
3.256474733352661133e+00
4.390904903411865234e+00
2.569430589675903320e+00
1.872773528099060059e+00
1.042083144187927246e+00
1.475564360618591309e+00
2.783400774002075195e+00
7.907639980316162109e+00
3.926522445678710938e+01
5.978890609741210938e+01
6.035573959350585938e+01
1.354435443878173828e+01
7.813125133514404297e+00
5.721240520477294922e+00
4.064160823822021484e+00
4.394233226776123047e+00
5.143819332122802734e+00
4.972362041473388672e+00
4.696753978729248047e+00
4.513486385345458984e+00
3.994069337844848633e+00
4.214866161346435547e+00
4.360396862030029297e+00
4.389523983001708984e+00
3.270665407180786133e+00
4.199773311614990234e+00
2.282016038894653320e+00
9.515355825424194336e-01
1.012524962425231934e+00
1.578496336936950684e+00
2.971129655838012695e+00
1.181457614898681641e+01
4.313365936279296875e+01
6.022766494750976562e+01
6.042402267456054688e+01
1.430269432067871094e+01
7.542005062103271484e+00
6.053637981414794922e+00
4.348254680633544922e+00
4.162389278411865234e+00
5.048694133758544922e+00
4.969432353973388672e+00
4.694306850433349609e+00
4.521920680999755859e+00
3.985331773757934570e+00
4.210420131683349609e+00
4.354037761688232422e+00
4.380795955657958984e+00
3.224820375442504883e+00
4.334897518157958984e+00
2.379597902297973633e+00
1.355561614036560059e+00
1.086646437644958496e+00
1.425725340843200684e+00
2.791598558425903320e+00
1.033030033111572266e+01
4.216903305053710938e+01
6.022362518310546875e+01
6.049674606323242188e+01
1.368258476257324219e+01
7.434695720672607422e+00
5.230514049530029297e+00
3.639817476272583008e+00
4.172311305999755859e+00
5.055211544036865234e+00
4.992749691009521484e+00
4.752900600433349609e+00
4.599324703216552734e+00
4.159255504608154297e+00
4.301606655120849609e+00
4.407540798187255859e+00
4.440478801727294922e+00
3.285083055496215820e+00
4.313027858734130859e+00
2.666356325149536133e+00
1.343425154685974121e+00
9.248899221420288086e-01
1.309808135032653809e+00
2.864007234573364258e+00
9.585272789001464844e+00
4.094948577880859375e+01
5.993963241577148438e+01
6.032645034790039062e+01
1.425914192199707031e+01
8.285689353942871094e+00
7.553267955780029297e+00
4.742314815521240234e+00
3.773745775222778320e+00
5.044307231903076172e+00
5.006724834442138672e+00
4.664216518402099609e+00
4.454518795013427734e+00
4.031188488006591797e+00
4.226163387298583984e+00
4.375155925750732422e+00
4.403220653533935547e+00
3.221701860427856445e+00
4.097060680389404297e+00
2.594559907913208008e+00
1.578477263450622559e+00
1.457705855369567871e+00
1.462104201316833496e+00
2.867921113967895508e+00
8.675515174865722656e+00
4.072464370727539062e+01
6.111801910400390625e+01
8.089836883544921875e+01
7.349306488037109375e+01
2.833817100524902344e+01
5.591390991210937500e+01
8.555320739746093750e+01
8.059955596923828125e+01
7.409576416015625000e+01
5.687995147705078125e+01
3.831049728393554688e+01
5.391525268554687500e+01
4.326544189453125000e+01
1.823879623413085938e+01
2.205819511413574219e+01
2.657428026199340820e+00
7.258027791976928711e-01
1.877993941307067871e+00
1.514693617820739746e+00
1.457541823387145996e+00
1.961507201194763184e+00
2.834698915481567383e+00
3.413483858108520508e+00
5.733518123626708984e+00
4.811474990844726562e+01
6.122949981689453125e+01
8.514740753173828125e+01
6.006710433959960938e+01
3.470073699951171875e+01
6.022556304931640625e+01
8.325306701660156250e+01
8.413085174560546875e+01
7.616343688964843750e+01
6.280752944946289062e+01
5.025497055053710938e+01
6.114511489868164062e+01
3.996861267089843750e+01
9.412388801574707031e+00
3.169945955276489258e+00
7.294801473617553711e-01
1.938949525356292725e-02
2.429707765579223633e+00
2.546416521072387695e+00
2.005421876907348633e+00
2.311038255691528320e+00
3.155064821243286133e+00
4.938043117523193359e+00
2.807314491271972656e+01
5.637004852294921875e+01
6.162508392333984375e+01
8.279428863525390625e+01
6.870418548583984375e+01
4.037054443359375000e+01
5.980051040649414062e+01
7.743917083740234375e+01
7.952162170410156250e+01
8.361943054199218750e+01
7.538741302490234375e+01
5.761169433593750000e+01
4.122111511230468750e+01
2.259824752807617188e+01
8.268471717834472656e+00
1.081904792785644531e+01
5.624547481536865234e+00
1.515536665916442871e+00
3.044781923294067383e+00
1.581244826316833496e+00
9.661515951156616211e-01
1.330703139305114746e+00
1.520020842552185059e+00
2.318669557571411133e+00
4.467555522918701172e+00
4.618626022338867188e+01
6.103258132934570312e+01
8.924161529541015625e+01
7.295738220214843750e+01
4.538431549072265625e+01
6.084831237792968750e+01
7.781196594238281250e+01
8.274011230468750000e+01
8.140758514404296875e+01
6.598215484619140625e+01
5.581636047363281250e+01
4.283439254760742188e+01
1.616509246826171875e+01
6.804347515106201172e+00
5.379809856414794922e+00
1.299485564231872559e+00
2.924128770828247070e+00
3.306723833084106445e+00
1.494351744651794434e+00
1.131348967552185059e+00
1.226676344871520996e+00
2.424813508987426758e+00
2.828097581863403320e+00
1.102587413787841797e+01
4.617209243774414062e+01
6.114242553710937500e+01
7.948749542236328125e+01
5.995601654052734375e+01
2.472933959960937500e+01
6.232302856445312500e+01
8.434767913818359375e+01
7.674899291992187500e+01
8.164822387695312500e+01
7.755155944824218750e+01
6.484155273437500000e+01
5.644342422485351562e+01
2.884266662597656250e+01
1.840898895263671875e+01
1.991965103149414062e+01
1.831864714622497559e+00
-1.296778321266174316e+00
2.332564592361450195e+00
1.703788161277770996e+00
1.366097807884216309e+00
1.529534697532653809e+00
2.288642168045043945e+00
2.640429735183715820e+00
4.279698848724365234e+00
4.405589294433593750e+01
6.046812438964843750e+01
8.580667114257812500e+01
6.821324920654296875e+01
2.577890968322753906e+01
5.834326934814453125e+01
8.267774200439453125e+01
7.611742401123046875e+01
7.930462646484375000e+01
6.787899780273437500e+01
6.358086395263671875e+01
1.381547451019287109e+01
8.036267280578613281e+00
4.371388912200927734e+00
4.402680873870849609e+00
4.490876674652099609e+00
3.469712495803833008e+00
4.188138484954833984e+00
2.253472566604614258e+00
1.289435744285583496e+00
1.054002165794372559e+00
1.635722517967224121e+00
2.809777498245239258e+00
1.094500732421875000e+01
4.266554641723632812e+01
6.000123214721679688e+01
6.030533218383789062e+01
1.459648704528808594e+01
8.324137687683105469e+00
7.670440196990966797e+00
4.960319042205810547e+00
4.088408946990966797e+00
5.112632274627685547e+00
4.996043682098388672e+00
4.668191432952880859e+00
4.427058696746826172e+00
3.982461214065551758e+00
4.173722743988037109e+00
4.295947551727294922e+00
4.321376323699951172e+00
3.265599489212036133e+00
4.043059825897216797e+00
2.397317171096801758e+00
1.293778777122497559e+00
8.631681203842163086e-01
1.661776900291442871e+00
3.120141267776489258e+00
1.145629024505615234e+01
4.267813873291015625e+01
6.059642410278320312e+01
8.220985412597656250e+01
7.397370147705078125e+01
3.764194107055664062e+01
5.688817214965820312e+01
6.745405578613281250e+01
8.347659301757812500e+01
8.373047637939453125e+01
7.129898071289062500e+01
6.443850708007812500e+01
6.161249542236328125e+01
5.030638885498046875e+01
2.974922370910644531e+01
2.663954162597656250e+01
3.109292268753051758e+00
6.770433187484741211e-01
2.658549547195434570e+00
2.725219011306762695e+00
1.968421339988708496e+00
2.301791429519653320e+00
3.124390840530395508e+00
4.154315471649169922e+00
7.749179363250732422e+00
4.912088394165039062e+01
6.094022750854492188e+01
8.341484832763671875e+01
6.761759948730468750e+01
4.200120162963867188e+01
5.176947021484375000e+01
7.345896148681640625e+01
7.863031768798828125e+01
7.948938751220703125e+01
7.150772857666015625e+01
6.396277618408203125e+01
6.353187942504882812e+01
4.736327743530273438e+01
1.731851005554199219e+01
1.508080101013183594e+01
3.229119539260864258e+00
-4.341722726821899414e-01
2.825474977493286133e+00
1.888966917991638184e+00
1.973832488059997559e+00
2.258141756057739258e+00
2.400986909866333008e+00
3.113192796707153320e+00
5.586102962493896484e+00
5.136417007446289062e+01
6.054027557373046875e+01
7.803189849853515625e+01
6.886733245849609375e+01
3.934738540649414062e+01
5.638674926757812500e+01
7.576472473144531250e+01
7.559956359863281250e+01
8.025720214843750000e+01
7.126587677001953125e+01
6.296593475341796875e+01
1.149626922607421875e+01
3.748002290725708008e+00
3.935857057571411133e+00
4.321992397308349609e+00
4.443784236907958984e+00
3.520373582839965820e+00
3.731122255325317383e+00
1.975285887718200684e+00
1.268941283226013184e+00
1.236195921897888184e+00
1.974330306053161621e+00
3.031213045120239258e+00
1.250550746917724609e+01
4.419432449340820312e+01
6.081691360473632812e+01
8.662254333496093750e+01
7.383396911621093750e+01
3.716577911376953125e+01
4.172087097167968750e+01
6.932601165771484375e+01
8.064086914062500000e+01
7.412835693359375000e+01
6.237166213989257812e+01
5.107131958007812500e+01
5.878911209106445312e+01
4.865980148315429688e+01
1.227542781829833984e+01
7.704301357269287109e+00
2.213916063308715820e+00
3.474377870559692383e+00
2.094641923904418945e+00
1.383695006370544434e+00
1.048783659934997559e+00
1.508494734764099121e+00
2.281563997268676758e+00
3.144664049148559570e+00
1.222527980804443359e+01
4.733760833740234375e+01
6.050872421264648438e+01
7.997179412841796875e+01
6.367321777343750000e+01
2.666803169250488281e+01
4.429529571533203125e+01
6.782430267333984375e+01
6.671501159667968750e+01
7.651608276367187500e+01
7.600814819335937500e+01
6.377076339721679688e+01
6.273814392089843750e+01
5.480804443359375000e+01
1.809280586242675781e+01
1.181131839752197266e+01
2.158660173416137695e+00
-1.638783097267150879e+00
2.220702409744262695e+00
2.361445665359497070e+00
1.726992964744567871e+00
1.866029143333435059e+00
3.194360017776489258e+00
3.749200105667114258e+00
1.036118030548095703e+01
4.804001998901367188e+01
6.141787719726562500e+01
9.031806945800781250e+01
6.819920349121093750e+01
3.388113784790039062e+01
4.707349777221679688e+01
7.013680267333984375e+01
6.290188598632812500e+01
6.675749969482421875e+01
5.709892654418945312e+01
6.319820785522460938e+01
2.497736549377441406e+01
1.114213180541992188e+01
5.104552745819091797e+00
4.684070110321044922e+00
4.617574214935302734e+00
3.541857957839965820e+00
4.202716350555419922e+00
2.579444169998168945e+00
1.794431090354919434e+00
1.344243407249450684e+00
1.769713759422302246e+00
2.987513780593872070e+00
8.743193626403808594e+00
4.094194030761718750e+01
5.993586730957031250e+01
6.082821273803710938e+01
1.510151576995849609e+01
9.444712638854980469e+00
1.249289894104003906e+01
8.474768638610839844e+00
4.457316875457763672e+00
4.845338344573974609e+00
5.069268703460693359e+00
4.802447795867919922e+00
4.538987636566162109e+00
4.099055767059326172e+00
4.255357265472412109e+00
4.395616054534912109e+00
4.389018535614013672e+00
3.340008974075317383e+00
4.173497676849365234e+00
2.656134843826293945e+00
1.592616438865661621e+00
1.094716429710388184e+00
1.592332243919372559e+00
2.907794237136840820e+00
9.947851181030273438e+00
4.216687011718750000e+01
6.040024948120117188e+01
8.842736053466796875e+01
7.608847045898437500e+01
4.711071777343750000e+01
5.916990661621093750e+01
6.956973266601562500e+01
7.372180938720703125e+01
7.500223541259765625e+01
6.829617309570312500e+01
6.001844787597656250e+01
6.088075256347656250e+01
5.042091751098632812e+01
1.775689888000488281e+01
6.198354244232177734e+00
5.584348440170288086e-01
7.625859975814819336e-01
1.801511168479919434e+00
1.648827910423278809e+00
1.067706465721130371e+00
1.634415984153747559e+00
1.703000426292419434e+00
2.920089006423950195e+00
8.787280082702636719e+00
4.522051620483398438e+01
6.049603271484375000e+01
8.513739013671875000e+01
6.818302154541015625e+01
2.718996620178222656e+01
4.681886672973632812e+01
6.922098541259765625e+01
6.016460800170898438e+01
6.466902160644531250e+01
6.785411071777343750e+01
5.513053894042968750e+01
5.549288940429687500e+01
5.450630950927734375e+01
1.605270576477050781e+01
1.194127368927001953e+01
2.188584566116333008e+00
2.403348207473754883e+00
2.599070787429809570e+00
1.563483595848083496e+00
1.236651778221130371e+00
1.671204924583435059e+00
2.698777437210083008e+00
2.952014207839965820e+00
6.277848720550537109e+00
4.471448135375976562e+01
6.058390426635742188e+01
8.011749267578125000e+01
6.676133728027343750e+01
2.651437950134277344e+01
4.699815368652343750e+01
7.074921417236328125e+01
6.389185714721679688e+01
7.361204528808593750e+01
6.930808258056640625e+01
5.446110534667968750e+01
5.771627044677734375e+01
6.702769756317138672e+00
2.758298158645629883e+00
4.380671977996826172e+00
4.420985698699951172e+00
3.380181550979614258e+00
3.046935319900512695e+00
1.984229445457458496e+00
1.212712645530700684e+00
1.222606062889099121e+00
2.631394624710083008e+00
4.467271327972412109e+00
1.249649333953857422e+01
4.516217422485351562e+01
6.109379196166992188e+01
8.104241943359375000e+01
6.581781005859375000e+01
3.416104507446289062e+01
5.681632995605468750e+01
5.221461868286132812e+01
4.727908325195312500e+01
6.190863418579101562e+01
6.600885772705078125e+01
4.870220565795898438e+01
4.159728240966796875e+01
2.069370269775390625e+01
8.474753379821777344e+00
6.417039394378662109e+00
1.196160674095153809e+00
3.245505571365356445e+00
3.038251161575317383e+00
1.955476164817810059e+00
1.309708952903747559e+00
1.452174544334411621e+00
2.328250169754028320e+00
3.774108171463012695e+00
1.424251079559326172e+01
4.861521911621093750e+01
6.098554611206054688e+01
8.185163116455078125e+01
6.893471527099609375e+01
2.939973068237304688e+01
4.870837783813476562e+01
7.093170928955078125e+01
6.115824890136718750e+01
6.836334991455078125e+01
6.411145782470703125e+01
4.695952606201171875e+01
5.571491622924804688e+01
5.239241409301757812e+01
1.253066921234130859e+01
1.110126304626464844e+01
2.457659959793090820e+00
2.793664216995239258e+00
2.553372621536254883e+00
1.582974791526794434e+00
1.244494795799255371e+00
1.648206114768981934e+00
2.117863893508911133e+00
2.840020418167114258e+00
1.078738307952880859e+01
4.856678009033203125e+01
6.065927124023437500e+01
6.211804580688476562e+01
2.005408287048339844e+01
8.327321052551269531e+00
1.052354335784912109e+01
6.384917736053466797e+00
4.065782070159912109e+00
5.388177394866943359e+00
4.947846889495849609e+00
4.260310649871826172e+00
4.123485088348388672e+00
3.630761384963989258e+00
3.997594118118286133e+00
4.241286754608154297e+00
4.299554347991943359e+00
3.354943513870239258e+00
4.008767604827880859e+00
2.489362001419067383e+00
1.917270064353942871e+00
1.653519988059997559e+00
1.892745375633239746e+00
3.346263170242309570e+00
9.334874153137207031e+00
4.183594131469726562e+01
6.023221206665039062e+01
6.346857452392578125e+01
1.955829238891601562e+01
9.808560371398925781e+00
1.024192333221435547e+01
5.685468196868896484e+00
4.180411815643310547e+00
5.286212444305419922e+00
4.745700359344482422e+00
3.454886674880981445e+00
3.679673433303833008e+00
3.608153581619262695e+00
4.041280269622802734e+00
4.266728878021240234e+00
4.314908504486083984e+00
3.298655748367309570e+00
3.758183717727661133e+00
2.415709733963012695e+00
1.921311736106872559e+00
1.609452605247497559e+00
2.262215852737426758e+00
3.301961183547973633e+00
1.006282997131347656e+01
4.239580154418945312e+01
6.094522476196289062e+01
7.800666046142578125e+01
7.263720703125000000e+01
3.528465270996093750e+01
4.061576080322265625e+01
4.738090515136718750e+01
5.600215911865234375e+01
7.464179992675781250e+01
7.487509918212890625e+01
5.753160476684570312e+01
3.751044464111328125e+01
3.663180589675903320e+00
2.415005922317504883e+00
4.176000118255615234e+00
4.459750652313232422e+00
3.403075456619262695e+00
3.606629610061645508e+00
2.200770616531372070e+00
1.637174010276794434e+00
1.143571257591247559e+00
2.145760774612426758e+00
3.008046388626098633e+00
9.287337303161621094e+00
4.173794174194335938e+01
6.030995941162109375e+01
7.828887939453125000e+01
7.068023681640625000e+01
3.262291336059570312e+01
4.719905853271484375e+01
6.892681121826171875e+01
6.123196792602539062e+01
6.871991729736328125e+01
6.791701507568359375e+01
4.590365600585937500e+01
4.736399078369140625e+01
3.964689254760742188e+01
7.276601314544677734e+00
6.863843441009521484e+00
2.231127977371215820e+00
3.754801988601684570e+00
3.496062517166137695e+00
2.163052797317504883e+00
1.719787001609802246e+00
1.636115431785583496e+00
2.276591539382934570e+00
3.745179414749145508e+00
9.457272529602050781e+00
4.658715057373046875e+01
6.065688323974609375e+01
8.016792297363281250e+01
6.538440704345703125e+01
2.399238395690917969e+01
4.727354049682617188e+01
7.308625793457031250e+01
6.351735687255859375e+01
6.732727050781250000e+01
6.723949432373046875e+01
5.008437347412109375e+01
5.653698730468750000e+01
5.399110794067382812e+01
9.950630187988281250e+00
7.110229015350341797e+00
1.251416563987731934e+00
2.960534334182739258e+00
2.189950227737426758e+00
1.600968718528747559e+00
1.388461470603942871e+00
1.429910063743591309e+00
2.222243547439575195e+00
3.091859102249145508e+00
1.465248298645019531e+01
4.718659973144531250e+01
6.069849395751953125e+01
7.864228057861328125e+01
6.975888061523437500e+01
2.987381553649902344e+01
4.484916305541992188e+01
6.896346282958984375e+01
6.004606246948242188e+01
7.072022247314453125e+01
7.379999542236328125e+01
5.537743377685546875e+01
4.776373291015625000e+01
4.862281417846679688e+01
8.482439994812011719e+00
4.296748638153076172e+00
3.432191610336303711e-01
1.873969435691833496e+00
2.373673677444458008e+00
1.635989546775817871e+00
1.151959776878356934e+00
1.387315154075622559e+00
2.018304109573364258e+00
4.280448436737060547e+00
2.599205398559570312e+01
4.790429687500000000e+01
6.080419921875000000e+01
7.873140716552734375e+01
7.792656707763671875e+01
3.103655624389648438e+01
4.558108520507812500e+01
7.244198608398437500e+01
6.218922424316406250e+01
7.305157470703125000e+01
6.730198669433593750e+01
5.596124267578125000e+01
5.336918258666992188e+01
4.268222808837890625e+01
5.415254116058349609e+00
4.098874568939208984e+00
1.172763228416442871e+00
3.660327196121215820e+00
3.516989946365356445e+00
2.142132997512817383e+00
1.668418288230895996e+00
1.750760436058044434e+00
2.584681749343872070e+00
3.941983461380004883e+00
1.567444324493408203e+01
4.809120178222656250e+01
6.082702636718750000e+01
7.209954071044921875e+01
6.300181579589843750e+01
3.595291137695312500e+01
3.035393714904785156e+01
4.560786437988281250e+01
5.082458496093750000e+01
5.173201370239257812e+01
3.572749710083007812e+01
7.634347438812255859e+00
3.733552694320678711e-01
-5.734163522720336914e-01
2.645184755325317383e+00
4.645120143890380859e+00
4.870875835418701172e+00
4.542376995086669922e+00
4.750298976898193359e+00
3.466662645339965820e+00
2.407094240188598633e+00
2.126590013504028320e+00
2.447039842605590820e+00
3.502358675003051758e+00
1.710426521301269531e+01
4.691106033325195312e+01
6.023369598388671875e+01
7.469496917724609375e+01
6.144774627685546875e+01
2.977244949340820312e+01
3.608696746826171875e+01
6.081560134887695312e+01
5.839708709716796875e+01
6.046175765991210938e+01
5.086315155029296875e+01
5.619567394256591797e+00
5.884599208831787109e+00
4.842179775238037109e+00
4.517116069793701172e+00
4.469518184661865234e+00
4.400004863739013672e+00
3.752927064895629883e+00
3.861037492752075195e+00
2.471583604812622070e+00
1.824750304222106934e+00
1.259227156639099121e+00
2.239623308181762695e+00
3.650569200515747070e+00
1.392430019378662109e+01
4.588093566894531250e+01
6.106636047363281250e+01
7.341803741455078125e+01
7.479826354980468750e+01
3.488631439208984375e+01
2.865013885498046875e+01
5.701999282836914062e+01
6.473211669921875000e+01
7.462480163574218750e+01
7.210617828369140625e+01
6.150755310058593750e+01
6.332865142822265625e+01
6.056322860717773438e+01
2.604652595520019531e+01
5.635163784027099609e+00
-5.383825778961181641e+00
1.003194212913513184e+00
2.363364458084106445e+00
1.639163374900817871e+00
1.479050993919372559e+00
1.810881972312927246e+00
3.220406770706176758e+00
3.755860900878906250e+01
4.224035263061523438e+01
4.772176361083984375e+01
6.034486389160156250e+01
8.143725585937500000e+01
7.328400421142578125e+01
4.659879684448242188e+01
5.718783569335937500e+01
7.733790588378906250e+01
8.103855133056640625e+01
8.452703857421875000e+01
7.540278625488281250e+01
6.435633087158203125e+01
6.290407562255859375e+01
5.730127334594726562e+01
2.985904502868652344e+01
1.274187946319580078e+01
-2.122732549905776978e-01
-1.758223176002502441e+00
1.102483153343200684e+00
1.488372206687927246e+00
1.246974349021911621e+00
1.423173308372497559e+00
1.493825316429138184e+00
2.014176607131958008e+00
4.513358592987060547e+00
4.867681121826171875e+01
6.055116653442382812e+01
8.260141754150390625e+01
7.255299377441406250e+01
3.009671020507812500e+01
4.697118377685546875e+01
7.476623535156250000e+01
7.557616424560546875e+01
7.598809814453125000e+01
6.595627593994140625e+01
5.767322921752929688e+01
6.135472488403320312e+01
5.458680725097656250e+01
7.852080821990966797e+00
4.754117488861083984e+00
1.284467101097106934e+00
1.091555953025817871e+00
2.220307588577270508e+00
1.987084746360778809e+00
1.796754240989685059e+00
1.973878264427185059e+00
2.647485017776489258e+00
4.160789012908935547e+00
2.000359153747558594e+01
5.334680175781250000e+01
6.077734375000000000e+01
8.029645538330078125e+01
7.177381134033203125e+01
3.075393295288085938e+01
4.493248367309570312e+01
7.161737060546875000e+01
6.385383224487304688e+01
7.261531829833984375e+01
7.321631622314453125e+01
5.838356399536132812e+01
5.849384307861328125e+01
5.512024307250976562e+01
9.789372444152832031e+00
9.029244422912597656e+00
8.530915975570678711e-01
-2.293173223733901978e-01
2.465327501296997070e+00
2.518384218215942383e+00
2.221982240676879883e+00
3.034526109695434570e+00
3.339307069778442383e+00
4.936686992645263672e+00
1.874259757995605469e+01
5.321162033081054688e+01
6.104238891601562500e+01
8.110532379150390625e+01
6.740468597412109375e+01
3.275123214721679688e+01
5.402523040771484375e+01
8.372965240478515625e+01
8.447039794921875000e+01
8.112236785888671875e+01
6.293566131591796875e+01
6.176029205322265625e+01
6.383327865600585938e+01
5.713603973388671875e+01
1.838098907470703125e+01
1.281836795806884766e+01
1.394004225730895996e+00
-4.021173715591430664e-01
3.246119737625122070e+00
2.806948900222778320e+00
2.530177354812622070e+00
2.597306489944458008e+00
3.665377855300903320e+00
4.946605205535888672e+00
1.073468303680419922e+01
5.342035675048828125e+01
6.130287170410156250e+01
7.212499237060546875e+01
5.958795166015625000e+01
3.248352050781250000e+01
3.363160324096679688e+01
5.663135528564453125e+01
5.425518035888671875e+01
5.538059616088867188e+01
4.210816955566406250e+01
1.664002799987792969e+01
2.671088457107543945e+00
4.144551753997802734e+00
4.617791652679443359e+00
4.547435283660888672e+00
4.412236690521240234e+00
3.714350938796997070e+00
3.459765672683715820e+00
2.088303804397583008e+00
1.309018492698669434e+00
1.220628142356872559e+00
2.087340593338012695e+00
3.895491838455200195e+00
1.921260643005371094e+01
4.883897399902343750e+01
6.057104873657226562e+01
6.277254867553710938e+01
5.661718750000000000e+01
4.127687072753906250e+01
3.268942260742187500e+01
1.508552360534667969e+01
1.867377662658691406e+01
1.865418815612792969e+01
2.121167755126953125e+01
1.371273136138916016e+01
5.403665065765380859e+00
4.461192607879638672e+00
4.392365932464599609e+00
4.422698497772216797e+00
4.349900722503662109e+00
3.670298814773559570e+00
3.659472703933715820e+00
2.255275011062622070e+00
1.217563033103942871e+00
1.309497237205505371e+00
2.188821077346801758e+00
3.922238588333129883e+00
1.956961059570312500e+01
4.830403137207031250e+01
6.049766159057617188e+01
7.686190795898437500e+01
6.075763320922851562e+01
2.561236381530761719e+01
3.979357147216796875e+01
7.128421020507812500e+01
7.640268707275390625e+01
7.816521453857421875e+01
7.317691040039062500e+01
6.424818420410156250e+01
6.626483917236328125e+01
2.174995613098144531e+01
3.210601091384887695e+00
4.568549633026123047e+00
4.545985698699951172e+00
4.246909618377685547e+00
3.360209703445434570e+00
1.421744704246520996e+00
5.664056539535522461e-01
5.414422750473022461e-01
2.075019121170043945e+00
3.546962022781372070e+00
1.671421241760253906e+01
4.714980697631835938e+01
6.044602203369140625e+01
8.611576843261718750e+01
7.519519805908203125e+01
4.511977767944335938e+01
5.963350677490234375e+01
8.013896179199218750e+01
8.649378204345703125e+01
8.416454315185546875e+01
7.104489135742187500e+01
6.404537963867187500e+01
6.033566665649414062e+01
4.856388473510742188e+01
1.998745727539062500e+01
5.523681163787841797e+00
-1.609085679054260254e+00
5.639968812465667725e-02
2.763207674026489258e+00
2.313447237014770508e+00
2.220156908035278320e+00
2.459717988967895508e+00
3.276534318923950195e+00
6.564097881317138672e+00
3.159067153930664062e+01
5.115930557250976562e+01
6.075845336914062500e+01
8.755323028564453125e+01
6.116796112060546875e+01
2.346653556823730469e+01
5.228485107421875000e+01
7.627571105957031250e+01
7.168604278564453125e+01
7.680211639404296875e+01
7.036249542236328125e+01
5.966094970703125000e+01
5.948725509643554688e+01
5.594668197631835938e+01
1.925696372985839844e+01
7.750079631805419922e+00
-2.296742200851440430e+00
-1.436056733131408691e+00
1.408805251121520996e+00
2.360965013504028320e+00
1.669322371482849121e+00
1.711644530296325684e+00
2.550688982009887695e+00
3.885194063186645508e+00
1.991413688659667969e+01
4.986461639404296875e+01
6.069048309326171875e+01
7.939916992187500000e+01
7.835651397705078125e+01
4.981214904785156250e+01
3.491160202026367188e+01
6.067705154418945312e+01
7.466706848144531250e+01
7.666829681396484375e+01
6.924715423583984375e+01
6.257003784179687500e+01
5.781423950195312500e+01
5.380545425415039062e+01
2.072597312927246094e+01
7.205760478973388672e+00
1.183316588401794434e+00
-5.235143899917602539e-01
2.975280046463012695e+00
2.665044069290161133e+00
3.083308458328247070e+00
3.086055040359497070e+00
3.701556444168090820e+00
4.864684581756591797e+00
1.846385002136230469e+01
5.342031860351562500e+01
6.152775955200195312e+01
7.890275573730468750e+01
6.434127044677734375e+01
2.788797760009765625e+01
4.752393341064453125e+01
7.198129272460937500e+01
6.791120147705078125e+01
7.474877166748046875e+01
7.507108306884765625e+01
6.298276138305664062e+01
5.785910415649414062e+01
3.543807983398437500e+01
8.564466238021850586e-01
1.482917189598083496e+00
1.770121932029724121e+00
1.486689925193786621e+00
1.881251692771911621e+00
1.127850890159606934e+00
7.004445791244506836e-01
1.109000563621520996e+00
3.876864671707153320e+00
8.519865989685058594e+00
2.055633735656738281e+01
4.816741943359375000e+01
6.040639877319335938e+01
7.400485992431640625e+01
5.720211410522460938e+01
2.724307250976562500e+01
3.409488677978515625e+01
5.589286041259765625e+01
5.506919097900390625e+01
5.035836410522460938e+01
3.745866394042968750e+01
1.458627605438232422e+01
2.461737871170043945e+00
4.651452541351318359e+00
4.649899959564208984e+00
4.503249645233154297e+00
4.430404186248779297e+00
3.767688035964965820e+00
3.483392000198364258e+00
2.137976884841918945e+00
1.205108046531677246e+00
1.112361311912536621e+00
2.020182847976684570e+00
3.882352113723754883e+00
1.897498130798339844e+01
4.772891998291015625e+01
6.033378219604492188e+01
6.083864212036132812e+01
1.427188968658447266e+01
8.427760124206542969e+00
4.879979610443115234e+00
4.375693798065185547e+00
5.022645473480224609e+00
5.322295665740966797e+00
4.952580928802490234e+00
4.565288066864013672e+00
4.305402278900146484e+00
3.751418352127075195e+00
4.019431591033935547e+00
4.190776348114013672e+00
4.199046611785888672e+00
3.758933305740356445e+00
3.944518327713012695e+00
2.143365144729614258e+00
1.224843382835388184e+00
1.147115111351013184e+00
2.082425355911254883e+00
3.861125230789184570e+00
1.903984260559082031e+01
4.818556976318359375e+01
6.055622863769531250e+01
7.733850860595703125e+01
6.638565063476562500e+01
2.871863746643066406e+01
4.348527145385742188e+01
6.719490051269531250e+01
7.320625305175781250e+01
7.983875274658203125e+01
7.652481842041015625e+01
6.325149536132812500e+01
6.067103195190429688e+01
5.480806350708007812e+01
2.238973617553710938e+01
1.304789066314697266e+01
2.227383852005004883e+00
-3.798967599868774414e-01
1.733804106712341309e+00
1.979245543479919434e+00
2.227261781692504883e+00
2.189460039138793945e+00
2.926648378372192383e+00
4.699605464935302734e+00
1.863031578063964844e+01
5.088519287109375000e+01
6.096837997436523438e+01
7.958177947998046875e+01
6.680826568603515625e+01
2.880533981323242188e+01
4.313364410400390625e+01
5.934338760375976562e+01
6.506972503662109375e+01
7.331561279296875000e+01
7.285242462158203125e+01
5.181869125366210938e+01
4.415678787231445312e+01
2.571334838867187500e+01
6.588963985443115234e+00
6.332801342010498047e+00
1.095744490623474121e+00
7.523797750473022461e-01
3.382361650466918945e+00
2.285287141799926758e+00
2.069525957107543945e+00
2.277493715286254883e+00
3.106040239334106445e+00
5.878510951995849609e+00
2.860629463195800781e+01
5.469049835205078125e+01
6.079869842529296875e+01
7.443065643310546875e+01
5.931527328491210938e+01
2.547742080688476562e+01
3.539979934692382812e+01
6.347412109375000000e+01
5.918569183349609375e+01
5.638734817504882812e+01
4.449158859252929688e+01
2.458938598632812500e+01
3.078915214538574219e+01
6.114753246307373047e+00
4.348332881927490234e+00
4.867183208465576172e+00
4.613244533538818359e+00
3.746886491775512695e+00
3.446759462356567383e+00
1.911889433860778809e+00
1.228408217430114746e+00
1.049664855003356934e+00
2.061814546585083008e+00
3.734526872634887695e+00
1.697750282287597656e+01
4.768879318237304688e+01
6.032350540161132812e+01
7.631147003173828125e+01
6.094518661499023438e+01
2.838338279724121094e+01
4.274713516235351562e+01
5.746208572387695312e+01
6.493614196777343750e+01
7.256136322021484375e+01
7.481389617919921875e+01
5.418467330932617188e+01
3.964837646484375000e+01
1.966841888427734375e+01
5.552892208099365234e+00
5.905185222625732422e+00
1.392228484153747559e+00
2.815606355667114258e+00
2.129889726638793945e+00
1.760009169578552246e+00
1.407414793968200684e+00
1.790749907493591309e+00
2.381053209304809570e+00
3.503325700759887695e+00
1.462362384796142578e+01
4.981579208374023438e+01
6.076742172241210938e+01
7.687724304199218750e+01
6.135477066040039062e+01
2.468457031250000000e+01
3.028841972351074219e+01
5.377840805053710938e+01
4.786665344238281250e+01
2.532216262817382812e+01
4.561883449554443359e+00
4.659411907196044922e+00
4.599433422088623047e+00
4.296060085296630859e+00
4.282016277313232422e+00
4.384461879730224609e+00
4.378015041351318359e+00
3.878680467605590820e+00
3.891255617141723633e+00
2.441357851028442383e+00
1.481433272361755371e+00
1.052520155906677246e+00
1.855843901634216309e+00
3.438758134841918945e+00
1.552033901214599609e+01
4.634694671630859375e+01
6.016889953613281250e+01
6.094411087036132812e+01
1.704585838317871094e+01
1.009165954589843750e+01
6.269824504852294922e+00
4.901216030120849609e+00
4.700082302093505859e+00
5.506558895111083984e+00
4.988791942596435547e+00
4.591132640838623047e+00
4.304572582244873047e+00
3.678467988967895508e+00
3.891190767288208008e+00
4.066289424896240234e+00
4.110103130340576172e+00
3.740531206130981445e+00
3.694022417068481445e+00
2.051156282424926758e+00
1.018432021141052246e+00
9.961255788803100586e-01
2.133378267288208008e+00
4.349189281463623047e+00
2.191878128051757812e+01
4.894244766235351562e+01
6.003911972045898438e+01
6.084604263305664062e+01
1.460001373291015625e+01
8.755101203918457031e+00
5.032693386077880859e+00
4.239369869232177734e+00
4.872561931610107422e+00
5.386161327362060547e+00
4.887628078460693359e+00
4.525790691375732422e+00
4.291049480438232422e+00
3.708644151687622070e+00
3.930178880691528320e+00
4.140151500701904297e+00
4.188958644866943359e+00
3.785516023635864258e+00
3.814263582229614258e+00
1.932240843772888184e+00
1.010196089744567871e+00
9.558461904525756836e-01
2.101029634475708008e+00
4.068192958831787109e+00
1.985945892333984375e+01
4.863999176025390625e+01
5.996279525756835938e+01
6.047260665893554688e+01
1.510124874114990234e+01
8.462458610534667969e+00
5.100614070892333984e+00
4.859084606170654297e+00
4.916249752044677734e+00
5.262145519256591797e+00
4.927180767059326172e+00
4.484349727630615234e+00
4.230279445648193359e+00
3.603940248489379883e+00
3.862139940261840820e+00
4.077702999114990234e+00
4.156438350677490234e+00
3.744490861892700195e+00
3.885024309158325195e+00
1.941483855247497559e+00
9.246305227279663086e-01
1.082789778709411621e+00
2.115287065505981445e+00
4.100104808807373047e+00
2.144598197937011719e+01
4.859644317626953125e+01
5.988130950927734375e+01
6.050531387329101562e+01
1.349767589569091797e+01
8.052451133728027344e+00
4.480130672454833984e+00
4.075019359588623047e+00
4.767501354217529297e+00
5.281554698944091797e+00
4.908111095428466797e+00
4.584867000579833984e+00
4.405414104461669922e+00
3.981604814529418945e+00
4.101579189300537109e+00
4.210900783538818359e+00
4.242921352386474609e+00
3.766362428665161133e+00
4.004270076751708984e+00
2.094952821731567383e+00
8.990873098373413086e-01
8.801416158676147461e-01
1.867823958396911621e+00
3.912801027297973633e+00
1.889281272888183594e+01
4.749819183349609375e+01
5.979818725585937500e+01
6.093952178955078125e+01
1.397666740417480469e+01
8.434853553771972656e+00
4.299645900726318359e+00
3.874083757400512695e+00
5.059470653533935547e+00
5.252913951873779297e+00
4.936599254608154297e+00
4.631755352020263672e+00
4.439504146575927734e+00
4.056825160980224609e+00
4.148086071014404297e+00
4.233096599578857422e+00
4.295150279998779297e+00
3.857451677322387695e+00
4.189607143402099609e+00
2.216407060623168945e+00
9.186490774154663086e-01
9.380353689193725586e-01
1.715365767478942871e+00
3.841418504714965820e+00
1.855372047424316406e+01
4.693262481689453125e+01
6.115686798095703125e+01
7.728638458251953125e+01
6.028617858886718750e+01
2.850026702880859375e+01
3.867620086669921875e+01
6.867354583740234375e+01
6.921747589111328125e+01
7.735517883300781250e+01
7.456802368164062500e+01
6.059991836547851562e+01
5.933832550048828125e+01
4.709099960327148438e+01
2.404433059692382812e+01
9.414858818054199219e+00
-1.175453782081604004e+00
-9.104157215915620327e-04
2.594338655471801758e+00
2.470027208328247070e+00
2.204667329788208008e+00
2.430457353591918945e+00
4.164863109588623047e+00
1.145802497863769531e+01
3.210036849975585938e+01
5.423711395263671875e+01
6.091152954101562500e+01
7.668067932128906250e+01
7.124987030029296875e+01
3.257791900634765625e+01
4.133087921142578125e+01
6.748474121093750000e+01
5.997167587280273438e+01
6.903874969482421875e+01
7.255228424072265625e+01
5.151364135742187500e+01
5.633823013305664062e+01
4.609481048583984375e+01
6.966826915740966797e+00
4.071250438690185547e+00
6.755059957504272461e-01
3.644009828567504883e+00
3.597438097000122070e+00
2.239934206008911133e+00
1.788171172142028809e+00
2.219258546829223633e+00
3.084288835525512695e+00
6.463786602020263672e+00
3.039616584777832031e+01
4.830281448364257812e+01
6.052809906005859375e+01
7.433129119873046875e+01
6.279246139526367188e+01
2.996051025390625000e+01
3.463745117187500000e+01
6.178525161743164062e+01
5.958836364746093750e+01
5.765320968627929688e+01
4.672806167602539062e+01
1.965027999877929688e+01
3.886735200881958008e+00
4.932624340057373047e+00
4.730636119842529297e+00
4.623422145843505859e+00
4.498315334320068359e+00
3.741986513137817383e+00
3.727227449417114258e+00
2.258004426956176758e+00
1.510182738304138184e+00
1.219592452049255371e+00
1.778561949729919434e+00
3.323962450027465820e+00
1.500837039947509766e+01
4.671151733398437500e+01
6.030195999145507812e+01
6.080752182006835938e+01
1.403201198577880859e+01
8.582032203674316406e+00
4.860492229461669922e+00
4.148938655853271484e+00
5.016839504241943359e+00
5.297074794769287109e+00
4.940654277801513672e+00
4.607898235321044922e+00
4.382108211517333984e+00
3.892359972000122070e+00
4.109727382659912109e+00
4.257140636444091797e+00
4.282239437103271484e+00
3.778681993484497070e+00
4.147487163543701172e+00
2.351311922073364258e+00
1.328612685203552246e+00
9.673455953598022461e-01
1.890746474266052246e+00
3.502215623855590820e+00
1.690649986267089844e+01
4.681413269042968750e+01
6.037239456176757812e+01
7.442670440673828125e+01
6.414689636230468750e+01
3.172078132629394531e+01
3.984837341308593750e+01
6.801935577392578125e+01
6.053215408325195312e+01
6.751145172119140625e+01
7.094064331054687500e+01
5.160937881469726562e+01
5.574987792968750000e+01
4.799855804443359375e+01
1.528693199157714844e+01
5.235011577606201172e+00
6.698964834213256836e-01
3.130116701126098633e+00
3.294411897659301758e+00
2.103232622146606445e+00
1.897137999534606934e+00
2.040982484817504883e+00
3.335501909255981445e+00
8.507004737854003906e+00
3.557366180419921875e+01
5.076264190673828125e+01
6.056565093994140625e+01
7.829397583007812500e+01
7.269933319091796875e+01
3.170231056213378906e+01
4.288694763183593750e+01
7.059510803222656250e+01
6.557624053955078125e+01
7.330923461914062500e+01
7.457537841796875000e+01
6.147377395629882812e+01
5.732076263427734375e+01
6.022899246215820312e+01
1.921147918701171875e+01
1.965348625183105469e+01
7.294015407562255859e+00
2.113242387771606445e+00
3.184455156326293945e+00
2.542456865310668945e+00
2.706664323806762695e+00
3.160086870193481445e+00
4.638486385345458984e+00
6.349032878875732422e+00
1.384884643554687500e+01
5.278287887573242188e+01
6.062223815917968750e+01
8.214708709716796875e+01
7.115749359130859375e+01
2.927107620239257812e+01
4.644566726684570312e+01
6.893271636962890625e+01
6.552490997314453125e+01
7.433286285400390625e+01
7.179669189453125000e+01
5.995133590698242188e+01
1.334643173217773438e+01
7.374425411224365234e+00
3.257714509963989258e+00
4.509654521942138672e+00
4.472661495208740234e+00
4.240127086639404297e+00
3.795100450515747070e+00
2.086060762405395508e+00
1.080067992210388184e+00
1.082890868186950684e+00
1.960383772850036621e+00
3.822747468948364258e+00
1.825933074951171875e+01
4.828185653686523438e+01
6.075303649902343750e+01
7.916017150878906250e+01
7.671327209472656250e+01
3.514805603027343750e+01
4.651432418823242188e+01
7.126429748535156250e+01
6.871257781982421875e+01
7.662566375732421875e+01
7.349585723876953125e+01
6.220740509033203125e+01
5.595922851562500000e+01
5.493745040893554688e+01
1.653388404846191406e+01
1.232946300506591797e+01
3.514081239700317383e+00
-1.237579941749572754e+00
1.949839949607849121e+00
2.311215639114379883e+00
2.476609468460083008e+00
2.982913255691528320e+00
3.251672029495239258e+00
4.704711437225341797e+00
2.020240974426269531e+01
5.384980773925781250e+01
6.066890335083007812e+01
7.583303833007812500e+01
6.514867401123046875e+01
2.915377998352050781e+01
3.863904953002929688e+01
6.801938629150390625e+01
6.746705627441406250e+01
7.130299377441406250e+01
6.705978393554687500e+01
4.842573928833007812e+01
4.930400466918945312e+01
4.341365051269531250e+01
1.702376174926757812e+01
1.455986976623535156e+01
4.061797618865966797e+00
3.226800203323364258e+00
2.720498323440551758e+00
1.682496428489685059e+00
1.274793028831481934e+00
2.156876802444458008e+00
3.411072969436645508e+00
5.839704036712646484e+00
2.144328117370605469e+01
5.247663879394531250e+01
6.081807708740234375e+01
8.130626678466796875e+01
7.141692352294921875e+01
3.118732070922851562e+01
3.429726409912109375e+01
4.752944946289062500e+01
6.395667266845703125e+01
8.231555938720703125e+01
7.763526153564453125e+01
6.526518249511718750e+01
4.385377502441406250e+01
1.719148826599121094e+01
7.260093212127685547e+00
8.894965171813964844e+00
-2.365250349044799805e+00
3.165525197982788086e-01
2.318465471267700195e+00
1.564977049827575684e+00
1.284720778465270996e+00
1.373273253440856934e+00
1.863459944725036621e+00
3.178593873977661133e+00
1.881643104553222656e+01
4.749035263061523438e+01
6.016055679321289062e+01
6.062593460083007812e+01
1.365618610382080078e+01
8.310206413269042969e+00
4.668427944183349609e+00
4.453088283538818359e+00
5.029529094696044922e+00
5.261363506317138672e+00
4.939214229583740234e+00
4.602061748504638672e+00
4.428754329681396484e+00
3.959418535232543945e+00
3.990313768386840820e+00
4.174064159393310547e+00
4.272794246673583984e+00
3.855653047561645508e+00
4.133332729339599609e+00
2.158234834671020508e+00
1.274226546287536621e+00
1.057456374168395996e+00
1.875363707542419434e+00
3.799100160598754883e+00
1.704263877868652344e+01
4.675127792358398438e+01
6.042227935791015625e+01
8.123197174072265625e+01
7.540326690673828125e+01
4.700816726684570312e+01
5.493091583251953125e+01
7.453416442871093750e+01
8.471323394775390625e+01
8.354956054687500000e+01
7.210016632080078125e+01
6.429584503173828125e+01
6.288013839721679688e+01
5.270417785644531250e+01
2.686708259582519531e+01
1.239194679260253906e+01
2.479855775833129883e+00
-8.674074411392211914e-01
1.913815855979919434e+00
2.668473482131958008e+00
2.629140138626098633e+00
2.530524492263793945e+00
3.143843889236450195e+00
4.688033580780029297e+00
2.326888847351074219e+01
5.319148254394531250e+01
6.077605438232421875e+01
7.788585662841796875e+01
6.747600555419921875e+01
3.236322402954101562e+01
4.635765075683593750e+01
7.135381317138671875e+01
6.422073364257812500e+01
7.478547668457031250e+01
7.513114929199218750e+01
6.335492706298828125e+01
6.569836425781250000e+01
1.536845016479492188e+01
1.977980971336364746e+00
4.393336772918701172e+00
4.349238872528076172e+00
4.534039974212646484e+00
4.351176738739013672e+00
1.895821928977966309e+00
1.270499587059020996e+00
8.021787405014038086e-01
2.353627443313598633e+00
3.763842821121215820e+00
1.573379516601562500e+01
4.687025833129882812e+01
6.099398422241210938e+01
8.208643341064453125e+01
7.351905059814453125e+01
4.327647399902343750e+01
5.693578720092773438e+01
7.326506042480468750e+01
7.913449859619140625e+01
8.020758056640625000e+01
7.023149871826171875e+01
6.411263275146484375e+01
6.623461914062500000e+01
6.047141265869140625e+01
2.136070823669433594e+01
1.497160339355468750e+01
9.153126716613769531e+00
1.430448144674301147e-01
4.531991481781005859e+00
5.595466136932373047e+00
5.280278682708740234e+00
5.376143932342529297e+00
5.688687801361083984e+00
7.028777599334716797e+00
1.788141822814941406e+01
5.984943771362304688e+01
6.111938095092773438e+01
8.767754364013671875e+01
7.471823120117187500e+01
4.423060607910156250e+01
5.879038238525390625e+01
7.649922180175781250e+01
7.523531341552734375e+01
7.288224029541015625e+01
6.513625335693359375e+01
5.522846984863281250e+01
5.707257843017578125e+01
4.099534606933593750e+01
1.798000144958496094e+01
1.677240371704101562e+01
8.960660696029663086e-01
-5.309110879898071289e-01
3.748463869094848633e+00
2.553895235061645508e+00
2.394191026687622070e+00
2.848777055740356445e+00
3.838977098464965820e+00
5.435805797576904297e+00
1.261842632293701172e+01
5.076744842529296875e+01
6.133815765380859375e+01
8.118701934814453125e+01
7.239344787597656250e+01
2.837536430358886719e+01
4.077312088012695312e+01
7.196585845947265625e+01
7.064844512939453125e+01
7.042524719238281250e+01
6.511561584472656250e+01
5.193661499023437500e+01
5.798638916015625000e+01
5.914176177978515625e+01
2.268863105773925781e+01
1.637814712524414062e+01
2.257615327835083008e+00
1.999614119529724121e+00
3.091628313064575195e+00
1.575290083885192871e+00
1.771468520164489746e+00
2.856885194778442383e+00
3.970696687698364258e+00
5.375350475311279297e+00
1.941815376281738281e+01
5.008697509765625000e+01
6.074107742309570312e+01
8.094224548339843750e+01
6.398524856567382812e+01
2.387482452392578125e+01
3.278122711181640625e+01
6.179938507080078125e+01
6.041572189331054688e+01
6.756376647949218750e+01
6.500045776367187500e+01
4.151486968994140625e+01
7.741765499114990234e+00
5.107869625091552734e+00
4.756406307220458984e+00
4.608375072479248047e+00
4.478049755096435547e+00
3.747969865798950195e+00
3.846984148025512695e+00
2.272876024246215820e+00
1.477052092552185059e+00
1.326798796653747559e+00
2.024195909500122070e+00
3.470649003982543945e+00
1.497928905487060547e+01
4.646644973754882812e+01
6.038830947875976562e+01
6.095731735229492188e+01
1.525347423553466797e+01
8.514569282531738281e+00
5.130376338958740234e+00
5.220872402191162109e+00
5.287074565887451172e+00
5.346032619476318359e+00
4.934644222259521484e+00
4.549203395843505859e+00
4.306014537811279297e+00
3.766234636306762695e+00
3.946187257766723633e+00
4.140256404876708984e+00
4.222220897674560547e+00
3.763627290725708008e+00
3.969292879104614258e+00
2.112143754959106445e+00
1.323138594627380371e+00
1.278111815452575684e+00
2.259446382522583008e+00
3.985219240188598633e+00
1.814034461975097656e+01
4.768422317504882812e+01
6.118372726440429688e+01
8.044669342041015625e+01
7.082418060302734375e+01
4.387148666381835938e+01
6.049697113037109375e+01
8.167240905761718750e+01
8.696538543701171875e+01
8.478235626220703125e+01
7.095994567871093750e+01
6.352304077148437500e+01
6.436692810058593750e+01
5.937581634521484375e+01
3.452513122558593750e+01
2.034635543823242188e+01
9.873117208480834961e-01
-1.023142457008361816e+00
1.760293364524841309e+00
2.654267549514770508e+00
2.268914461135864258e+00
2.425372362136840820e+00
2.817502260208129883e+00
3.955859422683715820e+00
1.996873474121093750e+01
5.313700866699218750e+01
6.121763229370117188e+01
8.177515411376953125e+01
7.262184906005859375e+01
4.443142700195312500e+01
4.782619094848632812e+01
6.763042449951171875e+01
7.629707336425781250e+01
7.804945373535156250e+01
6.612428283691406250e+01
5.950860214233398438e+01
5.949750137329101562e+01
5.677855300903320312e+01
2.926005172729492188e+01
1.559017848968505859e+01
4.313172817230224609e+00
-4.557405710220336914e-01
2.137101411819458008e+00
2.971682786941528320e+00
2.466344118118286133e+00
2.980027437210083008e+00
3.919957399368286133e+00
5.861659526824951172e+00
2.298864936828613281e+01
5.429476928710937500e+01
6.139313888549804688e+01
8.030855560302734375e+01
7.465590667724609375e+01
4.356036376953125000e+01
5.700794219970703125e+01
7.375276947021484375e+01
6.670997619628906250e+01
7.850799560546875000e+01
7.062004852294921875e+01
5.801483917236328125e+01
5.689262771606445312e+01
4.289342117309570312e+01
1.024585628509521484e+01
3.913489580154418945e+00
1.328216586261987686e-02
2.022671937942504883e+00
2.984236955642700195e+00
2.306386232376098633e+00
1.922879576683044434e+00
2.113526582717895508e+00
2.921054124832153320e+00
4.469872951507568359e+00
2.415087318420410156e+01
4.771905899047851562e+01
6.140388870239257812e+01
7.222214508056640625e+01
6.180704879760742188e+01
3.013383865356445312e+01
4.235602951049804688e+01
6.717689514160156250e+01
7.271438598632812500e+01
7.643065643310546875e+01
7.580721282958984375e+01
6.204187011718750000e+01
5.478152465820312500e+01
4.703358459472656250e+01
1.505024242401123047e+01
1.426346588134765625e+01
2.257266235351562500e+01
5.299598217010498047e+00
5.451955318450927734e+00
1.306180572509765625e+01
6.680751323699951172e+00
6.892966747283935547e+00
8.089465141296386719e+00
1.111314392089843750e+01
2.496487426757812500e+01
5.895887756347656250e+01
6.019687652587890625e+01
8.546328735351562500e+01
7.282131958007812500e+01
2.659875488281250000e+01
4.050523376464843750e+01
7.064186859130859375e+01
6.728520965576171875e+01
7.530233764648437500e+01
6.622802734375000000e+01
6.202694702148437500e+01
5.649688720703125000e+01
5.815340423583984375e+01
4.344821929931640625e+01
2.498046302795410156e+01
3.484625625610351562e+01
4.157834625244140625e+01
4.620721817016601562e+01
3.636500549316406250e+01
1.680106544494628906e+01
8.766839027404785156e+00
7.945985317230224609e+00
7.842774868011474609e+00
7.965028285980224609e+00
9.681861877441406250e+00
2.679303741455078125e+01
7.286444091796875000e+01
6.127402496337890625e+01
3.377175140380859375e+01
4.834005737304687500e+01
6.554232025146484375e+01
6.310120391845703125e+01
7.567472076416015625e+01
7.542131805419921875e+01
6.176537322998046875e+01
4.803487777709960938e+01
1.878107643127441406e+01
7.884553670883178711e-01
4.237687587738037109e+00
4.432191371917724609e+00
3.594426393508911133e+00
2.979289293289184570e+00
1.674546599388122559e+00
1.274356245994567871e+00
1.640906691551208496e+00
2.398614168167114258e+00
3.807957887649536133e+00
1.436076450347900391e+01
4.617926406860351562e+01
6.062316894531250000e+01
6.147617721557617188e+01
1.552516269683837891e+01
8.702862739562988281e+00
5.115224361419677734e+00
4.979966640472412109e+00
4.820516109466552734e+00
5.346181392669677734e+00
4.748874187469482422e+00
3.273467302322387695e+00
2.890315294265747070e+00
3.350425004959106445e+00
3.879714250564575195e+00
4.138232707977294922e+00
4.238818645477294922e+00
3.729340791702270508e+00
3.769757509231567383e+00
2.406737565994262695e+00
1.486617445945739746e+00
1.201968550682067871e+00
2.364901781082153320e+00
4.012481212615966797e+00
1.759356307983398438e+01
4.842470550537109375e+01
6.119315338134765625e+01
7.297070312500000000e+01
6.582144927978515625e+01
3.244221115112304688e+01
5.336098480224609375e+01
8.026802062988281250e+01
7.106681823730468750e+01
7.974627685546875000e+01
7.461627197265625000e+01
5.985155105590820312e+01
3.210214614868164062e+01
3.071048736572265625e+01
1.535490322113037109e+01
1.887226295471191406e+01
3.168618440628051758e+00
5.752576589584350586e-01
2.494099855422973633e+00
2.070132493972778320e+00
2.148432970046997070e+00
2.819384813308715820e+00
2.978106737136840820e+00
4.050794124603271484e+00
1.247816848754882812e+01
5.383685302734375000e+01
6.123677062988281250e+01
8.316621398925781250e+01
6.798789215087890625e+01
2.408774566650390625e+01
4.600687408447265625e+01
7.581343841552734375e+01
7.895812225341796875e+01
7.851825714111328125e+01
7.286716461181640625e+01
5.921418762207031250e+01
5.754662704467773438e+01
5.016760253906250000e+01
1.756648254394531250e+01
1.617900657653808594e+01
2.030048370361328125e+01
4.229263305664062500e+01
3.706838226318359375e+01
1.843231582641601562e+01
1.023659038543701172e+01
8.424122810363769531e+00
7.863368511199951172e+00
8.490008354187011719e+00
1.218594837188720703e+01
4.996949768066406250e+01
5.843000411987304688e+01
7.958601379394531250e+01
6.124219894409179688e+01
3.790585327148437500e+01
5.448920440673828125e+01
7.084561920166015625e+01
6.781299591064453125e+01
7.666350555419921875e+01
7.068093109130859375e+01
5.628888320922851562e+01
6.339178085327148438e+01
1.606833457946777344e+01
-3.877798318862915039e-01
4.210181713104248047e+00
4.321149349212646484e+00
3.588870286941528320e+00
3.190907716751098633e+00
1.821860671043395996e+00
1.097455382347106934e+00
9.155515432357788086e-01
2.319739580154418945e+00
4.091069698333740234e+00
1.815141105651855469e+01
4.814713668823242188e+01
6.108973693847656250e+01
8.098549652099609375e+01
7.384088134765625000e+01
3.703998947143554688e+01
5.018566894531250000e+01
6.933070373535156250e+01
6.339147949218750000e+01
7.278811645507812500e+01
6.957696533203125000e+01
5.862549209594726562e+01
5.787228012084960938e+01
5.664063262939453125e+01
1.214140129089355469e+01
7.744508266448974609e+00
7.299970388412475586e-01
8.559259176254272461e-01
3.153165102005004883e+00
2.569184541702270508e+00
2.183184862136840820e+00
2.496876955032348633e+00
3.135676622390747070e+00
4.174325466156005859e+00
1.140656375885009766e+01
5.025171661376953125e+01
6.133152389526367188e+01
8.029326629638671875e+01
7.342111206054687500e+01
3.809918975830078125e+01
4.881554412841796875e+01
7.616107177734375000e+01
7.749409484863281250e+01
7.676041412353515625e+01
6.390693664550781250e+01
5.527352905273437500e+01
5.912809753417968750e+01
4.975002288818359375e+01
9.924753189086914062e+00
8.369055747985839844e+00
1.452008605003356934e+00
1.668448805809020996e+00
2.574931383132934570e+00
2.059508562088012695e+00
1.894078612327575684e+00
2.366214036941528320e+00
3.199542284011840820e+00
4.900449275970458984e+00
1.974630737304687500e+01
5.350229263305664062e+01
6.098409271240234375e+01
7.568313598632812500e+01
6.239104080200195312e+01
2.887811279296875000e+01
3.505188751220703125e+01
5.972711944580078125e+01
5.703263854980468750e+01
5.978485107421875000e+01
5.682587432861328125e+01
3.170672607421875000e+01
7.756061077117919922e+00
5.623261928558349609e+00
4.911035060882568359e+00
4.667932033538818359e+00
4.506713390350341797e+00
3.685261964797973633e+00
3.652968645095825195e+00
2.251578569412231445e+00
1.330066084861755371e+00
1.222089171409606934e+00
2.035811662673950195e+00
3.647771120071411133e+00
1.626235961914062500e+01
4.739134216308593750e+01
6.046020889282226562e+01
6.092157745361328125e+01
1.519266796112060547e+01
9.140709877014160156e+00
5.390418529510498047e+00
4.412480831146240234e+00
4.996070384979248047e+00
5.465667247772216797e+00
4.865020275115966797e+00
4.417451381683349609e+00
4.170571804046630859e+00
3.620375871658325195e+00
3.895243883132934570e+00
4.077662944793701172e+00
4.143590450286865234e+00
3.654113054275512695e+00
3.789895296096801758e+00
2.255391359329223633e+00
1.335132002830505371e+00
1.290162444114685059e+00
2.385751008987426758e+00
4.149781703948974609e+00
1.992459487915039062e+01
4.833050537109375000e+01
6.088423919677734375e+01
7.650642395019531250e+01
6.860810089111328125e+01
3.382575988769531250e+01
5.076366806030273438e+01
7.831630706787109375e+01
8.000167083740234375e+01
7.945156860351562500e+01
6.931063079833984375e+01
6.260530853271484375e+01
6.172162246704101562e+01
6.025735473632812500e+01
1.320449733734130859e+01
4.299901485443115234e+00
1.016169905662536621e+00
-1.217714697122573853e-01
2.944566011428833008e+00
2.250323534011840820e+00
2.364302873611450195e+00
2.765164613723754883e+00
3.844952821731567383e+00
4.841996669769287109e+00
2.159370613098144531e+01
5.447650909423828125e+01
6.117940139770507812e+01
7.703227233886718750e+01
7.073131561279296875e+01
3.261296844482421875e+01
4.568973159790039062e+01
7.033287048339843750e+01
6.800056457519531250e+01
7.560563659667968750e+01
6.912103271484375000e+01
6.096843338012695312e+01
5.436043167114257812e+01
4.912173461914062500e+01
1.344154357910156250e+01
1.180319309234619141e+01
3.321480989456176758e+00
1.444991469383239746e+00
3.680871248245239258e+00
2.374629259109497070e+00
1.897015929222106934e+00
2.703767061233520508e+00
3.160250902175903320e+00
4.775569438934326172e+00
9.139563560485839844e+00
4.913901138305664062e+01
6.124975967407226562e+01
8.078861999511718750e+01
7.437120819091796875e+01
4.193428421020507812e+01
5.799468231201171875e+01
8.130715179443359375e+01
8.023609161376953125e+01
8.092303466796875000e+01
6.745028686523437500e+01
5.957963180541992188e+01
6.175627899169921875e+01
5.010913467407226562e+01
1.848771095275878906e+01
1.759054374694824219e+01
3.253575563430786133e+00
3.569997549057006836e-01
3.803456544876098633e+00
3.040469408035278320e+00
3.027346849441528320e+00
3.143054246902465820e+00
4.176843166351318359e+00
4.744290828704833984e+00
7.450028896331787109e+00
5.198060226440429688e+01
6.136263656616210938e+01
8.312125396728515625e+01
6.002342605590820312e+01
2.721554946899414062e+01
6.356694030761718750e+01
8.622330474853515625e+01
8.423305511474609375e+01
8.161965179443359375e+01
6.891639709472656250e+01
6.039227676391601562e+01
5.546002197265625000e+01
6.080682277679443359e+00
-1.982675939798355103e-01
3.983491182327270508e+00
3.624980211257934570e+00
2.943944215774536133e+00
2.857045412063598633e+00
1.762000441551208496e+00
1.165896773338317871e+00
1.219880461692810059e+00
2.543250322341918945e+00
4.335635662078857422e+00
1.907910919189453125e+01
4.884871292114257812e+01
6.138480758666992188e+01
7.302112579345703125e+01
6.666398620605468750e+01
3.038708686828613281e+01
4.019724655151367188e+01
6.691966247558593750e+01
6.923784637451171875e+01
7.530722808837890625e+01
7.168086242675781250e+01
6.114382553100585938e+01
6.078129196166992188e+01
5.809060668945312500e+01
3.200825119018554688e+01
1.404817676544189453e+01
4.479890346527099609e+00
4.520925283432006836e-01
2.926028490066528320e+00
3.315089464187622070e+00
2.514834642410278320e+00
3.153493165969848633e+00
4.351836681365966797e+00
5.645360469818115234e+00
1.686340522766113281e+01
5.294250488281250000e+01
6.104172897338867188e+01
7.115924835205078125e+01
5.725173187255859375e+01
3.468547821044921875e+01
4.027448272705078125e+01
6.658058166503906250e+01
6.578786468505859375e+01
5.985179138183593750e+01
3.739837646484375000e+01
9.768692016601562500e+00
1.732566237449645996e+00
3.449559450149536133e+00
4.353770732879638672e+00
4.424188137054443359e+00
4.488576412200927734e+00
3.570616960525512695e+00
3.334693193435668945e+00
2.688424348831176758e+00
2.018489122390747070e+00
1.484395384788513184e+00
2.046639680862426758e+00
3.625367403030395508e+00
1.304004001617431641e+01
4.531370544433593750e+01
6.086680603027343750e+01
7.150999450683593750e+01
5.934029006958007812e+01
3.280153274536132812e+01
3.845254898071289062e+01
6.564265441894531250e+01
6.647236633300781250e+01
7.191427612304687500e+01
6.686598205566406250e+01
4.274142074584960938e+01
5.900027751922607422e+00
3.898101091384887695e+00
4.290736675262451172e+00
4.149434566497802734e+00
4.169675350189208984e+00
3.547793626785278320e+00
3.821492433547973633e+00
2.326867341995239258e+00
1.901543974876403809e+00
1.797908186912536621e+00
2.534068346023559570e+00
4.116664409637451172e+00
1.575395965576171875e+01
4.707718276977539062e+01
6.171876525878906250e+01
7.832723999023437500e+01
7.008217620849609375e+01
3.220483398437500000e+01
4.991976928710937500e+01
7.469629669189453125e+01
7.506956481933593750e+01
7.613111114501953125e+01
6.742658233642578125e+01
5.742618179321289062e+01
5.773817443847656250e+01
5.382754135131835938e+01
1.690906524658203125e+01
1.012055969238281250e+01
2.067728042602539062e+01
2.339039421081542969e+01
1.386580944061279297e+01
8.772955894470214844e+00
6.766643047332763672e+00
7.160766124725341797e+00
7.941453456878662109e+00
1.051341152191162109e+01
2.251639938354492188e+01
5.802054214477539062e+01
6.008779907226562500e+01
7.805696105957031250e+01
7.339691162109375000e+01
3.216503143310546875e+01
4.870661926269531250e+01
7.169709014892578125e+01
6.890173339843750000e+01
7.375246429443359375e+01
6.845386505126953125e+01
5.642030334472656250e+01
5.830455398559570312e+01
5.481206130981445312e+01
1.435990619659423828e+01
7.908711910247802734e+00
1.718079924583435059e+00
2.870761156082153320e+00
2.370158433914184570e+00
-4.429434299468994141e+00
1.923163771629333496e+00
1.805259108543395996e+00
2.076371431350708008e+00
2.853404283523559570e+00
1.675945854187011719e+01
4.939414596557617188e+01
6.109886169433593750e+01
7.638038635253906250e+01
5.992467498779296875e+01
2.859334373474121094e+01
4.160849380493164062e+01
6.882522583007812500e+01
6.448641204833984375e+01
7.138059234619140625e+01
6.673394775390625000e+01
5.378708648681640625e+01
5.995195388793945312e+01
5.391448211669921875e+01
2.366338729858398438e+01
9.704718589782714844e+00
1.905286192893981934e+00
3.033749818801879883e+00
2.161118745803833008e+00
1.780757308006286621e+00
1.945969939231872559e+00
2.408850908279418945e+00
2.847554445266723633e+00
3.611190080642700195e+00
1.187817955017089844e+01
5.044657516479492188e+01
6.137484741210937500e+01
7.545793151855468750e+01
6.477421569824218750e+01
3.171275329589843750e+01
3.977504348754882812e+01
6.290194702148437500e+01
6.536934661865234375e+01
7.313628387451171875e+01
6.945639801025390625e+01
5.753420639038085938e+01
6.154809188842773438e+01
5.692914199829101562e+01
1.882655525207519531e+01
1.486950206756591797e+01
3.963362932205200195e+00
-1.946760565042495728e-01
2.752379655838012695e+00
3.157674074172973633e+00
3.263562440872192383e+00
3.100329637527465820e+00
3.545552492141723633e+00
4.614972591400146484e+00
1.544639778137207031e+01
5.564700698852539062e+01
6.131428146362304688e+01
8.111831665039062500e+01
7.354570770263671875e+01
2.843171882629394531e+01
4.622874832153320312e+01
7.497024536132812500e+01
7.416782379150390625e+01
7.598473358154296875e+01
6.430612945556640625e+01
6.015307998657226562e+01
6.216672897338867188e+01
5.763632965087890625e+01
2.947549247741699219e+01
5.521024227142333984e+00
1.217818617820739746e+00
-2.034746557474136353e-01
3.347802400588989258e+00
3.560620546340942383e+00
3.382191896438598633e+00
3.505952119827270508e+00
3.466462373733520508e+00
5.667581081390380859e+00
2.874804115295410156e+01
5.999684143066406250e+01
6.181034469604492188e+01
7.398062896728515625e+01
5.835340499877929688e+01
2.734069061279296875e+01
3.957676696777343750e+01
6.407064819335937500e+01
6.276626586914062500e+01
7.078437805175781250e+01
6.612619781494140625e+01
4.153583526611328125e+01
7.177815914154052734e+00
5.465497493743896484e+00
4.848622798919677734e+00
4.558532238006591797e+00
4.492757320404052734e+00
3.633134126663208008e+00
3.462004899978637695e+00
2.745915651321411133e+00
2.033326387405395508e+00
2.089431047439575195e+00
2.248978853225708008e+00
3.543772935867309570e+00
1.161369037628173828e+01
4.503893661499023438e+01
6.097098922729492188e+01
6.122301864624023438e+01
1.461317634582519531e+01
8.352154731750488281e+00
4.685096263885498047e+00
3.789649248123168945e+00
4.954108715057373047e+00
5.320279598236083984e+00
4.899173259735107422e+00
4.559077739715576172e+00
4.378356456756591797e+00
3.952847719192504883e+00
4.081546306610107422e+00
4.226155757904052734e+00
4.275779247283935547e+00
3.659741640090942383e+00
3.965821504592895508e+00
2.356370210647583008e+00
2.383105516433715820e+00
2.065196275711059570e+00
2.286174058914184570e+00
3.934174776077270508e+00
1.015945148468017578e+01
4.348929214477539062e+01
6.130073928833007812e+01
7.194548797607421875e+01
6.368240737915039062e+01
3.011737251281738281e+01
4.400605773925781250e+01
7.377075958251953125e+01
7.651420593261718750e+01
7.655126953125000000e+01
6.971334838867187500e+01
6.239404296875000000e+01
6.625382995605468750e+01
6.633033752441406250e+01
3.642381668090820312e+01
2.405154800415039062e+01
5.349595546722412109e+00
1.576148390769958496e+00
4.654277324676513672e+00
7.763291835784912109e+00
4.653266429901123047e+00
3.922757387161254883e+00
5.138953685760498047e+00
6.178754329681396484e+00
1.104554271697998047e+01
5.563125610351562500e+01
6.203896713256835938e+01
8.480039215087890625e+01
7.149754333496093750e+01
3.786660003662109375e+01
5.329552459716796875e+01
6.053466033935546875e+01
6.924481201171875000e+01
7.908390045166015625e+01
6.799696350097656250e+01
6.098692321777343750e+01
5.582580566406250000e+01
3.792066192626953125e+01
2.255483055114746094e+01
1.683227157592773438e+01
9.996747016906738281e+00
5.316855907440185547e+00
1.501678371429443359e+01
1.671288108825683594e+01
1.732939338684082031e+01
1.298958492279052734e+01
1.101653385162353516e+01
9.911962509155273438e+00
1.394128704071044922e+01
5.643640899658203125e+01
5.821270370483398438e+01
8.427829742431640625e+01
7.210449981689453125e+01
3.133364486694335938e+01
5.011423110961914062e+01
7.489687347412109375e+01
7.332456207275390625e+01
7.802239227294921875e+01
6.675896453857421875e+01
6.264914321899414062e+01
6.729276275634765625e+01
2.020219039916992188e+01
5.084012746810913086e-01
3.980614900588989258e+00
3.797797441482543945e+00
4.046803951263427734e+00
4.610644817352294922e+00
2.601300477981567383e+00
2.417248964309692383e+00
2.266707658767700195e+00
3.952960252761840820e+00
4.690751552581787109e+00
1.416050529479980469e+01
4.727644729614257812e+01
6.213447952270507812e+01
8.510691070556640625e+01
7.152919769287109375e+01
4.233761596679687500e+01
6.212777709960937500e+01
8.566446685791015625e+01
8.671996307373046875e+01
8.006826019287109375e+01
6.214484024047851562e+01
5.142361450195312500e+01
5.371314239501953125e+01
2.690436553955078125e+01
7.448026180267333984e+00
6.823232173919677734e+00
1.823890089988708496e+00
1.438504576683044434e+00
2.917741060256958008e+00
2.299884080886840820e+00
1.875573515892028809e+00
2.558509111404418945e+00
3.396502733230590820e+00
4.631839275360107422e+00
2.818789482116699219e+01
5.610372161865234375e+01
6.119428253173828125e+01
7.616734313964843750e+01
7.233871459960937500e+01
3.792049407958984375e+01
4.063416671752929688e+01
6.755403900146484375e+01
7.401422882080078125e+01
7.658335876464843750e+01
7.271875762939453125e+01
5.982748794555664062e+01
6.036020278930664062e+01
5.034050750732421875e+01
9.454148292541503906e+00
1.212712478637695312e+01
3.980685472488403320e+00
2.032397508621215820e+00
2.973811388015747070e+00
2.596709489822387695e+00
2.166501283645629883e+00
2.430724382400512695e+00
3.471738100051879883e+00
4.727046489715576172e+00
8.239012718200683594e+00
5.216267776489257812e+01
6.120814895629882812e+01
7.973651885986328125e+01
7.023923492431640625e+01
4.269850540161132812e+01
5.563191223144531250e+01
8.027697753906250000e+01
8.242507171630859375e+01
8.010817718505859375e+01
6.611659240722656250e+01
6.294704055786132812e+01
1.677964401245117188e+01
1.379809188842773438e+01
3.483268022537231445e+00
4.457841396331787109e+00
4.570771694183349609e+00
4.262555599212646484e+00
4.246482372283935547e+00
2.567301988601684570e+00
1.483445525169372559e+00
1.847651839256286621e+00
2.474160432815551758e+00
4.242547512054443359e+00
1.745998382568359375e+01
4.876456069946289062e+01
6.133163070678710938e+01
7.564580535888671875e+01
5.003491592407226562e+01
2.298258972167968750e+01
3.652663803100585938e+01
5.390051651000976562e+01
4.412412643432617188e+01
2.702978324890136719e+01
9.367032051086425781e+00
2.905789613723754883e+00
8.807195425033569336e-01
4.143064022064208984e+00
4.505033016204833984e+00
4.493560314178466797e+00
4.389438152313232422e+00
3.659903764724731445e+00
3.448586702346801758e+00
2.500418901443481445e+00
1.980159163475036621e+00
1.764706969261169434e+00
2.218516588211059570e+00
3.794183015823364258e+00
1.356357860565185547e+01
4.660023117065429688e+01
6.135062026977539062e+01
7.352055358886718750e+01
6.695818328857421875e+01
3.333495330810546875e+01
4.204035949707031250e+01
6.832614898681640625e+01
7.000386810302734375e+01
7.482106018066406250e+01
6.919258880615234375e+01
5.947935485839843750e+01
5.869738006591796875e+01
4.438101196289062500e+01
1.323598194122314453e+01
4.001712322235107422e+00
8.683599233627319336e-01
2.791981935501098633e+00
3.822737932205200195e+00
2.500842332839965820e+00
2.688197374343872070e+00
3.333634614944458008e+00
3.814233064651489258e+00
4.937037944793701172e+00
8.562169075012207031e+00
4.432462692260742188e+01
5.798892593383789062e+01
7.213489532470703125e+01
6.998608398437500000e+01
2.802985382080078125e+01
3.557120513916015625e+01
6.028145217895507812e+01
6.025945281982421875e+01
5.888196182250976562e+01
4.111373901367187500e+01
3.311903381347656250e+01
3.800486755371093750e+01
5.836972713470458984e+00
3.430909395217895508e+00
4.153850078582763672e+00
4.433511257171630859e+00
3.485776185989379883e+00
2.898375749588012695e+00
1.360835433006286621e+00
1.537429213523864746e+00
2.380755662918090820e+00
3.356147050857543945e+00
4.419303417205810547e+00
5.976935863494873047e+00
2.366503524780273438e+01
5.796789932250976562e+01
6.766298675537109375e+01
6.402314758300781250e+01
3.643147659301757812e+01
5.293104934692382812e+01
8.190351104736328125e+01
8.034304809570312500e+01
7.526210021972656250e+01
6.343966293334960938e+01
4.718220901489257812e+01
6.740159606933593750e+01
6.296402740478515625e+01
2.369718933105468750e+01
2.311595153808593750e+01
3.852151155471801758e+00
5.557531118392944336e-01
4.513787746429443359e+00
4.746167659759521484e+00
4.547933101654052734e+00
5.209136486053466797e+00
4.716929912567138672e+00
4.664186000823974609e+00
6.028928279876708984e+00
4.757844161987304688e+01
6.024982833862304688e+01
8.070097351074218750e+01
7.164052581787109375e+01
4.980118942260742188e+01
6.371799850463867188e+01
8.160732269287109375e+01
8.315740203857421875e+01
7.877484893798828125e+01
6.498896789550781250e+01
6.293764114379882812e+01
6.034806060791015625e+01
5.334138488769531250e+01
2.103535270690917969e+01
1.105585670471191406e+01
3.323184251785278320e+00
-7.101637125015258789e-01
4.485599040985107422e+00
3.726334810256958008e+00
3.490676164627075195e+00
3.410414934158325195e+00
4.258502483367919922e+00
4.268357753753662109e+00
4.799655437469482422e+00
3.656429672241210938e+01
5.694897842407226562e+01
8.186737823486328125e+01
7.092477416992187500e+01
3.919193649291992188e+01
5.091486358642578125e+01
7.421662139892578125e+01
8.190139770507812500e+01
7.504625701904296875e+01
6.322326278686523438e+01
5.983290863037109375e+01
6.232567214965820312e+01
5.538072586059570312e+01
1.909101486206054688e+01
7.364734172821044922e+00
3.729490041732788086e-01
-1.249296784400939941e+00
5.204249858856201172e+00
3.661555528640747070e+00
3.850547075271606445e+00
4.024028301239013672e+00
4.480309963226318359e+00
5.036641597747802734e+00
6.223582744598388672e+00
4.218715667724609375e+01
6.056439208984375000e+01
6.088468933105468750e+01
1.717811203002929688e+01
8.202475547790527344e+00
4.751239299774169922e+00
5.031020641326904297e+00
5.680819988250732422e+00
5.221059322357177734e+00
4.809537410736083984e+00
4.464437007904052734e+00
4.205970287322998047e+00
4.025897502899169922e+00
4.198964595794677734e+00
4.280608654022216797e+00
4.292016506195068359e+00
3.562815904617309570e+00
3.617028474807739258e+00
1.742410063743591309e+00
1.907523512840270996e+00
2.717049837112426758e+00
3.526883363723754883e+00
