1.311543212890625000e+03
1.313190429687500000e+03
1.315195434570312500e+03
1.317936523437500000e+03
1.320674438476562500e+03
1.324040893554687500e+03
1.327532226562500000e+03
1.329494506835937500e+03
1.331613281250000000e+03
1.335392944335937500e+03
1.335503295898437500e+03
1.335971435546875000e+03
1.334258544921875000e+03
1.332994384765625000e+03
1.331271484375000000e+03
1.328054443359375000e+03
1.326760986328125000e+03
1.326012451171875000e+03
1.326270751953125000e+03
1.322254272460937500e+03
1.318588012695312500e+03
1.316141357421875000e+03
1.313755004882812500e+03
1.310694213867187500e+03
1.307891967773437500e+03
1.306508666992187500e+03
1.304693359375000000e+03
1.300252807617187500e+03
1.300490844726562500e+03
1.300747924804687500e+03
1.302418212890625000e+03
1.305519165039062500e+03
1.310390136718750000e+03
1.316004882812500000e+03
1.322290405273437500e+03
1.328096069335937500e+03
1.334265625000000000e+03
1.337359252929687500e+03
1.340173217773437500e+03
1.341852783203125000e+03
1.343214965820312500e+03
1.344514160156250000e+03
1.345663574218750000e+03
1.343517944335937500e+03
1.344111938476562500e+03
1.344913940429687500e+03
1.344675537109375000e+03
1.345103027343750000e+03
1.345175537109375000e+03
1.345148315429687500e+03
1.344801025390625000e+03
1.344099731445312500e+03
1.344473754882812500e+03
1.344620239257812500e+03
1.344433837890625000e+03
1.345367187500000000e+03
1.344779052734375000e+03
1.344845336914062500e+03
1.344655395507812500e+03
1.344891357421875000e+03
1.344878784179687500e+03
1.345296875000000000e+03
1.344535278320312500e+03
1.342980468750000000e+03
1.341050781250000000e+03
1.340858886718750000e+03
1.340325073242187500e+03
1.340275878906250000e+03
1.338989868164062500e+03
1.339526855468750000e+03
1.339405273437500000e+03
1.338779174804687500e+03
1.333973876953125000e+03
1.333682861328125000e+03
1.335111694335937500e+03
1.339259521484375000e+03
1.343987426757812500e+03
1.351468750000000000e+03
1.352115722656250000e+03
1.354311279296875000e+03
1.355590209960937500e+03
1.358045043945312500e+03
1.356980468750000000e+03
1.356756713867187500e+03
1.356189819335937500e+03
1.355868530273437500e+03
1.355669799804687500e+03
1.355243652343750000e+03
1.355590820312500000e+03
1.356016601562500000e+03
1.355981201171875000e+03
1.354681152343750000e+03
1.354179443359375000e+03
1.353952392578125000e+03
1.353612304687500000e+03
1.352382324218750000e+03
1.352379760742187500e+03
1.352220825195312500e+03
1.351643920898437500e+03
1.352106811523437500e+03
1.352108764648437500e+03
1.352503173828125000e+03
1.353337036132812500e+03
1.354706665039062500e+03
1.356105590820312500e+03
1.356433715820312500e+03
1.357797851562500000e+03
1.358732910156250000e+03
1.359407226562500000e+03
1.360076782226562500e+03
1.361189941406250000e+03
1.361366210937500000e+03
1.361805053710937500e+03
1.362028442382812500e+03
1.361162475585937500e+03
1.360651855468750000e+03
1.360454467773437500e+03
1.358483154296875000e+03
1.355846557617187500e+03
1.352946289062500000e+03
1.351249267578125000e+03
1.349654052734375000e+03
1.348338500976562500e+03
1.349670776367187500e+03
1.351614257812500000e+03
1.352821777343750000e+03
1.355971069335937500e+03
1.357286376953125000e+03
1.358957153320312500e+03
1.358733764648437500e+03
1.358802124023437500e+03
1.358427368164062500e+03
1.357148193359375000e+03
1.356610839843750000e+03
1.357112670898437500e+03
1.356386352539062500e+03
1.355493041992187500e+03
1.355322265625000000e+03
1.355365722656250000e+03
1.355529663085937500e+03
1.355247436523437500e+03
1.354444335937500000e+03
1.352695434570312500e+03
1.351803710937500000e+03
1.350890991210937500e+03
1.350292724609375000e+03
1.348853759765625000e+03
1.348264526367187500e+03
1.348466186523437500e+03
1.349195312500000000e+03
1.349336669921875000e+03
1.349115234375000000e+03
1.348031005859375000e+03
1.346588623046875000e+03
1.344393188476562500e+03
1.341757690429687500e+03
1.340622924804687500e+03
1.340391113281250000e+03
1.340338134765625000e+03
1.340929321289062500e+03
1.341111083984375000e+03
1.341514892578125000e+03
1.342497436523437500e+03
1.342939697265625000e+03
1.342429077148437500e+03
1.341327880859375000e+03
1.340695556640625000e+03
1.340834960937500000e+03
1.341454345703125000e+03
1.342149414062500000e+03
1.342157714843750000e+03
1.343722900390625000e+03
1.346626586914062500e+03
1.349186889648437500e+03
1.350869873046875000e+03
1.352006347656250000e+03
1.352499877929687500e+03
1.352297607421875000e+03
1.351391357421875000e+03
1.350364501953125000e+03
1.347073974609375000e+03
1.345502685546875000e+03
1.344693847656250000e+03
1.343417724609375000e+03
1.342923828125000000e+03
1.343233154296875000e+03
1.343675292968750000e+03
1.343759277343750000e+03
1.344531982421875000e+03
1.344237670898437500e+03
1.341950805664062500e+03
1.341088378906250000e+03
1.339841064453125000e+03
1.338475830078125000e+03
1.337643066406250000e+03
1.337440917968750000e+03
1.337312866210937500e+03
1.337129882812500000e+03
1.338067260742187500e+03
1.338444824218750000e+03
1.338418945312500000e+03
1.338873779296875000e+03
1.339255493164062500e+03
1.339362426757812500e+03
1.339713623046875000e+03
1.339911254882812500e+03
1.340677124023437500e+03
1.341276123046875000e+03
1.340709594726562500e+03
1.341081420898437500e+03
1.341441528320312500e+03
1.341479858398437500e+03
1.341343505859375000e+03
1.340936767578125000e+03
1.340542846679687500e+03
1.340143920898437500e+03
1.339880737304687500e+03
1.340371826171875000e+03
1.340565795898437500e+03
1.340445068359375000e+03
1.340574584960937500e+03
1.340144897460937500e+03
1.340912231445312500e+03
1.340987915039062500e+03
1.340934692382812500e+03
1.340964721679687500e+03
1.341545654296875000e+03
1.342387207031250000e+03
1.343266967773437500e+03
1.343369506835937500e+03
1.343636596679687500e+03
1.343923461914062500e+03
1.344767822265625000e+03
1.345188842773437500e+03
1.345470336914062500e+03
1.346491333007812500e+03
1.348038208007812500e+03
1.349495971679687500e+03
1.351216430664062500e+03
1.351504516601562500e+03
1.351300659179687500e+03
1.349906372070312500e+03
1.349781616210937500e+03
1.349469726562500000e+03
1.348419799804687500e+03
1.348542846679687500e+03
1.349314208984375000e+03
1.349433471679687500e+03
1.350108398437500000e+03
1.350564819335937500e+03
1.350541503906250000e+03
1.349812011718750000e+03
1.350278930664062500e+03
1.350459350585937500e+03
1.349099487304687500e+03
1.348464965820312500e+03
1.347581909179687500e+03
1.347638793945312500e+03
1.347191406250000000e+03
1.347076538085937500e+03
1.346168090820312500e+03
1.347465576171875000e+03
1.348117797851562500e+03
1.348405273437500000e+03
1.348872924804687500e+03
1.349983398437500000e+03
1.350418579101562500e+03
1.351406494140625000e+03
1.351464477539062500e+03
1.350794677734375000e+03
1.349268310546875000e+03
1.348760009765625000e+03
1.346460205078125000e+03
1.343875854492187500e+03
1.341250122070312500e+03
1.336761352539062500e+03
1.334452514648437500e+03
1.334555297851562500e+03
1.335070434570312500e+03
1.336083618164062500e+03
1.337319335937500000e+03
1.338480102539062500e+03
1.339227172851562500e+03
1.341009155273437500e+03
1.342800537109375000e+03
1.342053833007812500e+03
1.340130126953125000e+03
1.339637329101562500e+03
1.340388427734375000e+03
1.342447998046875000e+03
1.344663085937500000e+03
1.346175659179687500e+03
1.347537719726562500e+03
1.351328735351562500e+03
1.357159545898437500e+03
1.360559692382812500e+03
1.362862426757812500e+03
1.363718017578125000e+03
1.364875366210937500e+03
1.366325927734375000e+03
1.366818969726562500e+03
1.365603637695312500e+03
1.363066772460937500e+03
1.360202880859375000e+03
1.360351684570312500e+03
1.358365722656250000e+03
1.355396240234375000e+03
1.354349365234375000e+03
1.352736572265625000e+03
1.353151977539062500e+03
1.353947998046875000e+03
1.353849243164062500e+03
1.354984985351562500e+03
1.354667846679687500e+03
1.355673950195312500e+03
1.358084228515625000e+03
1.357738647460937500e+03
1.357672363281250000e+03
1.357287109375000000e+03
1.357096557617187500e+03
1.356721801757812500e+03
1.356381103515625000e+03
1.355627563476562500e+03
1.355194824218750000e+03
1.352890502929687500e+03
1.352501831054687500e+03
1.352896362304687500e+03
1.352823730468750000e+03
1.352849853515625000e+03
1.352527343750000000e+03
1.352389404296875000e+03
1.352156616210937500e+03
1.351323608398437500e+03
1.352283081054687500e+03
1.352332885742187500e+03
1.352404052734375000e+03
1.353041015625000000e+03
1.353268554687500000e+03
1.354182006835937500e+03
1.356236938476562500e+03
1.359700927734375000e+03
1.360888916015625000e+03
1.362438232421875000e+03
1.361736206054687500e+03
1.361429565429687500e+03
1.361598510742187500e+03
1.361226684570312500e+03
1.360319458007812500e+03
1.358816772460937500e+03
1.357479858398437500e+03
1.357250854492187500e+03
1.357000244140625000e+03
1.356548095703125000e+03
1.355974609375000000e+03
1.354920776367187500e+03
1.354508544921875000e+03
1.354273803710937500e+03
1.354222656250000000e+03
1.355876220703125000e+03
1.356342285156250000e+03
1.359097656250000000e+03
1.359187377929687500e+03
1.359290161132812500e+03
1.358947143554687500e+03
1.358472900390625000e+03
1.358133544921875000e+03
1.357981323242187500e+03
1.358718383789062500e+03
1.358759887695312500e+03
1.358526855468750000e+03
1.358676757812500000e+03
1.359164794921875000e+03
1.359440917968750000e+03
1.359321411132812500e+03
1.358118408203125000e+03
1.356748413085937500e+03
1.354776611328125000e+03
1.353822265625000000e+03
1.354096923828125000e+03
1.355512084960937500e+03
1.356042968750000000e+03
1.356225830078125000e+03
1.356867431640625000e+03
1.358317504882812500e+03
1.359309692382812500e+03
1.359885375976562500e+03
1.359629028320312500e+03
1.357054443359375000e+03
1.356374633789062500e+03
1.355900634765625000e+03
1.355003906250000000e+03
1.354387084960937500e+03
1.354020019531250000e+03
1.353374267578125000e+03
1.353155639648437500e+03
1.352661010742187500e+03
1.353596435546875000e+03
1.349843139648437500e+03
1.347561035156250000e+03
1.348771240234375000e+03
1.349083740234375000e+03
1.348653320312500000e+03
1.349548217773437500e+03
1.350382080078125000e+03
1.353066772460937500e+03
1.355886230468750000e+03
1.355120361328125000e+03
1.352141723632812500e+03
1.347989624023437500e+03
1.346692749023437500e+03
1.345211791992187500e+03
1.342453857421875000e+03
1.341026123046875000e+03
1.339689941406250000e+03
1.341759033203125000e+03
1.341794799804687500e+03
1.341959350585937500e+03
1.341748657226562500e+03
1.341073974609375000e+03
1.342558105468750000e+03
1.342870483398437500e+03
1.342916137695312500e+03
1.343348388671875000e+03
1.342911865234375000e+03
1.343405517578125000e+03
1.343699096679687500e+03
1.343424560546875000e+03
1.342706665039062500e+03
1.339831420898437500e+03
1.339239257812500000e+03
1.337661743164062500e+03
1.336586181640625000e+03
1.336857299804687500e+03
1.337528564453125000e+03
1.338888793945312500e+03
1.340285034179687500e+03
1.342153564453125000e+03
1.344043212890625000e+03
1.345680541992187500e+03
1.349306030273437500e+03
1.350822509765625000e+03
1.349154785156250000e+03
1.347892211914062500e+03
1.347411621093750000e+03
1.346986694335937500e+03
1.346898315429687500e+03
1.346810791015625000e+03
1.347183715820312500e+03
1.347165405273437500e+03
1.346461914062500000e+03
1.347343872070312500e+03
1.349647338867187500e+03
1.350512817382812500e+03
1.351466186523437500e+03
1.352296508789062500e+03
1.353483398437500000e+03
1.354567016601562500e+03
1.353947021484375000e+03
1.353840576171875000e+03
1.358219360351562500e+03
1.359730590820312500e+03
1.360088134765625000e+03
1.361610351562500000e+03
1.362396972656250000e+03
1.364770507812500000e+03
1.362003662109375000e+03
1.362329956054687500e+03
1.362808593750000000e+03
1.365968383789062500e+03
1.367967529296875000e+03
1.367921997070312500e+03
1.366435302734375000e+03
1.364544799804687500e+03
1.364046875000000000e+03
1.366911132812500000e+03
1.368483520507812500e+03
1.368145019531250000e+03
1.368045410156250000e+03
1.366855712890625000e+03
1.368310302734375000e+03
1.369248779296875000e+03
1.369011108398437500e+03
1.370077758789062500e+03
1.369952514648437500e+03
1.370089599609375000e+03
1.370295166015625000e+03
1.368647949218750000e+03
1.367449462890625000e+03
1.365932861328125000e+03
1.365654907226562500e+03
1.366640014648437500e+03
1.367546630859375000e+03
1.370591796875000000e+03
1.373161987304687500e+03
1.373229858398437500e+03
1.375951293945312500e+03
1.376531372070312500e+03
1.376895385742187500e+03
1.378062377929687500e+03
1.378622558593750000e+03
1.379417358398437500e+03
1.378782104492187500e+03
1.377108642578125000e+03
1.374772338867187500e+03
1.367868286132812500e+03
1.364605102539062500e+03
1.361450683593750000e+03
1.358272338867187500e+03
1.355785034179687500e+03
1.355130126953125000e+03
1.355348999023437500e+03
1.355409423828125000e+03
1.355345947265625000e+03
1.357884033203125000e+03
1.358729736328125000e+03
1.360424560546875000e+03
1.359885253906250000e+03
1.360308349609375000e+03
1.359661376953125000e+03
1.360144775390625000e+03
1.359871093750000000e+03
1.360304199218750000e+03
1.362719360351562500e+03
1.363346435546875000e+03
1.363472045898437500e+03
1.363312622070312500e+03
1.364600463867187500e+03
1.365473876953125000e+03
1.365942138671875000e+03
1.368180175781250000e+03
1.369858764648437500e+03
1.370899169921875000e+03
1.369278198242187500e+03
1.368010498046875000e+03
1.368074462890625000e+03
1.367731079101562500e+03
1.366304565429687500e+03
1.365027099609375000e+03
1.367384887695312500e+03
1.368119262695312500e+03
1.367740234375000000e+03
1.364869262695312500e+03
1.363620361328125000e+03
1.363891113281250000e+03
1.362968505859375000e+03
1.361354003906250000e+03
1.360532226562500000e+03
1.361487304687500000e+03
1.363238769531250000e+03
1.370495727539062500e+03
1.370906494140625000e+03
1.372592407226562500e+03
1.371949584960937500e+03
1.373580810546875000e+03
1.374953613281250000e+03
1.373707519531250000e+03
1.372910278320312500e+03
1.372869262695312500e+03
1.373485107421875000e+03
1.374500366210937500e+03
1.374500000000000000e+03
1.373643310546875000e+03
1.371547973632812500e+03
1.369862670898437500e+03
1.371739135742187500e+03
1.372003662109375000e+03
1.372228271484375000e+03
1.368225830078125000e+03
1.365652954101562500e+03
1.363880371093750000e+03
1.362699951171875000e+03
1.363264770507812500e+03
1.363543823242187500e+03
1.365353149414062500e+03
1.366531738281250000e+03
1.367582275390625000e+03
1.365454467773437500e+03
1.364024414062500000e+03
1.361760253906250000e+03
1.361442504882812500e+03
1.362618408203125000e+03
1.365153686523437500e+03
1.364717163085937500e+03
1.366486816406250000e+03
1.367845458984375000e+03
1.370581665039062500e+03
1.370797973632812500e+03
1.370457153320312500e+03
1.371577270507812500e+03
1.372772216796875000e+03
1.371739990234375000e+03
1.372346313476562500e+03
1.368779541015625000e+03
1.368036987304687500e+03
1.378274047851562500e+03
1.377259521484375000e+03
1.377426635742187500e+03
1.375487670898437500e+03
1.374445312500000000e+03
1.381738281250000000e+03
1.380913940429687500e+03
1.382293457031250000e+03
1.383109863281250000e+03
1.378669555664062500e+03
1.379559570312500000e+03
1.380125610351562500e+03
1.380083496093750000e+03
1.381418945312500000e+03
1.379078979492187500e+03
1.382958251953125000e+03
1.386657226562500000e+03
1.387669311523437500e+03
1.381997558593750000e+03
1.376949096679687500e+03
1.374254394531250000e+03
1.373662231445312500e+03
1.374709960937500000e+03
1.372962280273437500e+03
1.373444702148437500e+03
1.372360473632812500e+03
1.373852416992187500e+03
1.376188842773437500e+03
1.376667358398437500e+03
1.376337158203125000e+03
1.375418212890625000e+03
1.376402343750000000e+03
1.374384521484375000e+03
1.373482421875000000e+03
1.372748413085937500e+03
1.373305786132812500e+03
1.381866088867187500e+03
1.382369873046875000e+03
1.384454956054687500e+03
1.382824340820312500e+03
1.382676391601562500e+03
1.382419189453125000e+03
1.381925781250000000e+03
1.378586181640625000e+03
1.375717163085937500e+03
1.384885986328125000e+03
1.386798828125000000e+03
1.388776855468750000e+03
1.388367309570312500e+03
1.388098754882812500e+03
1.388965332031250000e+03
1.387505859375000000e+03
1.386600097656250000e+03
1.384867919921875000e+03
1.381350463867187500e+03
1.377287841796875000e+03
1.374627075195312500e+03
1.370704345703125000e+03
1.368989990234375000e+03
1.370789428710937500e+03
1.372592163085937500e+03
1.373417724609375000e+03
1.375328125000000000e+03
1.381090332031250000e+03
1.382766967773437500e+03
1.383876586914062500e+03
1.385252685546875000e+03
1.387569458007812500e+03
1.386750976562500000e+03
1.387518066406250000e+03
1.389210693359375000e+03
1.389199707031250000e+03
1.390956420898437500e+03
1.391697387695312500e+03
1.392101440429687500e+03
1.392342163085937500e+03
1.392180786132812500e+03
1.390937622070312500e+03
1.391865234375000000e+03
1.389788696289062500e+03
1.389472778320312500e+03
1.391636352539062500e+03
1.393988769531250000e+03
1.393910034179687500e+03
1.395308471679687500e+03
1.396120727539062500e+03
1.393915771484375000e+03
1.394779785156250000e+03
1.395779663085937500e+03
1.397608276367187500e+03
1.402387451171875000e+03
1.403130004882812500e+03
1.403549194335937500e+03
1.404448730468750000e+03
1.403723999023437500e+03
1.399910644531250000e+03
1.398655395507812500e+03
1.402654296875000000e+03
1.403260742187500000e+03
1.393074462890625000e+03
1.395641357421875000e+03
1.394300903320312500e+03
1.392818115234375000e+03
1.396458740234375000e+03
1.395433105468750000e+03
1.396023803710937500e+03
1.397367797851562500e+03
1.396489746093750000e+03
1.397026733398437500e+03
1.394207763671875000e+03
1.395980346679687500e+03
1.394885620117187500e+03
1.395418579101562500e+03
1.396194580078125000e+03
1.395189697265625000e+03
1.394918334960937500e+03
1.395314086914062500e+03
1.385881469726562500e+03
1.390748413085937500e+03
1.387400146484375000e+03
1.390153808593750000e+03
1.389696533203125000e+03
1.389711547851562500e+03
1.389754272460937500e+03
1.390108154296875000e+03
1.389672241210937500e+03
1.383770507812500000e+03
1.383565185546875000e+03
1.381709960937500000e+03
1.381226928710937500e+03
1.386153808593750000e+03
1.388125244140625000e+03
1.386025146484375000e+03
1.387165771484375000e+03
1.387494873046875000e+03
1.391946533203125000e+03
1.390888916015625000e+03
1.391295532226562500e+03
1.392003417968750000e+03
1.392474853515625000e+03
1.392029785156250000e+03
1.395279296875000000e+03
1.391727172851562500e+03
1.390993408203125000e+03
1.392069213867187500e+03
1.391731567382812500e+03
1.390893676757812500e+03
1.386989624023437500e+03
1.386054321289062500e+03
1.382298461914062500e+03
1.378424194335937500e+03
1.375914672851562500e+03
1.376440185546875000e+03
1.384825073242187500e+03
1.386756347656250000e+03
1.388351562500000000e+03
1.389782470703125000e+03
1.390167724609375000e+03
1.393257202148437500e+03
1.392107421875000000e+03
1.390318969726562500e+03
1.389724609375000000e+03
1.385718994140625000e+03
1.385000000000000000e+03
1.386957885742187500e+03
1.387491333007812500e+03
1.388035766601562500e+03
1.387412719726562500e+03
1.384497802734375000e+03
1.384952758789062500e+03
1.384726318359375000e+03
1.388930541992187500e+03
1.387848876953125000e+03
1.389817260742187500e+03
1.391449951171875000e+03
1.391559082031250000e+03
1.387734130859375000e+03
1.387820800781250000e+03
1.385039672851562500e+03
1.380099243164062500e+03
1.376930786132812500e+03
1.374901489257812500e+03
1.375151123046875000e+03
1.377448242187500000e+03
1.379047973632812500e+03
1.379336303710937500e+03
1.383960815429687500e+03
1.386741943359375000e+03
1.388042724609375000e+03
1.395296508789062500e+03
1.394212036132812500e+03
1.396760742187500000e+03
1.395775390625000000e+03
1.394774291992187500e+03
1.393502441406250000e+03
1.395707275390625000e+03
1.394705444335937500e+03
1.396285766601562500e+03
1.399976318359375000e+03
1.396653198242187500e+03
1.397755004882812500e+03
1.394547973632812500e+03
1.396197753906250000e+03
1.396628906250000000e+03
1.395782958984375000e+03
1.396479492187500000e+03
1.396055541992187500e+03
1.396643066406250000e+03
1.396201904296875000e+03
1.396776977539062500e+03
1.395824462890625000e+03
1.395108154296875000e+03
1.396168579101562500e+03
1.394019165039062500e+03
1.390265991210937500e+03
1.388825561523437500e+03
1.386529907226562500e+03
1.385935180664062500e+03
1.386938598632812500e+03
1.387096313476562500e+03
1.386814697265625000e+03
1.388352905273437500e+03
1.388300659179687500e+03
1.388923950195312500e+03
1.388832275390625000e+03
1.384133911132812500e+03
1.380963012695312500e+03
1.382142211914062500e+03
1.383178222656250000e+03
1.382312133789062500e+03
1.384785766601562500e+03
1.386867797851562500e+03
1.387280151367187500e+03
1.386946899414062500e+03
1.373744873046875000e+03
1.372332153320312500e+03
1.370874267578125000e+03
1.373508300781250000e+03
1.373811767578125000e+03
1.376072998046875000e+03
1.371831176757812500e+03
1.371816772460937500e+03
1.372619140625000000e+03
1.365569335937500000e+03
1.357523925781250000e+03
1.355347778320312500e+03
1.353336669921875000e+03
1.350025268554687500e+03
1.350173828125000000e+03
1.350734497070312500e+03
1.351504882812500000e+03
1.350758056640625000e+03
1.350795776367187500e+03
1.350228149414062500e+03
1.350405273437500000e+03
1.351732421875000000e+03
1.356484008789062500e+03
1.362233032226562500e+03
1.363085937500000000e+03
1.365132324218750000e+03
1.364889648437500000e+03
1.361234985351562500e+03
1.355340087890625000e+03
1.350563232421875000e+03
1.347675781250000000e+03
1.345974487304687500e+03
1.344763916015625000e+03
1.344225830078125000e+03
1.343898315429687500e+03
1.343881835937500000e+03
1.342547363281250000e+03
1.340758300781250000e+03
1.338858520507812500e+03
1.339150634765625000e+03
1.338834472656250000e+03
1.339534790039062500e+03
1.340532958984375000e+03
1.342288208007812500e+03
1.343315917968750000e+03
1.349543212890625000e+03
1.350272949218750000e+03
1.350611694335937500e+03
1.349207641601562500e+03
1.346502563476562500e+03
1.345803955078125000e+03
1.345270629882812500e+03
1.344906494140625000e+03
1.344619140625000000e+03
1.344746337890625000e+03
1.343692138671875000e+03
1.343499755859375000e+03
1.342812988281250000e+03
1.342661621093750000e+03
1.343461425781250000e+03
1.344306396484375000e+03
1.345746459960937500e+03
1.345799438476562500e+03
1.352482788085937500e+03
1.359303344726562500e+03
1.362306396484375000e+03
1.363392700195312500e+03
1.365314941406250000e+03
1.366651489257812500e+03
1.364545288085937500e+03
1.363054809570312500e+03
1.363211425781250000e+03
1.363034301757812500e+03
1.362971557617187500e+03
1.364137207031250000e+03
1.364432617187500000e+03
1.365682983398437500e+03
1.366907348632812500e+03
1.368984008789062500e+03
1.368672607421875000e+03
1.368140625000000000e+03
1.368218017578125000e+03
1.366681152343750000e+03
1.363896118164062500e+03
1.364400390625000000e+03
1.365186157226562500e+03
1.365990966796875000e+03
1.368411865234375000e+03
1.370310668945312500e+03
1.370077514648437500e+03
1.364293823242187500e+03
1.358470703125000000e+03
1.354486083984375000e+03
1.352022827148437500e+03
1.352104125976562500e+03
1.352450317382812500e+03
1.352288818359375000e+03
1.352345458984375000e+03
1.351762939453125000e+03
1.354322021484375000e+03
1.356173217773437500e+03
1.358244995117187500e+03
1.360673217773437500e+03
1.361267333984375000e+03
1.361587036132812500e+03
1.361783691406250000e+03
1.360845214843750000e+03
1.360584228515625000e+03
1.364547363281250000e+03
1.363621215820312500e+03
1.362059082031250000e+03
1.360969848632812500e+03
1.360584228515625000e+03
1.359516967773437500e+03
1.358888793945312500e+03
1.359546386718750000e+03
1.360388061523437500e+03
1.366429443359375000e+03
1.370162231445312500e+03
1.373481811523437500e+03
1.374300292968750000e+03
1.374883300781250000e+03
1.375687744140625000e+03
1.377587646484375000e+03
1.376310302734375000e+03
1.376798217773437500e+03
1.384897583007812500e+03
1.385870117187500000e+03
1.386347045898437500e+03
1.389535034179687500e+03
1.389419433593750000e+03
1.387154785156250000e+03
1.386475708007812500e+03
1.386686645507812500e+03
1.386432739257812500e+03
1.385876953125000000e+03
1.386242309570312500e+03
1.388637695312500000e+03
1.389165161132812500e+03
1.388956909179687500e+03
1.390823364257812500e+03
1.391624389648437500e+03
1.393870117187500000e+03
1.392711059570312500e+03
1.397442626953125000e+03
1.395332275390625000e+03
1.395895751953125000e+03
1.396979370117187500e+03
1.396118774414062500e+03
1.395967041015625000e+03
1.395502441406250000e+03
1.394811035156250000e+03
1.394137939453125000e+03
1.396811767578125000e+03
1.396966918945312500e+03
1.399885375976562500e+03
1.400374023437500000e+03
1.400123779296875000e+03
1.400281860351562500e+03
1.399103637695312500e+03
1.396343872070312500e+03
1.394896728515625000e+03
1.392937988281250000e+03
1.390894653320312500e+03
1.390411499023437500e+03
1.391744384765625000e+03
1.391628662109375000e+03
1.390479370117187500e+03
1.390279663085937500e+03
1.388001098632812500e+03
1.387979125976562500e+03
1.390818847656250000e+03
1.390549804687500000e+03
1.390611694335937500e+03
1.391365966796875000e+03
1.391909423828125000e+03
1.390870727539062500e+03
1.389206787109375000e+03
1.390608886718750000e+03
1.390321533203125000e+03
1.396218627929687500e+03
1.397058227539062500e+03
1.397545532226562500e+03
1.396696899414062500e+03
1.396120117187500000e+03
1.396733642578125000e+03
1.397350708007812500e+03
1.396615478515625000e+03
1.397726806640625000e+03
1.396091186523437500e+03
1.397324829101562500e+03
1.398028198242187500e+03
1.397389526367187500e+03
1.397433105468750000e+03
1.401300048828125000e+03
1.395965087890625000e+03
1.394947998046875000e+03
1.394189208984375000e+03
1.401843627929687500e+03
1.398406005859375000e+03
1.400262939453125000e+03
1.399917358398437500e+03
1.400917968750000000e+03
1.402444458007812500e+03
1.400214477539062500e+03
1.402399536132812500e+03
1.403231323242187500e+03
1.405819946289062500e+03
1.404053466796875000e+03
1.406302856445312500e+03
1.405443481445312500e+03
1.406857299804687500e+03
1.406570434570312500e+03
1.409272216796875000e+03
1.406997436523437500e+03
1.407184692382812500e+03
1.410724853515625000e+03
1.408134521484375000e+03
1.408785522460937500e+03
1.409214355468750000e+03
1.408104248046875000e+03
1.407432983398437500e+03
1.408202026367187500e+03
1.407055175781250000e+03
1.406947509765625000e+03
1.409601196289062500e+03
1.409581909179687500e+03
1.411542114257812500e+03
1.412246459960937500e+03
1.411581665039062500e+03
1.412293457031250000e+03
1.410092163085937500e+03
1.409904174804687500e+03
1.409850097656250000e+03
1.408489746093750000e+03
1.408338989257812500e+03
1.407320190429687500e+03
1.409880737304687500e+03
1.408765502929687500e+03
1.409330078125000000e+03
1.409551391601562500e+03
1.410497192382812500e+03
1.409714965820312500e+03
1.406446411132812500e+03
1.406356079101562500e+03
1.405869262695312500e+03
1.406142578125000000e+03
1.405833374023437500e+03
1.406842285156250000e+03
1.407672485351562500e+03
1.409572631835937500e+03
1.408350708007812500e+03
1.408848022460937500e+03
1.410088867187500000e+03
1.409246337890625000e+03
1.407415527343750000e+03
1.408335205078125000e+03
1.409021118164062500e+03
1.409836547851562500e+03
1.410912231445312500e+03
1.411834716796875000e+03
1.410648437500000000e+03
1.411248657226562500e+03
1.412105957031250000e+03
1.412421752929687500e+03
1.413328247070312500e+03
1.412444702148437500e+03
1.413595825195312500e+03
1.412860717773437500e+03
1.412649658203125000e+03
1.407139648437500000e+03
1.408230102539062500e+03
1.406764770507812500e+03
1.407440185546875000e+03
1.407507568359375000e+03
1.407142578125000000e+03
1.405625610351562500e+03
1.405915405273437500e+03
1.406148803710937500e+03
1.396704711914062500e+03
1.400320678710937500e+03
1.396166625976562500e+03
1.395444458007812500e+03
1.394592163085937500e+03
1.394732299804687500e+03
1.393379272460937500e+03
1.393414672851562500e+03
1.395117919921875000e+03
1.396179687500000000e+03
1.398077636718750000e+03
1.397390869140625000e+03
1.397415283203125000e+03
1.397735717773437500e+03
1.399126953125000000e+03
1.397276611328125000e+03
1.396609985351562500e+03
1.397407226562500000e+03
1.396753051757812500e+03
1.390843627929687500e+03
1.392867431640625000e+03
1.391173217773437500e+03
1.393113281250000000e+03
1.394518188476562500e+03
1.396354736328125000e+03
1.398399414062500000e+03
1.399552001953125000e+03
1.399097900390625000e+03
1.398091918945312500e+03
1.399104858398437500e+03
1.398281005859375000e+03
1.398490722656250000e+03
1.396396728515625000e+03
1.393635986328125000e+03
1.388078735351562500e+03
1.386168457031250000e+03
1.391076049804687500e+03
1.388587158203125000e+03
1.390247802734375000e+03
1.389617431640625000e+03
1.389721923828125000e+03
1.387830932617187500e+03
1.387918823242187500e+03
1.388134033203125000e+03
1.387118164062500000e+03
1.387542236328125000e+03
1.384851806640625000e+03
1.383253784179687500e+03
1.381245239257812500e+03
1.380306762695312500e+03
1.382019653320312500e+03
1.384185058593750000e+03
1.383070312500000000e+03
1.384051757812500000e+03
1.389965332031250000e+03
1.390457641601562500e+03
1.389986328125000000e+03
1.391733886718750000e+03
1.392310058593750000e+03
1.393626708984375000e+03
1.394708740234375000e+03
1.397889038085937500e+03
1.397397949218750000e+03
1.401413452148437500e+03
1.399155639648437500e+03
1.401006835937500000e+03
1.401058349609375000e+03
1.402090698242187500e+03
1.402012451171875000e+03
1.399543701171875000e+03
1.400862304687500000e+03
1.400658203125000000e+03
1.396082031250000000e+03
1.394854980468750000e+03
1.392752929687500000e+03
1.391584472656250000e+03
1.390361694335937500e+03
1.389830810546875000e+03
1.392237182617187500e+03
1.392244873046875000e+03
1.392406738281250000e+03
1.391917236328125000e+03
1.392129516601562500e+03
1.392064575195312500e+03
1.392428710937500000e+03
1.391888061523437500e+03
1.395625488281250000e+03
1.390798339843750000e+03
1.390122558593750000e+03
1.390329345703125000e+03
1.398570312500000000e+03
1.395152221679687500e+03
1.396603637695312500e+03
1.396315429687500000e+03
1.393572875976562500e+03
1.391109497070312500e+03
1.387896850585937500e+03
1.390564208984375000e+03
1.391035522460937500e+03
1.396590454101562500e+03
1.399115844726562500e+03
1.398234252929687500e+03
1.398644042968750000e+03
1.397148193359375000e+03
1.395944091796875000e+03
1.396307739257812500e+03
1.395068237304687500e+03
1.395642700195312500e+03
1.400823974609375000e+03
1.398666259765625000e+03
1.401166503906250000e+03
1.400942749023437500e+03
1.400109985351562500e+03
1.397204956054687500e+03
1.396295776367187500e+03
1.397314819335937500e+03
1.397786132812500000e+03
1.399299194335937500e+03
1.398461059570312500e+03
1.398642211914062500e+03
1.398971679687500000e+03
1.397808471679687500e+03
1.397651611328125000e+03
1.395416625976562500e+03
1.395661132812500000e+03
1.396455566406250000e+03
1.393453002929687500e+03
1.395704956054687500e+03
1.395136108398437500e+03
1.395134521484375000e+03
1.395660278320312500e+03
1.396939575195312500e+03
1.395596679687500000e+03
1.395629394531250000e+03
1.395571166992187500e+03
1.403134155273437500e+03
1.402088867187500000e+03
1.403193115234375000e+03
1.404457885742187500e+03
1.403611938476562500e+03
1.402504760742187500e+03
1.400601928710937500e+03
1.402257080078125000e+03
1.402651611328125000e+03
1.407845703125000000e+03
1.408962280273437500e+03
1.409473388671875000e+03
1.408553100585937500e+03
1.410059082031250000e+03
1.409345336914062500e+03
1.410511840820312500e+03
1.410314575195312500e+03
1.409104614257812500e+03
1.408391235351562500e+03
1.409199584960937500e+03
1.407967163085937500e+03
1.406765747070312500e+03
1.406718017578125000e+03
1.406427856445312500e+03
1.406848999023437500e+03
1.406843750000000000e+03
1.407017333984375000e+03
1.402865478515625000e+03
1.401266723632812500e+03
1.400671386718750000e+03
1.401970458984375000e+03
1.399738769531250000e+03
1.400021606445312500e+03
1.398573974609375000e+03
1.397964111328125000e+03
1.397636596679687500e+03
1.384909667968750000e+03
1.384830566406250000e+03
1.380863159179687500e+03
1.378805297851562500e+03
1.378047119140625000e+03
1.377532714843750000e+03
1.376538208007812500e+03
1.377844726562500000e+03
1.378502807617187500e+03
1.378098144531250000e+03
1.380559204101562500e+03
1.381276123046875000e+03
1.381032592773437500e+03
1.380986938476562500e+03
1.382127197265625000e+03
1.379475585937500000e+03
1.379192016601562500e+03
1.378960083007812500e+03
1.378592285156250000e+03
1.378647094726562500e+03
1.376841430664062500e+03
1.379568481445312500e+03
1.381480590820312500e+03
1.382879028320312500e+03
1.386713989257812500e+03
1.392771362304687500e+03
1.391785522460937500e+03
1.393259277343750000e+03
1.391893676757812500e+03
1.390622680664062500e+03
1.389245117187500000e+03
1.388223632812500000e+03
1.386320190429687500e+03
1.385682128906250000e+03
1.385675170898437500e+03
1.385465209960937500e+03
1.383676025390625000e+03
1.384375854492187500e+03
1.385343383789062500e+03
1.384555664062500000e+03
1.384652099609375000e+03
1.383914306640625000e+03
1.379983398437500000e+03
1.376513549804687500e+03
1.374326782226562500e+03
1.369947631835937500e+03
1.368967041015625000e+03
1.367068481445312500e+03
1.367175292968750000e+03
1.366788452148437500e+03
1.365663574218750000e+03
1.364746093750000000e+03
1.361974975585937500e+03
1.360217529296875000e+03
1.365661010742187500e+03
1.369733154296875000e+03
1.369582641601562500e+03
1.369135620117187500e+03
1.367961547851562500e+03
1.365814086914062500e+03
1.364513183593750000e+03
1.367902465820312500e+03
1.368971313476562500e+03
1.376656616210937500e+03
1.378400634765625000e+03
1.381677856445312500e+03
1.383293701171875000e+03
1.383231079101562500e+03
1.385519042968750000e+03
1.386213989257812500e+03
1.387328857421875000e+03
1.388090332031250000e+03
1.387394409179687500e+03
1.386335327148437500e+03
1.385214477539062500e+03
1.385677368164062500e+03
1.385412475585937500e+03
1.385176635742187500e+03
1.382682861328125000e+03
1.379627685546875000e+03
1.378061523437500000e+03
1.375848388671875000e+03
1.373502929687500000e+03
1.372438354492187500e+03
1.371813110351562500e+03
1.372089233398437500e+03
1.373137573242187500e+03
1.375494873046875000e+03
1.378417968750000000e+03
1.379656005859375000e+03
1.378066284179687500e+03
1.378418701171875000e+03
1.377874511718750000e+03
1.379362182617187500e+03
1.381270874023437500e+03
1.380786132812500000e+03
1.382571533203125000e+03
1.380403808593750000e+03
1.381229980468750000e+03
1.379162231445312500e+03
1.380929443359375000e+03
1.381520019531250000e+03
1.381976684570312500e+03
1.382816528320312500e+03
1.382836791992187500e+03
1.381408325195312500e+03
1.382732299804687500e+03
1.382782958984375000e+03
1.383189819335937500e+03
1.382955078125000000e+03
1.381156005859375000e+03
1.379774047851562500e+03
1.379246215820312500e+03
1.379141601562500000e+03
1.381213500976562500e+03
1.381775390625000000e+03
1.380836425781250000e+03
1.386395996093750000e+03
1.387625122070312500e+03
1.387864013671875000e+03
1.387079711914062500e+03
1.387187866210937500e+03
1.386967773437500000e+03
1.386898803710937500e+03
1.385681396484375000e+03
1.384869018554687500e+03
1.389793334960937500e+03
1.387884643554687500e+03
1.386227172851562500e+03
1.385552734375000000e+03
1.385531127929687500e+03
1.389989868164062500e+03
1.390686401367187500e+03
1.392867431640625000e+03
1.393706787109375000e+03
1.395301879882812500e+03
1.398619628906250000e+03
1.398123168945312500e+03
1.400529418945312500e+03
1.398507324218750000e+03
1.397993652343750000e+03
1.397983886718750000e+03
1.397064941406250000e+03
1.397775878906250000e+03
1.396015502929687500e+03
1.395233398437500000e+03
1.394690795898437500e+03
1.393405029296875000e+03
1.392829223632812500e+03
1.391805053710937500e+03
1.393240722656250000e+03
1.394177856445312500e+03
1.395326904296875000e+03
1.399348266601562500e+03
1.401024780273437500e+03
1.400142456054687500e+03
1.401986450195312500e+03
1.402448974609375000e+03
1.405679565429687500e+03
1.402467285156250000e+03
1.405339599609375000e+03
1.404361694335937500e+03
1.397782958984375000e+03
1.398452392578125000e+03
1.399655029296875000e+03
1.397933959960937500e+03
1.398405639648437500e+03
1.398130371093750000e+03
1.396549194335937500e+03
1.394657348632812500e+03
1.393999633789062500e+03
1.393503417968750000e+03
1.389518188476562500e+03
1.389767578125000000e+03
1.389738647460937500e+03
1.390293701171875000e+03
1.391685791015625000e+03
1.390797241210937500e+03
1.388385131835937500e+03
1.387675292968750000e+03
1.386397827148437500e+03
1.386936157226562500e+03
1.387933593750000000e+03
1.386937133789062500e+03
1.386392211914062500e+03
1.384264282226562500e+03
1.383882202148437500e+03
1.384469482421875000e+03
1.383860961914062500e+03
1.374418701171875000e+03
1.373600830078125000e+03
1.373123168945312500e+03
1.371754394531250000e+03
1.374082275390625000e+03
1.375083740234375000e+03
1.376386596679687500e+03
1.378644775390625000e+03
1.379588623046875000e+03
1.376722778320312500e+03
1.378097290039062500e+03
1.378180175781250000e+03
1.377185546875000000e+03
1.376764770507812500e+03
1.372078491210937500e+03
1.371563720703125000e+03
1.373585449218750000e+03
1.372221313476562500e+03
1.371026123046875000e+03
1.367906494140625000e+03
1.371390136718750000e+03
1.372286499023437500e+03
1.374168579101562500e+03
1.374681762695312500e+03
1.378637695312500000e+03
1.378219116210937500e+03
1.377807250976562500e+03
1.381948730468750000e+03
1.380164794921875000e+03
1.378052856445312500e+03
1.378304321289062500e+03
1.375718872070312500e+03
1.375104858398437500e+03
1.375726074218750000e+03
1.379714721679687500e+03
1.380453979492187500e+03
1.386020263671875000e+03
1.386353515625000000e+03
1.388817138671875000e+03
1.389858886718750000e+03
1.389209838867187500e+03
1.389471923828125000e+03
1.388649658203125000e+03
1.389692993164062500e+03
1.390013671875000000e+03
1.389595947265625000e+03
1.392578979492187500e+03
1.392376464843750000e+03
1.394674560546875000e+03
1.393203002929687500e+03
1.393976684570312500e+03
1.393118164062500000e+03
1.391982788085937500e+03
1.392090698242187500e+03
1.395628662109375000e+03
1.395552978515625000e+03
1.399418579101562500e+03
1.399833007812500000e+03
1.399578491210937500e+03
1.401432617187500000e+03
1.402209594726562500e+03
1.402372680664062500e+03
1.401993164062500000e+03
1.405806640625000000e+03
1.405591064453125000e+03
1.406093750000000000e+03
1.407006713867187500e+03
1.406274414062500000e+03
1.405482055664062500e+03
1.404703125000000000e+03
1.405033203125000000e+03
1.404283447265625000e+03
1.407039062500000000e+03
1.406440551757812500e+03
1.406615356445312500e+03
1.405831054687500000e+03
1.405995849609375000e+03
1.405632324218750000e+03
1.405394775390625000e+03
1.404179443359375000e+03
1.404452758789062500e+03
1.399831909179687500e+03
1.399914550781250000e+03
1.397780639648437500e+03
1.398357421875000000e+03
1.397441406250000000e+03
1.396170532226562500e+03
1.394853271484375000e+03
1.394222534179687500e+03
1.394093017578125000e+03
1.384573486328125000e+03
1.380944335937500000e+03
1.379596557617187500e+03
1.377293334960937500e+03
1.376679687500000000e+03
1.373203369140625000e+03
1.369909301757812500e+03
1.365793823242187500e+03
1.364042846679687500e+03
1.363065307617187500e+03
1.363299926757812500e+03
1.365470947265625000e+03
1.367965087890625000e+03
1.369362915039062500e+03
1.371810791015625000e+03
1.372832031250000000e+03
1.373497558593750000e+03
1.373468994140625000e+03
1.373157836914062500e+03
1.375968750000000000e+03
1.376217041015625000e+03
1.376927734375000000e+03
1.378547119140625000e+03
1.379018188476562500e+03
1.378722900390625000e+03
1.377824096679687500e+03
1.376937133789062500e+03
1.380280517578125000e+03
1.378912597656250000e+03
1.382445434570312500e+03
1.382415405273437500e+03
1.384253662109375000e+03
1.387018188476562500e+03
1.385969116210937500e+03
1.384924194335937500e+03
1.385152465820312500e+03
1.391175659179687500e+03
1.391896362304687500e+03
1.393382812500000000e+03
1.392540283203125000e+03
1.394658081054687500e+03
1.396710327148437500e+03
1.397957519531250000e+03
1.400579345703125000e+03
1.400064575195312500e+03
1.403496215820312500e+03
1.404320312500000000e+03
1.405276977539062500e+03
1.406710327148437500e+03
1.407598510742187500e+03
1.408027221679687500e+03
1.409848876953125000e+03
1.407667724609375000e+03
1.407526489257812500e+03
1.409570678710937500e+03
1.410043212890625000e+03
1.409580200195312500e+03
1.411234008789062500e+03
1.411596801757812500e+03
1.412981079101562500e+03
1.411408813476562500e+03
1.409305053710937500e+03
1.409746704101562500e+03
1.405279174804687500e+03
1.403786254882812500e+03
1.401104614257812500e+03
1.401605834960937500e+03
1.400368896484375000e+03
1.400978149414062500e+03
1.400813110351562500e+03
1.400543945312500000e+03
1.399637695312500000e+03
1.400871459960937500e+03
1.399690429687500000e+03
1.400414672851562500e+03
1.398963989257812500e+03
1.398205444335937500e+03
1.397745727539062500e+03
1.399968139648437500e+03
1.402881591796875000e+03
1.402383422851562500e+03
1.405629394531250000e+03
1.407410400390625000e+03
1.406487670898437500e+03
1.406946777343750000e+03
1.406262939453125000e+03
1.404531616210937500e+03
1.407018798828125000e+03
1.405371459960937500e+03
1.406416748046875000e+03
1.405259887695312500e+03
1.407482910156250000e+03
1.406022216796875000e+03
1.406977539062500000e+03
1.406508544921875000e+03
1.405984863281250000e+03
1.409358398437500000e+03
1.407373657226562500e+03
1.408803222656250000e+03
1.408372802734375000e+03
1.410460571289062500e+03
1.409649780273437500e+03
1.410527343750000000e+03
1.409097534179687500e+03
1.413395263671875000e+03
1.410538818359375000e+03
1.413260375976562500e+03
1.413060791015625000e+03
1.411208984375000000e+03
1.412828857421875000e+03
1.412829345703125000e+03
1.411276977539062500e+03
1.410831665039062500e+03
1.411127197265625000e+03
1.411435424804687500e+03
1.413609863281250000e+03
1.414079956054687500e+03
1.415660644531250000e+03
1.416762695312500000e+03
1.417453125000000000e+03
1.416614379882812500e+03
1.417150512695312500e+03
1.415553466796875000e+03
1.415997558593750000e+03
1.416380737304687500e+03
1.416437011718750000e+03
1.411776000976562500e+03
1.409732421875000000e+03
1.407532958984375000e+03
1.404326293945312500e+03
1.403350341796875000e+03
1.400980590820312500e+03
1.403490112304687500e+03
1.404265380859375000e+03
1.405164794921875000e+03
1.414590332031250000e+03
1.415089111328125000e+03
1.414140258789062500e+03
1.414627319335937500e+03
1.417353271484375000e+03
1.418795043945312500e+03
1.420506469726562500e+03
1.420253173828125000e+03
1.422767089843750000e+03
1.419196289062500000e+03
1.420973510742187500e+03
1.422287109375000000e+03
1.421625244140625000e+03
1.424333618164062500e+03
1.426978759765625000e+03
1.427270385742187500e+03
1.427889160156250000e+03
1.428232055664062500e+03
1.424321533203125000e+03
1.426299682617187500e+03
1.426638427734375000e+03
1.427537841796875000e+03
1.428273315429687500e+03
1.429818237304687500e+03
1.428897460937500000e+03
1.429288085937500000e+03
1.429294799804687500e+03
1.425671142578125000e+03
1.425111083984375000e+03
1.422997680664062500e+03
1.425800048828125000e+03
1.424094726562500000e+03
1.424519287109375000e+03
1.425092895507812500e+03
1.421632324218750000e+03
1.419843261718750000e+03
1.408160034179687500e+03
1.405478515625000000e+03
1.405497802734375000e+03
1.410380615234375000e+03
1.409825195312500000e+03
1.407579833984375000e+03
1.407171142578125000e+03
1.400128784179687500e+03
1.399173706054687500e+03
1.388572875976562500e+03
1.388809204101562500e+03
1.390633300781250000e+03
1.391035766601562500e+03
1.391640625000000000e+03
1.391380004882812500e+03
1.391461425781250000e+03
1.390045043945312500e+03
1.391334594726562500e+03
1.396899536132812500e+03
1.396340698242187500e+03
1.397564575195312500e+03
1.394435424804687500e+03
1.392255249023437500e+03
1.393523559570312500e+03
1.394856689453125000e+03
1.398837524414062500e+03
1.398108398437500000e+03
1.399095581054687500e+03
1.394250732421875000e+03
1.396461059570312500e+03
1.393301635742187500e+03
1.396957641601562500e+03
1.398601318359375000e+03
1.395565917968750000e+03
1.398329101562500000e+03
1.397679199218750000e+03
1.395919921875000000e+03
1.393747070312500000e+03
1.389482543945312500e+03
1.386262939453125000e+03
1.385427368164062500e+03
1.385614135742187500e+03
1.385805664062500000e+03
1.387150268554687500e+03
1.388358276367187500e+03
1.402075683593750000e+03
1.401320068359375000e+03
1.402657714843750000e+03
1.402292846679687500e+03
1.401421875000000000e+03
1.398462890625000000e+03
1.400116210937500000e+03
1.398570800781250000e+03
1.396757202148437500e+03
1.407495849609375000e+03
1.403567138671875000e+03
1.403977905273437500e+03
1.403961303710937500e+03
1.403186645507812500e+03
1.405713867187500000e+03
1.409761474609375000e+03
1.408348876953125000e+03
1.408383789062500000e+03
1.402891845703125000e+03
1.400553955078125000e+03
1.400339721679687500e+03
1.400038330078125000e+03
1.399337890625000000e+03
1.395343139648437500e+03
1.397292724609375000e+03
1.397250366210937500e+03
1.395759887695312500e+03
1.398163085937500000e+03
1.396215087890625000e+03
1.396515502929687500e+03
1.396288940429687500e+03
1.394895751953125000e+03
1.393520751953125000e+03
1.391880981445312500e+03
1.394750854492187500e+03
1.393648315429687500e+03
1.390427612304687500e+03
1.389307250976562500e+03
1.387588500976562500e+03
1.385398559570312500e+03
1.385132934570312500e+03
1.386943725585937500e+03
1.387453369140625000e+03
1.384776489257812500e+03
1.386434326171875000e+03
1.387020263671875000e+03
1.387004882812500000e+03
1.384785766601562500e+03
1.384310791015625000e+03
1.384836181640625000e+03
1.383167358398437500e+03
1.383985107421875000e+03
1.384044433593750000e+03
1.383399902343750000e+03
1.379490600585937500e+03
1.379792846679687500e+03
1.380105590820312500e+03
1.380970825195312500e+03
1.380775024414062500e+03
1.379711669921875000e+03
1.375601806640625000e+03
1.373572143554687500e+03
1.371746582031250000e+03
1.366713745117187500e+03
1.365448120117187500e+03
1.364703369140625000e+03
1.364309570312500000e+03
1.362765991210937500e+03
1.361332275390625000e+03
1.360991088867187500e+03
1.365107666015625000e+03
1.367824707031250000e+03
1.376593139648437500e+03
1.378520263671875000e+03
1.381757568359375000e+03
1.381927734375000000e+03
1.382826171875000000e+03
1.380776855468750000e+03
1.378290527343750000e+03
1.375554199218750000e+03
1.373119018554687500e+03
1.382023559570312500e+03
1.382001098632812500e+03
1.384253906250000000e+03
1.385181884765625000e+03
1.386171508789062500e+03
1.385925170898437500e+03
1.382692382812500000e+03
1.382205444335937500e+03
1.380711425781250000e+03
1.382205322265625000e+03
1.381786499023437500e+03
1.382712402343750000e+03
1.379508911132812500e+03
1.378956542968750000e+03
1.377609252929687500e+03
1.377680908203125000e+03
1.380158447265625000e+03
1.380036254882812500e+03
1.388401855468750000e+03
1.385568847656250000e+03
1.384131958007812500e+03
1.385278686523437500e+03
1.383654174804687500e+03
1.381654296875000000e+03
1.380841430664062500e+03
1.376041015625000000e+03
1.373916992187500000e+03
1.374693603515625000e+03
1.377098999023437500e+03
1.377337524414062500e+03
1.379129760742187500e+03
1.379845703125000000e+03
1.381936889648437500e+03
1.379810302734375000e+03
1.376581665039062500e+03
1.376551269531250000e+03
1.383460693359375000e+03
1.382311157226562500e+03
1.382113525390625000e+03
1.381263671875000000e+03
1.383433593750000000e+03
1.386020141601562500e+03
1.389852050781250000e+03
1.389734375000000000e+03
1.389847534179687500e+03
1.390507812500000000e+03
1.390362182617187500e+03
1.393436279296875000e+03
1.391877319335937500e+03
1.391711669921875000e+03
1.390533691406250000e+03
1.392597167968750000e+03
1.393895019531250000e+03
1.394561157226562500e+03
1.397231567382812500e+03
1.391946533203125000e+03
1.389858520507812500e+03
1.391728271484375000e+03
1.391854125976562500e+03
1.394637695312500000e+03
1.394312011718750000e+03
1.393352783203125000e+03
1.393201660156250000e+03
1.395692626953125000e+03
1.394529174804687500e+03
1.393152587890625000e+03
1.393269531250000000e+03
1.395026000976562500e+03
1.395156616210937500e+03
1.394742797851562500e+03
1.392359130859375000e+03
1.390328613281250000e+03
1.391730468750000000e+03
1.390098999023437500e+03
1.391024536132812500e+03
1.390947509765625000e+03
1.391110839843750000e+03
1.392044799804687500e+03
1.389574340820312500e+03
1.388701049804687500e+03
1.387500366210937500e+03
1.395799560546875000e+03
1.394417724609375000e+03
1.394384521484375000e+03
1.394331542968750000e+03
1.393138793945312500e+03
1.391613037109375000e+03
1.390982910156250000e+03
1.386400024414062500e+03
1.386104248046875000e+03
1.379330322265625000e+03
1.379262573242187500e+03
1.381327880859375000e+03
1.382150024414062500e+03
1.384637084960937500e+03
1.385986206054687500e+03
1.385976318359375000e+03
1.384905517578125000e+03
1.385439941406250000e+03
1.379255371093750000e+03
1.378822509765625000e+03
1.378089111328125000e+03
1.377496093750000000e+03
1.375689086914062500e+03
1.376484741210937500e+03
1.379477783203125000e+03
1.377477050781250000e+03
1.377907592773437500e+03
1.376287231445312500e+03
1.377535644531250000e+03
1.378046630859375000e+03
1.377326416015625000e+03
1.375508422851562500e+03
1.373851196289062500e+03
1.374607788085937500e+03
1.373137084960937500e+03
1.372863891601562500e+03
1.375914428710937500e+03
1.370583618164062500e+03
1.367478271484375000e+03
1.371076293945312500e+03
1.371713256835937500e+03
1.374065795898437500e+03
1.375104736328125000e+03
1.377299438476562500e+03
1.378576293945312500e+03
1.386636352539062500e+03
1.383010009765625000e+03
1.384963500976562500e+03
1.384527099609375000e+03
1.382319824218750000e+03
1.383014526367187500e+03
1.381754760742187500e+03
1.383146606445312500e+03
1.381625488281250000e+03
1.380220581054687500e+03
1.378296752929687500e+03
1.377780517578125000e+03
1.379232543945312500e+03
1.376841918945312500e+03
1.378360473632812500e+03
1.378736083984375000e+03
1.377646972656250000e+03
1.377734619140625000e+03
1.375164428710937500e+03
1.372648681640625000e+03
1.372807495117187500e+03
1.370774780273437500e+03
1.371362915039062500e+03
1.372685302734375000e+03
1.374332885742187500e+03
1.374494750976562500e+03
1.374896118164062500e+03
1.363405883789062500e+03
1.370876098632812500e+03
1.375308959960937500e+03
1.378939453125000000e+03
1.376962158203125000e+03
1.384109741210937500e+03
1.386673339843750000e+03
1.391201171875000000e+03
1.392401855468750000e+03
1.401911376953125000e+03
1.399738647460937500e+03
1.399891723632812500e+03
1.399971923828125000e+03
1.399519165039062500e+03
1.395847778320312500e+03
1.394360839843750000e+03
1.390776123046875000e+03
1.390621337890625000e+03
1.387094482421875000e+03
1.384242553710937500e+03
1.382163574218750000e+03
1.382101928710937500e+03
1.379418457031250000e+03
1.379900512695312500e+03
1.377842895507812500e+03
1.377271118164062500e+03
1.377186157226562500e+03
1.380345581054687500e+03
1.381903076171875000e+03
1.382718750000000000e+03
1.383499511718750000e+03
1.382634887695312500e+03
1.381268920898437500e+03
1.381511962890625000e+03
1.379896240234375000e+03
1.380232788085937500e+03
1.380621704101562500e+03
1.382709960937500000e+03
1.384122070312500000e+03
1.384142944335937500e+03
1.385301513671875000e+03
1.386145874023437500e+03
1.389069946289062500e+03
1.387445556640625000e+03
1.387583618164062500e+03
1.380609252929687500e+03
1.377307861328125000e+03
1.374432739257812500e+03
1.371757446289062500e+03
1.370746582031250000e+03
1.370416259765625000e+03
1.372049072265625000e+03
1.371937011718750000e+03
1.372128295898437500e+03
1.369295410156250000e+03
1.368582397460937500e+03
1.370378173828125000e+03
1.371023437500000000e+03
1.370891601562500000e+03
1.371044189453125000e+03
1.370533203125000000e+03
1.372045166015625000e+03
1.371941284179687500e+03
1.371704101562500000e+03
1.366747070312500000e+03
1.365214233398437500e+03
1.364861694335937500e+03
1.363162719726562500e+03
1.361670288085937500e+03
1.360479858398437500e+03
1.358984130859375000e+03
1.360388916015625000e+03
1.357084350585937500e+03
1.356601440429687500e+03
1.355563720703125000e+03
1.355007202148437500e+03
1.354927734375000000e+03
1.354673339843750000e+03
1.355334106445312500e+03
1.355509399414062500e+03
1.355030517578125000e+03
1.356586914062500000e+03
1.357659667968750000e+03
1.357355957031250000e+03
1.356791870117187500e+03
1.357328613281250000e+03
1.357437255859375000e+03
1.357996459960937500e+03
1.356327026367187500e+03
1.356091918945312500e+03
1.356491210937500000e+03
1.354874511718750000e+03
1.354711914062500000e+03
1.355444335937500000e+03
1.355416137695312500e+03
1.355492431640625000e+03
1.355997436523437500e+03
1.357609985351562500e+03
1.359265136718750000e+03
1.367599121093750000e+03
1.369080932617187500e+03
1.371863159179687500e+03
1.373878051757812500e+03
1.374282348632812500e+03
1.376040893554687500e+03
1.375497558593750000e+03
1.371558349609375000e+03
1.369050048828125000e+03
1.369278320312500000e+03
1.366775878906250000e+03
1.362786987304687500e+03
1.361358398437500000e+03
1.361209716796875000e+03
1.360050292968750000e+03
1.357661499023437500e+03
1.354963378906250000e+03
1.354497802734375000e+03
1.353206542968750000e+03
1.353915893554687500e+03
1.352984863281250000e+03
1.351830200195312500e+03
1.350007202148437500e+03
1.348132080078125000e+03
1.347858398437500000e+03
1.347159545898437500e+03
1.346494018554687500e+03
1.345542846679687500e+03
1.345582153320312500e+03
1.345691406250000000e+03
1.345660766601562500e+03
1.345357299804687500e+03
1.345912475585937500e+03
1.345508056640625000e+03
1.343640747070312500e+03
1.343045288085937500e+03
1.343287841796875000e+03
1.343970214843750000e+03
1.343849487304687500e+03
1.343819458007812500e+03
1.344359375000000000e+03
1.344144042968750000e+03
1.343825439453125000e+03
1.343354614257812500e+03
1.343621459960937500e+03
1.344348999023437500e+03
1.344503784179687500e+03
1.345194580078125000e+03
1.346733398437500000e+03
1.347346923828125000e+03
1.345920410156250000e+03
1.345250854492187500e+03
1.345192993164062500e+03
1.347154296875000000e+03
1.347892822265625000e+03
1.349110595703125000e+03
1.350498413085937500e+03
1.350387451171875000e+03
1.349158935546875000e+03
1.348074340820312500e+03
1.349796630859375000e+03
1.349652099609375000e+03
1.349596679687500000e+03
1.356521728515625000e+03
1.360323608398437500e+03
1.361608520507812500e+03
1.362956176757812500e+03
1.362774536132812500e+03
1.363722778320312500e+03
1.365728759765625000e+03
1.368930297851562500e+03
1.370951049804687500e+03
1.367649047851562500e+03
1.367117797851562500e+03
1.366223754882812500e+03
1.366835937500000000e+03
1.368244506835937500e+03
1.369662109375000000e+03
1.369582641601562500e+03
1.368336914062500000e+03
1.367217163085937500e+03
1.369152221679687500e+03
1.371698730468750000e+03
1.373070922851562500e+03
1.373002807617187500e+03
1.372610961914062500e+03
1.370910522460937500e+03
1.368468505859375000e+03
1.367741455078125000e+03
1.366764770507812500e+03
1.365291870117187500e+03
1.363256103515625000e+03
1.359740722656250000e+03
1.358933105468750000e+03
1.358752807617187500e+03
1.360113403320312500e+03
1.360336059570312500e+03
1.357815429687500000e+03
1.355628906250000000e+03
1.354842895507812500e+03
1.354287597656250000e+03
1.354446533203125000e+03
1.355660522460937500e+03
1.356036376953125000e+03
1.356543212890625000e+03
1.356260498046875000e+03
1.358089477539062500e+03
1.357896240234375000e+03
1.359756835937500000e+03
1.358373657226562500e+03
1.358035766601562500e+03
1.357439453125000000e+03
1.356603515625000000e+03
1.354552612304687500e+03
1.353146362304687500e+03
1.354934326171875000e+03
1.356350219726562500e+03
1.356292724609375000e+03
1.357630249023437500e+03
1.357249511718750000e+03
1.354951538085937500e+03
1.353838256835937500e+03
1.352902954101562500e+03
1.351742797851562500e+03
1.350792724609375000e+03
1.349917114257812500e+03
1.347785766601562500e+03
1.346305908203125000e+03
1.345859252929687500e+03
1.345990722656250000e+03
1.345696044921875000e+03
1.345084960937500000e+03
1.344459350585937500e+03
1.343767456054687500e+03
1.342863281250000000e+03
1.341639160156250000e+03
1.342020507812500000e+03
1.342543334960937500e+03
1.342698608398437500e+03
1.342691162109375000e+03
1.343229248046875000e+03
1.342964965820312500e+03
1.343367553710937500e+03
1.343886474609375000e+03
1.344969116210937500e+03
1.346377929687500000e+03
1.348436035156250000e+03
1.349880493164062500e+03
1.350629272460937500e+03
1.350684692382812500e+03
1.350489868164062500e+03
1.348183227539062500e+03
1.345666015625000000e+03
1.343657958984375000e+03
1.342898193359375000e+03
1.339715820312500000e+03
1.338429199218750000e+03
1.337766601562500000e+03
1.337445800781250000e+03
1.337763183593750000e+03
1.337717407226562500e+03
1.337796142578125000e+03
1.338060180664062500e+03
1.338744018554687500e+03
1.340154052734375000e+03
1.340182861328125000e+03
1.339901733398437500e+03
1.339921264648437500e+03
1.340621948242187500e+03
1.340894287109375000e+03
1.339649169921875000e+03
1.340027832031250000e+03
1.341485595703125000e+03
1.342127441406250000e+03
1.343106933593750000e+03
1.343876220703125000e+03
1.342495239257812500e+03
1.341522338867187500e+03
1.341445922851562500e+03
1.340898559570312500e+03
1.339790893554687500e+03
1.339126586914062500e+03
1.339223388671875000e+03
1.339606689453125000e+03
1.341550903320312500e+03
1.343209228515625000e+03
1.343883178710937500e+03
1.345921875000000000e+03
1.347016357421875000e+03
1.346850097656250000e+03
1.346477905273437500e+03
1.344651000976562500e+03
1.342799560546875000e+03
1.341792968750000000e+03
1.341769165039062500e+03
1.341133544921875000e+03
1.341110717773437500e+03
1.342654296875000000e+03
1.342418945312500000e+03
1.341194580078125000e+03
1.339840087890625000e+03
1.338728881835937500e+03
1.337812255859375000e+03
1.337697143554687500e+03
1.336648681640625000e+03
1.336742919921875000e+03
1.337549560546875000e+03
1.339439086914062500e+03
1.339728515625000000e+03
1.340081542968750000e+03
1.340000244140625000e+03
1.339410400390625000e+03
1.339135253906250000e+03
1.339880126953125000e+03
1.339856689453125000e+03
1.339743286132812500e+03
1.343604125976562500e+03
1.347198730468750000e+03
1.350404907226562500e+03
1.352987304687500000e+03
1.356082763671875000e+03
1.357654907226562500e+03
1.359756713867187500e+03
1.359981567382812500e+03
1.360127685546875000e+03
1.363142333984375000e+03
1.362110839843750000e+03
1.361417114257812500e+03
1.361697509765625000e+03
1.363474243164062500e+03
1.364252563476562500e+03
1.363181762695312500e+03
1.362132202148437500e+03
1.362156127929687500e+03
1.363030151367187500e+03
1.361974731445312500e+03
1.361525024414062500e+03
1.361074340820312500e+03
1.361125610351562500e+03
1.360886108398437500e+03
1.360030395507812500e+03
1.359726562500000000e+03
1.359377929687500000e+03
1.357933227539062500e+03
1.356020996093750000e+03
1.355217529296875000e+03
1.354226074218750000e+03
1.353413208007812500e+03
1.353672729492187500e+03
1.353564697265625000e+03
1.354050903320312500e+03
1.353533203125000000e+03
1.352217895507812500e+03
1.350870849609375000e+03
1.350776367187500000e+03
1.351488281250000000e+03
1.352557006835937500e+03
1.353852050781250000e+03
1.355955810546875000e+03
1.355084838867187500e+03
1.354216064453125000e+03
1.355281860351562500e+03
1.356727050781250000e+03
1.359557373046875000e+03
1.360393798828125000e+03
1.361789184570312500e+03
1.362696411132812500e+03
1.363814331054687500e+03
1.364202880859375000e+03
1.365506103515625000e+03
1.363153686523437500e+03
1.362305419921875000e+03
1.360594970703125000e+03
1.359510253906250000e+03
1.359947143554687500e+03
1.360334960937500000e+03
1.359715332031250000e+03
1.358306762695312500e+03
1.359113037109375000e+03
1.364629516601562500e+03
1.366893920898437500e+03
1.368209228515625000e+03
1.367739624023437500e+03
1.366787353515625000e+03
1.367102539062500000e+03
1.367094116210937500e+03
1.368648071289062500e+03
1.370032348632812500e+03
1.370825073242187500e+03
1.370643798828125000e+03
1.369945800781250000e+03
1.369795898437500000e+03
1.370230224609375000e+03
1.376689575195312500e+03
1.379336181640625000e+03
1.381279174804687500e+03
1.381824829101562500e+03
1.387837646484375000e+03
1.385241943359375000e+03
1.386476196289062500e+03
1.387751098632812500e+03
1.386855102539062500e+03
1.384772338867187500e+03
1.383039550781250000e+03
1.383430908203125000e+03
1.382753784179687500e+03
1.380470336914062500e+03
1.378822387695312500e+03
1.378072875976562500e+03
1.377749633789062500e+03
1.376916992187500000e+03
1.378292602539062500e+03
1.376998291015625000e+03
1.375157958984375000e+03
1.374014648437500000e+03
1.378171386718750000e+03
1.380335937500000000e+03
1.383320190429687500e+03
1.382498168945312500e+03
1.382409912109375000e+03
1.383254882812500000e+03
1.383842163085937500e+03
1.384199951171875000e+03
1.383975463867187500e+03
1.383680664062500000e+03
1.383845092773437500e+03
1.383909423828125000e+03
1.383613281250000000e+03
1.382734375000000000e+03
1.383618652343750000e+03
1.384095947265625000e+03
1.384450927734375000e+03
1.384445434570312500e+03
1.383428588867187500e+03
1.382378540039062500e+03
1.382620117187500000e+03
1.382198730468750000e+03
1.381181518554687500e+03
1.380215576171875000e+03
1.380897338867187500e+03
1.380397094726562500e+03
1.380207519531250000e+03
1.383610839843750000e+03
1.382285522460937500e+03
1.384779174804687500e+03
1.383398315429687500e+03
1.382697265625000000e+03
1.382884033203125000e+03
1.382043701171875000e+03
1.382627929687500000e+03
1.382307617187500000e+03
1.384574340820312500e+03
1.383892944335937500e+03
1.383864990234375000e+03
1.384286987304687500e+03
1.384741455078125000e+03
1.385541870117187500e+03
1.385808227539062500e+03
1.386291503906250000e+03
1.386485961914062500e+03
1.385684204101562500e+03
1.387500000000000000e+03
1.389772460937500000e+03
1.388328491210937500e+03
1.388379272460937500e+03
1.388127319335937500e+03
1.389518432617187500e+03
1.390124389648437500e+03
1.390120239257812500e+03
1.388572509765625000e+03
1.386823242187500000e+03
1.388482788085937500e+03
1.387623535156250000e+03
1.388786865234375000e+03
1.388351928710937500e+03
1.388501464843750000e+03
1.387164306640625000e+03
1.386522949218750000e+03
1.381961303710937500e+03
1.382317382812500000e+03
1.381995605468750000e+03
1.381327514648437500e+03
1.381243286132812500e+03
1.381275268554687500e+03
1.381185424804687500e+03
1.383495849609375000e+03
1.384088745117187500e+03
1.386258178710937500e+03
1.387993530273437500e+03
1.388426269531250000e+03
1.388696777343750000e+03
1.389282348632812500e+03
1.388276000976562500e+03
1.386952636718750000e+03
1.388127807617187500e+03
1.386379028320312500e+03
1.385806030273437500e+03
1.387941894531250000e+03
1.390457641601562500e+03
1.389788940429687500e+03
1.391657836914062500e+03
1.391701904296875000e+03
1.391130859375000000e+03
1.390290527343750000e+03
1.390047119140625000e+03
1.395383422851562500e+03
1.394957275390625000e+03
1.395380249023437500e+03
1.395024169921875000e+03
1.394091186523437500e+03
1.393092285156250000e+03
1.395014282226562500e+03
1.396383666992187500e+03
1.396664916992187500e+03
1.395227905273437500e+03
1.394376342773437500e+03
1.394672851562500000e+03
1.394264526367187500e+03
1.393727539062500000e+03
1.393856933593750000e+03
1.394373535156250000e+03
1.393668701171875000e+03
1.393772338867187500e+03
1.393830810546875000e+03
1.395423828125000000e+03
1.393592895507812500e+03
1.393982299804687500e+03
1.394890991210937500e+03
1.394985351562500000e+03
1.396169555664062500e+03
1.398011596679687500e+03
1.398031494140625000e+03
1.401190673828125000e+03
1.400113037109375000e+03
1.401144897460937500e+03
1.402137573242187500e+03
1.402781494140625000e+03
1.404255126953125000e+03
1.404004516601562500e+03
1.405264282226562500e+03
1.404386596679687500e+03
1.401710205078125000e+03
1.403303222656250000e+03
1.403351806640625000e+03
1.403922851562500000e+03
1.402513183593750000e+03
1.403287841796875000e+03
1.402668945312500000e+03
1.403750122070312500e+03
1.403447753906250000e+03
1.406860473632812500e+03
1.408695800781250000e+03
1.408289428710937500e+03
1.406842163085937500e+03
1.407353881835937500e+03
1.409036743164062500e+03
1.411419433593750000e+03
1.413355346679687500e+03
1.412188354492187500e+03
1.413859008789062500e+03
1.413107055664062500e+03
1.413275634765625000e+03
1.414120727539062500e+03
1.415769042968750000e+03
1.415201049804687500e+03
1.418365722656250000e+03
1.418140502929687500e+03
1.418253906250000000e+03
1.420705444335937500e+03
1.421120483398437500e+03
1.418147705078125000e+03
1.419426391601562500e+03
1.418352539062500000e+03
1.418794433593750000e+03
1.418696533203125000e+03
1.419713012695312500e+03
1.418739379882812500e+03
1.421602905273437500e+03
1.420704223632812500e+03
1.419947753906250000e+03
1.419771118164062500e+03
1.419128173828125000e+03
1.419756591796875000e+03
1.418408935546875000e+03
1.417823364257812500e+03
1.416641479492187500e+03
1.428886718750000000e+03
1.425513305664062500e+03
1.428990966796875000e+03
1.426149536132812500e+03
1.427393432617187500e+03
1.427637939453125000e+03
1.423998046875000000e+03
1.424542968750000000e+03
1.426123291015625000e+03
1.433647338867187500e+03
1.433623291015625000e+03
1.435956420898437500e+03
1.433453002929687500e+03
1.432237792968750000e+03
1.430431274414062500e+03
1.430150878906250000e+03
1.429666381835937500e+03
1.430451782226562500e+03
1.429824829101562500e+03
1.431931640625000000e+03
1.430643432617187500e+03
1.430820800781250000e+03
1.429246337890625000e+03
1.429084960937500000e+03
1.426704833984375000e+03
1.425895507812500000e+03
1.426182983398437500e+03
1.426062500000000000e+03
1.427152587890625000e+03
1.426544311523437500e+03
1.426124755859375000e+03
1.426802368164062500e+03
1.426005249023437500e+03
1.425861083984375000e+03
1.424954956054687500e+03
1.425947021484375000e+03
1.426086547851562500e+03
1.424116821289062500e+03
1.424380371093750000e+03
1.424928100585937500e+03
1.425005249023437500e+03
1.426197631835937500e+03
1.424986816406250000e+03
1.426262084960937500e+03
1.427126098632812500e+03
1.422996704101562500e+03
1.422452392578125000e+03
1.419931152343750000e+03
1.420367187500000000e+03
1.420803833007812500e+03
1.422500854492187500e+03
1.421929565429687500e+03
1.422569458007812500e+03
1.423108764648437500e+03
1.420011840820312500e+03
1.421021606445312500e+03
1.420021118164062500e+03
1.419265502929687500e+03
1.419726318359375000e+03
1.421274536132812500e+03
1.422069335937500000e+03
1.422165527343750000e+03
1.422152343750000000e+03
1.426520385742187500e+03
1.424375854492187500e+03
1.425424316406250000e+03
1.425027343750000000e+03
1.425825805664062500e+03
1.425857666015625000e+03
1.424913208007812500e+03
1.425223632812500000e+03
1.426287475585937500e+03
1.427007812500000000e+03
1.426150512695312500e+03
1.426105712890625000e+03
1.425385986328125000e+03
1.425130004882812500e+03
1.425943725585937500e+03
1.424647827148437500e+03
1.423594848632812500e+03
1.423899047851562500e+03
1.426018188476562500e+03
1.424921142578125000e+03
1.424410522460937500e+03
1.424726806640625000e+03
1.424827758789062500e+03
1.425205444335937500e+03
1.424376586914062500e+03
1.423868408203125000e+03
1.422021728515625000e+03
1.432642700195312500e+03
1.426677368164062500e+03
1.426979736328125000e+03
1.423452148437500000e+03
1.421068481445312500e+03
1.420926879882812500e+03
1.422852294921875000e+03
1.423133789062500000e+03
1.423737426757812500e+03
1.423518310546875000e+03
1.418647216796875000e+03
1.417384277343750000e+03
1.413601684570312500e+03
1.411424438476562500e+03
1.410506958007812500e+03
1.409560546875000000e+03
1.410920654296875000e+03
1.410935913085937500e+03
1.414271484375000000e+03
1.412906616210937500e+03
1.413024047851562500e+03
1.410187133789062500e+03
1.411307617187500000e+03
1.409420898437500000e+03
1.411496215820312500e+03
1.413593994140625000e+03
1.414620239257812500e+03
1.408999145507812500e+03
1.409019531250000000e+03
1.406775146484375000e+03
1.407435913085937500e+03
1.406582763671875000e+03
1.409315063476562500e+03
1.412582641601562500e+03
1.415578491210937500e+03
1.413175048828125000e+03
1.410836547851562500e+03
1.408617675781250000e+03
1.408902465820312500e+03
1.409239257812500000e+03
1.410864013671875000e+03
1.411528076171875000e+03
1.415019409179687500e+03
1.414358276367187500e+03
1.414797241210937500e+03
1.413906250000000000e+03
1.414274536132812500e+03
1.413508789062500000e+03
1.411664062500000000e+03
1.413699340820312500e+03
1.411273315429687500e+03
1.412921875000000000e+03
1.414741821289062500e+03
1.414188354492187500e+03
1.413637939453125000e+03
1.414979003906250000e+03
1.411993164062500000e+03
1.410714233398437500e+03
1.411257202148437500e+03
1.410756103515625000e+03
1.410629272460937500e+03
1.410607666015625000e+03
1.410804687500000000e+03
1.418272705078125000e+03
1.413764892578125000e+03
1.413641723632812500e+03
1.413286010742187500e+03
1.412499877929687500e+03
1.411043701171875000e+03
1.413254150390625000e+03
1.406839965820312500e+03
1.408048583984375000e+03
1.420494628906250000e+03
1.415175903320312500e+03
1.417462646484375000e+03
1.414444091796875000e+03
1.414820678710937500e+03
1.415897338867187500e+03
1.416389038085937500e+03
1.414236206054687500e+03
1.415489135742187500e+03
1.414878295898437500e+03
1.416640625000000000e+03
1.416307373046875000e+03
1.415178710937500000e+03
1.414006835937500000e+03
1.413587036132812500e+03
1.413695068359375000e+03
1.413334960937500000e+03
1.413014282226562500e+03
1.408245727539062500e+03
1.409719116210937500e+03
1.407146362304687500e+03
1.409729125976562500e+03
1.409782470703125000e+03
1.408137939453125000e+03
1.408037475585937500e+03
1.410092163085937500e+03
1.408125976562500000e+03
1.398818847656250000e+03
1.398807495117187500e+03
1.396887451171875000e+03
1.397101196289062500e+03
1.396963989257812500e+03
1.394974487304687500e+03
1.393908813476562500e+03
1.396291381835937500e+03
1.397247558593750000e+03
1.399542846679687500e+03
1.400687622070312500e+03
1.402346435546875000e+03
1.403582885742187500e+03
1.404899536132812500e+03
1.403435668945312500e+03
1.406370849609375000e+03
1.405651977539062500e+03
1.406634399414062500e+03
1.412377685546875000e+03
1.410388305664062500e+03
1.410723144531250000e+03
1.411506225585937500e+03
1.411089233398437500e+03
1.409629272460937500e+03
1.408741577148437500e+03
1.408330810546875000e+03
1.408805908203125000e+03
1.416529052734375000e+03
1.412120971679687500e+03
1.413079101562500000e+03
1.413023803710937500e+03
1.411652221679687500e+03
1.411964843750000000e+03
1.414022705078125000e+03
1.413345825195312500e+03
1.414102539062500000e+03
1.413017944335937500e+03
1.412469726562500000e+03
1.412009521484375000e+03
1.412448852539062500e+03
1.412929321289062500e+03
1.411911254882812500e+03
1.413012817382812500e+03
1.413335693359375000e+03
1.413331542968750000e+03
1.422409790039062500e+03
1.419988891601562500e+03
1.421530273437500000e+03
1.422905639648437500e+03
1.422520751953125000e+03
1.423547241210937500e+03
1.425153564453125000e+03
1.425985839843750000e+03
1.427576049804687500e+03
1.431113403320312500e+03
1.431882080078125000e+03
1.430331176757812500e+03
1.430283813476562500e+03
1.429759399414062500e+03
1.434883789062500000e+03
1.437041748046875000e+03
1.436140258789062500e+03
1.437925170898437500e+03
1.439840942382812500e+03
1.441178833007812500e+03
1.439544189453125000e+03
1.439897949218750000e+03
1.441280883789062500e+03
1.443487182617187500e+03
1.444034423828125000e+03
1.445191040039062500e+03
1.445311889648437500e+03
1.446953247070312500e+03
1.447549438476562500e+03
1.448533691406250000e+03
1.448815063476562500e+03
1.449141723632812500e+03
1.449373901367187500e+03
1.449674560546875000e+03
1.449790649414062500e+03
1.450319580078125000e+03
1.452246215820312500e+03
1.452090576171875000e+03
1.452159790039062500e+03
1.452243774414062500e+03
1.450922485351562500e+03
1.451046508789062500e+03
1.451754882812500000e+03
1.451397460937500000e+03
1.453187866210937500e+03
1.456050659179687500e+03
1.455938964843750000e+03
1.456963623046875000e+03
1.457451416015625000e+03
1.456921752929687500e+03
1.457226928710937500e+03
1.455764526367187500e+03
1.454292724609375000e+03
1.455441528320312500e+03
1.454034179687500000e+03
1.453300170898437500e+03
1.453843994140625000e+03
1.454975585937500000e+03
1.456329956054687500e+03
1.456077758789062500e+03
1.454613403320312500e+03
1.451192626953125000e+03
1.449972045898437500e+03
1.452725952148437500e+03
1.450539916992187500e+03
1.450581787109375000e+03
1.452103759765625000e+03
1.453319946289062500e+03
1.450109497070312500e+03
1.448964721679687500e+03
1.448066284179687500e+03
1.446530517578125000e+03
1.450546020507812500e+03
1.449952392578125000e+03
1.451898315429687500e+03
1.451876831054687500e+03
1.450938842773437500e+03
1.447197753906250000e+03
1.447252441406250000e+03
1.445033935546875000e+03
1.445442138671875000e+03
1.450011596679687500e+03
1.448833862304687500e+03
1.449656494140625000e+03
1.450007934570312500e+03
1.449893920898437500e+03
1.449285034179687500e+03
1.449879150390625000e+03
1.450104980468750000e+03
1.451658081054687500e+03
1.455194091796875000e+03
1.454452636718750000e+03
1.453254760742187500e+03
1.453903442382812500e+03
1.455377441406250000e+03
1.455575805664062500e+03
1.455779907226562500e+03
1.457058715820312500e+03
1.456919067382812500e+03
1.458295410156250000e+03
1.459489624023437500e+03
1.457093627929687500e+03
1.457075195312500000e+03
1.458829345703125000e+03
1.459262329101562500e+03
1.458712402343750000e+03
1.457979980468750000e+03
1.457336303710937500e+03
1.460024658203125000e+03
1.461264892578125000e+03
1.461753540039062500e+03
1.461587036132812500e+03
1.463591918945312500e+03
1.464170532226562500e+03
1.463250244140625000e+03
1.463033813476562500e+03
1.463728271484375000e+03
1.466638549804687500e+03
1.467684570312500000e+03
1.467742187500000000e+03
1.466808959960937500e+03
1.467031372070312500e+03
1.467246704101562500e+03
1.468017944335937500e+03
1.467896240234375000e+03
1.468720214843750000e+03
1.467516357421875000e+03
1.468488281250000000e+03
1.467801879882812500e+03
1.466049682617187500e+03
1.465948364257812500e+03
1.464016235351562500e+03
1.464196655273437500e+03
1.465289428710937500e+03
1.465477905273437500e+03
1.462978149414062500e+03
1.461927734375000000e+03
1.461829833984375000e+03
1.461770141601562500e+03
1.461414550781250000e+03
1.459417480468750000e+03
1.457354370117187500e+03
1.457558471679687500e+03
1.458076782226562500e+03
1.462694702148437500e+03
1.463054565429687500e+03
1.463236816406250000e+03
1.464763427734375000e+03
1.465663085937500000e+03
1.464587402343750000e+03
1.464449829101562500e+03
1.465585693359375000e+03
1.466243041992187500e+03
1.473077392578125000e+03
1.473684204101562500e+03
1.473209838867187500e+03
1.472770874023437500e+03
1.472866943359375000e+03
1.472151611328125000e+03
1.471409790039062500e+03
1.473038330078125000e+03
1.474422729492187500e+03
1.476452758789062500e+03
1.476850219726562500e+03
1.476624267578125000e+03
1.476652221679687500e+03
1.476616210937500000e+03
1.476257568359375000e+03
1.476101196289062500e+03
1.476652832031250000e+03
1.476650268554687500e+03
1.475278564453125000e+03
1.473672973632812500e+03
1.474085815429687500e+03
1.474040405273437500e+03
1.474752685546875000e+03
1.474209350585937500e+03
1.474300659179687500e+03
1.475122558593750000e+03
1.474913696289062500e+03
1.473717285156250000e+03
1.474379760742187500e+03
1.475114746093750000e+03
1.474738037109375000e+03
1.474661865234375000e+03
1.473283691406250000e+03
1.473447021484375000e+03
1.473481323242187500e+03
1.473821655273437500e+03
1.479592529296875000e+03
1.480440917968750000e+03
1.481275146484375000e+03
1.481913330078125000e+03
1.481811889648437500e+03
1.481369262695312500e+03
1.482418090820312500e+03
1.482159912109375000e+03
1.484295288085937500e+03
1.491757446289062500e+03
1.493127685546875000e+03
1.493414062500000000e+03
1.495393554687500000e+03
1.496316650390625000e+03
1.496964233398437500e+03
1.497969848632812500e+03
1.497139892578125000e+03
1.496352661132812500e+03
1.494677856445312500e+03
1.493922363281250000e+03
1.494460815429687500e+03
1.495831054687500000e+03
1.496377441406250000e+03
1.496898315429687500e+03
1.496935668945312500e+03
1.496659057617187500e+03
1.496008056640625000e+03
1.493829467773437500e+03
1.492670654296875000e+03
1.493214599609375000e+03
1.493523315429687500e+03
1.493877075195312500e+03
1.493411132812500000e+03
1.494010742187500000e+03
1.494178344726562500e+03
1.493947387695312500e+03
1.492646972656250000e+03
1.492311279296875000e+03
1.493585083007812500e+03
1.494009399414062500e+03
1.494127075195312500e+03
1.494425781250000000e+03
1.494927124023437500e+03
1.495637573242187500e+03
1.495608886718750000e+03
1.494658325195312500e+03
1.493146240234375000e+03
1.492056396484375000e+03
1.492765869140625000e+03
1.492536376953125000e+03
1.493153198242187500e+03
1.493651855468750000e+03
1.493207031250000000e+03
1.493563842773437500e+03
1.495003784179687500e+03
1.495140136718750000e+03
1.493083374023437500e+03
1.494245849609375000e+03
1.494702758789062500e+03
1.494666015625000000e+03
1.494410644531250000e+03
1.495145263671875000e+03
1.495046386718750000e+03
1.497055908203125000e+03
1.497934204101562500e+03
1.497235839843750000e+03
1.497335571289062500e+03
1.498247680664062500e+03
1.498065185546875000e+03
1.497134277343750000e+03
1.498658447265625000e+03
1.500232055664062500e+03
1.501291625976562500e+03
1.501366577148437500e+03
1.501992553710937500e+03
1.502239624023437500e+03
1.502228149414062500e+03
1.502358032226562500e+03
1.501939941406250000e+03
1.501037231445312500e+03
1.501218261718750000e+03
1.502380249023437500e+03
1.502985717773437500e+03
1.503968627929687500e+03
1.504246704101562500e+03
1.504150634765625000e+03
1.504483032226562500e+03
1.505249145507812500e+03
1.504754882812500000e+03
1.504513183593750000e+03
1.506358642578125000e+03
1.507996948242187500e+03
1.509019165039062500e+03
1.508991455078125000e+03
1.509425292968750000e+03
1.511231445312500000e+03
1.512732421875000000e+03
1.513005249023437500e+03
1.513239746093750000e+03
1.513075561523437500e+03
1.513988281250000000e+03
1.515922485351562500e+03
1.516426025390625000e+03
1.516695678710937500e+03
1.518972045898437500e+03
1.520209716796875000e+03
1.520510498046875000e+03
1.519933959960937500e+03
1.519511474609375000e+03
1.519695434570312500e+03
1.519823608398437500e+03
1.519424194335937500e+03
1.518741943359375000e+03
1.517719604492187500e+03
1.515929565429687500e+03
1.515237182617187500e+03
1.515012084960937500e+03
1.515031860351562500e+03
1.515099121093750000e+03
1.515319824218750000e+03
1.515226928710937500e+03
1.515214599609375000e+03
1.513625610351562500e+03
1.511795043945312500e+03
1.512926513671875000e+03
1.514025146484375000e+03
1.516155883789062500e+03
1.517118530273437500e+03
1.518117309570312500e+03
1.518760131835937500e+03
1.519382568359375000e+03
1.520044921875000000e+03
1.520972656250000000e+03
1.522153930664062500e+03
1.522327392578125000e+03
1.524128417968750000e+03
1.525885620117187500e+03
1.526806030273437500e+03
1.526914550781250000e+03
1.526619995117187500e+03
1.525606201171875000e+03
1.524358154296875000e+03
1.523843139648437500e+03
1.523639648437500000e+03
1.525488403320312500e+03
1.527284179687500000e+03
1.527664794921875000e+03
1.527997558593750000e+03
1.527801025390625000e+03
1.526116577148437500e+03
1.524190917968750000e+03
1.523737304687500000e+03
1.523704711914062500e+03
1.524264892578125000e+03
1.525546020507812500e+03
1.526042358398437500e+03
1.526547241210937500e+03
1.526674072265625000e+03
1.525577026367187500e+03
1.524549560546875000e+03
1.524271606445312500e+03
1.523882080078125000e+03
1.524046020507812500e+03
1.524742431640625000e+03
1.524841186523437500e+03
1.524683105468750000e+03
1.524997436523437500e+03
1.524524902343750000e+03
1.523870483398437500e+03
1.524482788085937500e+03
1.525305297851562500e+03
1.525437133789062500e+03
1.525695190429687500e+03
1.526124023437500000e+03
1.526558227539062500e+03
1.526964111328125000e+03
1.527270507812500000e+03
1.527155029296875000e+03
1.527474487304687500e+03
1.528064575195312500e+03
1.531062744140625000e+03
1.531343994140625000e+03
1.531434326171875000e+03
1.531735351562500000e+03
1.531854248046875000e+03
1.531950073242187500e+03
1.532055908203125000e+03
1.532551513671875000e+03
1.533165771484375000e+03
1.535975708007812500e+03
1.536719726562500000e+03
1.535877197265625000e+03
1.535147216796875000e+03
1.535284667968750000e+03
1.535512329101562500e+03
1.535689331054687500e+03
1.536285156250000000e+03
1.536726806640625000e+03
1.537152343750000000e+03
1.536765869140625000e+03
1.536347412109375000e+03
1.535635131835937500e+03
1.535202392578125000e+03
1.536082519531250000e+03
1.536952026367187500e+03
1.537452636718750000e+03
1.537724731445312500e+03
1.537774902343750000e+03
1.538135986328125000e+03
1.538212646484375000e+03
1.538434936523437500e+03
1.538589477539062500e+03
1.539082031250000000e+03
1.539817382812500000e+03
1.540002929687500000e+03
1.540105468750000000e+03
1.540144531250000000e+03
1.540445068359375000e+03
1.541042846679687500e+03
1.541405639648437500e+03
1.541736328125000000e+03
1.541772705078125000e+03
1.541711181640625000e+03
1.541623168945312500e+03
1.541407714843750000e+03
1.541966674804687500e+03
1.542395019531250000e+03
1.542585693359375000e+03
1.542613403320312500e+03
1.542589111328125000e+03
1.542731323242187500e+03
1.542720092773437500e+03
1.542569824218750000e+03
1.542398193359375000e+03
1.543578125000000000e+03
1.544013427734375000e+03
1.544365966796875000e+03
1.544340942382812500e+03
1.544260620117187500e+03
1.544049316406250000e+03
1.543232421875000000e+03
1.542591674804687500e+03
1.541929931640625000e+03
1.541394042968750000e+03
1.542009399414062500e+03
1.542086914062500000e+03
1.542199462890625000e+03
1.542466552734375000e+03
1.542319458007812500e+03
1.542352416992187500e+03
1.541813476562500000e+03
1.542075561523437500e+03
1.542625732421875000e+03
1.542922973632812500e+03
1.543252075195312500e+03
1.543598876953125000e+03
1.543540283203125000e+03
1.543730468750000000e+03
1.543626953125000000e+03
1.543845458984375000e+03
1.543919067382812500e+03
1.541948242187500000e+03
1.540338134765625000e+03
1.539842895507812500e+03
1.539260009765625000e+03
1.538907226562500000e+03
1.539150634765625000e+03
1.539325195312500000e+03
1.539634521484375000e+03
1.539552978515625000e+03
1.540093139648437500e+03
1.538411865234375000e+03
1.538996215820312500e+03
1.539548706054687500e+03
1.539748657226562500e+03
1.540555297851562500e+03
1.541378173828125000e+03
1.541827392578125000e+03
1.542297119140625000e+03
1.542576782226562500e+03
1.542932128906250000e+03
1.542450561523437500e+03
1.542233642578125000e+03
1.542660278320312500e+03
1.542778320312500000e+03
1.542723876953125000e+03
1.541870361328125000e+03
1.541259765625000000e+03
1.542752685546875000e+03
1.542968872070312500e+03
1.542933959960937500e+03
1.542982543945312500e+03
1.543191040039062500e+03
1.542068725585937500e+03
1.541427124023437500e+03
1.541544433593750000e+03
1.540878540039062500e+03
1.542349731445312500e+03
1.542646118164062500e+03
1.542396728515625000e+03
1.541519653320312500e+03
1.541158203125000000e+03
1.542312255859375000e+03
1.540441650390625000e+03
1.539625976562500000e+03
1.539773803710937500e+03
1.542197631835937500e+03
1.543424804687500000e+03
1.542962402343750000e+03
1.542929321289062500e+03
1.542836791992187500e+03
1.542340332031250000e+03
1.542681762695312500e+03
1.540987670898437500e+03
1.539724243164062500e+03
1.541448242187500000e+03
1.542599487304687500e+03
1.542912963867187500e+03
1.542896606445312500e+03
1.543247924804687500e+03
1.544008544921875000e+03
1.543176635742187500e+03
1.542411865234375000e+03
1.540862915039062500e+03
1.538569213867187500e+03
1.536445922851562500e+03
1.535234985351562500e+03
1.534634399414062500e+03
1.535550170898437500e+03
1.535926635742187500e+03
1.535122436523437500e+03
1.534214721679687500e+03
1.532317016601562500e+03
1.530940307617187500e+03
1.528445800781250000e+03
1.528589721679687500e+03
1.528783081054687500e+03
1.529586914062500000e+03
1.530092163085937500e+03
1.529046386718750000e+03
1.526564086914062500e+03
1.526243408203125000e+03
1.527498779296875000e+03
1.527882812500000000e+03
1.528055297851562500e+03
1.528148681640625000e+03
1.528080810546875000e+03
1.527471923828125000e+03
1.526862792968750000e+03
1.525891357421875000e+03
1.525622802734375000e+03
1.524030883789062500e+03
1.522724975585937500e+03
1.523744750976562500e+03
1.524052368164062500e+03
1.524616699218750000e+03
1.524779541015625000e+03
1.524566284179687500e+03
1.525040283203125000e+03
1.524791748046875000e+03
1.523247802734375000e+03
1.521520019531250000e+03
1.523656005859375000e+03
1.524687255859375000e+03
1.525470458984375000e+03
1.526311035156250000e+03
1.526652465820312500e+03
1.526737304687500000e+03
1.526368164062500000e+03
1.528572875976562500e+03
1.529590698242187500e+03
1.530910766601562500e+03
1.532219604492187500e+03
1.532398559570312500e+03
1.532460693359375000e+03
1.532478515625000000e+03
1.533472778320312500e+03
1.534180664062500000e+03
1.536770385742187500e+03
1.537692504882812500e+03
1.538294189453125000e+03
1.539064086914062500e+03
1.539454101562500000e+03
1.538944824218750000e+03
1.538682006835937500e+03
1.538436767578125000e+03
1.538363403320312500e+03
1.538048950195312500e+03
1.538412719726562500e+03
1.537666748046875000e+03
1.536942260742187500e+03
1.536993164062500000e+03
1.535869506835937500e+03
1.533604248046875000e+03
1.532995483398437500e+03
1.532845214843750000e+03
1.534758178710937500e+03
1.534829101562500000e+03
1.535014038085937500e+03
1.534378173828125000e+03
1.534231811523437500e+03
1.534000732421875000e+03
1.533063232421875000e+03
1.533758789062500000e+03
1.535093261718750000e+03
1.537810913085937500e+03
1.538674438476562500e+03
1.538641357421875000e+03
1.538760498046875000e+03
1.538864868164062500e+03
1.539177490234375000e+03
1.539414794921875000e+03
1.539850952148437500e+03
1.539620239257812500e+03
1.539258544921875000e+03
1.538713989257812500e+03
1.538104248046875000e+03
1.538272094726562500e+03
1.538195312500000000e+03
1.537535034179687500e+03
1.536781127929687500e+03
1.536000000000000000e+03
1.534790527343750000e+03
1.532357055664062500e+03
1.530574829101562500e+03
1.529450073242187500e+03
1.530092651367187500e+03
1.530602539062500000e+03
1.530423339843750000e+03
1.529885498046875000e+03
1.529304077148437500e+03
1.527844604492187500e+03
1.526658081054687500e+03
1.525866699218750000e+03
1.525814208984375000e+03
1.526451782226562500e+03
1.526915771484375000e+03
1.528467895507812500e+03
1.529110473632812500e+03
1.528756225585937500e+03
1.528098876953125000e+03
1.529641235351562500e+03
1.531510009765625000e+03
1.532785644531250000e+03
1.533769165039062500e+03
1.534128784179687500e+03
1.535110717773437500e+03
1.535247192382812500e+03
1.534642944335937500e+03
1.533906127929687500e+03
1.535861694335937500e+03
1.537610229492187500e+03
1.538868041992187500e+03
1.539662841796875000e+03
1.539834960937500000e+03
1.540210449218750000e+03
1.540095458984375000e+03
1.540232421875000000e+03
1.540634277343750000e+03
1.542041748046875000e+03
1.542811767578125000e+03
1.543514160156250000e+03
1.543788452148437500e+03
1.543888183593750000e+03
1.543599975585937500e+03
1.544112426757812500e+03
1.544173217773437500e+03
1.544392333984375000e+03
1.544404663085937500e+03
1.544720947265625000e+03
1.544536987304687500e+03
1.544896606445312500e+03
1.545100341796875000e+03
1.545316528320312500e+03
1.544981567382812500e+03
1.545305175781250000e+03
1.545495849609375000e+03
1.545421386718750000e+03
1.544986206054687500e+03
1.544651977539062500e+03
1.544451660156250000e+03
1.544702270507812500e+03
1.544828491210937500e+03
1.544803955078125000e+03
1.544933471679687500e+03
1.544977050781250000e+03
1.543639404296875000e+03
1.543275878906250000e+03
1.543256225585937500e+03
1.543523193359375000e+03
1.543600463867187500e+03
1.543511108398437500e+03
1.543735351562500000e+03
1.544057128906250000e+03
1.544074096679687500e+03
1.544319702148437500e+03
1.544513427734375000e+03
1.544440429687500000e+03
1.544413452148437500e+03
1.544408935546875000e+03
1.544355834960937500e+03
1.544236572265625000e+03
1.544171020507812500e+03
1.544359863281250000e+03
1.544197387695312500e+03
1.543790649414062500e+03
1.543690185546875000e+03
1.543873413085937500e+03
1.544069946289062500e+03
1.543912719726562500e+03
1.543651733398437500e+03
1.543661865234375000e+03
1.543066650390625000e+03
1.542373291015625000e+03
1.542746215820312500e+03
1.543182739257812500e+03
1.543451293945312500e+03
1.543000000000000000e+03
1.542522583007812500e+03
1.542854003906250000e+03
1.542790649414062500e+03
1.542565551757812500e+03
1.543267333984375000e+03
1.543957519531250000e+03
1.543728149414062500e+03
1.542856689453125000e+03
1.542899536132812500e+03
1.543171630859375000e+03
1.543222778320312500e+03
1.543123901367187500e+03
1.543786254882812500e+03
1.544530639648437500e+03
1.544565673828125000e+03
1.544352050781250000e+03
1.544532470703125000e+03
1.544405883789062500e+03
1.544091186523437500e+03
1.543755004882812500e+03
1.543577880859375000e+03
1.543615966796875000e+03
1.543679931640625000e+03
1.544229614257812500e+03
1.543990356445312500e+03
1.543910400390625000e+03
1.543670654296875000e+03
1.543522949218750000e+03
1.543652343750000000e+03
1.543632324218750000e+03
1.544084960937500000e+03
1.545494018554687500e+03
1.545805175781250000e+03
1.546033447265625000e+03
1.545525390625000000e+03
1.545581909179687500e+03
1.545841918945312500e+03
1.545516113281250000e+03
1.545019165039062500e+03
1.545265747070312500e+03
1.545669677734375000e+03
1.545301391601562500e+03
1.545274780273437500e+03
1.545281372070312500e+03
1.545209350585937500e+03
1.544870117187500000e+03
1.545163696289062500e+03
1.545785766601562500e+03
1.545520507812500000e+03
1.544500976562500000e+03
1.545365112304687500e+03
1.544510986328125000e+03
1.544124023437500000e+03
1.543669433593750000e+03
1.543743896484375000e+03
1.545066650390625000e+03
1.545263183593750000e+03
1.545101196289062500e+03
1.546168579101562500e+03
1.545381958007812500e+03
1.545601196289062500e+03
1.545535034179687500e+03
1.545620483398437500e+03
1.545591918945312500e+03
1.545294921875000000e+03
1.544714721679687500e+03
1.544590576171875000e+03
1.544600341796875000e+03
1.544315795898437500e+03
1.544439453125000000e+03
1.544597900390625000e+03
1.544667114257812500e+03
1.544362182617187500e+03
1.544470214843750000e+03
1.544066162109375000e+03
1.544027832031250000e+03
1.543750122070312500e+03
1.543937500000000000e+03
1.543996337890625000e+03
1.544304687500000000e+03
1.544185913085937500e+03
1.543862670898437500e+03
1.543726806640625000e+03
1.543448852539062500e+03
1.543167114257812500e+03
1.543692138671875000e+03
1.543243896484375000e+03
1.543567382812500000e+03
1.543398071289062500e+03
1.543390502929687500e+03
1.543564208984375000e+03
1.543213378906250000e+03
1.543308715820312500e+03
1.543324584960937500e+03
1.543185302734375000e+03
1.543383544921875000e+03
1.543534667968750000e+03
1.543448486328125000e+03
1.543515625000000000e+03
1.543879272460937500e+03
1.544058105468750000e+03
1.543979980468750000e+03
1.543732543945312500e+03
1.544671752929687500e+03
1.544801635742187500e+03
1.544941772460937500e+03
1.545209228515625000e+03
1.545376098632812500e+03
1.545404907226562500e+03
1.545614135742187500e+03
1.545861328125000000e+03
1.545463745117187500e+03
1.544174804687500000e+03
1.542856567382812500e+03
1.542030273437500000e+03
1.541031738281250000e+03
1.541560546875000000e+03
1.541666137695312500e+03
1.542112792968750000e+03
1.541806152343750000e+03
1.540984375000000000e+03
1.542402343750000000e+03
1.541577880859375000e+03
1.541297363281250000e+03
1.541845458984375000e+03
1.542835693359375000e+03
1.543867431640625000e+03
1.543994018554687500e+03
1.543837402343750000e+03
1.543701293945312500e+03
1.544592285156250000e+03
1.545162597656250000e+03
1.545235107421875000e+03
1.545434692382812500e+03
1.545494262695312500e+03
1.545438598632812500e+03
