1.312057739257812500e+03
1.307707519531250000e+03
1.309859741210937500e+03
1.308489501953125000e+03
1.309271850585937500e+03
1.308717285156250000e+03
1.307058471679687500e+03
1.307973999023437500e+03
1.307507934570312500e+03
1.309520874023437500e+03
1.307606079101562500e+03
1.306895385742187500e+03
1.307023803710937500e+03
1.306538452148437500e+03
1.305595825195312500e+03
1.305784179687500000e+03
1.306147583007812500e+03
1.305273071289062500e+03
1.303878784179687500e+03
1.304854248046875000e+03
1.303883300781250000e+03
1.303526977539062500e+03
1.302882568359375000e+03
1.303569946289062500e+03
1.305787231445312500e+03
1.303666503906250000e+03
1.304723266601562500e+03
1.309357788085937500e+03
1.306849243164062500e+03
1.309555541992187500e+03
1.309073852539062500e+03
1.310790893554687500e+03
1.310255859375000000e+03
1.312092895507812500e+03
1.308666381835937500e+03
1.311145507812500000e+03
1.312107543945312500e+03
1.309888183593750000e+03
1.311480590820312500e+03
1.311136230468750000e+03
1.311204833984375000e+03
1.310934326171875000e+03
1.309903198242187500e+03
1.311081298828125000e+03
1.310653930664062500e+03
1.309907226562500000e+03
1.311334716796875000e+03
1.310188476562500000e+03
1.311243652343750000e+03
1.310793823242187500e+03
1.311109863281250000e+03
1.310915649414062500e+03
1.312271118164062500e+03
1.311699584960937500e+03
1.310289306640625000e+03
1.309335937500000000e+03
1.310784667968750000e+03
1.309757080078125000e+03
1.310463623046875000e+03
1.309979003906250000e+03
1.309863159179687500e+03
1.310097412109375000e+03
1.310500122070312500e+03
1.308168457031250000e+03
1.308968872070312500e+03
1.308239135742187500e+03
1.309501220703125000e+03
1.309645019531250000e+03
1.319917480468750000e+03
1.314333862304687500e+03
1.318991577148437500e+03
1.317862548828125000e+03
1.324942260742187500e+03
1.321028686523437500e+03
1.322215942382812500e+03
1.320859130859375000e+03
1.321031494140625000e+03
1.321225463867187500e+03
1.321379760742187500e+03
1.322428833007812500e+03
1.321588623046875000e+03
1.323677978515625000e+03
1.321632446289062500e+03
1.322049926757812500e+03
1.321981811523437500e+03
1.322372314453125000e+03
1.323074340820312500e+03
1.323720947265625000e+03
1.323350830078125000e+03
1.321933959960937500e+03
1.324974365234375000e+03
1.323488769531250000e+03
1.324262817382812500e+03
1.324173339843750000e+03
1.325188598632812500e+03
1.327545654296875000e+03
1.324725708007812500e+03
1.325098754882812500e+03
1.325205444335937500e+03
1.326371459960937500e+03
1.324736816406250000e+03
1.325252807617187500e+03
1.324357421875000000e+03
1.324323730468750000e+03
1.323989501953125000e+03
1.321990112304687500e+03
1.321664428710937500e+03
1.322328613281250000e+03
1.321800415039062500e+03
1.319860107421875000e+03
1.319177124023437500e+03
1.319537719726562500e+03
1.318088378906250000e+03
1.317037109375000000e+03
1.318955322265625000e+03
1.319431640625000000e+03
1.319433837890625000e+03
1.323648681640625000e+03
1.322238769531250000e+03
1.326775146484375000e+03
1.323847412109375000e+03
1.324568969726562500e+03
1.324698730468750000e+03
1.323405639648437500e+03
1.322323852539062500e+03
1.323842163085937500e+03
1.321805908203125000e+03
1.322426269531250000e+03
1.322393554687500000e+03
1.321820312500000000e+03
1.322385864257812500e+03
1.322883911132812500e+03
1.323370117187500000e+03
1.322319824218750000e+03
1.322284545898437500e+03
1.322953369140625000e+03
1.324949462890625000e+03
1.322671997070312500e+03
1.322952758789062500e+03
1.323671997070312500e+03
1.324314575195312500e+03
1.324906372070312500e+03
1.326284667968750000e+03
1.325625488281250000e+03
1.327672119140625000e+03
1.327328247070312500e+03
1.326517700195312500e+03
1.326848632812500000e+03
1.327017700195312500e+03
1.326343261718750000e+03
1.327710327148437500e+03
1.328258178710937500e+03
1.329094238281250000e+03
1.331407348632812500e+03
1.331030151367187500e+03
1.332703735351562500e+03
1.331188720703125000e+03
1.330500976562500000e+03
1.330302856445312500e+03
1.330813720703125000e+03
1.331337402343750000e+03
1.331503784179687500e+03
1.330821777343750000e+03
1.330719604492187500e+03
1.333098388671875000e+03
1.331896728515625000e+03
1.332000122070312500e+03
1.331128295898437500e+03
1.330807983398437500e+03
1.330589355468750000e+03
1.331455322265625000e+03
1.327737915039062500e+03
1.326246337890625000e+03
1.327169433593750000e+03
1.325950317382812500e+03
1.326715820312500000e+03
1.326751586914062500e+03
1.328163574218750000e+03
1.328870849609375000e+03
1.328396972656250000e+03
1.331050415039062500e+03
1.328684570312500000e+03
1.330228271484375000e+03
1.330111328125000000e+03
1.330142700195312500e+03
1.329553833007812500e+03
1.330111572265625000e+03
1.330486206054687500e+03
1.328683593750000000e+03
1.332383178710937500e+03
1.333223388671875000e+03
1.332868041992187500e+03
1.334117919921875000e+03
1.334710083007812500e+03
1.334111450195312500e+03
1.334935424804687500e+03
1.334144042968750000e+03
1.335015502929687500e+03
1.339466186523437500e+03
1.336567138671875000e+03
1.337608764648437500e+03
1.338824096679687500e+03
1.339485839843750000e+03
1.339199707031250000e+03
1.338840820312500000e+03
1.338481689453125000e+03
1.337319824218750000e+03
1.335857666015625000e+03
1.336730468750000000e+03
1.337599731445312500e+03
1.336717651367187500e+03
1.338292114257812500e+03
1.335453491210937500e+03
1.336990112304687500e+03
1.336547485351562500e+03
1.336617187500000000e+03
1.335986694335937500e+03
1.335827026367187500e+03
1.334669433593750000e+03
1.335440185546875000e+03
1.333877929687500000e+03
1.333789794921875000e+03
1.333316894531250000e+03
1.333755737304687500e+03
1.333417480468750000e+03
1.333033081054687500e+03
1.330931274414062500e+03
1.330696655273437500e+03
1.330225708007812500e+03
1.330873779296875000e+03
1.330922607421875000e+03
1.330924072265625000e+03
1.329634155273437500e+03
1.329809814453125000e+03
1.329438964843750000e+03
1.327253784179687500e+03
1.326923461914062500e+03
1.326926635742187500e+03
1.326277221679687500e+03
1.328206909179687500e+03
1.327670410156250000e+03
1.330061035156250000e+03
1.327240478515625000e+03
1.327528320312500000e+03
1.328391601562500000e+03
1.326634277343750000e+03
1.326532348632812500e+03
1.327583862304687500e+03
1.327583618164062500e+03
1.327279541015625000e+03
1.328098510742187500e+03
1.327257446289062500e+03
1.326847778320312500e+03
1.327481811523437500e+03
1.328241088867187500e+03
1.328075439453125000e+03
1.330144897460937500e+03
1.328065673828125000e+03
1.328964965820312500e+03
1.328743652343750000e+03
1.329056152343750000e+03
1.325856323242187500e+03
1.328623291015625000e+03
1.328141601562500000e+03
1.327641357421875000e+03
1.326789062500000000e+03
1.326296020507812500e+03
1.326697387695312500e+03
1.327219238281250000e+03
1.327641967773437500e+03
1.328480834960937500e+03
1.329713500976562500e+03
1.331842163085937500e+03
1.331255859375000000e+03
1.332680664062500000e+03
1.340503784179687500e+03
1.343338867187500000e+03
1.335801391601562500e+03
1.335697753906250000e+03
1.333941406250000000e+03
1.332655273437500000e+03
1.333197509765625000e+03
1.334575439453125000e+03
1.333364013671875000e+03
1.334955932617187500e+03
1.334800170898437500e+03
1.334629760742187500e+03
1.334931030273437500e+03
1.329053588867187500e+03
1.327896118164062500e+03
1.328257446289062500e+03
1.329077758789062500e+03
1.328175781250000000e+03
1.324697753906250000e+03
1.319545898437500000e+03
1.322323120117187500e+03
1.318523803710937500e+03
1.316133789062500000e+03
1.316017700195312500e+03
1.313613769531250000e+03
1.314743652343750000e+03
1.315193969726562500e+03
1.314498535156250000e+03
1.316461303710937500e+03
1.314543823242187500e+03
1.315148315429687500e+03
1.318573974609375000e+03
1.316557739257812500e+03
1.317422973632812500e+03
1.317100463867187500e+03
1.316986694335937500e+03
1.316832519531250000e+03
1.316587524414062500e+03
1.315941406250000000e+03
1.316149414062500000e+03
1.314587646484375000e+03
1.313776733398437500e+03
1.314793945312500000e+03
1.314243530273437500e+03
1.314788696289062500e+03
1.314483154296875000e+03
1.314585205078125000e+03
1.315343994140625000e+03
1.313872314453125000e+03
1.318176513671875000e+03
1.317509155273437500e+03
1.317479858398437500e+03
1.319063720703125000e+03
1.318751220703125000e+03
1.318848022460937500e+03
1.319006103515625000e+03
1.322923339843750000e+03
1.320869140625000000e+03
1.324914184570312500e+03
1.322167358398437500e+03
1.322575561523437500e+03
1.322485351562500000e+03
1.321972045898437500e+03
1.321028442382812500e+03
1.318913574218750000e+03
1.317467407226562500e+03
1.317180664062500000e+03
1.318213745117187500e+03
1.318276245117187500e+03
1.318119995117187500e+03
1.317182250976562500e+03
1.317422851562500000e+03
1.316801757812500000e+03
1.315804077148437500e+03
1.318227905273437500e+03
1.316351318359375000e+03
1.321216796875000000e+03
1.319448852539062500e+03
1.320335937500000000e+03
1.320107788085937500e+03
1.320054199218750000e+03
1.319452270507812500e+03
1.318648193359375000e+03
1.319398193359375000e+03
1.318724121093750000e+03
1.318020263671875000e+03
1.318424072265625000e+03
1.319145874023437500e+03
1.319342773437500000e+03
1.319455200195312500e+03
1.318437500000000000e+03
1.317820922851562500e+03
1.316157104492187500e+03
1.316073852539062500e+03
1.315464721679687500e+03
1.316788696289062500e+03
1.316589233398437500e+03
1.316268920898437500e+03
1.316453247070312500e+03
1.318267944335937500e+03
1.318797363281250000e+03
1.319753906250000000e+03
1.319554321289062500e+03
1.316671752929687500e+03
1.317562377929687500e+03
1.316794067382812500e+03
1.316496704101562500e+03
1.316178344726562500e+03
1.316036743164062500e+03
1.315565917968750000e+03
1.315348266601562500e+03
1.313714599609375000e+03
1.320366210937500000e+03
1.317348510742187500e+03
1.318299438476562500e+03
1.319795288085937500e+03
1.318670410156250000e+03
1.318901489257812500e+03
1.319548461914062500e+03
1.319742309570312500e+03
1.320611694335937500e+03
1.327556396484375000e+03
1.327649536132812500e+03
1.326809570312500000e+03
1.323533935546875000e+03
1.323785400390625000e+03
1.325609130859375000e+03
1.323448242187500000e+03
1.325276000976562500e+03
1.322640258789062500e+03
1.328230590820312500e+03
1.326380737304687500e+03
1.328318359375000000e+03
1.329843750000000000e+03
1.327957031250000000e+03
1.331182861328125000e+03
1.330834350585937500e+03
1.331117431640625000e+03
1.331384033203125000e+03
1.329689086914062500e+03
1.330642944335937500e+03
1.331353881835937500e+03
1.331768432617187500e+03
1.331599853515625000e+03
1.329983642578125000e+03
1.330987426757812500e+03
1.330637817382812500e+03
1.329891845703125000e+03
1.330933837890625000e+03
1.330370727539062500e+03
1.331079223632812500e+03
1.331308105468750000e+03
1.331531616210937500e+03
1.337372192382812500e+03
1.332736816406250000e+03
1.338833251953125000e+03
1.338059448242187500e+03
1.342433715820312500e+03
1.341925415039062500e+03
1.343109375000000000e+03
1.342987915039062500e+03
1.344072387695312500e+03
1.343638916015625000e+03
1.347407348632812500e+03
1.348211791992187500e+03
1.348242797851562500e+03
1.341304199218750000e+03
1.342913696289062500e+03
1.342237915039062500e+03
1.341673583984375000e+03
1.341756713867187500e+03
1.341380615234375000e+03
1.342475952148437500e+03
1.343125854492187500e+03
1.342072143554687500e+03
1.346625488281250000e+03
1.348190795898437500e+03
1.347695678710937500e+03
1.348824951171875000e+03
1.348907714843750000e+03
1.350176513671875000e+03
1.350203125000000000e+03
1.348016479492187500e+03
1.348184326171875000e+03
1.354932006835937500e+03
1.353664550781250000e+03
1.353709838867187500e+03
1.355485961914062500e+03
1.355349243164062500e+03
1.358664916992187500e+03
1.352399291992187500e+03
1.355433349609375000e+03
1.354761230468750000e+03
1.359712890625000000e+03
1.360806518554687500e+03
1.359526245117187500e+03
1.357165893554687500e+03
1.355415771484375000e+03
1.356006958007812500e+03
1.360364624023437500e+03
1.360667114257812500e+03
1.359699829101562500e+03
1.360295532226562500e+03
1.358073608398437500e+03
1.361087036132812500e+03
1.361043945312500000e+03
1.360280395507812500e+03
1.362023315429687500e+03
1.361512695312500000e+03
1.362015380859375000e+03
1.361971679687500000e+03
1.359510253906250000e+03
1.358706298828125000e+03
1.357298950195312500e+03
1.358104858398437500e+03
1.359620239257812500e+03
1.360442993164062500e+03
1.364297241210937500e+03
1.366569824218750000e+03
1.364615112304687500e+03
1.368489746093750000e+03
1.367413208007812500e+03
1.367943969726562500e+03
1.369188598632812500e+03
1.369975097656250000e+03
1.371306884765625000e+03
1.370391479492187500e+03
1.368613037109375000e+03
1.365954345703125000e+03
1.356007812500000000e+03
1.357259399414062500e+03
1.353791015625000000e+03
1.351474975585937500e+03
1.349734375000000000e+03
1.350707763671875000e+03
1.351046752929687500e+03
1.350278198242187500e+03
1.349568115234375000e+03
1.353501586914062500e+03
1.352373535156250000e+03
1.355086059570312500e+03
1.352264526367187500e+03
1.353758422851562500e+03
1.351861572265625000e+03
1.353549560546875000e+03
1.352311645507812500e+03
1.353329345703125000e+03
1.356966308593750000e+03
1.355948852539062500e+03
1.355967407226562500e+03
1.355549804687500000e+03
1.357453491210937500e+03
1.357918457031250000e+03
1.357881347656250000e+03
1.360952514648437500e+03
1.361898925781250000e+03
1.362755615234375000e+03
1.359724365234375000e+03
1.358851196289062500e+03
1.359523071289062500e+03
1.359070068359375000e+03
1.357498535156250000e+03
1.356650634765625000e+03
1.361122924804687500e+03
1.360748168945312500e+03
1.359968994140625000e+03
1.355317504882812500e+03
1.355401367187500000e+03
1.356582153320312500e+03
1.354866699218750000e+03
1.353031494140625000e+03
1.353083374023437500e+03
1.355453979492187500e+03
1.357341796875000000e+03
1.366023559570312500e+03
1.362786499023437500e+03
1.364622314453125000e+03
1.362584716796875000e+03
1.365116577148437500e+03
1.366000000000000000e+03
1.363777954101562500e+03
1.363302124023437500e+03
1.364315429687500000e+03
1.365944824218750000e+03
1.366932495117187500e+03
1.366460083007812500e+03
1.365321655273437500e+03
1.362603637695312500e+03
1.361428344726562500e+03
1.364712524414062500e+03
1.364559448242187500e+03
1.364715820312500000e+03
1.359352416992187500e+03
1.357296386718750000e+03
1.356110107421875000e+03
1.355297973632812500e+03
1.356797607421875000e+03
1.356736572265625000e+03
1.359670288085937500e+03
1.360168212890625000e+03
1.360587890625000000e+03
1.356259399414062500e+03
1.355190673828125000e+03
1.352534179687500000e+03
1.354002929687500000e+03
1.355914184570312500e+03
1.359213500976562500e+03
1.356940917968750000e+03
1.360109375000000000e+03
1.360514526367187500e+03
1.363738037109375000e+03
1.361791259765625000e+03
1.361496215820312500e+03
1.362805786132812500e+03
1.364365844726562500e+03
1.362507324218750000e+03
1.363962402343750000e+03
1.358513916015625000e+03
1.359905761718750000e+03
1.373166503906250000e+03
1.369569335937500000e+03
1.369131103515625000e+03
1.366173950195312500e+03
1.365407470703125000e+03
1.375166748046875000e+03
1.372986450195312500e+03
1.374054077148437500e+03
1.375563232421875000e+03
1.369607666015625000e+03
1.372693847656250000e+03
1.372752197265625000e+03
1.372920776367187500e+03
1.374974853515625000e+03
1.372473632812500000e+03
1.377988281250000000e+03
1.382485351562500000e+03
1.383157470703125000e+03
1.374249755859375000e+03
1.367013793945312500e+03
1.366761596679687500e+03
1.367219604492187500e+03
1.369515136718750000e+03
1.367072143554687500e+03
1.368722290039062500e+03
1.366712524414062500e+03
1.368519409179687500e+03
1.370295288085937500e+03
1.369246093750000000e+03
1.368813720703125000e+03
1.367542602539062500e+03
1.369444946289062500e+03
1.366272583007812500e+03
1.365604003906250000e+03
1.365336547851562500e+03
1.366524291992187500e+03
1.378395019531250000e+03
1.376085449218750000e+03
1.378660644531250000e+03
1.375011352539062500e+03
1.374749877929687500e+03
1.374428588867187500e+03
1.374051025390625000e+03
1.369918701171875000e+03
1.367805297851562500e+03
1.381375732421875000e+03
1.384382080078125000e+03
1.385667358398437500e+03
1.383677612304687500e+03
1.382594238281250000e+03
1.383622192382812500e+03
1.381567626953125000e+03
1.380215087890625000e+03
1.379171630859375000e+03
1.375622436523437500e+03
1.371479125976562500e+03
1.368552856445312500e+03
1.364490600585937500e+03
1.363753784179687500e+03
1.367129028320312500e+03
1.368720336914062500e+03
1.368843750000000000e+03
1.370274780273437500e+03
1.376677978515625000e+03
1.376737548828125000e+03
1.376760498046875000e+03
1.377778930664062500e+03
1.380727905273437500e+03
1.379867553710937500e+03
1.381123779296875000e+03
1.384126464843750000e+03
1.384447143554687500e+03
1.387406738281250000e+03
1.388935424804687500e+03
1.389281982421875000e+03
1.389791748046875000e+03
1.389714965820312500e+03
1.388571533203125000e+03
1.388795776367187500e+03
1.387871093750000000e+03
1.386195190429687500e+03
1.389609375000000000e+03
1.394500488281250000e+03
1.393778198242187500e+03
1.395369262695312500e+03
1.396683715820312500e+03
1.392624877929687500e+03
1.393735595703125000e+03
1.395810546875000000e+03
1.398676879882812500e+03
1.406675537109375000e+03
1.408306030273437500e+03
1.409186523437500000e+03
1.409098632812500000e+03
1.408598388671875000e+03
1.401970947265625000e+03
1.398258300781250000e+03
1.405058837890625000e+03
1.407459106445312500e+03
1.389183837890625000e+03
1.391842041015625000e+03
1.392618286132812500e+03
1.389972167968750000e+03
1.395783447265625000e+03
1.395662475585937500e+03
1.396060180664062500e+03
1.397615234375000000e+03
1.396158447265625000e+03
1.397911743164062500e+03
1.393513549804687500e+03
1.395410644531250000e+03
1.395140258789062500e+03
1.395249877929687500e+03
1.396714965820312500e+03
1.395256713867187500e+03
1.394233398437500000e+03
1.395088745117187500e+03
1.380347534179687500e+03
1.387541137695312500e+03
1.385318847656250000e+03
1.388379760742187500e+03
1.388387207031250000e+03
1.387778320312500000e+03
1.387880126953125000e+03
1.387781127929687500e+03
1.387238281250000000e+03
1.378034179687500000e+03
1.378784179687500000e+03
1.377407836914062500e+03
1.377193603515625000e+03
1.384032226562500000e+03
1.386876831054687500e+03
1.382918579101562500e+03
1.383255859375000000e+03
1.383984863281250000e+03
1.389946777343750000e+03
1.387867065429687500e+03
1.388538940429687500e+03
1.389518310546875000e+03
1.390979248046875000e+03
1.390094970703125000e+03
1.394616333007812500e+03
1.390191040039062500e+03
1.388080444335937500e+03
1.390783203125000000e+03
1.390195922851562500e+03
1.389374389648437500e+03
1.383280029296875000e+03
1.382093872070312500e+03
1.377520874023437500e+03
1.372437988281250000e+03
1.370756713867187500e+03
1.372352905273437500e+03
1.382693603515625000e+03
1.386260131835937500e+03
1.386215820312500000e+03
1.386853881835937500e+03
1.386551757812500000e+03
1.389696289062500000e+03
1.388073974609375000e+03
1.385144653320312500e+03
1.385433959960937500e+03
1.380712524414062500e+03
1.381144287109375000e+03
1.384213134765625000e+03
1.385350341796875000e+03
1.385779296875000000e+03
1.384401367187500000e+03
1.380141723632812500e+03
1.380649291992187500e+03
1.380928588867187500e+03
1.386703369140625000e+03
1.385286376953125000e+03
1.387499145507812500e+03
1.389963012695312500e+03
1.389630004882812500e+03
1.383500610351562500e+03
1.383065673828125000e+03
1.380470703125000000e+03
1.373604858398437500e+03
1.370691650390625000e+03
1.370168457031250000e+03
1.370880859375000000e+03
1.374389770507812500e+03
1.375525268554687500e+03
1.375139282226562500e+03
1.380282104492187500e+03
1.382945800781250000e+03
1.383288085937500000e+03
1.392531250000000000e+03
1.391086425781250000e+03
1.394160156250000000e+03
1.393390014648437500e+03
1.392152465820312500e+03
1.390411743164062500e+03
1.394540527343750000e+03
1.394453613281250000e+03
1.396404541015625000e+03
1.402166015625000000e+03
1.398698974609375000e+03
1.397882934570312500e+03
1.394273315429687500e+03
1.395356689453125000e+03
1.397671142578125000e+03
1.396180541992187500e+03
1.396862915039062500e+03
1.396251831054687500e+03
1.396472656250000000e+03
1.396727905273437500e+03
1.397007324218750000e+03
1.396304931640625000e+03
1.394746826171875000e+03
1.396290161132812500e+03
1.393536010742187500e+03
1.387219604492187500e+03
1.385240844726562500e+03
1.382733642578125000e+03
1.382625366210937500e+03
1.384288085937500000e+03
1.384986450195312500e+03
1.384068237304687500e+03
1.386250122070312500e+03
1.385603149414062500e+03
1.386554931640625000e+03
1.385773193359375000e+03
1.378627807617187500e+03
1.375264038085937500e+03
1.377919799804687500e+03
1.379955932617187500e+03
1.378562866210937500e+03
1.381782226562500000e+03
1.384497070312500000e+03
1.384406616210937500e+03
1.382719726562500000e+03
1.359310913085937500e+03
1.367072021484375000e+03
1.365145751953125000e+03
1.370175903320312500e+03
1.369812866210937500e+03
1.372719238281250000e+03
1.365155761718750000e+03
1.365775756835937500e+03
1.365814819335937500e+03
1.353850463867187500e+03
1.344206054687500000e+03
1.351191650390625000e+03
1.347514770507812500e+03
1.343329833984375000e+03
1.348002441406250000e+03
1.346631835937500000e+03
1.347806518554687500e+03
1.344965087890625000e+03
1.346556518554687500e+03
1.343690551757812500e+03
1.345188476562500000e+03
1.349038085937500000e+03
1.354932739257812500e+03
1.358874023437500000e+03
1.357079467773437500e+03
1.359376464843750000e+03
1.357473510742187500e+03
1.351395507812500000e+03
1.342865234375000000e+03
1.333763549804687500e+03
1.335803100585937500e+03
1.333186401367187500e+03
1.335106445312500000e+03
1.335729248046875000e+03
1.335586303710937500e+03
1.331715454101562500e+03
1.339672973632812500e+03
1.335062500000000000e+03
1.337512207031250000e+03
1.337914062500000000e+03
1.335516967773437500e+03
1.340398193359375000e+03
1.343409179687500000e+03
1.346369995117187500e+03
1.344600708007812500e+03
1.353398559570312500e+03
1.349196411132812500e+03
1.348570678710937500e+03
1.344982055664062500e+03
1.338682495117187500e+03
1.338331909179687500e+03
1.336110839843750000e+03
1.336030151367187500e+03
1.336591430664062500e+03
1.335240722656250000e+03
1.337850585937500000e+03
1.342364624023437500e+03
1.340737915039062500e+03
1.344441772460937500e+03
1.344019653320312500e+03
1.345943359375000000e+03
1.346353149414062500e+03
1.344476684570312500e+03
1.356638427734375000e+03
1.357585571289062500e+03
1.358020874023437500e+03
1.357572387695312500e+03
1.358937866210937500e+03
1.359563598632812500e+03
1.355229980468750000e+03
1.353984497070312500e+03
1.355187011718750000e+03
1.354567504882812500e+03
1.356068969726562500e+03
1.357441284179687500e+03
1.357065307617187500e+03
1.358752441406250000e+03
1.359618164062500000e+03
1.361651611328125000e+03
1.359709350585937500e+03
1.359204589843750000e+03
1.359584960937500000e+03
1.357487548828125000e+03
1.354307250976562500e+03
1.357279785156250000e+03
1.357984375000000000e+03
1.358984375000000000e+03
1.361936157226562500e+03
1.363147094726562500e+03
1.361673461914062500e+03
1.352273681640625000e+03
1.346723266601562500e+03
1.344453735351562500e+03
1.344072265625000000e+03
1.347925781250000000e+03
1.347694335937500000e+03
1.347576171875000000e+03
1.347804931640625000e+03
1.346200683593750000e+03
1.352765502929687500e+03
1.351708129882812500e+03
1.354162597656250000e+03
1.355487304687500000e+03
1.354246093750000000e+03
1.354852905273437500e+03
1.354716796875000000e+03
1.352778320312500000e+03
1.352770874023437500e+03
1.359181274414062500e+03
1.354779785156250000e+03
1.353890502929687500e+03
1.352966918945312500e+03
1.353162963867187500e+03
1.351615844726562500e+03
1.351588012695312500e+03
1.353095092773437500e+03
1.353583496093750000e+03
1.362038818359375000e+03
1.363986816406250000e+03
1.366408203125000000e+03
1.365470092773437500e+03
1.365707641601562500e+03
1.366266601562500000e+03
1.368542358398437500e+03
1.366087890625000000e+03
1.367578857421875000e+03
1.378639526367187500e+03
1.379626342773437500e+03
1.379594970703125000e+03
1.383177246093750000e+03
1.382892456054687500e+03
1.379309326171875000e+03
1.378733642578125000e+03
1.380178588867187500e+03
1.380898559570312500e+03
1.381464599609375000e+03
1.382517822265625000e+03
1.385799804687500000e+03
1.386625854492187500e+03
1.385647949218750000e+03
1.387911987304687500e+03
1.389303588867187500e+03
1.392259521484375000e+03
1.391118896484375000e+03
1.396926635742187500e+03
1.395895141601562500e+03
1.395415039062500000e+03
1.397292724609375000e+03
1.396478027343750000e+03
1.395844360351562500e+03
1.395470092773437500e+03
1.394582153320312500e+03
1.393146362304687500e+03
1.398429931640625000e+03
1.397772460937500000e+03
1.402391601562500000e+03
1.403689331054687500e+03
1.402913696289062500e+03
1.402596923828125000e+03
1.400752197265625000e+03
1.396255615234375000e+03
1.393225341796875000e+03
1.390835571289062500e+03
1.388201538085937500e+03
1.387600219726562500e+03
1.389888916015625000e+03
1.390313720703125000e+03
1.388242675781250000e+03
1.387894775390625000e+03
1.384981933593750000e+03
1.384752563476562500e+03
1.389962158203125000e+03
1.388994873046875000e+03
1.388968017578125000e+03
1.389703125000000000e+03
1.390581787109375000e+03
1.388896484375000000e+03
1.386088989257812500e+03
1.388449707031250000e+03
1.388419799804687500e+03
1.397139892578125000e+03
1.398906616210937500e+03
1.399310913085937500e+03
1.397339355468750000e+03
1.395774414062500000e+03
1.396630737304687500e+03
1.398255371093750000e+03
1.397260742187500000e+03
1.398635009765625000e+03
1.395941406250000000e+03
1.398275512695312500e+03
1.399029541015625000e+03
1.398782836914062500e+03
1.398077148437500000e+03
1.404340576171875000e+03
1.396513427734375000e+03
1.393624267578125000e+03
1.392716186523437500e+03
1.405365112304687500e+03
1.401470092773437500e+03
1.402235839843750000e+03
1.402028198242187500e+03
1.403306640625000000e+03
1.405456542968750000e+03
1.403158447265625000e+03
1.405028442382812500e+03
1.407376831054687500e+03
1.411090942382812500e+03
1.409373657226562500e+03
1.411143432617187500e+03
1.411093505859375000e+03
1.412298095703125000e+03
1.412419555664062500e+03
1.415783813476562500e+03
1.413730712890625000e+03
1.411587280273437500e+03
1.417829711914062500e+03
1.414380859375000000e+03
1.413775146484375000e+03
1.414624267578125000e+03
1.412982177734375000e+03
1.410779541015625000e+03
1.411498901367187500e+03
1.410705566406250000e+03
1.409635498046875000e+03
1.413635742187500000e+03
1.415356201171875000e+03
1.418234863281250000e+03
1.420433105468750000e+03
1.419763061523437500e+03
1.420390625000000000e+03
1.417364501953125000e+03
1.415405883789062500e+03
1.415425659179687500e+03
1.412680419921875000e+03
1.410903564453125000e+03
1.408884765625000000e+03
1.412056762695312500e+03
1.412255249023437500e+03
1.412514404296875000e+03
1.413923583984375000e+03
1.415928710937500000e+03
1.415704711914062500e+03
1.410366455078125000e+03
1.408744873046875000e+03
1.409140380859375000e+03
1.409064697265625000e+03
1.409065307617187500e+03
1.409762573242187500e+03
1.411533447265625000e+03
1.414528808593750000e+03
1.413776977539062500e+03
1.414114501953125000e+03
1.416847290039062500e+03
1.416639038085937500e+03
1.412492309570312500e+03
1.412827026367187500e+03
1.414564941406250000e+03
1.415986206054687500e+03
1.417109619140625000e+03
1.418762939453125000e+03
1.416986694335937500e+03
1.416588623046875000e+03
1.418669799804687500e+03
1.420188232421875000e+03
1.421807617187500000e+03
1.420328369140625000e+03
1.420571044921875000e+03
1.419847778320312500e+03
1.418665893554687500e+03
1.409464477539062500e+03
1.408499511718750000e+03
1.407921752929687500e+03
1.408234252929687500e+03
1.408637207031250000e+03
1.408379272460937500e+03
1.406202148437500000e+03
1.406315551757812500e+03
1.408570800781250000e+03
1.394068481445312500e+03
1.398460327148437500e+03
1.395525512695312500e+03
1.393083496093750000e+03
1.392525146484375000e+03
1.392963500976562500e+03
1.391553222656250000e+03
1.391108764648437500e+03
1.394376831054687500e+03
1.396764282226562500e+03
1.399422485351562500e+03
1.398953491210937500e+03
1.398101806640625000e+03
1.398709838867187500e+03
1.400857055664062500e+03
1.398611938476562500e+03
1.396741088867187500e+03
1.397855590820312500e+03
1.398045166015625000e+03
1.387392456054687500e+03
1.390487426757812500e+03
1.389815429687500000e+03
1.391842407226562500e+03
1.394571899414062500e+03
1.397229858398437500e+03
1.400347656250000000e+03
1.401613159179687500e+03
1.401932739257812500e+03
1.398087646484375000e+03
1.400733764648437500e+03
1.399597534179687500e+03
1.399920532226562500e+03
1.396764038085937500e+03
1.391848754882812500e+03
1.383422607421875000e+03
1.380837524414062500e+03
1.389769653320312500e+03
1.386706542968750000e+03
1.388358398437500000e+03
1.387807373046875000e+03
1.387322509765625000e+03
1.384595825195312500e+03
1.384474365234375000e+03
1.385273559570312500e+03
1.383845214843750000e+03
1.384669311523437500e+03
1.380999877929687500e+03
1.378664428710937500e+03
1.376421508789062500e+03
1.375650634765625000e+03
1.378567260742187500e+03
1.381120971679687500e+03
1.379320800781250000e+03
1.380204589843750000e+03
1.388135375976562500e+03
1.387876708984375000e+03
1.386544433593750000e+03
1.388218872070312500e+03
1.389491943359375000e+03
1.391575561523437500e+03
1.393462768554687500e+03
1.398161621093750000e+03
1.398433471679687500e+03
1.403761840820312500e+03
1.401943481445312500e+03
1.402962646484375000e+03
1.404115234375000000e+03
1.405603515625000000e+03
1.405805297851562500e+03
1.401786132812500000e+03
1.402294677734375000e+03
1.403142700195312500e+03
1.395418090820312500e+03
1.392448486328125000e+03
1.390367065429687500e+03
1.388677124023437500e+03
1.387366577148437500e+03
1.386888549804687500e+03
1.390749267578125000e+03
1.391282836914062500e+03
1.391158325195312500e+03
1.391003784179687500e+03
1.390030151367187500e+03
1.390977783203125000e+03
1.390990356445312500e+03
1.390526611328125000e+03
1.395646484375000000e+03
1.389548339843750000e+03
1.387088012695312500e+03
1.387955566406250000e+03
1.399991699218750000e+03
1.397342285156250000e+03
1.396726196289062500e+03
1.397026855468750000e+03
1.392347900390625000e+03
1.388062500000000000e+03
1.383621459960937500e+03
1.388429077148437500e+03
1.390054199218750000e+03
1.397517333984375000e+03
1.402129638671875000e+03
1.400816162109375000e+03
1.399562255859375000e+03
1.397409423828125000e+03
1.395080200195312500e+03
1.395829956054687500e+03
1.394896118164062500e+03
1.395496582031250000e+03
1.403293823242187500e+03
1.401421997070312500e+03
1.403335083007812500e+03
1.404146362304687500e+03
1.402552734375000000e+03
1.397671142578125000e+03
1.395443847656250000e+03
1.397728515625000000e+03
1.398762817382812500e+03
1.400759399414062500e+03
1.399764404296875000e+03
1.399360961914062500e+03
1.399883789062500000e+03
1.398616088867187500e+03
1.398168334960937500e+03
1.395295043945312500e+03
1.394879516601562500e+03
1.396695922851562500e+03
1.391908447265625000e+03
1.395134277343750000e+03
1.395211425781250000e+03
1.394894165039062500e+03
1.395715698242187500e+03
1.397666137695312500e+03
1.396249755859375000e+03
1.395254028320312500e+03
1.395656005859375000e+03
1.406228759765625000e+03
1.408333007812500000e+03
1.407571533203125000e+03
1.409820434570312500e+03
1.408535156250000000e+03
1.405949462890625000e+03
1.402577026367187500e+03
1.404459838867187500e+03
1.406244384765625000e+03
1.412785034179687500e+03
1.417089111328125000e+03
1.417296020507812500e+03
1.415426513671875000e+03
1.416682006835937500e+03
1.417308227539062500e+03
1.418506958007812500e+03
1.418606933593750000e+03
1.415639404296875000e+03
1.410712524414062500e+03
1.413057495117187500e+03
1.411119873046875000e+03
1.408787963867187500e+03
1.408153564453125000e+03
1.408130004882812500e+03
1.408499511718750000e+03
1.409046997070312500e+03
1.410490966796875000e+03
1.404494750976562500e+03
1.400451782226562500e+03
1.400137207031250000e+03
1.403265380859375000e+03
1.400712890625000000e+03
1.400005004882812500e+03
1.398427124023437500e+03
1.396960693359375000e+03
1.396948242187500000e+03
1.376385498046875000e+03
1.379581298828125000e+03
1.375901733398437500e+03
1.373568481445312500e+03
1.373828979492187500e+03
1.373590087890625000e+03
1.372095092773437500e+03
1.373831909179687500e+03
1.373893554687500000e+03
1.373225341796875000e+03
1.375286132812500000e+03
1.376193725585937500e+03
1.374924926757812500e+03
1.374655761718750000e+03
1.376389038085937500e+03
1.372385742187500000e+03
1.372562011718750000e+03
1.372883422851562500e+03
1.372767211914062500e+03
1.372727905273437500e+03
1.370682983398437500e+03
1.374429077148437500e+03
1.376623657226562500e+03
1.377682861328125000e+03
1.382267333984375000e+03
1.389463745117187500e+03
1.388395141601562500e+03
1.389985351562500000e+03
1.386283569335937500e+03
1.385711059570312500e+03
1.384107788085937500e+03
1.384013549804687500e+03
1.382067749023437500e+03
1.381910034179687500e+03
1.382512207031250000e+03
1.382258666992187500e+03
1.379483764648437500e+03
1.380711547851562500e+03
1.382066650390625000e+03
1.380820800781250000e+03
1.380643432617187500e+03
1.379709350585937500e+03
1.374048461914062500e+03
1.369895629882812500e+03
1.368276611328125000e+03
1.363016845703125000e+03
1.363982543945312500e+03
1.361865234375000000e+03
1.362717651367187500e+03
1.361857543945312500e+03
1.359729614257812500e+03
1.358325561523437500e+03
1.354039184570312500e+03
1.352889282226562500e+03
1.362142089843750000e+03
1.363971313476562500e+03
1.362152465820312500e+03
1.360986206054687500e+03
1.359252197265625000e+03
1.356516479492187500e+03
1.355697998046875000e+03
1.361372192382812500e+03
1.360919311523437500e+03
1.371080932617187500e+03
1.371719360351562500e+03
1.374611450195312500e+03
1.374925537109375000e+03
1.373947021484375000e+03
1.376471435546875000e+03
1.377421264648437500e+03
1.379311157226562500e+03
1.381518066406250000e+03
1.381530761718750000e+03
1.380551879882812500e+03
1.379384765625000000e+03
1.380358520507812500e+03
1.380409790039062500e+03
1.380349121093750000e+03
1.377279785156250000e+03
1.373395507812500000e+03
1.372291992187500000e+03
1.369951171875000000e+03
1.367653442382812500e+03
1.366865478515625000e+03
1.366779663085937500e+03
1.367173706054687500e+03
1.368197631835937500e+03
1.370528198242187500e+03
1.373144165039062500e+03
1.373554199218750000e+03
1.370146118164062500e+03
1.370682861328125000e+03
1.369878295898437500e+03
1.372420288085937500e+03
1.374867065429687500e+03
1.374017333984375000e+03
1.376729125976562500e+03
1.373379272460937500e+03
1.374681518554687500e+03
1.371150390625000000e+03
1.375101440429687500e+03
1.375324951171875000e+03
1.376568359375000000e+03
1.377367797851562500e+03
1.377409790039062500e+03
1.375098754882812500e+03
1.376910156250000000e+03
1.376985473632812500e+03
1.377662231445312500e+03
1.377090942382812500e+03
1.375433959960937500e+03
1.373398559570312500e+03
1.373589965820312500e+03
1.373486572265625000e+03
1.376542968750000000e+03
1.376891845703125000e+03
1.375423217773437500e+03
1.382662841796875000e+03
1.384024902343750000e+03
1.383230834960937500e+03
1.381424926757812500e+03
1.381820922851562500e+03
1.381801025390625000e+03
1.382311279296875000e+03
1.380745117187500000e+03
1.380258178710937500e+03
1.387587890625000000e+03
1.385211181640625000e+03
1.382151977539062500e+03
1.380992309570312500e+03
1.381462646484375000e+03
1.387670532226562500e+03
1.389264038085937500e+03
1.391394287109375000e+03
1.392786987304687500e+03
1.394126953125000000e+03
1.399713867187500000e+03
1.399340087890625000e+03
1.401880371093750000e+03
1.400036621093750000e+03
1.398507690429687500e+03
1.398873779296875000e+03
1.397843017578125000e+03
1.398684814453125000e+03
1.395652709960937500e+03
1.395033325195312500e+03
1.393472290039062500e+03
1.392157348632812500e+03
1.391096435546875000e+03
1.390127319335937500e+03
1.392086669921875000e+03
1.394129394531250000e+03
1.395721801757812500e+03
1.401408325195312500e+03
1.404863403320312500e+03
1.403352050781250000e+03
1.404912475585937500e+03
1.406502563476562500e+03
1.410932983398437500e+03
1.407820678710937500e+03
1.409557861328125000e+03
1.409843994140625000e+03
1.396546875000000000e+03
1.397435668945312500e+03
1.400350463867187500e+03
1.398365478515625000e+03
1.397886840820312500e+03
1.397542358398437500e+03
1.395407592773437500e+03
1.392261352539062500e+03
1.391955200195312500e+03
1.392363037109375000e+03
1.386838256835937500e+03
1.386546752929687500e+03
1.387610961914062500e+03
1.388715820312500000e+03
1.390597412109375000e+03
1.389476196289062500e+03
1.385421264648437500e+03
1.384311401367187500e+03
1.382989746093750000e+03
1.383830078125000000e+03
1.385603027343750000e+03
1.384380493164062500e+03
1.383007568359375000e+03
1.380342163085937500e+03
1.379571777343750000e+03
1.380888549804687500e+03
1.379966552734375000e+03
1.364608398437500000e+03
1.368914428710937500e+03
1.368368530273437500e+03
1.366919189453125000e+03
1.370284301757812500e+03
1.370867309570312500e+03
1.371694580078125000e+03
1.373847290039062500e+03
1.373324707031250000e+03
1.368022338867187500e+03
1.370661376953125000e+03
1.370961425781250000e+03
1.369767578125000000e+03
1.369834472656250000e+03
1.363540893554687500e+03
1.364956298828125000e+03
1.368280517578125000e+03
1.365142944335937500e+03
1.364341918945312500e+03
1.359368286132812500e+03
1.366550415039062500e+03
1.365717163085937500e+03
1.367738647460937500e+03
1.367141967773437500e+03
1.372166015625000000e+03
1.370496948242187500e+03
1.369424194335937500e+03
1.375576660156250000e+03
1.370745361328125000e+03
1.369541748046875000e+03
1.370579956054687500e+03
1.367440429687500000e+03
1.367707641601562500e+03
1.369300537109375000e+03
1.374580566406250000e+03
1.374543579101562500e+03
1.381856567382812500e+03
1.380820556640625000e+03
1.383224121093750000e+03
1.384236206054687500e+03
1.382881958007812500e+03
1.383311401367187500e+03
1.383039794921875000e+03
1.385594726562500000e+03
1.386852783203125000e+03
1.386497192382812500e+03
1.390774169921875000e+03
1.391050048828125000e+03
1.393826904296875000e+03
1.391940551757812500e+03
1.392338623046875000e+03
1.391650512695312500e+03
1.390093627929687500e+03
1.390194946289062500e+03
1.395930175781250000e+03
1.396544921875000000e+03
1.401502075195312500e+03
1.403109863281250000e+03
1.402004638671875000e+03
1.404200805664062500e+03
1.406068115234375000e+03
1.406312255859375000e+03
1.405723999023437500e+03
1.410856201171875000e+03
1.412198120117187500e+03
1.412144409179687500e+03
1.413093383789062500e+03
1.412192871093750000e+03
1.409986206054687500e+03
1.408191894531250000e+03
1.408254272460937500e+03
1.407354248046875000e+03
1.410532226562500000e+03
1.410961791992187500e+03
1.410177001953125000e+03
1.409175903320312500e+03
1.409138916015625000e+03
1.409342163085937500e+03
1.409167236328125000e+03
1.407372802734375000e+03
1.406874145507812500e+03
1.399602050781250000e+03
1.398509399414062500e+03
1.396582153320312500e+03
1.397368652343750000e+03
1.396882568359375000e+03
1.394721313476562500e+03
1.392856323242187500e+03
1.392176269531250000e+03
1.392600585937500000e+03
1.378831909179687500e+03
1.374134277343750000e+03
1.375172607421875000e+03
1.372484497070312500e+03
1.372618408203125000e+03
1.367899536132812500e+03
1.364240722656250000e+03
1.359612548828125000e+03
1.358480834960937500e+03
1.358484008789062500e+03
1.358275146484375000e+03
1.361625976562500000e+03
1.363191162109375000e+03
1.363508056640625000e+03
1.365756591796875000e+03
1.364683471679687500e+03
1.365175415039062500e+03
1.364246826171875000e+03
1.364248046875000000e+03
1.368211181640625000e+03
1.367912597656250000e+03
1.369085449218750000e+03
1.370996948242187500e+03
1.371273559570312500e+03
1.370431030273437500e+03
1.369423828125000000e+03
1.368314208984375000e+03
1.374119140625000000e+03
1.370997070312500000e+03
1.376697265625000000e+03
1.376009765625000000e+03
1.378369628906250000e+03
1.381684326171875000e+03
1.379723144531250000e+03
1.377746337890625000e+03
1.378660278320312500e+03
1.387406005859375000e+03
1.389328247070312500e+03
1.391015502929687500e+03
1.389822021484375000e+03
1.392593872070312500e+03
1.396286132812500000e+03
1.397975585937500000e+03
1.402072875976562500e+03
1.402339477539062500e+03
1.406876953125000000e+03
1.410225097656250000e+03
1.411357543945312500e+03
1.413391235351562500e+03
1.415253173828125000e+03
1.415803833007812500e+03
1.418229492187500000e+03
1.415488159179687500e+03
1.412726928710937500e+03
1.415025024414062500e+03
1.417267211914062500e+03
1.415658447265625000e+03
1.417274047851562500e+03
1.418133300781250000e+03
1.420049926757812500e+03
1.418152709960937500e+03
1.413804931640625000e+03
1.413612304687500000e+03
1.406257934570312500e+03
1.403101074218750000e+03
1.398749755859375000e+03
1.399231445312500000e+03
1.398498046875000000e+03
1.398903686523437500e+03
1.399773315429687500e+03
1.400498779296875000e+03
1.399498291015625000e+03
1.401956665039062500e+03
1.401688354492187500e+03
1.402313842773437500e+03
1.400802490234375000e+03
1.398863281250000000e+03
1.398248901367187500e+03
1.401544311523437500e+03
1.406890014648437500e+03
1.406816894531250000e+03
1.411306030273437500e+03
1.413724853515625000e+03
1.413938232421875000e+03
1.412987304687500000e+03
1.412574462890625000e+03
1.408883789062500000e+03
1.411497802734375000e+03
1.410212402343750000e+03
1.409923706054687500e+03
1.407246582031250000e+03
1.411081420898437500e+03
1.409484741210937500e+03
1.410343505859375000e+03
1.410456542968750000e+03
1.409757934570312500e+03
1.414456665039062500e+03
1.413635253906250000e+03
1.414187744140625000e+03
1.414598510742187500e+03
1.416861694335937500e+03
1.417057006835937500e+03
1.417469482421875000e+03
1.415514282226562500e+03
1.420459350585937500e+03
1.418754760742187500e+03
1.419926635742187500e+03
1.421438842773437500e+03
1.417908691406250000e+03
1.418276611328125000e+03
1.419744628906250000e+03
1.417086181640625000e+03
1.414919921875000000e+03
1.414903808593750000e+03
1.415816894531250000e+03
1.419024658203125000e+03
1.421346679687500000e+03
1.424106079101562500e+03
1.426455688476562500e+03
1.428531494140625000e+03
1.427871948242187500e+03
1.428166748046875000e+03
1.425946411132812500e+03
1.424237792968750000e+03
1.424793579101562500e+03
1.423551269531250000e+03
1.415166870117187500e+03
1.407072631835937500e+03
1.404313720703125000e+03
1.399298217773437500e+03
1.398151123046875000e+03
1.396103515625000000e+03
1.399937622070312500e+03
1.403384277343750000e+03
1.405793090820312500e+03
1.421018432617187500e+03
1.429834838867187500e+03
1.429100585937500000e+03
1.427677246093750000e+03
1.432148803710937500e+03
1.436133178710937500e+03
1.438953857421875000e+03
1.438338623046875000e+03
1.439071533203125000e+03
1.430674316406250000e+03
1.427599975585937500e+03
1.430745361328125000e+03
1.430263183593750000e+03
1.432111206054687500e+03
1.435772705078125000e+03
1.436636108398437500e+03
1.437387451171875000e+03
1.439785888671875000e+03
1.435175659179687500e+03
1.438298706054687500e+03
1.440194580078125000e+03
1.441074096679687500e+03
1.441658081054687500e+03
1.442769531250000000e+03
1.440956787109375000e+03
1.440038452148437500e+03
1.440240112304687500e+03
1.433679931640625000e+03
1.430322387695312500e+03
1.425117309570312500e+03
1.427751831054687500e+03
1.427582641601562500e+03
1.426738769531250000e+03
1.428604736328125000e+03
1.425049560546875000e+03
1.420808959960937500e+03
1.403390869140625000e+03
1.396905273437500000e+03
1.401216796875000000e+03
1.409231079101562500e+03
1.411630371093750000e+03
1.406707397460937500e+03
1.404955200195312500e+03
1.396335937500000000e+03
1.395111816406250000e+03
1.383460205078125000e+03
1.384120605468750000e+03
1.388161254882812500e+03
1.388831665039062500e+03
1.389303344726562500e+03
1.388879516601562500e+03
1.389381958007812500e+03
1.387465576171875000e+03
1.388941528320312500e+03
1.397644287109375000e+03
1.397748291015625000e+03
1.398549072265625000e+03
1.394146362304687500e+03
1.389534179687500000e+03
1.392036499023437500e+03
1.394792724609375000e+03
1.400521362304687500e+03
1.400765502929687500e+03
1.400421630859375000e+03
1.393831665039062500e+03
1.394755981445312500e+03
1.392569213867187500e+03
1.396857055664062500e+03
1.400880126953125000e+03
1.396422973632812500e+03
1.398312500000000000e+03
1.399008178710937500e+03
1.394963134765625000e+03
1.392712524414062500e+03
1.385633666992187500e+03
1.381728515625000000e+03
1.381355102539062500e+03
1.382533325195312500e+03
1.383003906250000000e+03
1.385000366210937500e+03
1.386223266601562500e+03
1.403531250000000000e+03
1.407804321289062500e+03
1.406363281250000000e+03
1.404917480468750000e+03
1.403041625976562500e+03
1.398519653320312500e+03
1.400307373046875000e+03
1.400214111328125000e+03
1.396496948242187500e+03
1.411263427734375000e+03
1.410327392578125000e+03
1.407525146484375000e+03
1.407546508789062500e+03
1.406924682617187500e+03
1.410180908203125000e+03
1.417782714843750000e+03
1.417832397460937500e+03
1.414473876953125000e+03
1.405304077148437500e+03
1.398648559570312500e+03
1.400068847656250000e+03
1.400217651367187500e+03
1.399000610351562500e+03
1.392001342773437500e+03
1.393256958007812500e+03
1.395290405273437500e+03
1.393932495117187500e+03
1.398325195312500000e+03
1.396884155273437500e+03
1.396486083984375000e+03
1.396315185546875000e+03
1.394158691406250000e+03
1.392248901367187500e+03
1.389854248046875000e+03
1.394170776367187500e+03
1.393424682617187500e+03
1.389055419921875000e+03
1.385032836914062500e+03
1.384921264648437500e+03
1.381302368164062500e+03
1.381701171875000000e+03
1.384671875000000000e+03
1.385522216796875000e+03
1.381010986328125000e+03
1.383150024414062500e+03
1.384003417968750000e+03
1.384038818359375000e+03
1.380358764648437500e+03
1.379744018554687500e+03
1.381003540039062500e+03
1.378904052734375000e+03
1.380020263671875000e+03
1.380109497070312500e+03
1.379304199218750000e+03
1.373329101562500000e+03
1.374854370117187500e+03
1.375269897460937500e+03
1.376737792968750000e+03
1.376001586914062500e+03
1.374485595703125000e+03
1.368649536132812500e+03
1.367091186523437500e+03
1.365059936523437500e+03
1.358637084960937500e+03
1.359809936523437500e+03
1.359682861328125000e+03
1.359344970703125000e+03
1.356870117187500000e+03
1.355000976562500000e+03
1.354864013671875000e+03
1.360631591796875000e+03
1.361807617187500000e+03
1.371227905273437500e+03
1.371192016601562500e+03
1.374149291992187500e+03
1.372822875976562500e+03
1.373403198242187500e+03
1.370132568359375000e+03
1.367354614257812500e+03
1.365674926757812500e+03
1.364569213867187500e+03
1.377617187500000000e+03
1.377528076171875000e+03
1.379350341796875000e+03
1.379570312500000000e+03
1.380038940429687500e+03
1.379008789062500000e+03
1.373884887695312500e+03
1.374289550781250000e+03
1.373576904296875000e+03
1.377902709960937500e+03
1.377106201171875000e+03
1.378531127929687500e+03
1.373507080078125000e+03
1.372806152343750000e+03
1.371438964843750000e+03
1.371403320312500000e+03
1.375192016601562500e+03
1.374689453125000000e+03
1.386243041992187500e+03
1.380885131835937500e+03
1.378251342773437500e+03
1.379174560546875000e+03
1.377192382812500000e+03
1.374352783203125000e+03
1.374491455078125000e+03
1.368765502929687500e+03
1.367373168945312500e+03
1.370133789062500000e+03
1.373099975585937500e+03
1.372498291015625000e+03
1.374412475585937500e+03
1.374315673828125000e+03
1.376572631835937500e+03
1.372353881835937500e+03
1.368074951171875000e+03
1.368908691406250000e+03
1.379270019531250000e+03
1.376892700195312500e+03
1.376397949218750000e+03
1.374903076171875000e+03
1.378039550781250000e+03
1.381103393554687500e+03
1.385605102539062500e+03
1.384797119140625000e+03
1.384938598632812500e+03
1.387277954101562500e+03
1.386240234375000000e+03
1.390940551757812500e+03
1.389288574218750000e+03
1.388707885742187500e+03
1.387737792968750000e+03
1.390936157226562500e+03
1.393260131835937500e+03
1.394184814453125000e+03
1.398108642578125000e+03
1.390580688476562500e+03
1.385797851562500000e+03
1.389963256835937500e+03
1.390622558593750000e+03
1.394766235351562500e+03
1.394627319335937500e+03
1.392682128906250000e+03
1.391631591796875000e+03
1.395117919921875000e+03
1.394652221679687500e+03
1.391837646484375000e+03
1.392082885742187500e+03
1.394922485351562500e+03
1.395674316406250000e+03
1.394359741210937500e+03
1.391143798828125000e+03
1.387305419921875000e+03
1.389249755859375000e+03
1.388815795898437500e+03
1.389348510742187500e+03
1.389593139648437500e+03
1.389680297851562500e+03
1.390771240234375000e+03
1.387568115234375000e+03
1.385357666015625000e+03
1.384366821289062500e+03
1.395677612304687500e+03
1.396105712890625000e+03
1.394131347656250000e+03
1.393634033203125000e+03
1.391778564453125000e+03
1.389115234375000000e+03
1.388386840820312500e+03
1.382270385742187500e+03
1.382042602539062500e+03
1.373179443359375000e+03
1.374663208007812500e+03
1.378451416015625000e+03
1.379360839843750000e+03
1.382254638671875000e+03
1.383330810546875000e+03
1.382678710937500000e+03
1.379824584960937500e+03
1.380470336914062500e+03
1.370830810546875000e+03
1.372886108398437500e+03
1.372832519531250000e+03
1.372736694335937500e+03
1.370446044921875000e+03
1.371903320312500000e+03
1.375627807617187500e+03
1.371664672851562500e+03
1.371736328125000000e+03
1.369067016601562500e+03
1.371368774414062500e+03
1.372070190429687500e+03
1.370595336914062500e+03
1.368348754882812500e+03
1.366637451171875000e+03
1.368827270507812500e+03
1.365788452148437500e+03
1.366225097656250000e+03
1.370741821289062500e+03
1.361418823242187500e+03
1.359547363281250000e+03
1.365916503906250000e+03
1.365045288085937500e+03
1.368052490234375000e+03
1.368193725585937500e+03
1.370740478515625000e+03
1.371241577148437500e+03
1.380993530273437500e+03
1.374522094726562500e+03
1.376466186523437500e+03
1.376665405273437500e+03
1.374092407226562500e+03
1.375712524414062500e+03
1.374958984375000000e+03
1.377239013671875000e+03
1.375751464843750000e+03
1.374697509765625000e+03
1.371433349609375000e+03
1.371762451171875000e+03
1.373997802734375000e+03
1.370336303710937500e+03
1.372918212890625000e+03
1.373312377929687500e+03
1.371607177734375000e+03
1.371466674804687500e+03
1.367424926757812500e+03
1.365211059570312500e+03
1.366357788085937500e+03
1.363759033203125000e+03
1.365411987304687500e+03
1.367118164062500000e+03
1.368740600585937500e+03
1.367940307617187500e+03
1.367733276367187500e+03
1.346077270507812500e+03
1.366734252929687500e+03
1.370463500976562500e+03
1.373185913085937500e+03
1.369175781250000000e+03
1.378223144531250000e+03
1.381378295898437500e+03
1.385447631835937500e+03
1.385809936523437500e+03
1.397096069335937500e+03
1.397639160156250000e+03
1.397528320312500000e+03
1.398669433593750000e+03
1.398530273437500000e+03
1.394138427734375000e+03
1.391939453125000000e+03
1.388194458007812500e+03
1.387696899414062500e+03
1.383541015625000000e+03
1.379777832031250000e+03
1.377457031250000000e+03
1.378210205078125000e+03
1.374801879882812500e+03
1.375943847656250000e+03
1.373232543945312500e+03
1.372660522460937500e+03
1.372446166992187500e+03
1.376718872070312500e+03
1.377642211914062500e+03
1.378000122070312500e+03
1.378633056640625000e+03
1.376595458984375000e+03
1.374711914062500000e+03
1.375303100585937500e+03
1.373227539062500000e+03
1.374505249023437500e+03
1.375751098632812500e+03
1.378294067382812500e+03
1.379950439453125000e+03
1.379253906250000000e+03
1.380385253906250000e+03
1.381019531250000000e+03
1.385005126953125000e+03
1.382670532226562500e+03
1.382530883789062500e+03
1.372562866210937500e+03
1.370287963867187500e+03
1.368029663085937500e+03
1.365787841796875000e+03
1.365848266601562500e+03
1.365926147460937500e+03
1.368341308593750000e+03
1.366968994140625000e+03
1.366312622070312500e+03
1.361273193359375000e+03
1.361324584960937500e+03
1.363997924804687500e+03
1.363985107421875000e+03
1.363591918945312500e+03
1.364090332031250000e+03
1.363121093750000000e+03
1.365332885742187500e+03
1.363867187500000000e+03
1.363375000000000000e+03
1.356062133789062500e+03
1.357380493164062500e+03
1.357710693359375000e+03
1.355460327148437500e+03
1.354198120117187500e+03
1.353588989257812500e+03
1.351928710937500000e+03
1.355343505859375000e+03
1.347649658203125000e+03
1.350568359375000000e+03
1.347892456054687500e+03
1.348896362304687500e+03
1.348682739257812500e+03
1.348395629882812500e+03
1.350080322265625000e+03
1.349438476562500000e+03
1.348627197265625000e+03
1.352395629882812500e+03
1.351565551757812500e+03
1.351028808593750000e+03
1.349776489257812500e+03
1.351485351562500000e+03
1.350718383789062500e+03
1.351861938476562500e+03
1.348380615234375000e+03
1.349653198242187500e+03
1.350357910156250000e+03
1.347196166992187500e+03
1.349012084960937500e+03
1.349822265625000000e+03
1.349009399414062500e+03
1.349816772460937500e+03
1.350259155273437500e+03
1.352733276367187500e+03
1.353466796875000000e+03
1.364545043945312500e+03
1.361922729492187500e+03
1.364791748046875000e+03
1.365660522460937500e+03
1.365246215820312500e+03
1.366905761718750000e+03
1.365434570312500000e+03
1.359980957031250000e+03
1.359048950195312500e+03
1.361935546875000000e+03
1.358191284179687500e+03
1.353806274414062500e+03
1.354669677734375000e+03
1.355179199218750000e+03
1.353156860351562500e+03
1.349872192382812500e+03
1.346553100585937500e+03
1.348645385742187500e+03
1.346012695312500000e+03
1.349515380859375000e+03
1.345602294921875000e+03
1.345036254882812500e+03
1.342303833007812500e+03
1.340526489257812500e+03
1.343533203125000000e+03
1.340380737304687500e+03
1.339975463867187500e+03
1.338911132812500000e+03
1.341473266601562500e+03
1.343055053710937500e+03
1.342069335937500000e+03
1.342620849609375000e+03
1.343956298828125000e+03
1.340701293945312500e+03
1.337439086914062500e+03
1.339530761718750000e+03
1.340167114257812500e+03
1.339451660156250000e+03
1.338683593750000000e+03
1.340661987304687500e+03
1.341789428710937500e+03
1.340911499023437500e+03
1.343103881835937500e+03
1.340320800781250000e+03
1.340103637695312500e+03
1.343680175781250000e+03
1.341644165039062500e+03
1.343825561523437500e+03
1.344946166992187500e+03
1.344422729492187500e+03
1.339731201171875000e+03
1.341604736328125000e+03
1.343010375976562500e+03
1.346030883789062500e+03
1.343939697265625000e+03
1.347319458007812500e+03
1.346998657226562500e+03
1.346045532226562500e+03
1.344476196289062500e+03
1.343974487304687500e+03
1.346986328125000000e+03
1.343851318359375000e+03
1.344654907226562500e+03
1.357254394531250000e+03
1.355848266601562500e+03
1.356489501953125000e+03
1.357230468750000000e+03
1.355888916015625000e+03
1.356935058593750000e+03
1.358849487304687500e+03
1.362404907226562500e+03
1.362557983398437500e+03
1.357204467773437500e+03
1.358766601562500000e+03
1.357408325195312500e+03
1.359061279296875000e+03
1.360636718750000000e+03
1.362017333984375000e+03
1.361487792968750000e+03
1.359814941406250000e+03
1.358687500000000000e+03
1.362056518554687500e+03
1.364092773437500000e+03
1.365235107421875000e+03
1.364370727539062500e+03
1.363944335937500000e+03
1.361853393554687500e+03
1.358857788085937500e+03
1.359406005859375000e+03
1.358125488281250000e+03
1.357211425781250000e+03
1.355687377929687500e+03
1.351212768554687500e+03
1.352694824218750000e+03
1.352413208007812500e+03
1.354675659179687500e+03
1.353514648437500000e+03
1.349175170898437500e+03
1.347735351562500000e+03
1.348688354492187500e+03
1.347695068359375000e+03
1.348573364257812500e+03
1.350342651367187500e+03
1.350020751953125000e+03
1.350851318359375000e+03
1.350050415039062500e+03
1.353586425781250000e+03
1.350733642578125000e+03
1.354559570312500000e+03
1.350299072265625000e+03
1.351285278320312500e+03
1.350133300781250000e+03
1.349378295898437500e+03
1.346187500000000000e+03
1.346033081054687500e+03
1.350820922851562500e+03
1.350939941406250000e+03
1.350049682617187500e+03
1.352740112304687500e+03
1.350173828125000000e+03
1.347101562500000000e+03
1.347479125976562500e+03
1.346448242187500000e+03
1.344144653320312500e+03
1.343881347656250000e+03
1.343802856445312500e+03
1.338172851562500000e+03
1.338770874023437500e+03
1.341367675781250000e+03
1.341523071289062500e+03
1.340116455078125000e+03
1.340186401367187500e+03
1.339481201171875000e+03
1.338332641601562500e+03
1.338668945312500000e+03
1.333599243164062500e+03
1.334841796875000000e+03
1.333341918945312500e+03
1.332210815429687500e+03
1.332774169921875000e+03
1.331417358398437500e+03
1.333510620117187500e+03
1.330655273437500000e+03
1.330109619140625000e+03
1.327510009765625000e+03
1.329516723632812500e+03
1.325530273437500000e+03
1.327728759765625000e+03
1.327999511718750000e+03
1.328278198242187500e+03
1.329437988281250000e+03
1.330525512695312500e+03
1.331556762695312500e+03
1.330749511718750000e+03
1.330579711914062500e+03
1.334156250000000000e+03
1.334069702148437500e+03
1.333904907226562500e+03
1.334060424804687500e+03
1.333693847656250000e+03
1.336698974609375000e+03
1.334223999023437500e+03
1.332578735351562500e+03
1.333751342773437500e+03
1.332695068359375000e+03
1.334250732421875000e+03
1.334164062500000000e+03
1.333978027343750000e+03
1.332046264648437500e+03
1.334540283203125000e+03
1.335013916015625000e+03
1.331104248046875000e+03
1.330058837890625000e+03
1.331355834960937500e+03
1.330629760742187500e+03
1.330300659179687500e+03
1.335076293945312500e+03
1.332606445312500000e+03
1.334204345703125000e+03
1.332367309570312500e+03
1.332082763671875000e+03
1.334339477539062500e+03
1.332720092773437500e+03
1.331783325195312500e+03
1.328895996093750000e+03
1.332202514648437500e+03
1.329334106445312500e+03
1.327674072265625000e+03
1.328460693359375000e+03
1.330889404296875000e+03
1.331481201171875000e+03
1.332219604492187500e+03
1.332338134765625000e+03
1.331194335937500000e+03
1.332089721679687500e+03
1.329835937500000000e+03
1.330024780273437500e+03
1.329017089843750000e+03
1.334808227539062500e+03
1.334172607421875000e+03
1.335614135742187500e+03
1.335471679687500000e+03
1.335200195312500000e+03
1.333928588867187500e+03
1.336031982421875000e+03
1.334820068359375000e+03
1.334421508789062500e+03
1.335052734375000000e+03
1.334303833007812500e+03
1.334478393554687500e+03
1.334276123046875000e+03
1.337871215820312500e+03
1.340396362304687500e+03
1.341125122070312500e+03
1.340513549804687500e+03
1.338941162109375000e+03
1.350817626953125000e+03
1.350281005859375000e+03
1.352526367187500000e+03
1.352132568359375000e+03
1.353550415039062500e+03
1.353295532226562500e+03
1.355807006835937500e+03
1.354012084960937500e+03
1.352818481445312500e+03
1.356455200195312500e+03
1.353706176757812500e+03
1.353609252929687500e+03
1.354395629882812500e+03
1.357029785156250000e+03
1.356774169921875000e+03
1.354946899414062500e+03
1.353873657226562500e+03
1.354539794921875000e+03
1.356036376953125000e+03
1.353708251953125000e+03
1.353865356445312500e+03
1.353314941406250000e+03
1.354041015625000000e+03
1.353567382812500000e+03
1.352449340820312500e+03
1.352355712890625000e+03
1.352030029296875000e+03
1.349940917968750000e+03
1.348082275390625000e+03
1.348332153320312500e+03
1.347124755859375000e+03
1.346740478515625000e+03
1.348339965820312500e+03
1.347443725585937500e+03
1.348929687500000000e+03
1.347224975585937500e+03
1.345504394531250000e+03
1.344194824218750000e+03
1.345715820312500000e+03
1.347238769531250000e+03
1.348055786132812500e+03
1.349440795898437500e+03
1.352197753906250000e+03
1.348334594726562500e+03
1.348622924804687500e+03
1.351310424804687500e+03
1.351728393554687500e+03
1.354845092773437500e+03
1.353663208007812500e+03
1.355547485351562500e+03
1.355590209960937500e+03
1.356870361328125000e+03
1.356793334960937500e+03
1.357973510742187500e+03
1.353282592773437500e+03
1.354228759765625000e+03
1.351813598632812500e+03
1.351754882812500000e+03
1.353239868164062500e+03
1.353532104492187500e+03
1.352413940429687500e+03
1.350713134765625000e+03
1.353232055664062500e+03
1.360312744140625000e+03
1.360148681640625000e+03
1.360729248046875000e+03
1.358925781250000000e+03
1.357655151367187500e+03
1.358918457031250000e+03
1.358467041015625000e+03
1.360783447265625000e+03
1.361824951171875000e+03
1.363086669921875000e+03
1.362356933593750000e+03
1.361342041015625000e+03
1.361120117187500000e+03
1.361829956054687500e+03
1.370220092773437500e+03
1.372008911132812500e+03
1.373884521484375000e+03
1.373365844726562500e+03
1.381259765625000000e+03
1.376706298828125000e+03
1.377932739257812500e+03
1.380132446289062500e+03
1.379439086914062500e+03
1.377810180664062500e+03
1.376234130859375000e+03
1.377941406250000000e+03
1.377424804687500000e+03
1.374582641601562500e+03
1.372864379882812500e+03
1.372482666015625000e+03
1.372458251953125000e+03
1.371376220703125000e+03
1.373305541992187500e+03
1.371152465820312500e+03
1.368709838867187500e+03
1.367459838867187500e+03
1.373366577148437500e+03
1.375283569335937500e+03
1.378514892578125000e+03
1.376307128906250000e+03
1.375838378906250000e+03
1.376873291015625000e+03
1.377415771484375000e+03
1.377611816406250000e+03
1.377592651367187500e+03
1.378270996093750000e+03
1.378454589843750000e+03
1.379178710937500000e+03
1.378281005859375000e+03
1.377264160156250000e+03
1.378577148437500000e+03
1.379468383789062500e+03
1.379941406250000000e+03
1.379610595703125000e+03
1.378344848632812500e+03
1.376960815429687500e+03
1.377639160156250000e+03
1.377113159179687500e+03
1.375922607421875000e+03
1.374706787109375000e+03
1.376295776367187500e+03
1.375266357421875000e+03
1.375068725585937500e+03
1.379487060546875000e+03
1.377368408203125000e+03
1.380128173828125000e+03
1.378213989257812500e+03
1.376648803710937500e+03
1.377331298828125000e+03
1.376331909179687500e+03
1.377408813476562500e+03
1.377127563476562500e+03
1.380562500000000000e+03
1.379244995117187500e+03
1.378939331054687500e+03
1.379527587890625000e+03
1.379950927734375000e+03
1.380987915039062500e+03
1.381344238281250000e+03
1.381944213867187500e+03
1.382371948242187500e+03
1.381134643554687500e+03
1.383936889648437500e+03
1.386979492187500000e+03
1.385049072265625000e+03
1.384560546875000000e+03
1.384555297851562500e+03
1.386698852539062500e+03
1.387708862304687500e+03
1.387605346679687500e+03
1.385122558593750000e+03
1.383009887695312500e+03
1.385553222656250000e+03
1.384892456054687500e+03
1.386248535156250000e+03
1.385912841796875000e+03
1.385949829101562500e+03
1.384003662109375000e+03
1.382743041992187500e+03
1.376249755859375000e+03
1.377842163085937500e+03
1.378073120117187500e+03
1.377354492187500000e+03
1.377265869140625000e+03
1.377285888671875000e+03
1.376822875976562500e+03
1.379778930664062500e+03
1.379935302734375000e+03
1.382172973632812500e+03
1.384518920898437500e+03
1.384656372070312500e+03
1.384653564453125000e+03
1.385385620117187500e+03
1.384143432617187500e+03
1.382154418945312500e+03
1.384502563476562500e+03
1.382548095703125000e+03
1.381900024414062500e+03
1.385169067382812500e+03
1.389112548828125000e+03
1.387793334960937500e+03
1.389806640625000000e+03
1.389906250000000000e+03
1.388574462890625000e+03
1.387547485351562500e+03
1.386993041992187500e+03
1.394701660156250000e+03
1.396098999023437500e+03
1.395342285156250000e+03
1.394924804687500000e+03
1.393205566406250000e+03
1.391569946289062500e+03
1.394344360351562500e+03
1.397215454101562500e+03
1.397747924804687500e+03
1.395185302734375000e+03
1.393456420898437500e+03
1.394085693359375000e+03
1.393773437500000000e+03
1.393036987304687500e+03
1.393304931640625000e+03
1.394174560546875000e+03
1.393050659179687500e+03
1.392809936523437500e+03
1.393146606445312500e+03
1.395634887695312500e+03
1.393242675781250000e+03
1.393167602539062500e+03
1.394666137695312500e+03
1.395196044921875000e+03
1.396590576171875000e+03
1.399575683593750000e+03
1.400086059570312500e+03
1.404141601562500000e+03
1.403226928710937500e+03
1.403942993164062500e+03
1.405783081054687500e+03
1.406946289062500000e+03
1.409219726562500000e+03
1.409123046875000000e+03
1.410474365234375000e+03
1.409075683593750000e+03
1.403592041015625000e+03
1.405642333984375000e+03
1.406821899414062500e+03
1.407309204101562500e+03
1.405031005859375000e+03
1.405019897460937500e+03
1.404703002929687500e+03
1.405939086914062500e+03
1.406775268554687500e+03
1.411646118164062500e+03
1.416351806640625000e+03
1.415978637695312500e+03
1.412573974609375000e+03
1.412478027343750000e+03
1.415729370117187500e+03
1.420177246093750000e+03
1.424036865234375000e+03
1.422458007812500000e+03
1.423775878906250000e+03
1.420503906250000000e+03
1.421148803710937500e+03
1.422525268554687500e+03
1.425716308593750000e+03
1.424602661132812500e+03
1.426955444335937500e+03
1.428018188476562500e+03
1.427319335937500000e+03
1.430961303710937500e+03
1.434205200195312500e+03
1.429694946289062500e+03
1.427600708007812500e+03
1.426588745117187500e+03
1.426382812500000000e+03
1.425249877929687500e+03
1.426989501953125000e+03
1.425253784179687500e+03
1.427484619140625000e+03
1.428253295898437500e+03
1.427007446289062500e+03
1.427435546875000000e+03
1.427383178710937500e+03
1.427826660156250000e+03
1.426727416992187500e+03
1.424289062500000000e+03
1.422104003906250000e+03
1.439872192382812500e+03
1.443683471679687500e+03
1.447254272460937500e+03
1.444044067382812500e+03
1.442734130859375000e+03
1.444253417968750000e+03
1.439238159179687500e+03
1.435492675781250000e+03
1.437054931640625000e+03
1.444444946289062500e+03
1.446262451171875000e+03
1.448385131835937500e+03
1.445976806640625000e+03
1.442873046875000000e+03
1.439425048828125000e+03
1.439422119140625000e+03
1.440652709960937500e+03
1.440674926757812500e+03
1.435633544921875000e+03
1.437636474609375000e+03
1.436127807617187500e+03
1.436860961914062500e+03
1.436896728515625000e+03
1.437623291015625000e+03
1.434372192382812500e+03
1.430958374023437500e+03
1.431714843750000000e+03
1.433852294921875000e+03
1.435728271484375000e+03
1.436190551757812500e+03
1.434822021484375000e+03
1.435349243164062500e+03
1.435200805664062500e+03
1.435693359375000000e+03
1.435608520507812500e+03
1.436508544921875000e+03
1.437109252929687500e+03
1.431270874023437500e+03
1.431157714843750000e+03
1.432405639648437500e+03
1.433534667968750000e+03
1.435242187500000000e+03
1.433880859375000000e+03
1.434653686523437500e+03
1.436685913085937500e+03
1.430936401367187500e+03
1.428997924804687500e+03
1.425596801757812500e+03
1.424387573242187500e+03
1.425193237304687500e+03
1.428031250000000000e+03
1.428342407226562500e+03
1.428452758789062500e+03
1.430274414062500000e+03
1.427927124023437500e+03
1.428294189453125000e+03
1.429524658203125000e+03
1.428429687500000000e+03
1.427739135742187500e+03
1.430091918945312500e+03
1.431836914062500000e+03
1.432211059570312500e+03
1.431394531250000000e+03
1.438516723632812500e+03
1.438839965820312500e+03
1.438497070312500000e+03
1.438135620117187500e+03
1.438932983398437500e+03
1.438826904296875000e+03
1.436018676757812500e+03
1.434910888671875000e+03
1.435816162109375000e+03
1.436228271484375000e+03
1.433110961914062500e+03
1.433021362304687500e+03
1.431862548828125000e+03
1.430955810546875000e+03
1.432639404296875000e+03
1.432426025390625000e+03
1.430582153320312500e+03
1.430088256835937500e+03
1.434263061523437500e+03
1.435634521484375000e+03
1.434295654296875000e+03
1.434844726562500000e+03
1.435334716796875000e+03
1.435915039062500000e+03
1.434909912109375000e+03
1.433699096679687500e+03
1.429931762695312500e+03
1.444163574218750000e+03
1.442911376953125000e+03
1.437187255859375000e+03
1.431699951171875000e+03
1.424540649414062500e+03
1.423276123046875000e+03
1.427864624023437500e+03
1.430284179687500000e+03
1.429896728515625000e+03
1.425898925781250000e+03
1.417163940429687500e+03
1.415993408203125000e+03
1.414881347656250000e+03
1.411773803710937500e+03
1.411160034179687500e+03
1.407836303710937500e+03
1.409811401367187500e+03
1.411554321289062500e+03
1.419207397460937500e+03
1.420522216796875000e+03
1.421327514648437500e+03
1.416855590820312500e+03
1.416996826171875000e+03
1.416040893554687500e+03
1.418244873046875000e+03
1.422419433593750000e+03
1.424262817382812500e+03
1.413024658203125000e+03
1.409326538085937500e+03
1.407358398437500000e+03
1.408496704101562500e+03
1.408741210937500000e+03
1.411921386718750000e+03
1.417856445312500000e+03
1.423308593750000000e+03
1.421731689453125000e+03
1.416811157226562500e+03
1.414022827148437500e+03
1.414018798828125000e+03
1.414987182617187500e+03
1.417397094726562500e+03
1.418188964843750000e+03
1.421910400390625000e+03
1.422231689453125000e+03
1.422031494140625000e+03
1.422162353515625000e+03
1.422260620117187500e+03
1.421982543945312500e+03
1.418019042968750000e+03
1.419067504882812500e+03
1.416462036132812500e+03
1.416436157226562500e+03
1.420437744140625000e+03
1.420510253906250000e+03
1.418609375000000000e+03
1.421029296875000000e+03
1.417523193359375000e+03
1.414324340820312500e+03
1.415354003906250000e+03
1.415597045898437500e+03
1.414924926757812500e+03
1.414196411132812500e+03
1.414612670898437500e+03
1.425937988281250000e+03
1.424661499023437500e+03
1.420711669921875000e+03
1.420688720703125000e+03
1.419724487304687500e+03
1.417185424804687500e+03
1.419401000976562500e+03
1.410587646484375000e+03
1.407183471679687500e+03
1.425817016601562500e+03
1.426997070312500000e+03
1.426224365234375000e+03
1.423138183593750000e+03
1.421508178710937500e+03
1.424032348632812500e+03
1.426852539062500000e+03
1.423666625976562500e+03
1.423182250976562500e+03
1.421385375976562500e+03
1.420507080078125000e+03
1.422764404296875000e+03
1.421519165039062500e+03
1.419037597656250000e+03
1.417148437500000000e+03
1.416847290039062500e+03
1.417473144531250000e+03
1.417298217773437500e+03
1.409145874023437500e+03
1.410474731445312500e+03
1.407811889648437500e+03
1.411383178710937500e+03
1.414105468750000000e+03
1.412038818359375000e+03
1.410461791992187500e+03
1.414343261718750000e+03
1.413004760742187500e+03
1.396966796875000000e+03
1.395049926757812500e+03
1.395195678710937500e+03
1.394747680664062500e+03
1.395306396484375000e+03
1.392191406250000000e+03
1.390711791992187500e+03
1.394051269531250000e+03
1.397182983398437500e+03
1.401723754882812500e+03
1.404252685546875000e+03
1.406393432617187500e+03
1.408474365234375000e+03
1.410372924804687500e+03
1.408461059570312500e+03
1.411507202148437500e+03
1.412486572265625000e+03
1.412540405273437500e+03
1.422115844726562500e+03
1.420913452148437500e+03
1.418992187500000000e+03
1.419615844726562500e+03
1.418861328125000000e+03
1.416400268554687500e+03
1.413034667968750000e+03
1.411888549804687500e+03
1.411609863281250000e+03
1.422597045898437500e+03
1.420579711914062500e+03
1.418404785156250000e+03
1.419434448242187500e+03
1.417515991210937500e+03
1.417847290039062500e+03
1.422140625000000000e+03
1.422753051757812500e+03
1.421757324218750000e+03
1.419502075195312500e+03
1.416357055664062500e+03
1.417079223632812500e+03
1.417831054687500000e+03
1.419037231445312500e+03
1.417358520507812500e+03
1.417058837890625000e+03
1.418695678710937500e+03
1.418827880859375000e+03
1.433208618164062500e+03
1.437248413085937500e+03
1.437306152343750000e+03
1.439443481445312500e+03
1.439093139648437500e+03
1.440257934570312500e+03
1.443168701171875000e+03
1.444279541015625000e+03
1.444682495117187500e+03
1.447079101562500000e+03
1.447570068359375000e+03
1.444104248046875000e+03
1.441164306640625000e+03
1.439724487304687500e+03
1.446462890625000000e+03
1.452560424804687500e+03
1.452022949218750000e+03
1.452217285156250000e+03
1.453861572265625000e+03
1.459454101562500000e+03
1.459862182617187500e+03
1.460690673828125000e+03
1.462493774414062500e+03
1.463298339843750000e+03
1.461937988281250000e+03
1.462378051757812500e+03
1.462568603515625000e+03
1.463343627929687500e+03
1.461177978515625000e+03
1.461204711914062500e+03
1.461213623046875000e+03
1.460483886718750000e+03
1.459864501953125000e+03
1.461033203125000000e+03
1.461535400390625000e+03
1.462368041992187500e+03
1.466273681640625000e+03
1.468338867187500000e+03
1.469445312500000000e+03
1.469777709960937500e+03
1.468223022460937500e+03
1.467136352539062500e+03
1.467905029296875000e+03
1.466952148437500000e+03
1.467571777343750000e+03
1.470548095703125000e+03
1.469618286132812500e+03
1.469478881835937500e+03
1.470754394531250000e+03
1.471298706054687500e+03
1.472778442382812500e+03
1.470686157226562500e+03
1.466554077148437500e+03
1.466557128906250000e+03
1.463136230468750000e+03
1.459816284179687500e+03
1.460412109375000000e+03
1.461963500976562500e+03
1.464287231445312500e+03
1.464348510742187500e+03
1.463508300781250000e+03
1.460214599609375000e+03
1.456860961914062500e+03
1.464374755859375000e+03
1.466131225585937500e+03
1.466222412109375000e+03
1.466543945312500000e+03
1.467880981445312500e+03
1.462945434570312500e+03
1.459218139648437500e+03
1.459323242187500000e+03
1.457395751953125000e+03
1.459241821289062500e+03
1.458308593750000000e+03
1.460397216796875000e+03
1.461291748046875000e+03
1.460142333984375000e+03
1.456282348632812500e+03
1.457025878906250000e+03
1.455681640625000000e+03
1.455539672851562500e+03
1.464126831054687500e+03
1.464382446289062500e+03
1.464338500976562500e+03
1.464705566406250000e+03
1.465762329101562500e+03
1.467005981445312500e+03
1.468701660156250000e+03
1.469600952148437500e+03
1.470953735351562500e+03
1.472858032226562500e+03
1.472146118164062500e+03
1.468840698242187500e+03
1.467757324218750000e+03
1.469569335937500000e+03
1.469767089843750000e+03
1.468284423828125000e+03
1.468452392578125000e+03
1.467249755859375000e+03
1.467971679687500000e+03
1.471424194335937500e+03
1.471593017578125000e+03
1.471420166015625000e+03
1.473565917968750000e+03
1.475279541015625000e+03
1.475823364257812500e+03
1.474868164062500000e+03
1.473497314453125000e+03
1.476715332031250000e+03
1.477991699218750000e+03
1.478751220703125000e+03
1.478178344726562500e+03
1.479431274414062500e+03
1.479729614257812500e+03
1.478061645507812500e+03
1.477238769531250000e+03
1.478759643554687500e+03
1.482167358398437500e+03
1.483462402343750000e+03
1.483937500000000000e+03
1.482162597656250000e+03
1.480801391601562500e+03
1.480960937500000000e+03
1.483513793945312500e+03
1.484681762695312500e+03
1.484601684570312500e+03
1.480050781250000000e+03
1.476698120117187500e+03
1.476142700195312500e+03
1.474121826171875000e+03
1.474196533203125000e+03
1.470791015625000000e+03
1.465940429687500000e+03
1.466158935546875000e+03
1.468419921875000000e+03
1.468275878906250000e+03
1.470262817382812500e+03
1.471939697265625000e+03
1.473944213867187500e+03
1.475367187500000000e+03
1.475351562500000000e+03
1.474633178710937500e+03
1.474793701171875000e+03
1.474276000976562500e+03
1.481274780273437500e+03
1.483803100585937500e+03
1.482875000000000000e+03
1.482819946289062500e+03
1.483557861328125000e+03
1.482026733398437500e+03
1.481281372070312500e+03
1.482894775390625000e+03
1.483166015625000000e+03
1.489656982421875000e+03
1.491144531250000000e+03
1.491586547851562500e+03
1.490964233398437500e+03
1.490420043945312500e+03
1.489868286132812500e+03
1.488755859375000000e+03
1.489322875976562500e+03
1.490270385742187500e+03
1.488052001953125000e+03
1.486506469726562500e+03
1.486048706054687500e+03
1.486348266601562500e+03
1.487161254882812500e+03
1.487400756835937500e+03
1.487839843750000000e+03
1.488623901367187500e+03
1.488695922851562500e+03
1.488169067382812500e+03
1.486858764648437500e+03
1.487067626953125000e+03
1.487045898437500000e+03
1.487648193359375000e+03
1.486424194335937500e+03
1.485234985351562500e+03
1.485850341796875000e+03
1.485918579101562500e+03
1.484153808593750000e+03
1.485718383789062500e+03
1.488069458007812500e+03
1.488093017578125000e+03
1.487839111328125000e+03
1.486357666015625000e+03
1.486596923828125000e+03
1.486682006835937500e+03
1.487642578125000000e+03
1.498717407226562500e+03
1.502977050781250000e+03
1.504057861328125000e+03
1.505949340820312500e+03
1.507053100585937500e+03
1.507494628906250000e+03
1.509257812500000000e+03
1.508377929687500000e+03
1.507740722656250000e+03
1.507157714843750000e+03
1.506904174804687500e+03
1.507441040039062500e+03
1.508605590820312500e+03
1.509666870117187500e+03
1.510590698242187500e+03
1.510965332031250000e+03
1.511095336914062500e+03
1.510918457031250000e+03
1.508291625976562500e+03
1.505731933593750000e+03
1.504756469726562500e+03
1.505184204101562500e+03
1.505146606445312500e+03
1.505269409179687500e+03
1.505184326171875000e+03
1.505064697265625000e+03
1.504698730468750000e+03
1.504127685546875000e+03
1.504546630859375000e+03
1.506061279296875000e+03
1.506610961914062500e+03
1.507364746093750000e+03
1.507008300781250000e+03
1.507785888671875000e+03
1.508740966796875000e+03
1.509147583007812500e+03
1.507245849609375000e+03
1.505332885742187500e+03
1.504714843750000000e+03
1.504590698242187500e+03
1.504255981445312500e+03
1.504737426757812500e+03
1.504936645507812500e+03
1.505317871093750000e+03
1.505909545898437500e+03
1.507050537109375000e+03
1.506783691406250000e+03
1.505335083007812500e+03
1.505697509765625000e+03
1.505759155273437500e+03
1.506162963867187500e+03
1.506936157226562500e+03
1.506051757812500000e+03
1.505229370117187500e+03
1.506451660156250000e+03
1.507672119140625000e+03
1.506429199218750000e+03
1.507192260742187500e+03
1.508101196289062500e+03
1.507960693359375000e+03
1.507034545898437500e+03
1.508639282226562500e+03
1.509993896484375000e+03
1.512656005859375000e+03
1.513636108398437500e+03
1.513813964843750000e+03
1.513421142578125000e+03
1.513683593750000000e+03
1.514052368164062500e+03
1.513079833984375000e+03
1.512703613281250000e+03
1.513315551757812500e+03
1.512291259765625000e+03
1.511828002929687500e+03
1.512981811523437500e+03
1.514137207031250000e+03
1.514390380859375000e+03
1.514503662109375000e+03
1.514996826171875000e+03
1.514205322265625000e+03
1.513219360351562500e+03
1.515718505859375000e+03
1.517968994140625000e+03
1.518519165039062500e+03
1.518261352539062500e+03
1.518117919921875000e+03
1.518574951171875000e+03
1.519409057617187500e+03
1.519583862304687500e+03
1.519895263671875000e+03
1.518898681640625000e+03
1.519229736328125000e+03
1.521070800781250000e+03
1.522365966796875000e+03
1.523322021484375000e+03
1.525258300781250000e+03
1.527198242187500000e+03
1.528282226562500000e+03
1.528879150390625000e+03
1.529345092773437500e+03
1.529963012695312500e+03
1.530420654296875000e+03
1.530165771484375000e+03
1.529439453125000000e+03
1.529728881835937500e+03
1.529626953125000000e+03
1.529466674804687500e+03
1.528681640625000000e+03
1.527383911132812500e+03
1.526835937500000000e+03
1.526595825195312500e+03
1.526487060546875000e+03
1.526439086914062500e+03
1.524562011718750000e+03
1.521317382812500000e+03
1.520075073242187500e+03
1.520313720703125000e+03
1.522143676757812500e+03
1.522749511718750000e+03
1.523390747070312500e+03
1.523902221679687500e+03
1.524663452148437500e+03
1.525076538085937500e+03
1.526056518554687500e+03
1.527755981445312500e+03
1.528704589843750000e+03
1.529615844726562500e+03
1.530831542968750000e+03
1.531842651367187500e+03
1.532358886718750000e+03
1.532357055664062500e+03
1.532657592773437500e+03
1.532761718750000000e+03
1.532511596679687500e+03
1.532050292968750000e+03
1.533013061523437500e+03
1.534019897460937500e+03
1.534591918945312500e+03
1.534849365234375000e+03
1.534836914062500000e+03
1.533811401367187500e+03
1.532082519531250000e+03
1.531238769531250000e+03
1.530941040039062500e+03
1.531298095703125000e+03
1.532218017578125000e+03
1.532921875000000000e+03
1.533640014648437500e+03
1.534194824218750000e+03
1.533961547851562500e+03
1.533577270507812500e+03
1.533331542968750000e+03
1.532743774414062500e+03
1.532347778320312500e+03
1.532541381835937500e+03
1.532583496093750000e+03
1.532668457031250000e+03
1.532647338867187500e+03
1.532061767578125000e+03
1.531342285156250000e+03
1.530945434570312500e+03
1.531055419921875000e+03
1.531407836914062500e+03
1.531670288085937500e+03
1.531980468750000000e+03
1.531989746093750000e+03
1.532485595703125000e+03
1.532879516601562500e+03
1.532976318359375000e+03
1.533542846679687500e+03
1.534213012695312500e+03
1.534137817382812500e+03
1.534142333984375000e+03
1.534455444335937500e+03
1.534850097656250000e+03
1.534870361328125000e+03
1.534810180664062500e+03
1.534702392578125000e+03
1.534447753906250000e+03
1.534362548828125000e+03
1.536722412109375000e+03
1.537964965820312500e+03
1.538148071289062500e+03
1.538225341796875000e+03
1.538488281250000000e+03
1.538700927734375000e+03
1.538849487304687500e+03
1.539188964843750000e+03
1.539481567382812500e+03
1.539441406250000000e+03
1.539521362304687500e+03
1.539444458007812500e+03
1.539004028320312500e+03
1.538619995117187500e+03
1.538648193359375000e+03
1.538595947265625000e+03
1.538858276367187500e+03
1.539104248046875000e+03
1.539476806640625000e+03
1.539479003906250000e+03
1.539246948242187500e+03
1.539029541015625000e+03
1.538878295898437500e+03
1.539226928710937500e+03
1.539893188476562500e+03
1.540265502929687500e+03
1.540352539062500000e+03
1.540271728515625000e+03
1.540422973632812500e+03
1.540807128906250000e+03
1.541088623046875000e+03
1.541308471679687500e+03
1.541309814453125000e+03
1.541328979492187500e+03
1.541302124023437500e+03
1.541431884765625000e+03
1.541501831054687500e+03
1.541566650390625000e+03
1.541725341796875000e+03
1.541893188476562500e+03
1.542068359375000000e+03
1.542175170898437500e+03
1.542179809570312500e+03
1.542092529296875000e+03
1.541886596679687500e+03
1.542110839843750000e+03
1.542378784179687500e+03
1.542514404296875000e+03
1.542452270507812500e+03
1.542359375000000000e+03
1.542356445312500000e+03
1.542359863281250000e+03
1.542344970703125000e+03
1.542255493164062500e+03
1.542782836914062500e+03
1.543302368164062500e+03
1.543501342773437500e+03
1.543561035156250000e+03
1.543539672851562500e+03
1.543334472656250000e+03
1.542650146484375000e+03
1.541885620117187500e+03
1.541459838867187500e+03
1.541293701171875000e+03
1.541228515625000000e+03
1.541451538085937500e+03
1.541572021484375000e+03
1.541730834960937500e+03
1.541797241210937500e+03
1.541902465820312500e+03
1.542220214843750000e+03
1.542542480468750000e+03
1.542901245117187500e+03
1.543221801757812500e+03
1.543256225585937500e+03
1.543238281250000000e+03
1.543186889648437500e+03
1.543076293945312500e+03
1.543087646484375000e+03
1.543060913085937500e+03
1.542988891601562500e+03
1.541634033203125000e+03
1.539982299804687500e+03
1.539329833984375000e+03
1.539055297851562500e+03
1.538808471679687500e+03
1.538989501953125000e+03
1.539312255859375000e+03
1.539692260742187500e+03
1.540067382812500000e+03
1.540868652343750000e+03
1.541392456054687500e+03
1.541753173828125000e+03
1.542058105468750000e+03
1.542252075195312500e+03
1.542505737304687500e+03
1.542804199218750000e+03
1.542833740234375000e+03
1.542854248046875000e+03
1.542692626953125000e+03
1.542522338867187500e+03
1.542252807617187500e+03
1.541870117187500000e+03
1.541952148437500000e+03
1.542214233398437500e+03
1.542215698242187500e+03
1.541623779296875000e+03
1.541065063476562500e+03
1.541827636718750000e+03
1.542430419921875000e+03
1.542662231445312500e+03
1.542756835937500000e+03
1.542969482421875000e+03
1.542295288085937500e+03
1.541148315429687500e+03
1.541325073242187500e+03
1.541476318359375000e+03
1.541936401367187500e+03
1.542144042968750000e+03
1.541862182617187500e+03
1.541464721679687500e+03
1.541087036132812500e+03
1.541376953125000000e+03
1.541652221679687500e+03
1.540797851562500000e+03
1.540268554687500000e+03
1.541515502929687500e+03
1.542591186523437500e+03
1.543027221679687500e+03
1.543147827148437500e+03
1.543198364257812500e+03
1.542838867187500000e+03
1.542368164062500000e+03
1.541694946289062500e+03
1.541011352539062500e+03
1.541419067382812500e+03
1.541787597656250000e+03
1.541998168945312500e+03
1.542149291992187500e+03
1.542441406250000000e+03
1.542870727539062500e+03
1.543073974609375000e+03
1.542701660156250000e+03
1.541769409179687500e+03
1.539573364257812500e+03
1.536856689453125000e+03
1.535345947265625000e+03
1.534588867187500000e+03
1.535182373046875000e+03
1.535678222656250000e+03
1.535088378906250000e+03
1.534192504882812500e+03
1.533906372070312500e+03
1.533976928710937500e+03
1.534713500976562500e+03
1.535194091796875000e+03
1.535561035156250000e+03
1.535458496093750000e+03
1.535486816406250000e+03
1.535444824218750000e+03
1.534010253906250000e+03
1.533052490234375000e+03
1.532938720703125000e+03
1.533104492187500000e+03
1.533017700195312500e+03
1.533079589843750000e+03
1.533344116210937500e+03
1.532936645507812500e+03
1.532482788085937500e+03
1.532927124023437500e+03
1.533494873046875000e+03
1.531347900390625000e+03
1.528757568359375000e+03
1.529277954101562500e+03
1.529734375000000000e+03
1.530237060546875000e+03
1.531074462890625000e+03
1.531646850585937500e+03
1.532061401367187500e+03
1.531898437500000000e+03
1.532674682617187500e+03
1.532940307617187500e+03
1.533720336914062500e+03
1.534291870117187500e+03
1.534701293945312500e+03
1.534974853515625000e+03
1.535092285156250000e+03
1.535189086914062500e+03
1.535064208984375000e+03
1.536147460937500000e+03
1.537068725585937500e+03
1.537721069335937500e+03
1.538550781250000000e+03
1.538912597656250000e+03
1.538788330078125000e+03
1.538809936523437500e+03
1.539370361328125000e+03
1.539916015625000000e+03
1.540764404296875000e+03
1.541268798828125000e+03
1.541420898437500000e+03
1.541548217773437500e+03
1.541670410156250000e+03
1.541621215820312500e+03
1.541283691406250000e+03
1.540631835937500000e+03
1.539903442382812500e+03
1.539334106445312500e+03
1.539067749023437500e+03
1.538790405273437500e+03
1.538176635742187500e+03
1.537919433593750000e+03
1.537230224609375000e+03
1.535299194335937500e+03
1.534667114257812500e+03
1.535130615234375000e+03
1.536781860351562500e+03
1.537814941406250000e+03
1.538319946289062500e+03
1.538564697265625000e+03
1.538862060546875000e+03
1.539166259765625000e+03
1.539813232421875000e+03
1.540407226562500000e+03
1.540565673828125000e+03
1.541085327148437500e+03
1.541443847656250000e+03
1.541492431640625000e+03
1.541444091796875000e+03
1.541350219726562500e+03
1.541234619140625000e+03
1.541062133789062500e+03
1.540969482421875000e+03
1.540817016601562500e+03
1.540379516601562500e+03
1.539646728515625000e+03
1.539086303710937500e+03
1.539222534179687500e+03
1.539343872070312500e+03
1.539027709960937500e+03
1.538420898437500000e+03
1.537937988281250000e+03
1.536903198242187500e+03
1.534763183593750000e+03
1.533053100585937500e+03
1.531724731445312500e+03
1.531584472656250000e+03
1.531976074218750000e+03
1.532436279296875000e+03
1.532909790039062500e+03
1.533135009765625000e+03
1.533028198242187500e+03
1.533703491210937500e+03
1.534632568359375000e+03
1.535286987304687500e+03
1.535581176757812500e+03
1.535499023437500000e+03
1.536374389648437500e+03
1.536839843750000000e+03
1.536577636718750000e+03
1.535996948242187500e+03
1.536461303710937500e+03
1.537275024414062500e+03
1.538197265625000000e+03
1.539078491210937500e+03
1.539700561523437500e+03
1.539994018554687500e+03
1.539837036132812500e+03
1.539741210937500000e+03
1.539673461914062500e+03
1.540244995117187500e+03
1.540801025390625000e+03
1.541276733398437500e+03
1.541556884765625000e+03
1.541526367187500000e+03
1.541652832031250000e+03
1.541853271484375000e+03
1.541968017578125000e+03
1.542169555664062500e+03
1.542641235351562500e+03
1.543025634765625000e+03
1.543337158203125000e+03
1.543537963867187500e+03
1.543568847656250000e+03
1.543368041992187500e+03
1.543300659179687500e+03
1.543452026367187500e+03
1.543467285156250000e+03
1.543448608398437500e+03
1.543434570312500000e+03
1.543377563476562500e+03
1.543435791015625000e+03
1.543596191406250000e+03
1.543760742187500000e+03
1.543885498046875000e+03
1.544051391601562500e+03
1.544162353515625000e+03
1.544422485351562500e+03
1.544704345703125000e+03
1.544890625000000000e+03
1.544999877929687500e+03
1.545034667968750000e+03
1.545051635742187500e+03
1.545043090820312500e+03
1.545045410156250000e+03
1.544988891601562500e+03
1.544948364257812500e+03
1.544921020507812500e+03
1.544899780273437500e+03
1.544891479492187500e+03
1.544875732421875000e+03
1.544864746093750000e+03
1.544833862304687500e+03
1.544873779296875000e+03
1.544890136718750000e+03
1.544895141601562500e+03
1.544890625000000000e+03
1.544879028320312500e+03
1.544867919921875000e+03
1.544871582031250000e+03
1.544828857421875000e+03
1.544879516601562500e+03
1.544890136718750000e+03
1.544922485351562500e+03
1.545001953125000000e+03
1.545052246093750000e+03
1.545092895507812500e+03
1.545091064453125000e+03
1.545080566406250000e+03
1.545085815429687500e+03
1.545100463867187500e+03
1.545044311523437500e+03
1.545067993164062500e+03
1.545128173828125000e+03
1.545082519531250000e+03
1.545037597656250000e+03
1.545026123046875000e+03
1.545058105468750000e+03
1.545062622070312500e+03
1.545091430664062500e+03
1.545075805664062500e+03
1.545068115234375000e+03
1.545027832031250000e+03
1.544884643554687500e+03
1.544830078125000000e+03
1.544805175781250000e+03
1.544787353515625000e+03
1.544784423828125000e+03
1.544827880859375000e+03
1.544884643554687500e+03
1.544946777343750000e+03
1.544953491210937500e+03
1.544989624023437500e+03
1.544989990234375000e+03
1.544993774414062500e+03
1.545022583007812500e+03
1.545022949218750000e+03
1.545014648437500000e+03
1.545010986328125000e+03
1.545018554687500000e+03
1.544971801757812500e+03
1.544748657226562500e+03
1.544518310546875000e+03
1.544347900390625000e+03
1.544331665039062500e+03
1.544341064453125000e+03
1.544307006835937500e+03
1.544394287109375000e+03
1.544533081054687500e+03
1.544532836914062500e+03
1.544487915039062500e+03
1.544456787109375000e+03
1.544491699218750000e+03
1.544481933593750000e+03
1.544434448242187500e+03
1.544465942382812500e+03
1.544416015625000000e+03
1.544390869140625000e+03
1.544524536132812500e+03
1.544679321289062500e+03
1.544736938476562500e+03
1.544786499023437500e+03
1.544876831054687500e+03
1.544957275390625000e+03
1.544976562500000000e+03
1.544895141601562500e+03
1.544765991210937500e+03
1.544487670898437500e+03
1.544294311523437500e+03
1.544216430664062500e+03
1.544201660156250000e+03
1.544181396484375000e+03
1.544198608398437500e+03
1.544200439453125000e+03
1.544303100585937500e+03
1.544505615234375000e+03
1.544595092773437500e+03
1.544692871093750000e+03
1.544772583007812500e+03
1.544799194335937500e+03
1.544797729492187500e+03
1.544834716796875000e+03
1.544885498046875000e+03
1.544906982421875000e+03
1.544945556640625000e+03
1.545024536132812500e+03
1.545012451171875000e+03
1.545014038085937500e+03
1.544957397460937500e+03
1.544892700195312500e+03
1.544813476562500000e+03
1.544730102539062500e+03
1.544582397460937500e+03
1.544523559570312500e+03
1.544398559570312500e+03
1.544208618164062500e+03
1.544033935546875000e+03
1.543773681640625000e+03
1.543497436523437500e+03
1.543069946289062500e+03
1.542620361328125000e+03
1.542529785156250000e+03
1.542398437500000000e+03
1.542187011718750000e+03
1.542331298828125000e+03
1.542383056640625000e+03
1.542370605468750000e+03
1.542413085937500000e+03
1.542528442382812500e+03
1.542656005859375000e+03
1.542760986328125000e+03
1.542757324218750000e+03
1.542752319335937500e+03
1.542756958007812500e+03
1.542755249023437500e+03
1.542790771484375000e+03
1.542827514648437500e+03
1.542989501953125000e+03
1.543179321289062500e+03
1.543056884765625000e+03
1.542867675781250000e+03
1.543450317382812500e+03
1.543809570312500000e+03
1.544026977539062500e+03
1.544149414062500000e+03
1.544199462890625000e+03
1.544305908203125000e+03
1.544359252929687500e+03
1.544162841796875000e+03
1.543814331054687500e+03
1.543141113281250000e+03
1.542067871093750000e+03
1.541031250000000000e+03
1.540539184570312500e+03
1.540869018554687500e+03
1.541319946289062500e+03
1.541471801757812500e+03
1.541276245117187500e+03
1.540879394531250000e+03
1.541465332031250000e+03
1.541976318359375000e+03
1.542353393554687500e+03
1.542784912109375000e+03
1.543188110351562500e+03
1.543613159179687500e+03
1.543856811523437500e+03
1.543839721679687500e+03
1.543865234375000000e+03
1.544154663085937500e+03
1.544400878906250000e+03
1.544463378906250000e+03
1.544536743164062500e+03
1.544627441406250000e+03
1.544579956054687500e+03
