1.237297851562500000e+03
1.237274780273437500e+03
1.237192871093750000e+03
1.237057373046875000e+03
1.238162109375000000e+03
1.237648193359375000e+03
1.237620483398437500e+03
1.237001831054687500e+03
1.237243286132812500e+03
1.239016723632812500e+03
1.239127807617187500e+03
1.241227905273437500e+03
1.250226318359375000e+03
1.253591186523437500e+03
1.248546997070312500e+03
1.257900146484375000e+03
1.315483764648437500e+03
1.308062377929687500e+03
1.314234130859375000e+03
1.318335205078125000e+03
1.322833251953125000e+03
1.321999755859375000e+03
1.311750854492187500e+03
1.314752929687500000e+03
1.309983886718750000e+03
1.241143798828125000e+03
1.239085571289062500e+03
1.237387329101562500e+03
1.237309082031250000e+03
1.237366821289062500e+03
1.237478027343750000e+03
1.238267089843750000e+03
1.237098388671875000e+03
1.237452514648437500e+03
1.237874755859375000e+03
1.237561523437500000e+03
1.238180419921875000e+03
1.238300292968750000e+03
1.238387695312500000e+03
1.238051879882812500e+03
1.237454223632812500e+03
1.237768798828125000e+03
1.237857666015625000e+03
1.237328369140625000e+03
1.237864013671875000e+03
1.237801269531250000e+03
1.238138793945312500e+03
1.238139038085937500e+03
1.238180297851562500e+03
1.238028320312500000e+03
1.238676879882812500e+03
1.238846191406250000e+03
1.237738037109375000e+03
1.237230957031250000e+03
1.237532348632812500e+03
1.237496826171875000e+03
1.237642456054687500e+03
1.237505249023437500e+03
1.237404663085937500e+03
1.237391357421875000e+03
1.237640014648437500e+03
1.237156738281250000e+03
1.237105468750000000e+03
1.237161865234375000e+03
1.237123168945312500e+03
1.237261230468750000e+03
1.243824829101562500e+03
1.243713867187500000e+03
1.247724731445312500e+03
1.248873413085937500e+03
1.259572387695312500e+03
1.256361450195312500e+03
1.256350830078125000e+03
1.254624511718750000e+03
1.254435180664062500e+03
1.255121093750000000e+03
1.255444213867187500e+03
1.257350952148437500e+03
1.256876953125000000e+03
1.260071411132812500e+03
1.257772094726562500e+03
1.257569335937500000e+03
1.257922973632812500e+03
1.258534912109375000e+03
1.259875610351562500e+03
1.261500122070312500e+03
1.260089599609375000e+03
1.258030151367187500e+03
1.262674926757812500e+03
1.262263061523437500e+03
1.262671875000000000e+03
1.263187500000000000e+03
1.264694335937500000e+03
1.268978637695312500e+03
1.264888305664062500e+03
1.264846679687500000e+03
1.265450439453125000e+03
1.267317260742187500e+03
1.264765869140625000e+03
1.265184692382812500e+03
1.263801269531250000e+03
1.263632690429687500e+03
1.262504760742187500e+03
1.258165283203125000e+03
1.257416870117187500e+03
1.258747558593750000e+03
1.257466918945312500e+03
1.254063842773437500e+03
1.252140747070312500e+03
1.252601074218750000e+03
1.250327636718750000e+03
1.248167724609375000e+03
1.250070922851562500e+03
1.251853515625000000e+03
1.252556640625000000e+03
1.259235717773437500e+03
1.258736816406250000e+03
1.265800415039062500e+03
1.263351806640625000e+03
1.262605834960937500e+03
1.263724243164062500e+03
1.260762451171875000e+03
1.258327758789062500e+03
1.261065063476562500e+03
1.257799926757812500e+03
1.258520751953125000e+03
1.259159423828125000e+03
1.257757568359375000e+03
1.258873779296875000e+03
1.260049926757812500e+03
1.260795043945312500e+03
1.258690185546875000e+03
1.258604858398437500e+03
1.258948120117187500e+03
1.263426147460937500e+03
1.260180786132812500e+03
1.259564453125000000e+03
1.261417724609375000e+03
1.263209960937500000e+03
1.264532348632812500e+03
1.267333129882812500e+03
1.267016357421875000e+03
1.269978393554687500e+03
1.270906616210937500e+03
1.268752563476562500e+03
1.269467529296875000e+03
1.269961669921875000e+03
1.268247070312500000e+03
1.270906372070312500e+03
1.272958129882812500e+03
1.274971557617187500e+03
1.279619506835937500e+03
1.280425415039062500e+03
1.283312744140625000e+03
1.280677856445312500e+03
1.278485107421875000e+03
1.278418701171875000e+03
1.279340332031250000e+03
1.280792602539062500e+03
1.281397094726562500e+03
1.280150268554687500e+03
1.279180786132812500e+03
1.283822265625000000e+03
1.283116943359375000e+03
1.282561889648437500e+03
1.280606323242187500e+03
1.279878173828125000e+03
1.279405761718750000e+03
1.280925781250000000e+03
1.272896118164062500e+03
1.268729614257812500e+03
1.270462402343750000e+03
1.268716430664062500e+03
1.269809326171875000e+03
1.270232421875000000e+03
1.272278442382812500e+03
1.274591308593750000e+03
1.274227905273437500e+03
1.277803588867187500e+03
1.275052612304687500e+03
1.276823730468750000e+03
1.277878173828125000e+03
1.277929443359375000e+03
1.276007202148437500e+03
1.277665893554687500e+03
1.278421875000000000e+03
1.274471801757812500e+03
1.280833496093750000e+03
1.284538696289062500e+03
1.284713623046875000e+03
1.287054809570312500e+03
1.288718139648437500e+03
1.287457153320312500e+03
1.288981811523437500e+03
1.287776367187500000e+03
1.289161254882812500e+03
1.296254028320312500e+03
1.294136962890625000e+03
1.295136230468750000e+03
1.298027465820312500e+03
1.299639770507812500e+03
1.298676635742187500e+03
1.297807128906250000e+03
1.297338012695312500e+03
1.295220703125000000e+03
1.291012817382812500e+03
1.293800903320312500e+03
1.295623291015625000e+03
1.294244384765625000e+03
1.296877807617187500e+03
1.289350219726562500e+03
1.293930786132812500e+03
1.293458618164062500e+03
1.293812744140625000e+03
1.292290527343750000e+03
1.291491943359375000e+03
1.289224487304687500e+03
1.290723999023437500e+03
1.287369628906250000e+03
1.286904296875000000e+03
1.285991088867187500e+03
1.286736938476562500e+03
1.286380004882812500e+03
1.285236450195312500e+03
1.280489624023437500e+03
1.279502197265625000e+03
1.278775634765625000e+03
1.279938720703125000e+03
1.280514404296875000e+03
1.279485107421875000e+03
1.277066772460937500e+03
1.277488525390625000e+03
1.275561035156250000e+03
1.271165039062500000e+03
1.270256103515625000e+03
1.270411987304687500e+03
1.268948486328125000e+03
1.272363891601562500e+03
1.271954467773437500e+03
1.276078735351562500e+03
1.271678710937500000e+03
1.271231079101562500e+03
1.272721313476562500e+03
1.269580200195312500e+03
1.269016723632812500e+03
1.270910034179687500e+03
1.271429931640625000e+03
1.270649780273437500e+03
1.272627685546875000e+03
1.271191162109375000e+03
1.268746459960937500e+03
1.271040771484375000e+03
1.273095703125000000e+03
1.272974609375000000e+03
1.276608154296875000e+03
1.272170410156250000e+03
1.273768310546875000e+03
1.274616699218750000e+03
1.275291137695312500e+03
1.268139526367187500e+03
1.272609252929687500e+03
1.273726806640625000e+03
1.271963989257812500e+03
1.270013305664062500e+03
1.268175170898437500e+03
1.269472656250000000e+03
1.270593505859375000e+03
1.271791992187500000e+03
1.272699584960937500e+03
1.275761962890625000e+03
1.280534667968750000e+03
1.281063232421875000e+03
1.283379760742187500e+03
1.298060913085937500e+03
1.306510131835937500e+03
1.289859375000000000e+03
1.290691772460937500e+03
1.286174682617187500e+03
1.284418334960937500e+03
1.285420532226562500e+03
1.288241699218750000e+03
1.286153808593750000e+03
1.289206665039062500e+03
1.289653930664062500e+03
1.288965576171875000e+03
1.289726806640625000e+03
1.275613281250000000e+03
1.273199584960937500e+03
1.273817749023437500e+03
1.275523559570312500e+03
1.274097656250000000e+03
1.264850219726562500e+03
1.254765136718750000e+03
1.258011718750000000e+03
1.253687866210937500e+03
1.248396118164062500e+03
1.247830200195312500e+03
1.244472656250000000e+03
1.244660644531250000e+03
1.245322143554687500e+03
1.244247070312500000e+03
1.245524780273437500e+03
1.243632812500000000e+03
1.243792358398437500e+03
1.247351196289062500e+03
1.246705932617187500e+03
1.247111816406250000e+03
1.246943481445312500e+03
1.246907348632812500e+03
1.246487060546875000e+03
1.245915771484375000e+03
1.244929077148437500e+03
1.245239624023437500e+03
1.242113525390625000e+03
1.242071411132812500e+03
1.242898559570312500e+03
1.242919799804687500e+03
1.243091308593750000e+03
1.243044555664062500e+03
1.242772460937500000e+03
1.243569458007812500e+03
1.242098388671875000e+03
1.246250610351562500e+03
1.247875610351562500e+03
1.247696411132812500e+03
1.249812988281250000e+03
1.250188354492187500e+03
1.250402099609375000e+03
1.250409301757812500e+03
1.256438720703125000e+03
1.256005371093750000e+03
1.261330688476562500e+03
1.258813232421875000e+03
1.258310791015625000e+03
1.258655151367187500e+03
1.257471069335937500e+03
1.255182373046875000e+03
1.250799804687500000e+03
1.248629394531250000e+03
1.248205810546875000e+03
1.249477905273437500e+03
1.250065307617187500e+03
1.249917236328125000e+03
1.248131958007812500e+03
1.248220214843750000e+03
1.246651123046875000e+03
1.245353881835937500e+03
1.247689697265625000e+03
1.246954711914062500e+03
1.252145019531250000e+03
1.252802001953125000e+03
1.253503784179687500e+03
1.253599609375000000e+03
1.253201416015625000e+03
1.251642333984375000e+03
1.250152954101562500e+03
1.251063476562500000e+03
1.250774658203125000e+03
1.248994750976562500e+03
1.249764404296875000e+03
1.251187866210937500e+03
1.251980834960937500e+03
1.252137939453125000e+03
1.250211181640625000e+03
1.248780883789062500e+03
1.245837402343750000e+03
1.245703857421875000e+03
1.244426391601562500e+03
1.246055175781250000e+03
1.246655517578125000e+03
1.246155883789062500e+03
1.246370117187500000e+03
1.248426513671875000e+03
1.250050659179687500e+03
1.251837890625000000e+03
1.252197875976562500e+03
1.246474609375000000e+03
1.247411987304687500e+03
1.246850463867187500e+03
1.246330810546875000e+03
1.245670166015625000e+03
1.245544311523437500e+03
1.244502075195312500e+03
1.244471191406250000e+03
1.242220214843750000e+03
1.248943603515625000e+03
1.248761352539062500e+03
1.249330322265625000e+03
1.251576904296875000e+03
1.250708129882812500e+03
1.250603393554687500e+03
1.251501953125000000e+03
1.252129760742187500e+03
1.253593017578125000e+03
1.265672485351562500e+03
1.271250244140625000e+03
1.269076293945312500e+03
1.260890258789062500e+03
1.261395019531250000e+03
1.264817749023437500e+03
1.260847412109375000e+03
1.263821411132812500e+03
1.260065063476562500e+03
1.268465087890625000e+03
1.269927734375000000e+03
1.272440307617187500e+03
1.276358642578125000e+03
1.272754272460937500e+03
1.278363769531250000e+03
1.279469970703125000e+03
1.279198974609375000e+03
1.280782714843750000e+03
1.276625976562500000e+03
1.278520629882812500e+03
1.280591186523437500e+03
1.281896606445312500e+03
1.281567626953125000e+03
1.277336181640625000e+03
1.279443237304687500e+03
1.278621948242187500e+03
1.277726440429687500e+03
1.278715576171875000e+03
1.279220214843750000e+03
1.279888183593750000e+03
1.281053100585937500e+03
1.281596557617187500e+03
1.292345214843750000e+03
1.284783691406250000e+03
1.295650146484375000e+03
1.297291503906250000e+03
1.303780639648437500e+03
1.304934814453125000e+03
1.306705200195312500e+03
1.306627197265625000e+03
1.308628540039062500e+03
1.308065063476562500e+03
1.314542968750000000e+03
1.316669921875000000e+03
1.317192138671875000e+03
1.304690551757812500e+03
1.306574829101562500e+03
1.305923095703125000e+03
1.304908447265625000e+03
1.304936645507812500e+03
1.304237060546875000e+03
1.305638183593750000e+03
1.307421630859375000e+03
1.305684448242187500e+03
1.313066894531250000e+03
1.317099121093750000e+03
1.316392578125000000e+03
1.318092529296875000e+03
1.318564697265625000e+03
1.320255859375000000e+03
1.320816162109375000e+03
1.316430664062500000e+03
1.317448486328125000e+03
1.327384765625000000e+03
1.327217163085937500e+03
1.326828247070312500e+03
1.329058349609375000e+03
1.329868896484375000e+03
1.333942016601562500e+03
1.324139038085937500e+03
1.329032348632812500e+03
1.329085937500000000e+03
1.335661621093750000e+03
1.337881591796875000e+03
1.335930175781250000e+03
1.332331665039062500e+03
1.329371215820312500e+03
1.330502929687500000e+03
1.336510375976562500e+03
1.337333251953125000e+03
1.336539916992187500e+03
1.335631958007812500e+03
1.334538208007812500e+03
1.337847656250000000e+03
1.338444824218750000e+03
1.337069702148437500e+03
1.339480346679687500e+03
1.339189941406250000e+03
1.339543212890625000e+03
1.339805297851562500e+03
1.335592163085937500e+03
1.334611328125000000e+03
1.332612548828125000e+03
1.333631347656250000e+03
1.335987304687500000e+03
1.337287597656250000e+03
1.342330200195312500e+03
1.344101928710937500e+03
1.344216796875000000e+03
1.347002563476562500e+03
1.347921752929687500e+03
1.347731079101562500e+03
1.349557495117187500e+03
1.350536132812500000e+03
1.351619750976562500e+03
1.350983520507812500e+03
1.348205444335937500e+03
1.344848999023437500e+03
1.331702148437500000e+03
1.330788452148437500e+03
1.326133789062500000e+03
1.321792114257812500e+03
1.319725585937500000e+03
1.321094360351562500e+03
1.321088500976562500e+03
1.320177978515625000e+03
1.319073974609375000e+03
1.325149536132812500e+03
1.324647460937500000e+03
1.328190185546875000e+03
1.324644287109375000e+03
1.326523803710937500e+03
1.323745483398437500e+03
1.326146850585937500e+03
1.324408569335937500e+03
1.326302246093750000e+03
1.329998413085937500e+03
1.331001831054687500e+03
1.330526977539062500e+03
1.329746704101562500e+03
1.332511718750000000e+03
1.333105468750000000e+03
1.333662109375000000e+03
1.337644897460937500e+03
1.339243652343750000e+03
1.339919677734375000e+03
1.336572998046875000e+03
1.335003662109375000e+03
1.335994873046875000e+03
1.335508056640625000e+03
1.332606689453125000e+03
1.331203247070312500e+03
1.337754638671875000e+03
1.338160644531250000e+03
1.335793945312500000e+03
1.329092773437500000e+03
1.329694946289062500e+03
1.331051635742187500e+03
1.328722534179687500e+03
1.325459838867187500e+03
1.325095336914062500e+03
1.329354492187500000e+03
1.332485717773437500e+03
1.343320678710937500e+03
1.340625854492187500e+03
1.343070800781250000e+03
1.340551757812500000e+03
1.343796752929687500e+03
1.345290527343750000e+03
1.341246459960937500e+03
1.341286499023437500e+03
1.342698242187500000e+03
1.344765014648437500e+03
1.346435180664062500e+03
1.345981323242187500e+03
1.343817626953125000e+03
1.340293579101562500e+03
1.338212768554687500e+03
1.343009765625000000e+03
1.342252685546875000e+03
1.343607421875000000e+03
1.334162109375000000e+03
1.332422973632812500e+03
1.330387939453125000e+03
1.328861083984375000e+03
1.331192260742187500e+03
1.331835083007812500e+03
1.335614013671875000e+03
1.336308471679687500e+03
1.337347290039062500e+03
1.330668579101562500e+03
1.329136718750000000e+03
1.324603271484375000e+03
1.327189819335937500e+03
1.330215087890625000e+03
1.334782592773437500e+03
1.332200805664062500e+03
1.336332275390625000e+03
1.337464111328125000e+03
1.340493041992187500e+03
1.339890991210937500e+03
1.338276245117187500e+03
1.340947753906250000e+03
1.342854125976562500e+03
1.340237915039062500e+03
1.342289550781250000e+03
1.333916015625000000e+03
1.336463256835937500e+03
1.353024536132812500e+03
1.350287597656250000e+03
1.349205810546875000e+03
1.345193847656250000e+03
1.344751464843750000e+03
1.356297241210937500e+03
1.353493774414062500e+03
1.355839355468750000e+03
1.357162719726562500e+03
1.350809570312500000e+03
1.353256225585937500e+03
1.354132812500000000e+03
1.353678833007812500e+03
1.356479980468750000e+03
1.352554443359375000e+03
1.359207397460937500e+03
1.364712036132812500e+03
1.365999877929687500e+03
1.353352539062500000e+03
1.346715454101562500e+03
1.345141723632812500e+03
1.346322631835937500e+03
1.348980468750000000e+03
1.345554565429687500e+03
1.347339233398437500e+03
1.345797119140625000e+03
1.347557373046875000e+03
1.349948364257812500e+03
1.349361206054687500e+03
1.348041015625000000e+03
1.347055908203125000e+03
1.349528076171875000e+03
1.344961425781250000e+03
1.344676879882812500e+03
1.343857910156250000e+03
1.345649291992187500e+03
1.356871093750000000e+03
1.358900268554687500e+03
1.360210449218750000e+03
1.356244262695312500e+03
1.356281005859375000e+03
1.355979248046875000e+03
1.355118652343750000e+03
1.349701904296875000e+03
1.347265747070312500e+03
1.362892333984375000e+03
1.367158935546875000e+03
1.368188232421875000e+03
1.366340698242187500e+03
1.365122192382812500e+03
1.366398803710937500e+03
1.363693847656250000e+03
1.362594238281250000e+03
1.360772705078125000e+03
1.356875488281250000e+03
1.349864868164062500e+03
1.347477539062500000e+03
1.340860961914062500e+03
1.340235595703125000e+03
1.344935791015625000e+03
1.347437377929687500e+03
1.347621337890625000e+03
1.349952880859375000e+03
1.357500732421875000e+03
1.358391601562500000e+03
1.358744506835937500e+03
1.359945068359375000e+03
1.363161254882812500e+03
1.362307861328125000e+03
1.363888549804687500e+03
1.366660888671875000e+03
1.367362548828125000e+03
1.370363037109375000e+03
1.371570922851562500e+03
1.372231689453125000e+03
1.372600952148437500e+03
1.372410888671875000e+03
1.369011352539062500e+03
1.372415649414062500e+03
1.368284912109375000e+03
1.368530273437500000e+03
1.372950317382812500e+03
1.376177246093750000e+03
1.376439086914062500e+03
1.377614501953125000e+03
1.377979736328125000e+03
1.374913818359375000e+03
1.375570312500000000e+03
1.377634155273437500e+03
1.381031372070312500e+03
1.386568847656250000e+03
1.390125488281250000e+03
1.389240600585937500e+03
1.390665893554687500e+03
1.389342651367187500e+03
1.382313354492187500e+03
1.380159790039062500e+03
1.385988159179687500e+03
1.388259521484375000e+03
1.368893920898437500e+03
1.372575317382812500e+03
1.372225830078125000e+03
1.370508544921875000e+03
1.376263305664062500e+03
1.376931884765625000e+03
1.376726806640625000e+03
1.378035644531250000e+03
1.377728515625000000e+03
1.378675048828125000e+03
1.374696289062500000e+03
1.377596191406250000e+03
1.376672241210937500e+03
1.377204833984375000e+03
1.378472290039062500e+03
1.376730102539062500e+03
1.376214111328125000e+03
1.376768676757812500e+03
1.358936401367187500e+03
1.368971069335937500e+03
1.365890014648437500e+03
1.369825317382812500e+03
1.369943481445312500e+03
1.369426757812500000e+03
1.368594848632812500e+03
1.369485473632812500e+03
1.368534423828125000e+03
1.358127685546875000e+03
1.359776367187500000e+03
1.358041015625000000e+03
1.357711303710937500e+03
1.365598022460937500e+03
1.368887573242187500e+03
1.364061645507812500e+03
1.365871948242187500e+03
1.365580078125000000e+03
1.370923706054687500e+03
1.370883422851562500e+03
1.370958618164062500e+03
1.372567871093750000e+03
1.373333251953125000e+03
1.372724487304687500e+03
1.376917480468750000e+03
1.371846923828125000e+03
1.370180541992187500e+03
1.371541015625000000e+03
1.372543579101562500e+03
1.371026611328125000e+03
1.364140014648437500e+03
1.363446289062500000e+03
1.357313232421875000e+03
1.351068237304687500e+03
1.348277465820312500e+03
1.351473876953125000e+03
1.364713378906250000e+03
1.367856323242187500e+03
1.368076904296875000e+03
1.369360717773437500e+03
1.368776000976562500e+03
1.372556518554687500e+03
1.370631835937500000e+03
1.367435546875000000e+03
1.368040527343750000e+03
1.363338012695312500e+03
1.362670898437500000e+03
1.366111938476562500e+03
1.367185302734375000e+03
1.367347045898437500e+03
1.366578857421875000e+03
1.360774169921875000e+03
1.362175659179687500e+03
1.362205566406250000e+03
1.368288208007812500e+03
1.367448242187500000e+03
1.370012939453125000e+03
1.372435302734375000e+03
1.372276733398437500e+03
1.364762329101562500e+03
1.365677856445312500e+03
1.361571166992187500e+03
1.353448364257812500e+03
1.351144165039062500e+03
1.348076171875000000e+03
1.350444458007812500e+03
1.354004150390625000e+03
1.356150024414062500e+03
1.355333374023437500e+03
1.361719970703125000e+03
1.365259765625000000e+03
1.365726928710937500e+03
1.374572509765625000e+03
1.374420043945312500e+03
1.376913818359375000e+03
1.376622924804687500e+03
1.374611083984375000e+03
1.373365234375000000e+03
1.377041870117187500e+03
1.376754272460937500e+03
1.378934082031250000e+03
1.384489868164062500e+03
1.379887451171875000e+03
1.380473266601562500e+03
1.375276489257812500e+03
1.377804077148437500e+03
1.379275024414062500e+03
1.377866699218750000e+03
1.378385986328125000e+03
1.377905761718750000e+03
1.378713623046875000e+03
1.377381225585937500e+03
1.378694335937500000e+03
1.377587402343750000e+03
1.376361328125000000e+03
1.377900268554687500e+03
1.374830810546875000e+03
1.367999511718750000e+03
1.366255615234375000e+03
1.363691528320312500e+03
1.363047363281250000e+03
1.365418334960937500e+03
1.365567871093750000e+03
1.365344848632812500e+03
1.367136840820312500e+03
1.367772094726562500e+03
1.367884277343750000e+03
1.368033081054687500e+03
1.360012573242187500e+03
1.355150268554687500e+03
1.358969238281250000e+03
1.361231933593750000e+03
1.359654052734375000e+03
1.363452514648437500e+03
1.366509765625000000e+03
1.366229858398437500e+03
1.365141479492187500e+03
1.335649291992187500e+03
1.343542602539062500e+03
1.342301879882812500e+03
1.348977172851562500e+03
1.349069824218750000e+03
1.352160400390625000e+03
1.342337158203125000e+03
1.344035644531250000e+03
1.344137207031250000e+03
1.322109008789062500e+03
1.309871093750000000e+03
1.320530761718750000e+03
1.315147705078125000e+03
1.307048583984375000e+03
1.315248291015625000e+03
1.314483520507812500e+03
1.315115234375000000e+03
1.310355712890625000e+03
1.313735717773437500e+03
1.308299560546875000e+03
1.311334472656250000e+03
1.317803100585937500e+03
1.327532714843750000e+03
1.333900878906250000e+03
1.331595214843750000e+03
1.334810913085937500e+03
1.332640380859375000e+03
1.321946044921875000e+03
1.306364379882812500e+03
1.286211059570312500e+03
1.291277832031250000e+03
1.286643188476562500e+03
1.289013061523437500e+03
1.291382812500000000e+03
1.291528930664062500e+03
1.282804565429687500e+03
1.293555053710937500e+03
1.292146972656250000e+03
1.293853027343750000e+03
1.295369750976562500e+03
1.290983764648437500e+03
1.298954223632812500e+03
1.306388793945312500e+03
1.312429565429687500e+03
1.310689941406250000e+03
1.322523803710937500e+03
1.319562744140625000e+03
1.317037841796875000e+03
1.310342285156250000e+03
1.296738891601562500e+03
1.297084106445312500e+03
1.291044433593750000e+03
1.292367797851562500e+03
1.293773315429687500e+03
1.288951416015625000e+03
1.295313232421875000e+03
1.304899291992187500e+03
1.302674194335937500e+03
1.308673095703125000e+03
1.309390991210937500e+03
1.312208862304687500e+03
1.312958374023437500e+03
1.309978027343750000e+03
1.328721069335937500e+03
1.333016235351562500e+03
1.332566528320312500e+03
1.332957397460937500e+03
1.334236450195312500e+03
1.335993652343750000e+03
1.327943115234375000e+03
1.327581787109375000e+03
1.329198608398437500e+03
1.328446777343750000e+03
1.330173095703125000e+03
1.332475463867187500e+03
1.332065795898437500e+03
1.334635620117187500e+03
1.336220092773437500e+03
1.338784912109375000e+03
1.336263061523437500e+03
1.335764648437500000e+03
1.336399780273437500e+03
1.332543090820312500e+03
1.327398315429687500e+03
1.332052368164062500e+03
1.333524414062500000e+03
1.335221435546875000e+03
1.339208374023437500e+03
1.341167602539062500e+03
1.338819091796875000e+03
1.323525756835937500e+03
1.313494995117187500e+03
1.310171386718750000e+03
1.308763305664062500e+03
1.315524047851562500e+03
1.316069702148437500e+03
1.315977783203125000e+03
1.316500732421875000e+03
1.312737060546875000e+03
1.319877319335937500e+03
1.324519409179687500e+03
1.326945922851562500e+03
1.329358154296875000e+03
1.327440551757812500e+03
1.328570190429687500e+03
1.328277221679687500e+03
1.325244628906250000e+03
1.325547363281250000e+03
1.332123657226562500e+03
1.329602539062500000e+03
1.326311157226562500e+03
1.325227172851562500e+03
1.325774169921875000e+03
1.322940307617187500e+03
1.323070434570312500e+03
1.325346313476562500e+03
1.326878051757812500e+03
1.338398559570312500e+03
1.341996459960937500e+03
1.345316284179687500e+03
1.344901123046875000e+03
1.344719726562500000e+03
1.345775390625000000e+03
1.347894287109375000e+03
1.345009277343750000e+03
1.347297241210937500e+03
1.359464355468750000e+03
1.362381469726562500e+03
1.361850708007812500e+03
1.365919067382812500e+03
1.365503173828125000e+03
1.361442016601562500e+03
1.361328002929687500e+03
1.362491821289062500e+03
1.363138549804687500e+03
1.363375000000000000e+03
1.364691894531250000e+03
1.368395751953125000e+03
1.368959594726562500e+03
1.368051391601562500e+03
1.370412475585937500e+03
1.371615722656250000e+03
1.375169921875000000e+03
1.373668090820312500e+03
1.379837768554687500e+03
1.378051635742187500e+03
1.377731811523437500e+03
1.379860351562500000e+03
1.378798461914062500e+03
1.378268554687500000e+03
1.377496215820312500e+03
1.375760009765625000e+03
1.375478881835937500e+03
1.377722167968750000e+03
1.379461181640625000e+03
1.383609497070312500e+03
1.385183837890625000e+03
1.384240844726562500e+03
1.384064575195312500e+03
1.382150146484375000e+03
1.376907348632812500e+03
1.375088500976562500e+03
1.372158813476562500e+03
1.368817382812500000e+03
1.368092773437500000e+03
1.370946289062500000e+03
1.370884399414062500e+03
1.369005004882812500e+03
1.369096313476562500e+03
1.365773193359375000e+03
1.366343261718750000e+03
1.370678100585937500e+03
1.371114257812500000e+03
1.370977172851562500e+03
1.372120971679687500e+03
1.372799926757812500e+03
1.370822265625000000e+03
1.367945190429687500e+03
1.370054565429687500e+03
1.370533325195312500e+03
1.378034545898437500e+03
1.381510009765625000e+03
1.381372070312500000e+03
1.379221557617187500e+03
1.377962402343750000e+03
1.379013549804687500e+03
1.379914062500000000e+03
1.378884521484375000e+03
1.380554565429687500e+03
1.378612548828125000e+03
1.378991577148437500e+03
1.380993041992187500e+03
1.379659057617187500e+03
1.379929809570312500e+03
1.384092895507812500e+03
1.377748046875000000e+03
1.374502075195312500e+03
1.374737426757812500e+03
1.384579467773437500e+03
1.382254028320312500e+03
1.383251098632812500e+03
1.383738037109375000e+03
1.384200805664062500e+03
1.386540771484375000e+03
1.383326538085937500e+03
1.386164550781250000e+03
1.388398681640625000e+03
1.391633911132812500e+03
1.389353393554687500e+03
1.391681152343750000e+03
1.391298095703125000e+03
1.392302246093750000e+03
1.391719360351562500e+03
1.395606079101562500e+03
1.392563842773437500e+03
1.391320190429687500e+03
1.395518188476562500e+03
1.393419921875000000e+03
1.392998779296875000e+03
1.393863769531250000e+03
1.391875610351562500e+03
1.389873535156250000e+03
1.390956298828125000e+03
1.389497802734375000e+03
1.389172729492187500e+03
1.392801025390625000e+03
1.394110351562500000e+03
1.396902587890625000e+03
1.398845703125000000e+03
1.398009399414062500e+03
1.398729248046875000e+03
1.395502319335937500e+03
1.394488159179687500e+03
1.394299194335937500e+03
1.391445678710937500e+03
1.389988281250000000e+03
1.387836425781250000e+03
1.391297363281250000e+03
1.390817138671875000e+03
1.391424682617187500e+03
1.392392089843750000e+03
1.394774536132812500e+03
1.394411376953125000e+03
1.388807495117187500e+03
1.388593383789062500e+03
1.388336547851562500e+03
1.389055541992187500e+03
1.388117553710937500e+03
1.389671997070312500e+03
1.390964111328125000e+03
1.393558837890625000e+03
1.392822509765625000e+03
1.393322021484375000e+03
1.396139282226562500e+03
1.394917480468750000e+03
1.391643188476562500e+03
1.392514038085937500e+03
1.393890625000000000e+03
1.394096557617187500e+03
1.395520996093750000e+03
1.397450317382812500e+03
1.395445556640625000e+03
1.395396850585937500e+03
1.397165039062500000e+03
1.398574584960937500e+03
1.399857543945312500e+03
1.398036621093750000e+03
1.398814086914062500e+03
1.397629882812500000e+03
1.396779785156250000e+03
1.387377075195312500e+03
1.387898193359375000e+03
1.386781616210937500e+03
1.387067749023437500e+03
1.387494262695312500e+03
1.387219116210937500e+03
1.384831298828125000e+03
1.386172729492187500e+03
1.387757934570312500e+03
1.373201782226562500e+03
1.378883300781250000e+03
1.374834350585937500e+03
1.372970947265625000e+03
1.372566528320312500e+03
1.373568969726562500e+03
1.371605712890625000e+03
1.372407592773437500e+03
1.375076660156250000e+03
1.378072265625000000e+03
1.381137207031250000e+03
1.380257202148437500e+03
1.380040527343750000e+03
1.380630004882812500e+03
1.382700195312500000e+03
1.379871215820312500e+03
1.378241333007812500e+03
1.379879272460937500e+03
1.377782226562500000e+03
1.368150390625000000e+03
1.371966064453125000e+03
1.370081665039062500e+03
1.373227661132812500e+03
1.376044677734375000e+03
1.378713623046875000e+03
1.381100708007812500e+03
1.383593261718750000e+03
1.380958740234375000e+03
1.380740478515625000e+03
1.382057250976562500e+03
1.381614013671875000e+03
1.381506469726562500e+03
1.378076293945312500e+03
1.372778442382812500e+03
1.362508056640625000e+03
1.361322387695312500e+03
1.369521118164062500e+03
1.367519287109375000e+03
1.369563476562500000e+03
1.368478393554687500e+03
1.368278320312500000e+03
1.365184814453125000e+03
1.365625488281250000e+03
1.366773071289062500e+03
1.365618164062500000e+03
1.366767944335937500e+03
1.361884277343750000e+03
1.359447998046875000e+03
1.356711059570312500e+03
1.355838989257812500e+03
1.358801025390625000e+03
1.362953369140625000e+03
1.360578247070312500e+03
1.361384765625000000e+03
1.368983276367187500e+03
1.371244873046875000e+03
1.368787719726562500e+03
1.370711669921875000e+03
1.372158935546875000e+03
1.374252197265625000e+03
1.376276123046875000e+03
1.380802124023437500e+03
1.380817993164062500e+03
1.385869995117187500e+03
1.383569458007812500e+03
1.385127441406250000e+03
1.385927124023437500e+03
1.387146484375000000e+03
1.387157470703125000e+03
1.382570434570312500e+03
1.384102661132812500e+03
1.384148315429687500e+03
1.375711303710937500e+03
1.373381713867187500e+03
1.370771972656250000e+03
1.369242065429687500e+03
1.367539672851562500e+03
1.367197509765625000e+03
1.371699096679687500e+03
1.372541381835937500e+03
1.372202880859375000e+03
1.370542724609375000e+03
1.372499877929687500e+03
1.372673339843750000e+03
1.373359130859375000e+03
1.372457275390625000e+03
1.377532104492187500e+03
1.370063720703125000e+03
1.368543090820312500e+03
1.370068725585937500e+03
1.381362915039062500e+03
1.378392333984375000e+03
1.379133300781250000e+03
1.379020019531250000e+03
1.373776000976562500e+03
1.368848754882812500e+03
1.364992553710937500e+03
1.370090209960937500e+03
1.371734619140625000e+03
1.378779052734375000e+03
1.383807250976562500e+03
1.381766479492187500e+03
1.381492919921875000e+03
1.379089233398437500e+03
1.377085937500000000e+03
1.378109130859375000e+03
1.376596557617187500e+03
1.377317016601562500e+03
1.384397705078125000e+03
1.382454467773437500e+03
1.384819091796875000e+03
1.385374633789062500e+03
1.383539794921875000e+03
1.378475097656250000e+03
1.377190063476562500e+03
1.379140014648437500e+03
1.380274902343750000e+03
1.382135498046875000e+03
1.380740844726562500e+03
1.380427124023437500e+03
1.381308715820312500e+03
1.379547851562500000e+03
1.379486206054687500e+03
1.376175048828125000e+03
1.376679687500000000e+03
1.378101684570312500e+03
1.373590698242187500e+03
1.376417968750000000e+03
1.376692382812500000e+03
1.376392822265625000e+03
1.377119262695312500e+03
1.379378295898437500e+03
1.377060180664062500e+03
1.377188598632812500e+03
1.377293212890625000e+03
1.387892944335937500e+03
1.388323852539062500e+03
1.389151123046875000e+03
1.390542724609375000e+03
1.389128173828125000e+03
1.386782226562500000e+03
1.383436767578125000e+03
1.385953857421875000e+03
1.386814697265625000e+03
1.393581542968750000e+03
1.396253662109375000e+03
1.396518554687500000e+03
1.394197753906250000e+03
1.396410522460937500e+03
1.396134277343750000e+03
1.397609375000000000e+03
1.397344970703125000e+03
1.393812500000000000e+03
1.392054199218750000e+03
1.391898193359375000e+03
1.390006103515625000e+03
1.387783813476562500e+03
1.387809814453125000e+03
1.387175781250000000e+03
1.387734619140625000e+03
1.388761962890625000e+03
1.389673950195312500e+03
1.383481567382812500e+03
1.380217773437500000e+03
1.380746704101562500e+03
1.383325561523437500e+03
1.380582275390625000e+03
1.380678466796875000e+03
1.378653564453125000e+03
1.377473388671875000e+03
1.377763916015625000e+03
1.354210571289062500e+03
1.359087768554687500e+03
1.353600830078125000e+03
1.351733276367187500e+03
1.352112304687500000e+03
1.351545654296875000e+03
1.350488769531250000e+03
1.353087036132812500e+03
1.353638916015625000e+03
1.351231567382812500e+03
1.356577148437500000e+03
1.357285766601562500e+03
1.355980224609375000e+03
1.356234985351562500e+03
1.357688110351562500e+03
1.352591674804687500e+03
1.353549438476562500e+03
1.353275634765625000e+03
1.351540039062500000e+03
1.353688110351562500e+03
1.350423583984375000e+03
1.355369140625000000e+03
1.358111450195312500e+03
1.359617553710937500e+03
1.364090209960937500e+03
1.372485595703125000e+03
1.371013305664062500e+03
1.370845825195312500e+03
1.369828491210937500e+03
1.367985717773437500e+03
1.366982299804687500e+03
1.366341674804687500e+03
1.363930664062500000e+03
1.363752563476562500e+03
1.364357177734375000e+03
1.363983886718750000e+03
1.360953002929687500e+03
1.361832275390625000e+03
1.363534057617187500e+03
1.362146606445312500e+03
1.362255126953125000e+03
1.360987060546875000e+03
1.353744995117187500e+03
1.348926635742187500e+03
1.347065795898437500e+03
1.339731689453125000e+03
1.340864135742187500e+03
1.337344116210937500e+03
1.339461669921875000e+03
1.337902465820312500e+03
1.335121948242187500e+03
1.333235595703125000e+03
1.326147460937500000e+03
1.325292724609375000e+03
1.336905639648437500e+03
1.342640014648437500e+03
1.339537841796875000e+03
1.338043823242187500e+03
1.335429443359375000e+03
1.330566284179687500e+03
1.329759399414062500e+03
1.338174804687500000e+03
1.338499267578125000e+03
1.351150634765625000e+03
1.352695434570312500e+03
1.355551269531250000e+03
1.356800537109375000e+03
1.355308837890625000e+03
1.358515502929687500e+03
1.359045043945312500e+03
1.361796264648437500e+03
1.364078735351562500e+03
1.363567993164062500e+03
1.362939575195312500e+03
1.361583251953125000e+03
1.362735839843750000e+03
1.362569213867187500e+03
1.362477905273437500e+03
1.358186157226562500e+03
1.353618041992187500e+03
1.352594238281250000e+03
1.349286743164062500e+03
1.345215209960937500e+03
1.345507812500000000e+03
1.345055541992187500e+03
1.345803344726562500e+03
1.347209594726562500e+03
1.350173339843750000e+03
1.353683715820312500e+03
1.354326904296875000e+03
1.350211181640625000e+03
1.351024047851562500e+03
1.350355712890625000e+03
1.353044067382812500e+03
1.356213378906250000e+03
1.355462280273437500e+03
1.358394897460937500e+03
1.354496826171875000e+03
1.356169677734375000e+03
1.352481933593750000e+03
1.355345703125000000e+03
1.357232055664062500e+03
1.357633544921875000e+03
1.359457519531250000e+03
1.359232421875000000e+03
1.356241088867187500e+03
1.358659423828125000e+03
1.358720336914062500e+03
1.358614746093750000e+03
1.359327148437500000e+03
1.355860717773437500e+03
1.354476318359375000e+03
1.354163696289062500e+03
1.354497924804687500e+03
1.357576660156250000e+03
1.358554321289062500e+03
1.356398193359375000e+03
1.364577636718750000e+03
1.366372070312500000e+03
1.365428833007812500e+03
1.364109985351562500e+03
1.364134643554687500e+03
1.364534790039062500e+03
1.364500732421875000e+03
1.363024414062500000e+03
1.361914916992187500e+03
1.369202758789062500e+03
1.367745605468750000e+03
1.363604248046875000e+03
1.362932983398437500e+03
1.363458862304687500e+03
1.370036987304687500e+03
1.371147338867187500e+03
1.374111694335937500e+03
1.375400390625000000e+03
1.377666870117187500e+03
1.382012573242187500e+03
1.381354248046875000e+03
1.384354370117187500e+03
1.381896362304687500e+03
1.380651245117187500e+03
1.380870239257812500e+03
1.379659057617187500e+03
1.380542358398437500e+03
1.378430908203125000e+03
1.375668334960937500e+03
1.375216430664062500e+03
1.373013305664062500e+03
1.372338378906250000e+03
1.371034179687500000e+03
1.373545288085937500e+03
1.375393554687500000e+03
1.377394897460937500e+03
1.382906250000000000e+03
1.386283325195312500e+03
1.384665771484375000e+03
1.386679321289062500e+03
1.387564331054687500e+03
1.392274902343750000e+03
1.387975097656250000e+03
1.390789916992187500e+03
1.390207153320312500e+03
1.378605957031250000e+03
1.378545166015625000e+03
1.381097534179687500e+03
1.378546875000000000e+03
1.378387329101562500e+03
1.378393188476562500e+03
1.375697021484375000e+03
1.372858764648437500e+03
1.372842529296875000e+03
1.373641479492187500e+03
1.366413696289062500e+03
1.367764892578125000e+03
1.368940429687500000e+03
1.369773437500000000e+03
1.372074096679687500e+03
1.370749755859375000e+03
1.366489257812500000e+03
1.365539916992187500e+03
1.363977905273437500e+03
1.365288452148437500e+03
1.367463623046875000e+03
1.365618408203125000e+03
1.365132446289062500e+03
1.361039916992187500e+03
1.360851806640625000e+03
1.362234252929687500e+03
1.361285034179687500e+03
1.342455566406250000e+03
1.346675415039062500e+03
1.346814208984375000e+03
1.344582763671875000e+03
1.349458007812500000e+03
1.350217285156250000e+03
1.351928588867187500e+03
1.354312133789062500e+03
1.354471435546875000e+03
1.346760620117187500e+03
1.350784179687500000e+03
1.351723266601562500e+03
1.349759887695312500e+03
1.349726074218750000e+03
1.340591918945312500e+03
1.343465332031250000e+03
1.346986206054687500e+03
1.343721313476562500e+03
1.340470825195312500e+03
1.335913085937500000e+03
1.344741210937500000e+03
1.344827636718750000e+03
1.346883666992187500e+03
1.346243896484375000e+03
1.352549438476562500e+03
1.351188842773437500e+03
1.349519653320312500e+03
1.354218872070312500e+03
1.352230224609375000e+03
1.349226562500000000e+03
1.351174804687500000e+03
1.346535766601562500e+03
1.347100219726562500e+03
1.349197631835937500e+03
1.355478271484375000e+03
1.356177978515625000e+03
1.362828125000000000e+03
1.363038818359375000e+03
1.365960327148437500e+03
1.366972534179687500e+03
1.365348144531250000e+03
1.365958862304687500e+03
1.365925292968750000e+03
1.368035156250000000e+03
1.369456298828125000e+03
1.368975097656250000e+03
1.373560302734375000e+03
1.373909545898437500e+03
1.376476684570312500e+03
1.374317138671875000e+03
1.375099609375000000e+03
1.374269409179687500e+03
1.372025878906250000e+03
1.372675659179687500e+03
1.377914062500000000e+03
1.378767333984375000e+03
1.383513549804687500e+03
1.384781005859375000e+03
1.383798095703125000e+03
1.385926025390625000e+03
1.387444213867187500e+03
1.387564697265625000e+03
1.386706909179687500e+03
1.391421264648437500e+03
1.392754394531250000e+03
1.392336547851562500e+03
1.393122070312500000e+03
1.391877929687500000e+03
1.389965698242187500e+03
1.388187011718750000e+03
1.388448364257812500e+03
1.387218383789062500e+03
1.390377197265625000e+03
1.390150634765625000e+03
1.390030639648437500e+03
1.388710205078125000e+03
1.389002441406250000e+03
1.389185668945312500e+03
1.389036987304687500e+03
1.386858886718750000e+03
1.387082885742187500e+03
1.379406005859375000e+03
1.378727539062500000e+03
1.376633544921875000e+03
1.377818725585937500e+03
1.377061889648437500e+03
1.374981323242187500e+03
1.372854248046875000e+03
1.372702880859375000e+03
1.373575561523437500e+03
1.355845947265625000e+03
1.353240112304687500e+03
1.353800659179687500e+03
1.350770996093750000e+03
1.350757568359375000e+03
1.344711425781250000e+03
1.340171386718750000e+03
1.332727539062500000e+03
1.332912231445312500e+03
1.330807739257812500e+03
1.333236328125000000e+03
1.337112304687500000e+03
1.340864257812500000e+03
1.341104003906250000e+03
1.342730834960937500e+03
1.344114501953125000e+03
1.343500610351562500e+03
1.343027832031250000e+03
1.342854980468750000e+03
1.347643676757812500e+03
1.347887207031250000e+03
1.349269287109375000e+03
1.351652832031250000e+03
1.351538208007812500e+03
1.351452392578125000e+03
1.349235595703125000e+03
1.348505004882812500e+03
1.353671752929687500e+03
1.352447021484375000e+03
1.358119628906250000e+03
1.357964721679687500e+03
1.360360107421875000e+03
1.364061523437500000e+03
1.361754150390625000e+03
1.359812622070312500e+03
1.360652465820312500e+03
1.369940795898437500e+03
1.372185058593750000e+03
1.373875488281250000e+03
1.372834716796875000e+03
1.375561035156250000e+03
1.378320678710937500e+03
1.380607910156250000e+03
1.384166137695312500e+03
1.384283813476562500e+03
1.389037841796875000e+03
1.391342651367187500e+03
1.392008544921875000e+03
1.394151367187500000e+03
1.395463623046875000e+03
1.395847290039062500e+03
1.398006591796875000e+03
1.394333740234375000e+03
1.392628906250000000e+03
1.395367309570312500e+03
1.395894042968750000e+03
1.394638671875000000e+03
1.396123168945312500e+03
1.396884643554687500e+03
1.398458374023437500e+03
1.396053344726562500e+03
1.392108886718750000e+03
1.392840942382812500e+03
1.386387939453125000e+03
1.381645141601562500e+03
1.377524169921875000e+03
1.379027832031250000e+03
1.377533447265625000e+03
1.378593383789062500e+03
1.379856201171875000e+03
1.380295532226562500e+03
1.380184204101562500e+03
1.382799072265625000e+03
1.382039184570312500e+03
1.383514282226562500e+03
1.381659790039062500e+03
1.380032958984375000e+03
1.379486694335937500e+03
1.382970214843750000e+03
1.387718994140625000e+03
1.387638793945312500e+03
1.389557250976562500e+03
1.394736938476562500e+03
1.393335937500000000e+03
1.393495483398437500e+03
1.392013183593750000e+03
1.388773925781250000e+03
1.391917236328125000e+03
1.389863403320312500e+03
1.390054809570312500e+03
1.388477539062500000e+03
1.390250976562500000e+03
1.389113769531250000e+03
1.389956665039062500e+03
1.390154907226562500e+03
1.389342285156250000e+03
1.394226440429687500e+03
1.392626220703125000e+03
1.393741455078125000e+03
1.393246093750000000e+03
1.396379394531250000e+03
1.395836914062500000e+03
1.396275634765625000e+03
1.394090576171875000e+03
1.399634887695312500e+03
1.395984741210937500e+03
1.398654174804687500e+03
1.399574340820312500e+03
1.395656127929687500e+03
1.397197021484375000e+03
1.397670410156250000e+03
1.394956298828125000e+03
1.393455078125000000e+03
1.393677856445312500e+03
1.393874389648437500e+03
1.397543945312500000e+03
1.398968017578125000e+03
1.400821044921875000e+03
1.403880493164062500e+03
1.405572509765625000e+03
1.404514160156250000e+03
1.405180908203125000e+03
1.402240356445312500e+03
1.402082397460937500e+03
1.401408081054687500e+03
1.400992553710937500e+03
1.390987304687500000e+03
1.385630126953125000e+03
1.382117187500000000e+03
1.377419555664062500e+03
1.376931030273437500e+03
1.374328613281250000e+03
1.379318115234375000e+03
1.382343017578125000e+03
1.385409301757812500e+03
1.400803344726562500e+03
1.407194335937500000e+03
1.405659790039062500e+03
1.405724365234375000e+03
1.409682983398437500e+03
1.412421997070312500e+03
1.415058105468750000e+03
1.413703613281250000e+03
1.414881835937500000e+03
1.405693359375000000e+03
1.404771728515625000e+03
1.406756225585937500e+03
1.405784057617187500e+03
1.407532104492187500e+03
1.410938476562500000e+03
1.411358032226562500e+03
1.412193969726562500e+03
1.414016967773437500e+03
1.410649780273437500e+03
1.413286743164062500e+03
1.414349365234375000e+03
1.415583251953125000e+03
1.415524047851562500e+03
1.416571899414062500e+03
1.414529785156250000e+03
1.414171020507812500e+03
1.413693115234375000e+03
1.408208129882812500e+03
1.404627319335937500e+03
1.400070190429687500e+03
1.403883300781250000e+03
1.402273681640625000e+03
1.402327392578125000e+03
1.404334716796875000e+03
1.399181396484375000e+03
1.397099609375000000e+03
1.378645996093750000e+03
1.376157348632812500e+03
1.379044921875000000e+03
1.388027709960937500e+03
1.388877685546875000e+03
1.384589233398437500e+03
1.384218505859375000e+03
1.373994018554687500e+03
1.375574584960937500e+03
1.360010375976562500e+03
1.362811523437500000e+03
1.368382812500000000e+03
1.368927612304687500e+03
1.369297241210937500e+03
1.369982910156250000e+03
1.370561035156250000e+03
1.368437255859375000e+03
1.370691162109375000e+03
1.379025390625000000e+03
1.379401977539062500e+03
1.380685546875000000e+03
1.375566162109375000e+03
1.371716796875000000e+03
1.373884277343750000e+03
1.376305053710937500e+03
1.382854736328125000e+03
1.382569335937500000e+03
1.383004150390625000e+03
1.373816162109375000e+03
1.377354858398437500e+03
1.373496093750000000e+03
1.378704345703125000e+03
1.382596069335937500e+03
1.377047363281250000e+03
1.380540771484375000e+03
1.380349365234375000e+03
1.377702392578125000e+03
1.373187622070312500e+03
1.366465332031250000e+03
1.361791015625000000e+03
1.362089355468750000e+03
1.362867553710937500e+03
1.363478027343750000e+03
1.365634399414062500e+03
1.367835571289062500e+03
1.386003173828125000e+03
1.388616577148437500e+03
1.387776977539062500e+03
1.386689453125000000e+03
1.385037109375000000e+03
1.380018554687500000e+03
1.382913085937500000e+03
1.381365844726562500e+03
1.377964111328125000e+03
1.391694580078125000e+03
1.390319213867187500e+03
1.388020141601562500e+03
1.388192626953125000e+03
1.386747436523437500e+03
1.390569335937500000e+03
1.397618408203125000e+03
1.395813598632812500e+03
1.394688720703125000e+03
1.384118652343750000e+03
1.379526367187500000e+03
1.379474365234375000e+03
1.379883789062500000e+03
1.378923095703125000e+03
1.370699096679687500e+03
1.373471069335937500e+03
1.374881591796875000e+03
1.374305053710937500e+03
1.379239379882812500e+03
1.377771972656250000e+03
1.377628540039062500e+03
1.377577270507812500e+03
1.375767089843750000e+03
1.373718872070312500e+03
1.371377685546875000e+03
1.375754516601562500e+03
1.375362304687500000e+03
1.367498901367187500e+03
1.367704223632812500e+03
1.365194335937500000e+03
1.361876464843750000e+03
1.362204345703125000e+03
1.365508544921875000e+03
1.366576660156250000e+03
1.361928588867187500e+03
1.364537963867187500e+03
1.366021484375000000e+03
1.365180297851562500e+03
1.361281127929687500e+03
1.361248657226562500e+03
1.362646362304687500e+03
1.359938598632812500e+03
1.361425415039062500e+03
1.362042968750000000e+03
1.360487548828125000e+03
1.353619262695312500e+03
1.354764160156250000e+03
1.356340087890625000e+03
1.357534179687500000e+03
1.357198974609375000e+03
1.355136352539062500e+03
1.347029296875000000e+03
1.345108764648437500e+03
1.343133666992187500e+03
1.332353027343750000e+03
1.335293701171875000e+03
1.335056152343750000e+03
1.334524414062500000e+03
1.330707641601562500e+03
1.328069091796875000e+03
1.327671875000000000e+03
1.336660156250000000e+03
1.338751953125000000e+03
1.351476928710937500e+03
1.352009277343750000e+03
1.355194213867187500e+03
1.353963256835937500e+03
1.354712890625000000e+03
1.350379394531250000e+03
1.347151367187500000e+03
1.344560058593750000e+03
1.343137573242187500e+03
1.359010620117187500e+03
1.359792114257812500e+03
1.361257690429687500e+03
1.361805419921875000e+03
1.362485351562500000e+03
1.360822143554687500e+03
1.354615966796875000e+03
1.355473266601562500e+03
1.355010131835937500e+03
1.357960571289062500e+03
1.358678955078125000e+03
1.360045410156250000e+03
1.353475952148437500e+03
1.353889648437500000e+03
1.350658325195312500e+03
1.351721069335937500e+03
1.356136596679687500e+03
1.356021240234375000e+03
1.366058959960937500e+03
1.363413208007812500e+03
1.359432006835937500e+03
1.361341796875000000e+03
1.358333618164062500e+03
1.355630737304687500e+03
1.355595458984375000e+03
1.346871215820312500e+03
1.346918212890625000e+03
1.349658203125000000e+03
1.353166870117187500e+03
1.352583007812500000e+03
1.354847412109375000e+03
1.355426879882812500e+03
1.357528198242187500e+03
1.352914306640625000e+03
1.345981323242187500e+03
1.349228027343750000e+03
1.359845703125000000e+03
1.359037109375000000e+03
1.357857543945312500e+03
1.356304199218750000e+03
1.359830200195312500e+03
1.363310791015625000e+03
1.367713500976562500e+03
1.367446777343750000e+03
1.367760986328125000e+03
1.367777954101562500e+03
1.368940185546875000e+03
1.373761474609375000e+03
1.371771606445312500e+03
1.371554077148437500e+03
1.370232788085937500e+03
1.373103759765625000e+03
1.375647705078125000e+03
1.376765869140625000e+03
1.380130737304687500e+03
1.371242187500000000e+03
1.368032348632812500e+03
1.371684448242187500e+03
1.372919921875000000e+03
1.376736938476562500e+03
1.376854370117187500e+03
1.374230957031250000e+03
1.373807983398437500e+03
1.377532592773437500e+03
1.376275024414062500e+03
1.373648559570312500e+03
1.374014648437500000e+03
1.377031005859375000e+03
1.377220336914062500e+03
1.376782836914062500e+03
1.372028442382812500e+03
1.369000000000000000e+03
1.372109863281250000e+03
1.369668212890625000e+03
1.370471923828125000e+03
1.371089843750000000e+03
1.371252807617187500e+03
1.372873657226562500e+03
1.367590576171875000e+03
1.366676635742187500e+03
1.365829101562500000e+03
1.377639526367187500e+03
1.377910522460937500e+03
1.376020751953125000e+03
1.375727661132812500e+03
1.373773071289062500e+03
1.371188476562500000e+03
1.370434082031250000e+03
1.362565429687500000e+03
1.363583129882812500e+03
1.351492431640625000e+03
1.354374877929687500e+03
1.358414428710937500e+03
1.359705322265625000e+03
1.363244262695312500e+03
1.365282836914062500e+03
1.363658935546875000e+03
1.361533691406250000e+03
1.362006225585937500e+03
1.350491821289062500e+03
1.352641479492187500e+03
1.353277099609375000e+03
1.352957031250000000e+03
1.349883056640625000e+03
1.351961791992187500e+03
1.356198120117187500e+03
1.351203613281250000e+03
1.352284790039062500e+03
1.348812988281250000e+03
1.351455566406250000e+03
1.351969604492187500e+03
1.350926025390625000e+03
1.347516235351562500e+03
1.345670288085937500e+03
1.347299926757812500e+03
1.345097534179687500e+03
1.344796875000000000e+03
1.349358276367187500e+03
1.337498168945312500e+03
1.335446289062500000e+03
1.344153686523437500e+03
1.343825073242187500e+03
1.346699340820312500e+03
1.347770019531250000e+03
1.350770507812500000e+03
1.352126098632812500e+03
1.362692626953125000e+03
1.355269653320312500e+03
1.358576293945312500e+03
1.358750000000000000e+03
1.355173583984375000e+03
1.357390991210937500e+03
1.355390258789062500e+03
1.359166259765625000e+03
1.357316040039062500e+03
1.353972290039062500e+03
1.351758178710937500e+03
1.351994506835937500e+03
1.354649902343750000e+03
1.349693603515625000e+03
1.353300537109375000e+03
1.354105102539062500e+03
1.351564819335937500e+03
1.351809448242187500e+03
1.346901489257812500e+03
1.342341308593750000e+03
1.345017456054687500e+03
1.341341918945312500e+03
1.343844482421875000e+03
1.345968261718750000e+03
1.348406127929687500e+03
1.347525634765625000e+03
1.347315307617187500e+03
1.311697143554687500e+03
1.346817382812500000e+03
1.350226318359375000e+03
1.354193603515625000e+03
1.348476806640625000e+03
1.360295410156250000e+03
1.363519531250000000e+03
1.368378173828125000e+03
1.368771362304687500e+03
1.379948608398437500e+03
1.379849975585937500e+03
1.380785156250000000e+03
1.381528442382812500e+03
1.381063110351562500e+03
1.376068237304687500e+03
1.374912963867187500e+03
1.369344970703125000e+03
1.370194091796875000e+03
1.364785400390625000e+03
1.359596801757812500e+03
1.357272094726562500e+03
1.358313842773437500e+03
1.353506225585937500e+03
1.355428344726562500e+03
1.352167968750000000e+03
1.351893310546875000e+03
1.352434570312500000e+03
1.357159667968750000e+03
1.359012084960937500e+03
1.359770019531250000e+03
1.359885620117187500e+03
1.358063598632812500e+03
1.355509277343750000e+03
1.356237548828125000e+03
1.354195800781250000e+03
1.355670898437500000e+03
1.356521972656250000e+03
1.360161499023437500e+03
1.362104492187500000e+03
1.361279418945312500e+03
1.362186767578125000e+03
1.363550048828125000e+03
1.367410766601562500e+03
1.364791137695312500e+03
1.365200927734375000e+03
1.353087524414062500e+03
1.349727172851562500e+03
1.346580078125000000e+03
1.343449584960937500e+03
1.343321411132812500e+03
1.344009277343750000e+03
1.346598266601562500e+03
1.345036743164062500e+03
1.344891113281250000e+03
1.337474243164062500e+03
1.337747436523437500e+03
1.341713256835937500e+03
1.342268798828125000e+03
1.341711059570312500e+03
1.341595336914062500e+03
1.340732910156250000e+03
1.343255493164062500e+03
1.342658935546875000e+03
1.341524047851562500e+03
1.329149780273437500e+03
1.332702270507812500e+03
1.333170898437500000e+03
1.328712524414062500e+03
1.327639770507812500e+03
1.326303466796875000e+03
1.323211914062500000e+03
1.328768066406250000e+03
1.315226684570312500e+03
1.320793090820312500e+03
1.316620239257812500e+03
1.318508911132812500e+03
1.318125854492187500e+03
1.317148681640625000e+03
1.320108886718750000e+03
1.319245239257812500e+03
1.318067016601562500e+03
1.323950561523437500e+03
1.322852661132812500e+03
1.322104858398437500e+03
1.320275634765625000e+03
1.322877075195312500e+03
1.321985351562500000e+03
1.323199829101562500e+03
1.317196411132812500e+03
1.319878906250000000e+03
1.320001953125000000e+03
1.315514160156250000e+03
1.318397338867187500e+03
1.320121948242187500e+03
1.318895263671875000e+03
1.318808471679687500e+03
1.321084350585937500e+03
1.324816528320312500e+03
1.326520751953125000e+03
1.340379394531250000e+03
1.339570068359375000e+03
1.342596313476562500e+03
1.344608276367187500e+03
1.343752319335937500e+03
1.346265625000000000e+03
1.344338378906250000e+03
1.335954833984375000e+03
1.335222900390625000e+03
1.338339843750000000e+03
1.333695312500000000e+03
1.326147583007812500e+03
1.327939575195312500e+03
1.328181030273437500e+03
1.325844238281250000e+03
1.319183105468750000e+03
1.313007446289062500e+03
1.317684204101562500e+03
1.313648437500000000e+03
1.318683105468750000e+03
1.312276000976562500e+03
1.310708862304687500e+03
1.306008422851562500e+03
1.302101074218750000e+03
1.307240234375000000e+03
1.302420898437500000e+03
1.301344116210937500e+03
1.298829101562500000e+03
1.303221923828125000e+03
1.307197875976562500e+03
1.305252075195312500e+03
1.306374511718750000e+03
1.308245483398437500e+03
1.302345581054687500e+03
1.294886718750000000e+03
1.299352539062500000e+03
1.300643432617187500e+03
1.298718750000000000e+03
1.298849243164062500e+03
1.301729370117187500e+03
1.304634399414062500e+03
1.302457397460937500e+03
1.306903442382812500e+03
1.301525146484375000e+03
1.301390991210937500e+03
1.307326538085937500e+03
1.304609985351562500e+03
1.308208496093750000e+03
1.310407836914062500e+03
1.309880737304687500e+03
1.298950195312500000e+03
1.302199707031250000e+03
1.306951416015625000e+03
1.312678955078125000e+03
1.308698364257812500e+03
1.314749877929687500e+03
1.314847900390625000e+03
1.312911254882812500e+03
1.309986938476562500e+03
1.308581298828125000e+03
1.314312255859375000e+03
1.308720092773437500e+03
1.310611450195312500e+03
1.328081298828125000e+03
1.330921508789062500e+03
1.330879272460937500e+03
1.332317260742187500e+03
1.329984252929687500e+03
1.331854980468750000e+03
1.334689086914062500e+03
1.339296142578125000e+03
1.340616333007812500e+03
1.332160888671875000e+03
1.334484741210937500e+03
1.332626953125000000e+03
1.334974121093750000e+03
1.337593750000000000e+03
1.339649169921875000e+03
1.338664184570312500e+03
1.336305664062500000e+03
1.334589721679687500e+03
1.338009643554687500e+03
1.342754516601562500e+03
1.343883666992187500e+03
1.342901367187500000e+03
1.342590454101562500e+03
1.338907226562500000e+03
1.334832275390625000e+03
1.334955200195312500e+03
1.334227539062500000e+03
1.332068359375000000e+03
1.329130615234375000e+03
1.321739135742187500e+03
1.324875488281250000e+03
1.324196899414062500e+03
1.327905761718750000e+03
1.326206665039062500e+03
1.318274047851562500e+03
1.316552978515625000e+03
1.315255249023437500e+03
1.316823364257812500e+03
1.317825317382812500e+03
1.320900512695312500e+03
1.320480468750000000e+03
1.321992675781250000e+03
1.320495117187500000e+03
1.325852294921875000e+03
1.322567993164062500e+03
1.327683349609375000e+03
1.320539184570312500e+03
1.322450561523437500e+03
1.320902832031250000e+03
1.319668701171875000e+03
1.312883544921875000e+03
1.312936035156250000e+03
1.321147827148437500e+03
1.322443481445312500e+03
1.320465820312500000e+03
1.324841064453125000e+03
1.320581054687500000e+03
1.314928955078125000e+03
1.315926025390625000e+03
1.313177856445312500e+03
1.309329956054687500e+03
1.308067382812500000e+03
1.309191284179687500e+03
1.296385131835937500e+03
1.298359375000000000e+03
1.303471801757812500e+03
1.304674804687500000e+03
1.301377441406250000e+03
1.301572265625000000e+03
1.299884277343750000e+03
1.297561401367187500e+03
1.298309204101562500e+03
1.286959228515625000e+03
1.288666870117187500e+03
1.286712402343750000e+03
1.283936157226562500e+03
1.284888916015625000e+03
1.282062500000000000e+03
1.285614990234375000e+03
1.280105834960937500e+03
1.278314208984375000e+03
1.272059692382812500e+03
1.275504028320312500e+03
1.267880004882812500e+03
1.271407958984375000e+03
1.272872924804687500e+03
1.273623535156250000e+03
1.275716308593750000e+03
1.278387329101562500e+03
1.281005126953125000e+03
1.278748779296875000e+03
1.279184204101562500e+03
1.285714477539062500e+03
1.287734985351562500e+03
1.286760009765625000e+03
1.287255371093750000e+03
1.286302368164062500e+03
1.291970336914062500e+03
1.288296020507812500e+03
1.283464843750000000e+03
1.286053833007812500e+03
1.284540283203125000e+03
1.287351562500000000e+03
1.288054321289062500e+03
1.286891723632812500e+03
1.282517089843750000e+03
1.287376342773437500e+03
1.289424682617187500e+03
1.279718627929687500e+03
1.278082763671875000e+03
1.280219238281250000e+03
1.279594848632812500e+03
1.278967285156250000e+03
1.287674560546875000e+03
1.285055908203125000e+03
1.286745117187500000e+03
1.283946411132812500e+03
1.280018676757812500e+03
1.287055419921875000e+03
1.284767089843750000e+03
1.281436767578125000e+03
1.275407226562500000e+03
1.280898803710937500e+03
1.275813232421875000e+03
1.271882568359375000e+03
1.273816406250000000e+03
1.278296264648437500e+03
1.281516479492187500e+03
1.282750122070312500e+03
1.283534545898437500e+03
1.280635498046875000e+03
1.282239624023437500e+03
1.277016601562500000e+03
1.277077758789062500e+03
1.275816772460937500e+03
1.286271484375000000e+03
1.288345825195312500e+03
1.290566528320312500e+03
1.290874267578125000e+03
1.289958251953125000e+03
1.286880981445312500e+03
1.290581054687500000e+03
1.289657836914062500e+03
1.288077392578125000e+03
1.288094604492187500e+03
1.288358764648437500e+03
1.288460693359375000e+03
1.288208129882812500e+03
1.294691772460937500e+03
1.300677124023437500e+03
1.303223266601562500e+03
1.301653198242187500e+03
1.298528686523437500e+03
1.318533691406250000e+03
1.320724853515625000e+03
1.323882568359375000e+03
1.323893798828125000e+03
1.325674926757812500e+03
1.325849365234375000e+03
1.329611083984375000e+03
1.326856201171875000e+03
1.325553222656250000e+03
1.330009277343750000e+03
1.327248535156250000e+03
1.326633911132812500e+03
1.328119506835937500e+03
1.331279418945312500e+03
1.332143310546875000e+03
1.328315551757812500e+03
1.327295166015625000e+03
1.328265502929687500e+03
1.329861206054687500e+03
1.327071655273437500e+03
1.326708984375000000e+03
1.326256469726562500e+03
1.327245117187500000e+03
1.326938232421875000e+03
1.323932617187500000e+03
1.324849853515625000e+03
1.324037475585937500e+03
1.320791381835937500e+03
1.316667724609375000e+03
1.317364624023437500e+03
1.315395751953125000e+03
1.314618164062500000e+03
1.317290405273437500e+03
1.316063232421875000e+03
1.318151123046875000e+03
1.315734130859375000e+03
1.312451293945312500e+03
1.309619262695312500e+03
1.312372070312500000e+03
1.315220703125000000e+03
1.317118286132812500e+03
1.319297851562500000e+03
1.323191772460937500e+03
1.317451293945312500e+03
1.318014770507812500e+03
1.321816406250000000e+03
1.323760253906250000e+03
1.328034179687500000e+03
1.327018920898437500e+03
1.329338500976562500e+03
1.329609375000000000e+03
1.331872192382812500e+03
1.331862060546875000e+03
1.333268310546875000e+03
1.326379760742187500e+03
1.327727539062500000e+03
1.323504150390625000e+03
1.323878051757812500e+03
1.325723266601562500e+03
1.326569335937500000e+03
1.324459838867187500e+03
1.321721923828125000e+03
1.325478881835937500e+03
1.336091796875000000e+03
1.336556396484375000e+03
1.337967773437500000e+03
1.334973876953125000e+03
1.333280029296875000e+03
1.334551025390625000e+03
1.334639160156250000e+03
1.337646484375000000e+03
1.339500976562500000e+03
1.340669433593750000e+03
1.339896484375000000e+03
1.338384521484375000e+03
1.338681518554687500e+03
1.339276489257812500e+03
1.349793090820312500e+03
1.353013061523437500e+03
1.354119750976562500e+03
1.355209350585937500e+03
1.363261840820312500e+03
1.358354125976562500e+03
1.360219360351562500e+03
1.362657104492187500e+03
1.362029541015625000e+03
1.359280761718750000e+03
1.358184326171875000e+03
1.359505859375000000e+03
1.359144897460937500e+03
1.355637939453125000e+03
1.353289428710937500e+03
1.352658691406250000e+03
1.352829589843750000e+03
1.351381835937500000e+03
1.353711547851562500e+03
1.351138671875000000e+03
1.347820434570312500e+03
1.346588378906250000e+03
1.353606201171875000e+03
1.356434692382812500e+03
1.360017700195312500e+03
1.358054199218750000e+03
1.357348754882812500e+03
1.358583984375000000e+03
1.359138427734375000e+03
1.359635986328125000e+03
1.359574707031250000e+03
1.358941650390625000e+03
1.360873657226562500e+03
1.360835327148437500e+03
1.360346801757812500e+03
1.358546752929687500e+03
1.360456298828125000e+03
1.361493896484375000e+03
1.361668579101562500e+03
1.361788940429687500e+03
1.359803710937500000e+03
1.358229003906250000e+03
1.359070678710937500e+03
1.358713012695312500e+03
1.356761596679687500e+03
1.355833984375000000e+03
1.357108154296875000e+03
1.356570556640625000e+03
1.356125976562500000e+03
1.361123779296875000e+03
1.358171142578125000e+03
1.362291137695312500e+03
1.359647460937500000e+03
1.358473022460937500e+03
1.358991210937500000e+03
1.357581542968750000e+03
1.358944213867187500e+03
1.358797973632812500e+03
1.362265991210937500e+03
1.361278808593750000e+03
1.360951171875000000e+03
1.361350585937500000e+03
1.361856933593750000e+03
1.363174926757812500e+03
1.363475097656250000e+03
1.364372924804687500e+03
1.364748413085937500e+03
1.363300659179687500e+03
1.365988281250000000e+03
1.369679931640625000e+03
1.367256225585937500e+03
1.367148071289062500e+03
1.367130737304687500e+03
1.369075073242187500e+03
1.370217773437500000e+03
1.370126220703125000e+03
1.367594848632812500e+03
1.364712280273437500e+03
1.367788452148437500e+03
1.366866088867187500e+03
1.368469238281250000e+03
1.367838623046875000e+03
1.367822631835937500e+03
1.365591796875000000e+03
1.364913940429687500e+03
1.356671020507812500e+03
1.358756225585937500e+03
1.359125000000000000e+03
1.358126586914062500e+03
1.358088012695312500e+03
1.358072875976562500e+03
1.357880737304687500e+03
1.361212890625000000e+03
1.361703979492187500e+03
1.364417358398437500e+03
1.366616699218750000e+03
1.367201293945312500e+03
1.367423095703125000e+03
1.368113403320312500e+03
1.366195068359375000e+03
1.364565917968750000e+03
1.366915893554687500e+03
1.364454589843750000e+03
1.362931762695312500e+03
1.367525268554687500e+03
1.371345214843750000e+03
1.370208740234375000e+03
1.372183227539062500e+03
1.372171508789062500e+03
1.371231323242187500e+03
1.369290161132812500e+03
1.369228881835937500e+03
1.377295166015625000e+03
1.377711425781250000e+03
1.378036865234375000e+03
1.377295166015625000e+03
1.375331909179687500e+03
1.373569335937500000e+03
1.376671264648437500e+03
1.379236328125000000e+03
1.379791015625000000e+03
1.377056762695312500e+03
1.375477416992187500e+03
1.375778320312500000e+03
1.375542846679687500e+03
1.374793334960937500e+03
1.374706909179687500e+03
1.375255249023437500e+03
1.374482421875000000e+03
1.374882202148437500e+03
1.374852050781250000e+03
1.377239135742187500e+03
1.374815795898437500e+03
1.374670410156250000e+03
1.376749511718750000e+03
1.376841064453125000e+03
1.378474243164062500e+03
1.381484619140625000e+03
1.381489990234375000e+03
1.385335937500000000e+03
1.384846679687500000e+03
1.385615478515625000e+03
1.387186767578125000e+03
1.388219848632812500e+03
1.390131347656250000e+03
1.389892822265625000e+03
1.390569824218750000e+03
1.389668823242187500e+03
1.384768066406250000e+03
1.386379150390625000e+03
1.387015014648437500e+03
1.387592407226562500e+03
1.384974853515625000e+03
1.385504882812500000e+03
1.384888916015625000e+03
1.386568603515625000e+03
1.386533081054687500e+03
1.391874023437500000e+03
1.395405517578125000e+03
1.394835327148437500e+03
1.392003417968750000e+03
1.392487792968750000e+03
1.395084106445312500e+03
1.399010498046875000e+03
1.402450927734375000e+03
1.400082275390625000e+03
1.399348144531250000e+03
1.398757934570312500e+03
1.398711669921875000e+03
1.400825683593750000e+03
1.403163085937500000e+03
1.401313354492187500e+03
1.404613647460937500e+03
1.404533203125000000e+03
1.403943359375000000e+03
1.407608398437500000e+03
1.410020874023437500e+03
1.404294677734375000e+03
1.404522827148437500e+03
1.402877075195312500e+03
1.401709594726562500e+03
1.402462402343750000e+03
1.403206665039062500e+03
1.401329711914062500e+03
1.404459838867187500e+03
1.403897705078125000e+03
1.403095581054687500e+03
1.404050537109375000e+03
1.403184082031250000e+03
1.404545410156250000e+03
1.402366455078125000e+03
1.400984741210937500e+03
1.398705932617187500e+03
1.416212158203125000e+03
1.417296630859375000e+03
1.420765258789062500e+03
1.416436645507812500e+03
1.417290405273437500e+03
1.418516357421875000e+03
1.411551879882812500e+03
1.411681030273437500e+03
1.411663330078125000e+03
1.419156372070312500e+03
1.419205810546875000e+03
1.421049438476562500e+03
1.418134765625000000e+03
1.415568237304687500e+03
1.412472290039062500e+03
1.413530883789062500e+03
1.414045043945312500e+03
1.414322387695312500e+03
1.411030517578125000e+03
1.411458496093750000e+03
1.409699340820312500e+03
1.410728759765625000e+03
1.410717895507812500e+03
1.411660400390625000e+03
1.407961425781250000e+03
1.405763671875000000e+03
1.407011596679687500e+03
1.407858154296875000e+03
1.410656494140625000e+03
1.410428466796875000e+03
1.409193969726562500e+03
1.410123535156250000e+03
1.409753662109375000e+03
1.410671875000000000e+03
1.410247802734375000e+03
1.411276245117187500e+03
1.409164672851562500e+03
1.406932739257812500e+03
1.406079345703125000e+03
1.407780029296875000e+03
1.408277343750000000e+03
1.410024169921875000e+03
1.408375854492187500e+03
1.409366821289062500e+03
1.411720092773437500e+03
1.405741943359375000e+03
1.404346069335937500e+03
1.400929321289062500e+03
1.400741943359375000e+03
1.401605468750000000e+03
1.404036254882812500e+03
1.403563964843750000e+03
1.404575927734375000e+03
1.406143066406250000e+03
1.402035400390625000e+03
1.404800048828125000e+03
1.405560058593750000e+03
1.404008056640625000e+03
1.404405517578125000e+03
1.406136230468750000e+03
1.407551879882812500e+03
1.407523681640625000e+03
1.407475952148437500e+03
1.414071166992187500e+03
1.412833496093750000e+03
1.412909057617187500e+03
1.412704101562500000e+03
1.413678833007812500e+03
1.412812377929687500e+03
1.410390625000000000e+03
1.409947021484375000e+03
1.410802856445312500e+03
1.409220947265625000e+03
1.408159667968750000e+03
1.407622192382812500e+03
1.406523437500000000e+03
1.405979858398437500e+03
1.407924560546875000e+03
1.407433105468750000e+03
1.405379028320312500e+03
1.405821533203125000e+03
1.409705444335937500e+03
1.409784423828125000e+03
1.409387084960937500e+03
1.409810180664062500e+03
1.410264038085937500e+03
1.410687866210937500e+03
1.409590942382812500e+03
1.408494750976562500e+03
1.404626586914062500e+03
1.420444824218750000e+03
1.413468872070312500e+03
1.411858154296875000e+03
1.405208984375000000e+03
1.399757080078125000e+03
1.399987182617187500e+03
1.403947753906250000e+03
1.405587036132812500e+03
1.404713134765625000e+03
1.400508911132812500e+03
1.392719360351562500e+03
1.393670410156250000e+03
1.391022583007812500e+03
1.389955200195312500e+03
1.387905761718750000e+03
1.386550048828125000e+03
1.388228271484375000e+03
1.390099853515625000e+03
1.396360351562500000e+03
1.398766967773437500e+03
1.398880004882812500e+03
1.394603515625000000e+03
1.396354248046875000e+03
1.394546264648437500e+03
1.396828857421875000e+03
1.400733032226562500e+03
1.402005737304687500e+03
1.390850708007812500e+03
1.388469848632812500e+03
1.386047729492187500e+03
1.387979003906250000e+03
1.387488769531250000e+03
1.391303344726562500e+03
1.396437500000000000e+03
1.401415039062500000e+03
1.398854614257812500e+03
1.395926513671875000e+03
1.392937622070312500e+03
1.392942993164062500e+03
1.394300659179687500e+03
1.396308349609375000e+03
1.396463867187500000e+03
1.400414794921875000e+03
1.399563720703125000e+03
1.400041381835937500e+03
1.399228881835937500e+03
1.400660766601562500e+03
1.399633422851562500e+03
1.395490966796875000e+03
1.397599487304687500e+03
1.393955444335937500e+03
1.395067749023437500e+03
1.398245361328125000e+03
1.398229492187500000e+03
1.396970336914062500e+03
1.398348388671875000e+03
1.395010620117187500e+03
1.392404541015625000e+03
1.393365600585937500e+03
1.393386108398437500e+03
1.393150634765625000e+03
1.393162475585937500e+03
1.393255249023437500e+03
1.404309936523437500e+03
1.400635620117187500e+03
1.398493408203125000e+03
1.398650512695312500e+03
1.397509521484375000e+03
1.394133300781250000e+03
1.397091308593750000e+03
1.387444702148437500e+03
1.386796997070312500e+03
1.404808959960937500e+03
1.401976440429687500e+03
1.403151977539062500e+03
1.399324951171875000e+03
1.399161865234375000e+03
1.401973266601562500e+03
1.402987182617187500e+03
1.400677734375000000e+03
1.400921752929687500e+03
1.396372680664062500e+03
1.398966430664062500e+03
1.400063476562500000e+03
1.398526123046875000e+03
1.396239257812500000e+03
1.394749755859375000e+03
1.395151489257812500e+03
1.395073242187500000e+03
1.395241821289062500e+03
1.388050170898437500e+03
1.388626708984375000e+03
1.386586669921875000e+03
1.390528808593750000e+03
1.392640136718750000e+03
1.390111328125000000e+03
1.390063476562500000e+03
1.393415405273437500e+03
1.391957641601562500e+03
1.375394042968750000e+03
1.376110961914062500e+03
1.374533813476562500e+03
1.375126586914062500e+03
1.374903076171875000e+03
1.372244628906250000e+03
1.370191406250000000e+03
1.374575317382812500e+03
1.377861694335937500e+03
1.382672485351562500e+03
1.385327148437500000e+03
1.387862182617187500e+03
1.389440673828125000e+03
1.391097534179687500e+03
1.388821777343750000e+03
1.392699584960937500e+03
1.392302490234375000e+03
1.393156738281250000e+03
1.400343505859375000e+03
1.399322631835937500e+03
1.397793457031250000e+03
1.398108032226562500e+03
1.397857543945312500e+03
1.394278564453125000e+03
1.392206054687500000e+03
1.390770263671875000e+03
1.390746948242187500e+03
1.400486572265625000e+03
1.397170898437500000e+03
1.396883911132812500e+03
1.397260742187500000e+03
1.395550170898437500e+03
1.396410400390625000e+03
1.400384033203125000e+03
1.399993286132812500e+03
1.399968139648437500e+03
1.395023315429687500e+03
1.395390991210937500e+03
1.395432495117187500e+03
1.396082275390625000e+03
1.397076904296875000e+03
1.394785278320312500e+03
1.395847290039062500e+03
1.395967407226562500e+03
1.396908447265625000e+03
1.411086791992187500e+03
1.412272583007812500e+03
1.412841186523437500e+03
1.414434936523437500e+03
1.414218139648437500e+03
1.415327514648437500e+03
1.417322387695312500e+03
1.418392822265625000e+03
1.418734741210937500e+03
1.420743652343750000e+03
1.420652465820312500e+03
1.416531250000000000e+03
1.414830810546875000e+03
1.413151733398437500e+03
1.420602172851562500e+03
1.425274658203125000e+03
1.423117797851562500e+03
1.424808593750000000e+03
1.427812744140625000e+03
1.431372070312500000e+03
1.430378051757812500e+03
1.431828247070312500e+03
1.433213500976562500e+03
1.434314941406250000e+03
1.432221435546875000e+03
1.433595703125000000e+03
1.433411010742187500e+03
1.433421020507812500e+03
1.431325439453125000e+03
1.432174194335937500e+03
1.431726074218750000e+03
1.430774169921875000e+03
1.430960571289062500e+03
1.431714965820312500e+03
1.432296386718750000e+03
1.433217285156250000e+03
1.437148803710937500e+03
1.438811523437500000e+03
1.439455932617187500e+03
1.440083984375000000e+03
1.437200195312500000e+03
1.437795410156250000e+03
1.438450317382812500e+03
1.436516601562500000e+03
1.438346313476562500e+03
1.440645751953125000e+03
1.438661010742187500e+03
1.439835327148437500e+03
1.441008911132812500e+03
1.441424316406250000e+03
1.442975463867187500e+03
1.439272949218750000e+03
1.435930297851562500e+03
1.436652221679687500e+03
1.431981323242187500e+03
1.430166503906250000e+03
1.431345092773437500e+03
1.432915649414062500e+03
1.434982666015625000e+03
1.434529418945312500e+03
1.433421752929687500e+03
1.428516601562500000e+03
1.428440551757812500e+03
1.435476196289062500e+03
1.436295532226562500e+03
1.435827880859375000e+03
1.437148681640625000e+03
1.438142211914062500e+03
1.431339965820312500e+03
1.429431884765625000e+03
1.430194458007812500e+03
1.427967407226562500e+03
1.430155639648437500e+03
1.428795532226562500e+03
1.431632812500000000e+03
1.431723266601562500e+03
1.430427978515625000e+03
1.425975708007812500e+03
1.428810668945312500e+03
1.426163818359375000e+03
1.426775146484375000e+03
1.434446166992187500e+03
1.434088867187500000e+03
1.435116577148437500e+03
1.435246826171875000e+03
1.436498291015625000e+03
1.437141357421875000e+03
1.439160766601562500e+03
1.439854003906250000e+03
1.441296386718750000e+03
1.443343994140625000e+03
1.441200927734375000e+03
1.437614257812500000e+03
1.438036987304687500e+03
1.440296142578125000e+03
1.439276123046875000e+03
1.437506225585937500e+03
1.438520996093750000e+03
1.436972534179687500e+03
1.437789672851562500e+03
1.442501342773437500e+03
1.440722167968750000e+03
1.441671875000000000e+03
1.443690673828125000e+03
1.444983520507812500e+03
1.445124389648437500e+03
1.444035644531250000e+03
1.442935913085937500e+03
1.447327270507812500e+03
1.447739868164062500e+03
1.448380859375000000e+03
1.447406616210937500e+03
1.449412109375000000e+03
1.449050415039062500e+03
1.446428466796875000e+03
1.447390380859375000e+03
1.448490234375000000e+03
1.451593627929687500e+03
1.453231689453125000e+03
1.453003906250000000e+03
1.450521850585937500e+03
1.450155029296875000e+03
1.450361450195312500e+03
1.453960693359375000e+03
1.454100463867187500e+03
1.454124633789062500e+03
1.445710937500000000e+03
1.447109619140625000e+03
1.445187377929687500e+03
1.443259033203125000e+03
1.444457641601562500e+03
1.437971191406250000e+03
1.435353881835937500e+03
1.436760620117187500e+03
1.438680053710937500e+03
1.437928833007812500e+03
1.440738403320312500e+03
1.442044189453125000e+03
1.444259277343750000e+03
1.445185058593750000e+03
1.444276977539062500e+03
1.444380249023437500e+03
1.444239135742187500e+03
1.444101318359375000e+03
1.453411865234375000e+03
1.452777587890625000e+03
1.451417724609375000e+03
1.452396118164062500e+03
1.452912963867187500e+03
1.450371948242187500e+03
1.450703979492187500e+03
1.453007934570312500e+03
1.452473266601562500e+03
1.460857543945312500e+03
1.459656494140625000e+03
1.460739868164062500e+03
1.459655517578125000e+03
1.459414794921875000e+03
1.459126464843750000e+03
1.457417480468750000e+03
1.459456298828125000e+03
1.459988037109375000e+03
1.455751708984375000e+03
1.456310424804687500e+03
1.455429931640625000e+03
1.456085205078125000e+03
1.457124877929687500e+03
1.456834960937500000e+03
1.457673339843750000e+03
1.458364257812500000e+03
1.458048217773437500e+03
1.457408935546875000e+03
1.455450805664062500e+03
1.456789550781250000e+03
1.456611816406250000e+03
1.456996948242187500e+03
1.454968627929687500e+03
1.454799560546875000e+03
1.455780151367187500e+03
1.455275024414062500e+03
1.452588989257812500e+03
1.456201904296875000e+03
1.457980957031250000e+03
1.457100341796875000e+03
1.457073974609375000e+03
1.454732788085937500e+03
1.456455078125000000e+03
1.455991821289062500e+03
1.457582275390625000e+03
1.475526123046875000e+03
1.472098999023437500e+03
1.474109130859375000e+03
1.476677490234375000e+03
1.476766113281250000e+03
1.477714355468750000e+03
1.480904907226562500e+03
1.476579223632812500e+03
1.478074584960937500e+03
1.476835937500000000e+03
1.477557983398437500e+03
1.478453125000000000e+03
1.480473388671875000e+03
1.481169799804687500e+03
1.481849121093750000e+03
1.482254150390625000e+03
1.481774047851562500e+03
1.482194091796875000e+03
1.476029418945312500e+03
1.475179565429687500e+03
1.475205200195312500e+03
1.476282836914062500e+03
1.475530151367187500e+03
1.475914916992187500e+03
1.475860351562500000e+03
1.475093261718750000e+03
1.475239868164062500e+03
1.473230346679687500e+03
1.475579589843750000e+03
1.477741699218750000e+03
1.477304687500000000e+03
1.478445556640625000e+03
1.476728637695312500e+03
1.479359741210937500e+03
1.480180175781250000e+03
1.479968383789062500e+03
1.476316040039062500e+03
1.474057983398437500e+03
1.474914916992187500e+03
1.475000000000000000e+03
1.474699829101562500e+03
1.475354370117187500e+03
1.475354248046875000e+03
1.475938110351562500e+03
1.476883300781250000e+03
1.478466430664062500e+03
1.476649414062500000e+03
1.474290161132812500e+03
1.477051635742187500e+03
1.475632812500000000e+03
1.477078979492187500e+03
1.478005981445312500e+03
1.474849243164062500e+03
1.475721191406250000e+03
1.476922363281250000e+03
1.478996459960937500e+03
1.474831054687500000e+03
1.479261230468750000e+03
1.479243286132812500e+03
1.477914794921875000e+03
1.475746459960937500e+03
1.481574829101562500e+03
1.481414184570312500e+03
1.485317260742187500e+03
1.485263183593750000e+03
1.485177856445312500e+03
1.484385375976562500e+03
1.485469604492187500e+03
1.485739868164062500e+03
1.482895019531250000e+03
1.484466796875000000e+03
1.485633300781250000e+03
1.481157348632812500e+03
1.483370361328125000e+03
1.485989379882812500e+03
1.486558715820312500e+03
1.485893798828125000e+03
1.486449829101562500e+03
1.487689697265625000e+03
1.483407714843750000e+03
1.484631835937500000e+03
1.491045410156250000e+03
1.492591674804687500e+03
1.490788818359375000e+03
1.490343139648437500e+03
1.490895141601562500e+03
1.492173217773437500e+03
1.493164916992187500e+03
1.492695922851562500e+03
1.493698364257812500e+03
1.490890380859375000e+03
1.493446044921875000e+03
1.497427734375000000e+03
1.497781860351562500e+03
1.498835327148437500e+03
1.504079223632812500e+03
1.506632080078125000e+03
1.506513549804687500e+03
1.507129882812500000e+03
1.507649291992187500e+03
1.509095825195312500e+03
1.509749267578125000e+03
1.507032104492187500e+03
1.506391601562500000e+03
1.508799194335937500e+03
1.506771606445312500e+03
1.507880371093750000e+03
1.503759277343750000e+03
1.503162353515625000e+03
1.503166870117187500e+03
1.503137817382812500e+03
1.503106445312500000e+03
1.503056884765625000e+03
1.494988037109375000e+03
1.492340454101562500e+03
1.493712158203125000e+03
1.495065063476562500e+03
1.498044799804687500e+03
1.497362426757812500e+03
1.499364013671875000e+03
1.499405639648437500e+03
1.500711303710937500e+03
1.501169677734375000e+03
1.503597656250000000e+03
1.507612304687500000e+03
1.506920166015625000e+03
1.509095947265625000e+03
1.512271972656250000e+03
1.513500854492187500e+03
1.513054321289062500e+03
1.512665649414062500e+03
1.513763793945312500e+03
1.513395019531250000e+03
1.512372314453125000e+03
1.511393554687500000e+03
1.517603881835937500e+03
1.518522338867187500e+03
1.518619506835937500e+03
1.518059448242187500e+03
1.517758056640625000e+03
1.511498046875000000e+03
1.508554321289062500e+03
1.510614624023437500e+03
1.510514526367187500e+03
1.512037597656250000e+03
1.515626708984375000e+03
1.515457885742187500e+03
1.517392333984375000e+03
1.517713256835937500e+03
1.514193481445312500e+03
1.515128906250000000e+03
1.513837768554687500e+03
1.512258666992187500e+03
1.513363281250000000e+03
1.514204467773437500e+03
1.513276245117187500e+03
1.513937011718750000e+03
1.513123535156250000e+03
1.510384033203125000e+03
1.509699096679687500e+03
1.510338378906250000e+03
1.511293823242187500e+03
1.512370117187500000e+03
1.512139770507812500e+03
1.512734375000000000e+03
1.512612915039062500e+03
1.514801513671875000e+03
1.514449096679687500e+03
1.514223388671875000e+03
1.517114013671875000e+03
1.518315185546875000e+03
1.515660888671875000e+03
1.517184936523437500e+03
1.517892700195312500e+03
1.518914916992187500e+03
1.517766723632812500e+03
1.518272094726562500e+03
1.517155273437500000e+03
1.516546630859375000e+03
1.517341552734375000e+03
1.530286987304687500e+03
1.527112426757812500e+03
1.525339721679687500e+03
1.526725341796875000e+03
1.527314575195312500e+03
1.528081787109375000e+03
1.528045288085937500e+03
1.530296264648437500e+03
1.530696533203125000e+03
1.530170654296875000e+03
1.529774658203125000e+03
1.528960815429687500e+03
1.525800781250000000e+03
1.527292358398437500e+03
1.526991943359375000e+03
1.527630004882812500e+03
1.529183227539062500e+03
1.529482543945312500e+03
1.531259277343750000e+03
1.528645751953125000e+03
1.528889892578125000e+03
1.527392211914062500e+03
1.527663330078125000e+03
1.531083862304687500e+03
1.533498901367187500e+03
1.532629760742187500e+03
1.532623779296875000e+03
1.531457031250000000e+03
1.533745239257812500e+03
1.535143676757812500e+03
1.535707641601562500e+03
1.535679809570312500e+03
1.534953491210937500e+03
1.535450439453125000e+03
1.535309448242187500e+03
1.536616333007812500e+03
1.535853027343750000e+03
1.536839599609375000e+03
1.537587402343750000e+03
1.537843750000000000e+03
1.538803710937500000e+03
1.538337890625000000e+03
1.538147338867187500e+03
1.537094726562500000e+03
1.536539062500000000e+03
1.539354614257812500e+03
1.540288085937500000e+03
1.539354614257812500e+03
1.538764282226562500e+03
1.538619750976562500e+03
1.538745239257812500e+03
1.539099365234375000e+03
1.538204956054687500e+03
1.538417602539062500e+03
1.544296997070312500e+03
1.543277832031250000e+03
1.543854614257812500e+03
1.543471801757812500e+03
1.542461914062500000e+03
1.540561035156250000e+03
1.535103027343750000e+03
1.534618896484375000e+03
1.534890502929687500e+03
1.534146484375000000e+03
1.535434570312500000e+03
1.537094970703125000e+03
1.536572753906250000e+03
1.537907348632812500e+03
1.536445800781250000e+03
1.538104980468750000e+03
1.540010620117187500e+03
1.540844238281250000e+03
1.542557006835937500e+03
1.542620117187500000e+03
1.541893920898437500e+03
1.542147949218750000e+03
1.541118652343750000e+03
1.541349365234375000e+03
1.541083740234375000e+03
1.541252441406250000e+03
1.540469238281250000e+03
1.528043701171875000e+03
1.526654052734375000e+03
1.528782836914062500e+03
1.528213500976562500e+03
1.527190551757812500e+03
1.530115356445312500e+03
1.530571655273437500e+03
1.532642700195312500e+03
1.532588745117187500e+03
1.537632446289062500e+03
1.536621826171875000e+03
1.538465454101562500e+03
1.538946044921875000e+03
1.538978637695312500e+03
1.540760986328125000e+03
1.540986083984375000e+03
1.540656494140625000e+03
1.540697998046875000e+03
1.538851928710937500e+03
1.538583374023437500e+03
1.537012451171875000e+03
1.535747314453125000e+03
1.538907470703125000e+03
1.539092895507812500e+03
1.537053100585937500e+03
1.532713745117187500e+03
1.533220214843750000e+03
1.541097900390625000e+03
1.541644897460937500e+03
1.539901977539062500e+03
1.541068481445312500e+03
1.542242431640625000e+03
1.530193847656250000e+03
1.532624023437500000e+03
1.536647460937500000e+03
1.536739379882812500e+03
1.540505371093750000e+03
1.536950683593750000e+03
1.535983764648437500e+03
1.534024536132812500e+03
1.533297729492187500e+03
1.537824584960937500e+03
1.535491943359375000e+03
1.528882446289062500e+03
1.531588134765625000e+03
1.542874267578125000e+03
1.543582763671875000e+03
1.542408203125000000e+03
1.541597656250000000e+03
1.542156494140625000e+03
1.535761962890625000e+03
1.537340942382812500e+03
1.531610595703125000e+03
1.533408081054687500e+03
1.537344604492187500e+03
1.538678955078125000e+03
1.538315917968750000e+03
1.538619018554687500e+03
1.541034423828125000e+03
1.542076782226562500e+03
1.542052246093750000e+03
1.535014038085937500e+03
1.533915039062500000e+03
1.518563720703125000e+03
1.518251098632812500e+03
1.516763793945312500e+03
1.517482666015625000e+03
1.522601196289062500e+03
1.521344726562500000e+03
1.516720336914062500e+03
1.514684692382812500e+03
1.516533813476562500e+03
1.518052246093750000e+03
1.519357788085937500e+03
1.520339721679687500e+03
1.519886840820312500e+03
1.518745239257812500e+03
1.520188232421875000e+03
1.517366210937500000e+03
1.512232666015625000e+03
1.513097167968750000e+03
1.514718383789062500e+03
1.514814453125000000e+03
1.514473266601562500e+03
1.515195434570312500e+03
1.515838134765625000e+03
1.512175048828125000e+03
1.512565795898437500e+03
1.515206665039062500e+03
1.516705322265625000e+03
1.505458862304687500e+03
1.502435180664062500e+03
1.510135864257812500e+03
1.509151123046875000e+03
1.510429565429687500e+03
1.512727905273437500e+03
1.512323608398437500e+03
1.512071411132812500e+03
1.511492919921875000e+03
1.513282714843750000e+03
1.515055541992187500e+03
1.517509887695312500e+03
1.517494384765625000e+03
1.518719238281250000e+03
1.519225830078125000e+03
1.518284057617187500e+03
1.518892944335937500e+03
1.517875122070312500e+03
1.523877441406250000e+03
1.525604614257812500e+03
1.526597290039062500e+03
1.529987670898437500e+03
1.527551635742187500e+03
1.527592285156250000e+03
1.527578002929687500e+03
1.532089843750000000e+03
1.532811645507812500e+03
1.537477539062500000e+03
1.535349487304687500e+03
1.535994140625000000e+03
1.536373413085937500e+03
1.536846801757812500e+03
1.535139648437500000e+03
1.533128784179687500e+03
1.529743041992187500e+03
1.529281616210937500e+03
1.527263671875000000e+03
1.528445556640625000e+03
1.526898071289062500e+03
1.523766845703125000e+03
1.526237915039062500e+03
1.519459472656250000e+03
1.513951416015625000e+03
1.518598632812500000e+03
1.520801391601562500e+03
1.528273925781250000e+03
1.527243896484375000e+03
1.528153564453125000e+03
1.527651000976562500e+03
1.528850952148437500e+03
1.529295410156250000e+03
1.533256713867187500e+03
1.533255493164062500e+03
1.533007690429687500e+03
1.536976440429687500e+03
1.536453247070312500e+03
1.535288574218750000e+03
1.535222534179687500e+03
1.534986450195312500e+03
1.534681030273437500e+03
1.533407714843750000e+03
1.534042602539062500e+03
1.533180053710937500e+03
1.529855224609375000e+03
1.527236694335937500e+03
1.527896850585937500e+03
1.530375244140625000e+03
1.529526489257812500e+03
1.526299072265625000e+03
1.525296386718750000e+03
1.523528686523437500e+03
1.519799072265625000e+03
1.512541992187500000e+03
1.510793579101562500e+03
1.510285644531250000e+03
1.512734985351562500e+03
1.513725219726562500e+03
1.514212768554687500e+03
1.515416137695312500e+03
1.514998168945312500e+03
1.513778198242187500e+03
1.517662475585937500e+03
1.519639160156250000e+03
1.520522827148437500e+03
1.519759155273437500e+03
1.518926147460937500e+03
1.523873046875000000e+03
1.523892089843750000e+03
1.519448852539062500e+03
1.519735717773437500e+03
1.523207031250000000e+03
1.526756469726562500e+03
1.529165161132812500e+03
1.531482788085937500e+03
1.532078491210937500e+03
1.530993774414062500e+03
1.529744995117187500e+03
1.529874267578125000e+03
1.529940551757812500e+03
1.533801147460937500e+03
1.536114501953125000e+03
1.536856079101562500e+03
1.536754516601562500e+03
1.535387695312500000e+03
1.537487060546875000e+03
1.536934082031250000e+03
1.538390136718750000e+03
1.539010009765625000e+03
1.542298706054687500e+03
1.542668579101562500e+03
1.543943847656250000e+03
1.543541992187500000e+03
1.542906005859375000e+03
1.540683837890625000e+03
1.542773315429687500e+03
1.543295166015625000e+03
1.542798706054687500e+03
1.542454589843750000e+03
1.542704833984375000e+03
1.542156738281250000e+03
1.543323730468750000e+03
1.544112670898437500e+03
1.544576782226562500e+03
1.545311401367187500e+03
1.545995361328125000e+03
1.545858154296875000e+03
1.549209228515625000e+03
1.549968017578125000e+03
1.550168945312500000e+03
1.549877929687500000e+03
1.549627685546875000e+03
1.549594482421875000e+03
1.549426025390625000e+03
1.548865722656250000e+03
1.548734008789062500e+03
1.548366943359375000e+03
1.548097167968750000e+03
1.548131835937500000e+03
1.548084960937500000e+03
1.548064331054687500e+03
1.547984619140625000e+03
1.548234985351562500e+03
1.548395385742187500e+03
1.548336914062500000e+03
1.548077270507812500e+03
1.548161010742187500e+03
1.548297851562500000e+03
1.548474609375000000e+03
1.548565551757812500e+03
1.548553344726562500e+03
1.548704223632812500e+03
1.548539794921875000e+03
1.548795043945312500e+03
1.549510253906250000e+03
1.549653442382812500e+03
1.549492431640625000e+03
1.549005004882812500e+03
1.548968017578125000e+03
1.549279541015625000e+03
1.549163452148437500e+03
1.549298706054687500e+03
1.549465087890625000e+03
1.549053955078125000e+03
1.548689208984375000e+03
1.548613281250000000e+03
1.549138061523437500e+03
1.549253784179687500e+03
1.549196166992187500e+03
1.548948486328125000e+03
1.549151000976562500e+03
1.548840942382812500e+03
1.547770874023437500e+03
1.547375732421875000e+03
1.547799804687500000e+03
1.547551879882812500e+03
1.547496093750000000e+03
1.547884887695312500e+03
1.548387084960937500e+03
1.548777221679687500e+03
1.548817138671875000e+03
1.549116821289062500e+03
1.548821655273437500e+03
1.549010253906250000e+03
1.549105468750000000e+03
1.549085693359375000e+03
1.549101806640625000e+03
1.548914428710937500e+03
1.549005981445312500e+03
1.548955078125000000e+03
1.546984497070312500e+03
1.546140991210937500e+03
1.544544067382812500e+03
1.545469604492187500e+03
1.546145019531250000e+03
1.545413818359375000e+03
1.545638183593750000e+03
1.547057739257812500e+03
1.547457031250000000e+03
1.546426391601562500e+03
1.546309692382812500e+03
1.546866577148437500e+03
1.546666748046875000e+03
1.546229370117187500e+03
1.546745483398437500e+03
1.546683959960937500e+03
1.546060058593750000e+03
1.546227661132812500e+03
1.548620605468750000e+03
1.547734008789062500e+03
1.548386108398437500e+03
1.548829223632812500e+03
1.549214233398437500e+03
1.549507446289062500e+03
1.547946899414062500e+03
1.546887573242187500e+03
1.547573364257812500e+03
1.544319946289062500e+03
1.545475341796875000e+03
1.545197265625000000e+03
1.545366699218750000e+03
1.545501953125000000e+03
1.545092651367187500e+03
1.545316406250000000e+03
1.547174804687500000e+03
1.547791870117187500e+03
1.547769531250000000e+03
1.548400634765625000e+03
1.548379028320312500e+03
1.548326049804687500e+03
1.548294433593750000e+03
1.548758178710937500e+03
1.548592651367187500e+03
1.549060913085937500e+03
1.549089355468750000e+03
1.548962280273437500e+03
1.549018920898437500e+03
1.548787353515625000e+03
1.548177856445312500e+03
1.547908447265625000e+03
1.547271850585937500e+03
1.546420043945312500e+03
1.546310913085937500e+03
1.546734375000000000e+03
1.544008056640625000e+03
1.544992675781250000e+03
1.543295532226562500e+03
1.542314819335937500e+03
1.541639160156250000e+03
1.537979003906250000e+03
1.539022338867187500e+03
1.538922973632812500e+03
1.538784667968750000e+03
1.538672973632812500e+03
1.539792480468750000e+03
1.538632690429687500e+03
1.539082275390625000e+03
1.539488281250000000e+03
1.539596191406250000e+03
1.540864990234375000e+03
1.540109741210937500e+03
1.540473754882812500e+03
1.539369750976562500e+03
1.540233520507812500e+03
1.540602294921875000e+03
1.540964599609375000e+03
1.540529296875000000e+03
1.542065185546875000e+03
1.542405517578125000e+03
1.540280517578125000e+03
1.539750122070312500e+03
1.544217407226562500e+03
1.546579589843750000e+03
1.545708251953125000e+03
1.546058227539062500e+03
1.546081542968750000e+03
1.547060791015625000e+03
1.545473754882812500e+03
1.542905273437500000e+03
1.543134033203125000e+03
1.537060424804687500e+03
1.532741455078125000e+03
1.531472045898437500e+03
1.532293212890625000e+03
1.536686645507812500e+03
1.537493408203125000e+03
1.535626098632812500e+03
1.532955688476562500e+03
1.532935302734375000e+03
1.539219482421875000e+03
1.538931640625000000e+03
1.540816894531250000e+03
1.542438110351562500e+03
1.543838989257812500e+03
1.546006103515625000e+03
1.544595458984375000e+03
1.544023681640625000e+03
1.544486083984375000e+03
1.547317749023437500e+03
1.547007934570312500e+03
1.547385864257812500e+03
1.547875244140625000e+03
1.547947021484375000e+03
1.546892456054687500e+03
1.547022338867187500e+03
1.547191040039062500e+03
