1.321957397460937500e+03
1.321439331054687500e+03
1.321628662109375000e+03
1.321084716796875000e+03
1.321253051757812500e+03
1.321034179687500000e+03
1.320065551757812500e+03
1.320350830078125000e+03
1.320286987304687500e+03
1.320776245117187500e+03
1.320188842773437500e+03
1.319805175781250000e+03
1.320005371093750000e+03
1.319805419921875000e+03
1.319616577148437500e+03
1.319855346679687500e+03
1.320077880859375000e+03
1.319936523437500000e+03
1.319077636718750000e+03
1.320015014648437500e+03
1.319854003906250000e+03
1.319983764648437500e+03
1.319938354492187500e+03
1.320430664062500000e+03
1.320920410156250000e+03
1.320577636718750000e+03
1.320819091796875000e+03
1.321734130859375000e+03
1.321446289062500000e+03
1.321801635742187500e+03
1.321720581054687500e+03
1.321458496093750000e+03
1.321756958007812500e+03
1.322209472656250000e+03
1.320772949218750000e+03
1.321267822265625000e+03
1.321142456054687500e+03
1.321064819335937500e+03
1.321421630859375000e+03
1.321395507812500000e+03
1.321504028320312500e+03
1.321319946289062500e+03
1.320831176757812500e+03
1.321331176757812500e+03
1.321305664062500000e+03
1.320712036132812500e+03
1.321259887695312500e+03
1.321165283203125000e+03
1.321462280273437500e+03
1.321449218750000000e+03
1.321517456054687500e+03
1.321477783203125000e+03
1.322012573242187500e+03
1.322001953125000000e+03
1.321153442382812500e+03
1.320587890625000000e+03
1.320975830078125000e+03
1.320908203125000000e+03
1.321006958007812500e+03
1.320832641601562500e+03
1.320845214843750000e+03
1.320995117187500000e+03
1.321239746093750000e+03
1.320118896484375000e+03
1.320510986328125000e+03
1.320288330078125000e+03
1.320467529296875000e+03
1.320834594726562500e+03
1.323931152343750000e+03
1.323614624023437500e+03
1.325628295898437500e+03
1.326378540039062500e+03
1.330099365234375000e+03
1.330124389648437500e+03
1.330587768554687500e+03
1.330242065429687500e+03
1.330108398437500000e+03
1.330205078125000000e+03
1.330092041015625000e+03
1.330984863281250000e+03
1.330972412109375000e+03
1.332164306640625000e+03
1.331508178710937500e+03
1.331527221679687500e+03
1.331695556640625000e+03
1.331971801757812500e+03
1.332398315429687500e+03
1.333193847656250000e+03
1.333293823242187500e+03
1.332193725585937500e+03
1.333840942382812500e+03
1.333933105468750000e+03
1.334309692382812500e+03
1.334538452148437500e+03
1.335302246093750000e+03
1.337673583984375000e+03
1.336306640625000000e+03
1.336429443359375000e+03
1.336646606445312500e+03
1.337205444335937500e+03
1.336592895507812500e+03
1.336923095703125000e+03
1.335961791992187500e+03
1.335574462890625000e+03
1.334862792968750000e+03
1.332820434570312500e+03
1.332078369140625000e+03
1.331951538085937500e+03
1.331577636718750000e+03
1.329727050781250000e+03
1.328552978515625000e+03
1.328218872070312500e+03
1.327026977539062500e+03
1.325819091796875000e+03
1.326456054687500000e+03
1.327188476562500000e+03
1.327657348632812500e+03
1.330212890625000000e+03
1.331306762695312500e+03
1.334105712890625000e+03
1.334277099609375000e+03
1.334727905273437500e+03
1.335361206054687500e+03
1.334324096679687500e+03
1.333054199218750000e+03
1.333635253906250000e+03
1.332059570312500000e+03
1.332024414062500000e+03
1.332137573242187500e+03
1.331559448242187500e+03
1.331897949218750000e+03
1.332346679687500000e+03
1.332565185546875000e+03
1.331958618164062500e+03
1.332134765625000000e+03
1.332230590820312500e+03
1.333917480468750000e+03
1.333055419921875000e+03
1.332487304687500000e+03
1.333207763671875000e+03
1.334119995117187500e+03
1.334922119140625000e+03
1.336472534179687500e+03
1.336903198242187500e+03
1.338663940429687500e+03
1.339568847656250000e+03
1.339192382812500000e+03
1.339499511718750000e+03
1.339843017578125000e+03
1.339162719726562500e+03
1.340312500000000000e+03
1.341250976562500000e+03
1.342644165039062500e+03
1.345144042968750000e+03
1.346706787109375000e+03
1.348796752929687500e+03
1.348811157226562500e+03
1.348434326171875000e+03
1.348239135742187500e+03
1.348612426757812500e+03
1.349690795898437500e+03
1.350476196289062500e+03
1.350161987304687500e+03
1.349916381835937500e+03
1.351587280273437500e+03
1.351856811523437500e+03
1.351874145507812500e+03
1.351098144531250000e+03
1.350537597656250000e+03
1.350020141601562500e+03
1.350661743164062500e+03
1.346761108398437500e+03
1.343750976562500000e+03
1.343029052734375000e+03
1.341447998046875000e+03
1.340984252929687500e+03
1.340689941406250000e+03
1.341300659179687500e+03
1.342645996093750000e+03
1.343014038085937500e+03
1.345165893554687500e+03
1.344086914062500000e+03
1.345416015625000000e+03
1.346238647460937500e+03
1.346593872070312500e+03
1.345571166992187500e+03
1.346472778320312500e+03
1.347112304687500000e+03
1.345604125976562500e+03
1.348302978515625000e+03
1.350946166992187500e+03
1.351915039062500000e+03
1.353441894531250000e+03
1.355246826171875000e+03
1.355389892578125000e+03
1.356853759765625000e+03
1.356707031250000000e+03
1.358099487304687500e+03
1.363023071289062500e+03
1.362905029296875000e+03
1.363900634765625000e+03
1.365908081054687500e+03
1.367536254882812500e+03
1.368229736328125000e+03
1.368357421875000000e+03
1.367767822265625000e+03
1.367361572265625000e+03
1.365102416992187500e+03
1.365476318359375000e+03
1.366338378906250000e+03
1.365721801757812500e+03
1.366720092773437500e+03
1.362755981445312500e+03
1.363752563476562500e+03
1.364169189453125000e+03
1.363855224609375000e+03
1.362944458007812500e+03
1.362146484375000000e+03
1.361313842773437500e+03
1.361385742187500000e+03
1.359706909179687500e+03
1.358960815429687500e+03
1.358364135742187500e+03
1.357860351562500000e+03
1.357480957031250000e+03
1.355742187500000000e+03
1.353519531250000000e+03
1.351473510742187500e+03
1.350499633789062500e+03
1.350444946289062500e+03
1.350106079101562500e+03
1.349253540039062500e+03
1.347608276367187500e+03
1.347536499023437500e+03
1.345606689453125000e+03
1.343543090820312500e+03
1.342057373046875000e+03
1.341718505859375000e+03
1.340396972656250000e+03
1.341464233398437500e+03
1.341553344726562500e+03
1.342592285156250000e+03
1.341747070312500000e+03
1.341441650390625000e+03
1.342069091796875000e+03
1.340744140625000000e+03
1.340329467773437500e+03
1.340659545898437500e+03
1.341465454101562500e+03
1.340401733398437500e+03
1.341570556640625000e+03
1.341141723632812500e+03
1.340398437500000000e+03
1.340643798828125000e+03
1.341730102539062500e+03
1.342314208984375000e+03
1.343702026367187500e+03
1.341659545898437500e+03
1.342536254882812500e+03
1.343067382812500000e+03
1.343673583984375000e+03
1.340782226562500000e+03
1.341895629882812500e+03
1.342625732421875000e+03
1.342208007812500000e+03
1.341169677734375000e+03
1.340219360351562500e+03
1.340336181640625000e+03
1.340311523437500000e+03
1.341103881835937500e+03
1.342162109375000000e+03
1.343791259765625000e+03
1.346051025390625000e+03
1.347609863281250000e+03
1.349311523437500000e+03
1.356363159179687500e+03
1.364643554687500000e+03
1.360456176757812500e+03
1.360557373046875000e+03
1.358621459960937500e+03
1.357289672851562500e+03
1.357418090820312500e+03
1.358376464843750000e+03
1.358016113281250000e+03
1.359179565429687500e+03
1.359433715820312500e+03
1.358510375976562500e+03
1.358873291015625000e+03
1.351958129882812500e+03
1.348683105468750000e+03
1.347276245117187500e+03
1.347200805664062500e+03
1.345652099609375000e+03
1.340427246093750000e+03
1.333298583984375000e+03
1.332080322265625000e+03
1.328888305664062500e+03
1.324972045898437500e+03
1.324119995117187500e+03
1.321790771484375000e+03
1.321936767578125000e+03
1.322500854492187500e+03
1.322182128906250000e+03
1.323333862304687500e+03
1.322678955078125000e+03
1.323338256835937500e+03
1.325075683593750000e+03
1.325106079101562500e+03
1.325682983398437500e+03
1.325581420898437500e+03
1.325726196289062500e+03
1.325466186523437500e+03
1.325239135742187500e+03
1.324821166992187500e+03
1.324853271484375000e+03
1.322674316406250000e+03
1.322768554687500000e+03
1.322895751953125000e+03
1.323057128906250000e+03
1.323360229492187500e+03
1.323439697265625000e+03
1.323215576171875000e+03
1.323821533203125000e+03
1.323191162109375000e+03
1.324881958007812500e+03
1.325739257812500000e+03
1.326002563476562500e+03
1.326874633789062500e+03
1.327029418945312500e+03
1.327436035156250000e+03
1.327535522460937500e+03
1.329674926757812500e+03
1.330126098632812500e+03
1.332346313476562500e+03
1.332072631835937500e+03
1.331806030273437500e+03
1.331928222656250000e+03
1.331615844726562500e+03
1.330647460937500000e+03
1.328322265625000000e+03
1.326706298828125000e+03
1.325969238281250000e+03
1.325894165039062500e+03
1.326065673828125000e+03
1.326281494140625000e+03
1.325653320312500000e+03
1.325651611328125000e+03
1.325165893554687500e+03
1.324507934570312500e+03
1.325532714843750000e+03
1.325281738281250000e+03
1.327406127929687500e+03
1.327797241210937500e+03
1.328528442382812500e+03
1.328877563476562500e+03
1.328940673828125000e+03
1.328514404296875000e+03
1.327899291992187500e+03
1.328019042968750000e+03
1.327793579101562500e+03
1.326906738281250000e+03
1.326949218750000000e+03
1.327361694335937500e+03
1.327770874023437500e+03
1.328080078125000000e+03
1.327357177734375000e+03
1.326785644531250000e+03
1.325290039062500000e+03
1.324909057617187500e+03
1.323864624023437500e+03
1.324555297851562500e+03
1.324819091796875000e+03
1.324739501953125000e+03
1.324936157226562500e+03
1.325860351562500000e+03
1.326677368164062500e+03
1.327657226562500000e+03
1.328184326171875000e+03
1.325994873046875000e+03
1.326112915039062500e+03
1.325707031250000000e+03
1.325323852539062500e+03
1.324880493164062500e+03
1.324676147460937500e+03
1.324055053710937500e+03
1.324100830078125000e+03
1.322868530273437500e+03
1.325478027343750000e+03
1.325885009765625000e+03
1.326387939453125000e+03
1.327433593750000000e+03
1.327311157226562500e+03
1.327451538085937500e+03
1.327912841796875000e+03
1.328231201171875000e+03
1.328869384765625000e+03
1.332975463867187500e+03
1.336538696289062500e+03
1.336950439453125000e+03
1.334655883789062500e+03
1.334459472656250000e+03
1.335338378906250000e+03
1.334444335937500000e+03
1.334568969726562500e+03
1.333464843750000000e+03
1.336656372070312500e+03
1.337626342773437500e+03
1.339489990234375000e+03
1.341874267578125000e+03
1.341454101562500000e+03
1.344059326171875000e+03
1.345513427734375000e+03
1.345841308593750000e+03
1.347675781250000000e+03
1.346385620117187500e+03
1.347133544921875000e+03
1.348585937500000000e+03
1.349692504882812500e+03
1.350217285156250000e+03
1.348727050781250000e+03
1.348938232421875000e+03
1.349215576171875000e+03
1.348537231445312500e+03
1.349106079101562500e+03
1.348770996093750000e+03
1.349154174804687500e+03
1.349746459960937500e+03
1.350278564453125000e+03
1.355158203125000000e+03
1.353597534179687500e+03
1.358761962890625000e+03
1.361886718750000000e+03
1.367121337890625000e+03
1.370326538085937500e+03
1.372870727539062500e+03
1.374833862304687500e+03
1.377050048828125000e+03
1.378010742187500000e+03
1.381906616210937500e+03
1.384907104492187500e+03
1.386066040039062500e+03
1.379944580078125000e+03
1.379289184570312500e+03
1.378989135742187500e+03
1.377902221679687500e+03
1.377623901367187500e+03
1.376766845703125000e+03
1.377649902343750000e+03
1.378290039062500000e+03
1.377528076171875000e+03
1.380967285156250000e+03
1.384370117187500000e+03
1.385038574218750000e+03
1.386539062500000000e+03
1.387186279296875000e+03
1.388925537109375000e+03
1.389607543945312500e+03
1.387678588867187500e+03
1.387435913085937500e+03
1.393250732421875000e+03
1.394637451171875000e+03
1.394412109375000000e+03
1.396357299804687500e+03
1.396939331054687500e+03
1.398566650390625000e+03
1.394618774414062500e+03
1.396295288085937500e+03
1.396553344726562500e+03
1.400482421875000000e+03
1.402934326171875000e+03
1.402256713867187500e+03
1.399858520507812500e+03
1.397515625000000000e+03
1.397645629882812500e+03
1.401177246093750000e+03
1.403047363281250000e+03
1.402263183593750000e+03
1.402281372070312500e+03
1.400855957031250000e+03
1.402630249023437500e+03
1.403527954101562500e+03
1.402835083007812500e+03
1.404098022460937500e+03
1.404122924804687500e+03
1.404364135742187500e+03
1.404550659179687500e+03
1.402207275390625000e+03
1.400964965820312500e+03
1.399496093750000000e+03
1.399757202148437500e+03
1.401119262695312500e+03
1.402310791015625000e+03
1.405857543945312500e+03
1.409143676757812500e+03
1.408039672851562500e+03
1.411048828125000000e+03
1.411065795898437500e+03
1.411115112304687500e+03
1.412262329101562500e+03
1.413079467773437500e+03
1.414154052734375000e+03
1.413673217773437500e+03
1.411704223632812500e+03
1.409234619140625000e+03
1.400332031250000000e+03
1.398594726562500000e+03
1.395225463867187500e+03
1.392387207031250000e+03
1.390126831054687500e+03
1.390216674804687500e+03
1.390995361328125000e+03
1.390610839843750000e+03
1.389739746093750000e+03
1.392875244140625000e+03
1.392962402343750000e+03
1.395337036132812500e+03
1.393765747070312500e+03
1.394411621093750000e+03
1.393145507812500000e+03
1.393995727539062500e+03
1.393546386718750000e+03
1.394019287109375000e+03
1.397509155273437500e+03
1.398004150390625000e+03
1.397464233398437500e+03
1.397341308593750000e+03
1.398851684570312500e+03
1.399953735351562500e+03
1.399811035156250000e+03
1.402563232421875000e+03
1.404416748046875000e+03
1.405565429687500000e+03
1.402955444335937500e+03
1.401113647460937500e+03
1.401404296875000000e+03
1.401298706054687500e+03
1.399550292968750000e+03
1.398603881835937500e+03
1.401952636718750000e+03
1.403094116210937500e+03
1.402240600585937500e+03
1.397943969726562500e+03
1.396613281250000000e+03
1.397883911132812500e+03
1.396658935546875000e+03
1.394413696289062500e+03
1.394070922851562500e+03
1.395826782226562500e+03
1.398365844726562500e+03
1.406433959960937500e+03
1.406542358398437500e+03
1.407499511718750000e+03
1.406127807617187500e+03
1.407767333984375000e+03
1.408932617187500000e+03
1.407019897460937500e+03
1.406256347656250000e+03
1.406861083984375000e+03
1.407642456054687500e+03
1.409498901367187500e+03
1.409197631835937500e+03
1.408252685546875000e+03
1.405647949218750000e+03
1.403950805664062500e+03
1.406429809570312500e+03
1.407199707031250000e+03
1.407332641601562500e+03
1.401427368164062500e+03
1.399059326171875000e+03
1.397836059570312500e+03
1.396364135742187500e+03
1.397909545898437500e+03
1.398148315429687500e+03
1.400705810546875000e+03
1.401963745117187500e+03
1.402841796875000000e+03
1.398866455078125000e+03
1.397007080078125000e+03
1.394211181640625000e+03
1.394693847656250000e+03
1.396735839843750000e+03
1.400136352539062500e+03
1.399117187500000000e+03
1.401359741210937500e+03
1.402924072265625000e+03
1.405871459960937500e+03
1.405263671875000000e+03
1.404363525390625000e+03
1.405289794921875000e+03
1.406829345703125000e+03
1.405601806640625000e+03
1.406404907226562500e+03
1.401635864257812500e+03
1.401710571289062500e+03
1.413202636718750000e+03
1.413160888671875000e+03
1.412569458007812500e+03
1.409726074218750000e+03
1.408265625000000000e+03
1.416089721679687500e+03
1.416878417968750000e+03
1.416696289062500000e+03
1.418416015625000000e+03
1.413718261718750000e+03
1.414841308593750000e+03
1.415908691406250000e+03
1.415730712890625000e+03
1.417529174804687500e+03
1.415296875000000000e+03
1.419270996093750000e+03
1.424122680664062500e+03
1.425838500976562500e+03
1.418337890625000000e+03
1.411432739257812500e+03
1.409202026367187500e+03
1.409347656250000000e+03
1.411405639648437500e+03
1.409746093750000000e+03
1.410845703125000000e+03
1.408984130859375000e+03
1.410588745117187500e+03
1.412130615234375000e+03
1.412493774414062500e+03
1.411849975585937500e+03
1.410729736328125000e+03
1.411802124023437500e+03
1.409379272460937500e+03
1.408167114257812500e+03
1.407905273437500000e+03
1.408860229492187500e+03
1.418511718750000000e+03
1.419871337890625000e+03
1.421072387695312500e+03
1.418894165039062500e+03
1.417960571289062500e+03
1.417609252929687500e+03
1.417081909179687500e+03
1.413319702148437500e+03
1.410740722656250000e+03
1.421135253906250000e+03
1.426211669921875000e+03
1.427773437500000000e+03
1.426443237304687500e+03
1.425524414062500000e+03
1.425916259765625000e+03
1.424466064453125000e+03
1.423038940429687500e+03
1.421800415039062500e+03
1.417994628906250000e+03
1.414464965820312500e+03
1.411395385742187500e+03
1.407213256835937500e+03
1.405884765625000000e+03
1.408395751953125000e+03
1.410791748046875000e+03
1.411085693359375000e+03
1.412697631835937500e+03
1.418070312500000000e+03
1.419861816406250000e+03
1.419866210937500000e+03
1.420784790039062500e+03
1.423180297851562500e+03
1.422994628906250000e+03
1.423521118164062500e+03
1.425834716796875000e+03
1.426936889648437500e+03
1.428930419921875000e+03
1.430458251953125000e+03
1.430939941406250000e+03
1.431363281250000000e+03
1.431305541992187500e+03
1.430140136718750000e+03
1.429576538085937500e+03
1.428959472656250000e+03
1.428772216796875000e+03
1.430273071289062500e+03
1.434427124023437500e+03
1.434642089843750000e+03
1.435556518554687500e+03
1.436757568359375000e+03
1.433930053710937500e+03
1.434276000976562500e+03
1.435805908203125000e+03
1.437995117187500000e+03
1.443515869140625000e+03
1.445329833984375000e+03
1.446114379882812500e+03
1.446122924804687500e+03
1.445598144531250000e+03
1.441069702148437500e+03
1.438308349609375000e+03
1.442204711914062500e+03
1.444506713867187500e+03
1.431978149414062500e+03
1.432197265625000000e+03
1.433259765625000000e+03
1.431350830078125000e+03
1.434845092773437500e+03
1.435511352539062500e+03
1.435955566406250000e+03
1.437247924804687500e+03
1.436498779296875000e+03
1.437262329101562500e+03
1.434321411132812500e+03
1.435301879882812500e+03
1.435479003906250000e+03
1.435432250976562500e+03
1.436398681640625000e+03
1.435629882812500000e+03
1.434563842773437500e+03
1.435212768554687500e+03
1.424370239257812500e+03
1.427287475585937500e+03
1.427161865234375000e+03
1.429172851562500000e+03
1.429715942382812500e+03
1.429194091796875000e+03
1.429415039062500000e+03
1.429164428710937500e+03
1.428779541015625000e+03
1.421362915039062500e+03
1.420532836914062500e+03
1.419612548828125000e+03
1.419275268554687500e+03
1.424622070312500000e+03
1.428111083984375000e+03
1.425606689453125000e+03
1.424819580078125000e+03
1.426170166015625000e+03
1.430526733398437500e+03
1.430114501953125000e+03
1.430097900390625000e+03
1.430698608398437500e+03
1.431995239257812500e+03
1.431420043945312500e+03
1.434525390625000000e+03
1.431804565429687500e+03
1.430109741210937500e+03
1.431698486328125000e+03
1.431751342773437500e+03
1.430552490234375000e+03
1.425843017578125000e+03
1.424270874023437500e+03
1.419615600585937500e+03
1.415378540039062500e+03
1.413145019531250000e+03
1.414275146484375000e+03
1.423016845703125000e+03
1.427500244140625000e+03
1.428609252929687500e+03
1.429050903320312500e+03
1.428829956054687500e+03
1.430953247070312500e+03
1.430014160156250000e+03
1.427636840820312500e+03
1.427546875000000000e+03
1.423421875000000000e+03
1.422887451171875000e+03
1.425651245117187500e+03
1.427010375976562500e+03
1.427677001953125000e+03
1.426353027343750000e+03
1.422912597656250000e+03
1.422961181640625000e+03
1.423308105468750000e+03
1.427326904296875000e+03
1.427344238281250000e+03
1.428665283203125000e+03
1.430848388671875000e+03
1.431142089843750000e+03
1.426036010742187500e+03
1.425376831054687500e+03
1.422905029296875000e+03
1.417039916992187500e+03
1.412655761718750000e+03
1.412380737304687500e+03
1.412417602539062500e+03
1.416033691406250000e+03
1.417809692382812500e+03
1.417553588867187500e+03
1.421769775390625000e+03
1.424816284179687500e+03
1.426005493164062500e+03
1.432399414062500000e+03
1.433013305664062500e+03
1.434894775390625000e+03
1.434765502929687500e+03
1.433606567382812500e+03
1.432221679687500000e+03
1.434604736328125000e+03
1.434865478515625000e+03
1.436362182617187500e+03
1.440378295898437500e+03
1.438379028320312500e+03
1.437848388671875000e+03
1.435012207031250000e+03
1.435622558593750000e+03
1.437197509765625000e+03
1.436324584960937500e+03
1.436678100585937500e+03
1.436391113281250000e+03
1.435816284179687500e+03
1.436587280273437500e+03
1.437038696289062500e+03
1.436422607421875000e+03
1.435334594726562500e+03
1.436119018554687500e+03
1.434247436523437500e+03
1.429327514648437500e+03
1.427447998046875000e+03
1.424626220703125000e+03
1.424317871093750000e+03
1.425603149414062500e+03
1.426707763671875000e+03
1.426040161132812500e+03
1.427548461914062500e+03
1.427354736328125000e+03
1.427806640625000000e+03
1.428025634765625000e+03
1.422404418945312500e+03
1.418247192382812500e+03
1.419709350585937500e+03
1.421801147460937500e+03
1.421061767578125000e+03
1.423217407226562500e+03
1.425872192382812500e+03
1.426295043945312500e+03
1.425481445312500000e+03
1.406677001953125000e+03
1.407613525390625000e+03
1.408220336914062500e+03
1.411520874023437500e+03
1.412570190429687500e+03
1.414020385742187500e+03
1.408269042968750000e+03
1.407698974609375000e+03
1.408447143554687500e+03
1.396600219726562500e+03
1.385303344726562500e+03
1.389195678710937500e+03
1.388229858398437500e+03
1.382702880859375000e+03
1.384912353515625000e+03
1.385107543945312500e+03
1.386172363281250000e+03
1.383664672851562500e+03
1.383731079101562500e+03
1.381344726562500000e+03
1.382039672851562500e+03
1.385862548828125000e+03
1.391995605468750000e+03
1.398767456054687500e+03
1.399497802734375000e+03
1.401439819335937500e+03
1.400669067382812500e+03
1.394040161132812500e+03
1.384107177734375000e+03
1.372494750976562500e+03
1.371970336914062500e+03
1.369047241210937500e+03
1.368813720703125000e+03
1.368469726562500000e+03
1.367140258789062500e+03
1.360942260742187500e+03
1.364960327148437500e+03
1.361514526367187500e+03
1.362546508789062500e+03
1.363526855468750000e+03
1.361989501953125000e+03
1.363956542968750000e+03
1.367947998046875000e+03
1.374625732421875000e+03
1.376362426757812500e+03
1.386038940429687500e+03
1.387041381835937500e+03
1.385948852539062500e+03
1.382746093750000000e+03
1.375515625000000000e+03
1.373650390625000000e+03
1.370672607421875000e+03
1.369394165039062500e+03
1.369132080078125000e+03
1.363750000000000000e+03
1.366000122070312500e+03
1.370014648437500000e+03
1.370354858398437500e+03
1.373341552734375000e+03
1.374814086914062500e+03
1.377769897460937500e+03
1.380709838867187500e+03
1.379764160156250000e+03
1.391361083984375000e+03
1.397676513671875000e+03
1.399755004882812500e+03
1.399872314453125000e+03
1.401241577148437500e+03
1.402246704101562500e+03
1.398019165039062500e+03
1.395947265625000000e+03
1.396450683593750000e+03
1.395677856445312500e+03
1.397033813476562500e+03
1.398664428710937500e+03
1.398956542968750000e+03
1.400347167968750000e+03
1.401365356445312500e+03
1.403721801757812500e+03
1.402657470703125000e+03
1.401634155273437500e+03
1.401557006835937500e+03
1.399451538085937500e+03
1.396133056640625000e+03
1.398182006835937500e+03
1.399434326171875000e+03
1.400485351562500000e+03
1.403456665039062500e+03
1.405493164062500000e+03
1.404635375976562500e+03
1.394786499023437500e+03
1.388072631835937500e+03
1.384402343750000000e+03
1.382765502929687500e+03
1.385535278320312500e+03
1.386585083007812500e+03
1.385927368164062500e+03
1.385936645507812500e+03
1.384825195312500000e+03
1.390369140625000000e+03
1.391855712890625000e+03
1.394016845703125000e+03
1.396403930664062500e+03
1.395902465820312500e+03
1.396223388671875000e+03
1.396171264648437500e+03
1.394256835937500000e+03
1.393697265625000000e+03
1.399256591796875000e+03
1.397581542968750000e+03
1.395298828125000000e+03
1.394232910156250000e+03
1.394229980468750000e+03
1.392590087890625000e+03
1.392375000000000000e+03
1.393423339843750000e+03
1.394379516601562500e+03
1.401797119140625000e+03
1.406207519531250000e+03
1.409344482421875000e+03
1.409093627929687500e+03
1.409309692382812500e+03
1.409804687500000000e+03
1.411659790039062500e+03
1.409866821289062500e+03
1.410394409179687500e+03
1.419453613281250000e+03
1.422646362304687500e+03
1.422863281250000000e+03
1.425574218750000000e+03
1.426085327148437500e+03
1.423000000000000000e+03
1.421675903320312500e+03
1.422287353515625000e+03
1.423445678710937500e+03
1.423922241210937500e+03
1.424465942382812500e+03
1.427219238281250000e+03
1.428442138671875000e+03
1.427916503906250000e+03
1.429359863281250000e+03
1.430736816406250000e+03
1.432966186523437500e+03
1.432570068359375000e+03
1.436337524414062500e+03
1.436131469726562500e+03
1.436096435546875000e+03
1.437169189453125000e+03
1.436609375000000000e+03
1.436166625976562500e+03
1.435775756835937500e+03
1.435206054687500000e+03
1.434079833984375000e+03
1.436999267578125000e+03
1.437802978515625000e+03
1.440464721679687500e+03
1.441779663085937500e+03
1.441503295898437500e+03
1.441273559570312500e+03
1.439886962890625000e+03
1.436689208984375000e+03
1.434215942382812500e+03
1.432066772460937500e+03
1.429781982421875000e+03
1.429172973632812500e+03
1.430459716796875000e+03
1.431290649414062500e+03
1.429806396484375000e+03
1.429284790039062500e+03
1.426954467773437500e+03
1.426655395507812500e+03
1.430029785156250000e+03
1.430528076171875000e+03
1.429945068359375000e+03
1.430507812500000000e+03
1.431534057617187500e+03
1.430445922851562500e+03
1.428135498046875000e+03
1.429588623046875000e+03
1.430046264648437500e+03
1.435765014648437500e+03
1.438329589843750000e+03
1.438659057617187500e+03
1.437460693359375000e+03
1.436269165039062500e+03
1.436719726562500000e+03
1.437894165039062500e+03
1.437421020507812500e+03
1.438097167968750000e+03
1.436543579101562500e+03
1.437631835937500000e+03
1.438339111328125000e+03
1.438316650390625000e+03
1.437819335937500000e+03
1.441756225585937500e+03
1.437233764648437500e+03
1.434553344726562500e+03
1.433322875976562500e+03
1.441390625000000000e+03
1.440602905273437500e+03
1.440803588867187500e+03
1.440564819335937500e+03
1.441544921875000000e+03
1.443042724609375000e+03
1.441650878906250000e+03
1.442893066406250000e+03
1.444527343750000000e+03
1.446970581054687500e+03
1.446080078125000000e+03
1.447274658203125000e+03
1.447102294921875000e+03
1.448120239257812500e+03
1.448223266601562500e+03
1.450286743164062500e+03
1.449131835937500000e+03
1.447988891601562500e+03
1.451292358398437500e+03
1.449663330078125000e+03
1.449223144531250000e+03
1.449775756835937500e+03
1.448604003906250000e+03
1.447278320312500000e+03
1.447628906250000000e+03
1.447017333984375000e+03
1.446399536132812500e+03
1.448673828125000000e+03
1.449972534179687500e+03
1.451917358398437500e+03
1.453367065429687500e+03
1.453159301757812500e+03
1.453734375000000000e+03
1.451842529296875000e+03
1.450583740234375000e+03
1.450529663085937500e+03
1.448534179687500000e+03
1.447421264648437500e+03
1.445901123046875000e+03
1.447716674804687500e+03
1.447993774414062500e+03
1.448238769531250000e+03
1.449157836914062500e+03
1.450416015625000000e+03
1.450422851562500000e+03
1.446967163085937500e+03
1.445918457031250000e+03
1.446041748046875000e+03
1.445918334960937500e+03
1.445896362304687500e+03
1.446269409179687500e+03
1.447232788085937500e+03
1.449300537109375000e+03
1.449044067382812500e+03
1.449088623046875000e+03
1.450975708007812500e+03
1.451155273437500000e+03
1.448608154296875000e+03
1.448653686523437500e+03
1.449646606445312500e+03
1.450683471679687500e+03
1.451443237304687500e+03
1.452424926757812500e+03
1.450901855468750000e+03
1.451080444335937500e+03
1.452423828125000000e+03
1.453414306640625000e+03
1.454508789062500000e+03
1.453628784179687500e+03
1.453827026367187500e+03
1.453327758789062500e+03
1.452748413085937500e+03
1.446435180664062500e+03
1.445803588867187500e+03
1.445224243164062500e+03
1.445331787109375000e+03
1.445633911132812500e+03
1.445359130859375000e+03
1.443839111328125000e+03
1.443672607421875000e+03
1.445126953125000000e+03
1.435653198242187500e+03
1.437177612304687500e+03
1.435813842773437500e+03
1.434188720703125000e+03
1.433263061523437500e+03
1.433430541992187500e+03
1.432485229492187500e+03
1.431554565429687500e+03
1.434132202148437500e+03
1.435642822265625000e+03
1.438269287109375000e+03
1.438530273437500000e+03
1.437852783203125000e+03
1.438213745117187500e+03
1.439735595703125000e+03
1.438333129882812500e+03
1.437010131835937500e+03
1.437374267578125000e+03
1.437419189453125000e+03
1.430081054687500000e+03
1.430708862304687500e+03
1.431042968750000000e+03
1.432384277343750000e+03
1.434344604492187500e+03
1.436685424804687500e+03
1.439255737304687500e+03
1.440191528320312500e+03
1.440283935546875000e+03
1.438506469726562500e+03
1.439486328125000000e+03
1.439125732421875000e+03
1.439206054687500000e+03
1.437020751953125000e+03
1.433204711914062500e+03
1.426167114257812500e+03
1.423480346679687500e+03
1.429110473632812500e+03
1.428495971679687500e+03
1.429258056640625000e+03
1.429096069335937500e+03
1.429035278320312500e+03
1.426844848632812500e+03
1.426555297851562500e+03
1.427002563476562500e+03
1.426117919921875000e+03
1.425237182617187500e+03
1.423588378906250000e+03
1.421447387695312500e+03
1.419115966796875000e+03
1.418193115234375000e+03
1.420106079101562500e+03
1.422424438476562500e+03
1.421608642578125000e+03
1.422554687500000000e+03
1.428534912109375000e+03
1.429445922851562500e+03
1.428538818359375000e+03
1.430024047851562500e+03
1.431080200195312500e+03
1.432423095703125000e+03
1.434132080078125000e+03
1.437475219726562500e+03
1.438259155273437500e+03
1.441434570312500000e+03
1.440888671875000000e+03
1.441703491210937500e+03
1.442428344726562500e+03
1.443459716796875000e+03
1.443693969726562500e+03
1.440889404296875000e+03
1.441006103515625000e+03
1.441569824218750000e+03
1.436317993164062500e+03
1.433586547851562500e+03
1.431578735351562500e+03
1.430155761718750000e+03
1.428851806640625000e+03
1.428406127929687500e+03
1.430914184570312500e+03
1.431789794921875000e+03
1.432131591796875000e+03
1.431820922851562500e+03
1.431469360351562500e+03
1.431778686523437500e+03
1.432051147460937500e+03
1.431776611328125000e+03
1.435076293945312500e+03
1.431048950195312500e+03
1.428950683593750000e+03
1.429401611328125000e+03
1.437477783203125000e+03
1.437321166992187500e+03
1.436909667968750000e+03
1.436923828125000000e+03
1.433558837890625000e+03
1.430080444335937500e+03
1.426156127929687500e+03
1.428598754882812500e+03
1.430979858398437500e+03
1.436247314453125000e+03
1.440252319335937500e+03
1.439961791992187500e+03
1.439199340820312500e+03
1.437606323242187500e+03
1.435857666015625000e+03
1.436052734375000000e+03
1.435353393554687500e+03
1.435718750000000000e+03
1.440627319335937500e+03
1.440298095703125000e+03
1.441526489257812500e+03
1.442171752929687500e+03
1.441312988281250000e+03
1.437878417968750000e+03
1.436008056640625000e+03
1.437011718750000000e+03
1.438149291992187500e+03
1.438516601562500000e+03
1.438974121093750000e+03
1.438661376953125000e+03
1.438937622070312500e+03
1.438223022460937500e+03
1.437994140625000000e+03
1.435708496093750000e+03
1.435094116210937500e+03
1.436333496093750000e+03
1.432706298828125000e+03
1.434790527343750000e+03
1.435349609375000000e+03
1.435127319335937500e+03
1.435807861328125000e+03
1.437115234375000000e+03
1.436354125976562500e+03
1.435778686523437500e+03
1.435742187500000000e+03
1.442679321289062500e+03
1.445236816406250000e+03
1.444941772460937500e+03
1.446283203125000000e+03
1.445791870117187500e+03
1.444030517578125000e+03
1.441588989257812500e+03
1.442325195312500000e+03
1.443753295898437500e+03
1.447914794921875000e+03
1.450891235351562500e+03
1.451302734375000000e+03
1.450320678710937500e+03
1.451216308593750000e+03
1.451619262695312500e+03
1.452435913085937500e+03
1.452451049804687500e+03
1.450606445312500000e+03
1.447813964843750000e+03
1.448355590820312500e+03
1.447597656250000000e+03
1.445816406250000000e+03
1.445271484375000000e+03
1.445110961914062500e+03
1.445448608398437500e+03
1.445376953125000000e+03
1.446609619140625000e+03
1.442860839843750000e+03
1.439948730468750000e+03
1.439366821289062500e+03
1.441178833007812500e+03
1.439865966796875000e+03
1.439320556640625000e+03
1.437752319335937500e+03
1.436937866210937500e+03
1.436699951171875000e+03
1.421732299804687500e+03
1.420883789062500000e+03
1.418653076171875000e+03
1.416282592773437500e+03
1.415989135742187500e+03
1.415939453125000000e+03
1.414400512695312500e+03
1.415452758789062500e+03
1.416188110351562500e+03
1.415644287109375000e+03
1.417540771484375000e+03
1.418798339843750000e+03
1.418168090820312500e+03
1.417375732421875000e+03
1.418687255859375000e+03
1.415783691406250000e+03
1.415104980468750000e+03
1.415616333007812500e+03
1.415710449218750000e+03
1.415623291015625000e+03
1.413541381835937500e+03
1.416256103515625000e+03
1.418987060546875000e+03
1.420250610351562500e+03
1.424021484375000000e+03
1.430236572265625000e+03
1.430735717773437500e+03
1.430834472656250000e+03
1.429476440429687500e+03
1.427953857421875000e+03
1.426753051757812500e+03
1.426170410156250000e+03
1.424500854492187500e+03
1.424144531250000000e+03
1.424456909179687500e+03
1.424379760742187500e+03
1.421544921875000000e+03
1.422587524414062500e+03
1.424059936523437500e+03
1.423416870117187500e+03
1.422963745117187500e+03
1.422328979492187500e+03
1.417351074218750000e+03
1.412997558593750000e+03
1.410793334960937500e+03
1.404802246093750000e+03
1.405464599609375000e+03
1.404073608398437500e+03
1.404359130859375000e+03
1.403963012695312500e+03
1.401864990234375000e+03
1.400175292968750000e+03
1.395634765625000000e+03
1.394051391601562500e+03
1.401584960937500000e+03
1.405718383789062500e+03
1.404987182617187500e+03
1.403876831054687500e+03
1.401974365234375000e+03
1.398843017578125000e+03
1.397719848632812500e+03
1.402086669921875000e+03
1.403395385742187500e+03
1.411807861328125000e+03
1.415087158203125000e+03
1.417759643554687500e+03
1.418840576171875000e+03
1.418004760742187500e+03
1.419352783203125000e+03
1.420823730468750000e+03
1.422071777343750000e+03
1.424066040039062500e+03
1.424415527343750000e+03
1.423657958984375000e+03
1.422373535156250000e+03
1.422860595703125000e+03
1.423017211914062500e+03
1.422878784179687500e+03
1.420264038085937500e+03
1.416402343750000000e+03
1.415010620117187500e+03
1.412301757812500000e+03
1.410321899414062500e+03
1.409356567382812500e+03
1.408993530273437500e+03
1.409443969726562500e+03
1.410396606445312500e+03
1.412390747070312500e+03
1.415387329101562500e+03
1.416563110351562500e+03
1.413731079101562500e+03
1.413521728515625000e+03
1.412879394531250000e+03
1.414841308593750000e+03
1.417295166015625000e+03
1.417129760742187500e+03
1.418870605468750000e+03
1.416845825195312500e+03
1.417372436523437500e+03
1.415129516601562500e+03
1.417194824218750000e+03
1.418244018554687500e+03
1.419201782226562500e+03
1.419959106445312500e+03
1.420072387695312500e+03
1.418044311523437500e+03
1.419265014648437500e+03
1.419705444335937500e+03
1.419697998046875000e+03
1.419828002929687500e+03
1.418239501953125000e+03
1.416536254882812500e+03
1.416234375000000000e+03
1.415788452148437500e+03
1.418443969726562500e+03
1.419526489257812500e+03
1.418311035156250000e+03
1.423496948242187500e+03
1.426251831054687500e+03
1.426040893554687500e+03
1.424031616210937500e+03
1.424370971679687500e+03
1.424091064453125000e+03
1.424393432617187500e+03
1.423359252929687500e+03
1.422780639648437500e+03
1.428004394531250000e+03
1.427667724609375000e+03
1.424891357421875000e+03
1.423703735351562500e+03
1.423622924804687500e+03
1.428147827148437500e+03
1.430602783203125000e+03
1.432340698242187500e+03
1.433451904296875000e+03
1.434701416015625000e+03
1.438487915039062500e+03
1.439238647460937500e+03
1.440759765625000000e+03
1.439778930664062500e+03
1.438565185546875000e+03
1.438560546875000000e+03
1.437788818359375000e+03
1.438216796875000000e+03
1.436075317382812500e+03
1.435197875976562500e+03
1.434223266601562500e+03
1.432895385742187500e+03
1.432230590820312500e+03
1.430796630859375000e+03
1.432427856445312500e+03
1.434254882812500000e+03
1.435457519531250000e+03
1.439573730468750000e+03
1.442432983398437500e+03
1.441742309570312500e+03
1.442787841796875000e+03
1.444116333007812500e+03
1.446829223632812500e+03
1.445102294921875000e+03
1.446308837890625000e+03
1.446534545898437500e+03
1.438656494140625000e+03
1.437005981445312500e+03
1.439206176757812500e+03
1.438087768554687500e+03
1.437698974609375000e+03
1.437163085937500000e+03
1.435541625976562500e+03
1.433231323242187500e+03
1.432700439453125000e+03
1.432121826171875000e+03
1.428766967773437500e+03
1.428163330078125000e+03
1.428855468750000000e+03
1.429846557617187500e+03
1.431295288085937500e+03
1.430805664062500000e+03
1.427594848632812500e+03
1.426412963867187500e+03
1.424786376953125000e+03
1.425659790039062500e+03
1.427013427734375000e+03
1.426478393554687500e+03
1.425267578125000000e+03
1.422838745117187500e+03
1.422017578125000000e+03
1.422786376953125000e+03
1.422128295898437500e+03
1.410014648437500000e+03
1.410146606445312500e+03
1.411027832031250000e+03
1.409500610351562500e+03
1.411782714843750000e+03
1.413390502929687500e+03
1.414083740234375000e+03
1.416192504882812500e+03
1.416381103515625000e+03
1.411301269531250000e+03
1.413002563476562500e+03
1.413731811523437500e+03
1.412916992187500000e+03
1.412766357421875000e+03
1.406939086914062500e+03
1.406828491210937500e+03
1.410068725585937500e+03
1.408286132812500000e+03
1.405891967773437500e+03
1.402175415039062500e+03
1.407185913085937500e+03
1.408587646484375000e+03
1.410142333984375000e+03
1.410268554687500000e+03
1.414112060546875000e+03
1.413802856445312500e+03
1.412772094726562500e+03
1.417397827148437500e+03
1.415311645507812500e+03
1.412596313476562500e+03
1.413287475585937500e+03
1.410541870117187500e+03
1.410312866210937500e+03
1.411616333007812500e+03
1.416166748046875000e+03
1.417495849609375000e+03
1.423032714843750000e+03
1.424166625976562500e+03
1.425591308593750000e+03
1.426855834960937500e+03
1.425953613281250000e+03
1.425916870117187500e+03
1.425444824218750000e+03
1.427223388671875000e+03
1.428579711914062500e+03
1.428549682617187500e+03
1.431334716796875000e+03
1.432194091796875000e+03
1.434167968750000000e+03
1.433295776367187500e+03
1.433328857421875000e+03
1.432566650390625000e+03
1.431547119140625000e+03
1.431518676757812500e+03
1.435121459960937500e+03
1.436597656250000000e+03
1.439842895507812500e+03
1.441527221679687500e+03
1.440929809570312500e+03
1.442303100585937500e+03
1.443665771484375000e+03
1.444144409179687500e+03
1.443729248046875000e+03
1.446872436523437500e+03
1.447983154296875000e+03
1.448071777343750000e+03
1.448765625000000000e+03
1.448241333007812500e+03
1.446834472656250000e+03
1.445474121093750000e+03
1.445526000976562500e+03
1.444779296875000000e+03
1.446660400390625000e+03
1.447109497070312500e+03
1.446669433593750000e+03
1.445798339843750000e+03
1.446042480468750000e+03
1.446016113281250000e+03
1.445932250976562500e+03
1.444762939453125000e+03
1.444503906250000000e+03
1.439186889648437500e+03
1.438289306640625000e+03
1.436586303710937500e+03
1.437008056640625000e+03
1.436755493164062500e+03
1.435073608398437500e+03
1.433591430664062500e+03
1.432888549804687500e+03
1.433138671875000000e+03
1.422337524414062500e+03
1.417413452148437500e+03
1.416946899414062500e+03
1.415183715820312500e+03
1.414908691406250000e+03
1.410606689453125000e+03
1.406567016601562500e+03
1.401666625976562500e+03
1.399955078125000000e+03
1.398914794921875000e+03
1.399335327148437500e+03
1.402591552734375000e+03
1.404910034179687500e+03
1.405994506835937500e+03
1.408083374023437500e+03
1.407721069335937500e+03
1.408023559570312500e+03
1.407544067382812500e+03
1.406339721679687500e+03
1.410289550781250000e+03
1.411072265625000000e+03
1.411789916992187500e+03
1.413706542968750000e+03
1.414491088867187500e+03
1.413538330078125000e+03
1.412551635742187500e+03
1.411475219726562500e+03
1.415773681640625000e+03
1.414737915039062500e+03
1.418202636718750000e+03
1.419240478515625000e+03
1.420865478515625000e+03
1.423829345703125000e+03
1.422924438476562500e+03
1.420892944335937500e+03
1.421436279296875000e+03
1.427757690429687500e+03
1.430892211914062500e+03
1.432366455078125000e+03
1.431711791992187500e+03
1.433274047851562500e+03
1.436155395507812500e+03
1.437932739257812500e+03
1.440737792968750000e+03
1.441460571289062500e+03
1.444236450195312500e+03
1.446454833984375000e+03
1.447774780273437500e+03
1.448985839843750000e+03
1.450262451171875000e+03
1.450561889648437500e+03
1.452104980468750000e+03
1.450392456054687500e+03
1.448968139648437500e+03
1.449967041015625000e+03
1.451472656250000000e+03
1.450616577148437500e+03
1.451483276367187500e+03
1.452048828125000000e+03
1.453220825195312500e+03
1.452028686523437500e+03
1.449251586914062500e+03
1.449330688476562500e+03
1.443887207031250000e+03
1.441782470703125000e+03
1.438810791015625000e+03
1.438764404296875000e+03
1.438006225585937500e+03
1.438208618164062500e+03
1.438605957031250000e+03
1.439272216796875000e+03
1.438742675781250000e+03
1.439983276367187500e+03
1.440399780273437500e+03
1.440989257812500000e+03
1.439836669921875000e+03
1.438581665039062500e+03
1.437970703125000000e+03
1.439796752929687500e+03
1.443663330078125000e+03
1.444183105468750000e+03
1.447140380859375000e+03
1.449029663085937500e+03
1.449178466796875000e+03
1.448756835937500000e+03
1.448294067382812500e+03
1.446240478515625000e+03
1.447543701171875000e+03
1.446610717773437500e+03
1.446589843750000000e+03
1.444590576171875000e+03
1.446946533203125000e+03
1.446195312500000000e+03
1.446793701171875000e+03
1.446820678710937500e+03
1.446412841796875000e+03
1.449153198242187500e+03
1.448519409179687500e+03
1.449461914062500000e+03
1.449536010742187500e+03
1.451121948242187500e+03
1.451197021484375000e+03
1.451785278320312500e+03
1.450492797851562500e+03
1.453373901367187500e+03
1.452335815429687500e+03
1.453380371093750000e+03
1.454299072265625000e+03
1.451584594726562500e+03
1.452126098632812500e+03
1.453173706054687500e+03
1.451635253906250000e+03
1.450276855468750000e+03
1.450000976562500000e+03
1.450539428710937500e+03
1.452409545898437500e+03
1.454007568359375000e+03
1.455902832031250000e+03
1.457326416015625000e+03
1.458589599609375000e+03
1.458509399414062500e+03
1.458917724609375000e+03
1.457545410156250000e+03
1.456427368164062500e+03
1.456836669921875000e+03
1.456148315429687500e+03
1.450124023437500000e+03
1.445746215820312500e+03
1.442711914062500000e+03
1.439270019531250000e+03
1.437872314453125000e+03
1.436099853515625000e+03
1.438290039062500000e+03
1.441008178710937500e+03
1.443018066406250000e+03
1.452950927734375000e+03
1.458799072265625000e+03
1.458835937500000000e+03
1.458633911132812500e+03
1.461083618164062500e+03
1.463694458007812500e+03
1.465488769531250000e+03
1.465265991210937500e+03
1.466070556640625000e+03
1.461274414062500000e+03
1.459352416992187500e+03
1.460912963867187500e+03
1.460646362304687500e+03
1.461662841796875000e+03
1.463640136718750000e+03
1.463771972656250000e+03
1.464484130859375000e+03
1.466087890625000000e+03
1.463993164062500000e+03
1.465581298828125000e+03
1.466844848632812500e+03
1.467357177734375000e+03
1.467857299804687500e+03
1.468660400390625000e+03
1.467521118164062500e+03
1.467121337890625000e+03
1.467377441406250000e+03
1.463938842773437500e+03
1.461193237304687500e+03
1.457950683593750000e+03
1.459273803710937500e+03
1.458717895507812500e+03
1.458297607421875000e+03
1.459005249023437500e+03
1.456756713867187500e+03
1.454364624023437500e+03
1.442864013671875000e+03
1.437788452148437500e+03
1.439704467773437500e+03
1.445259277343750000e+03
1.447376342773437500e+03
1.444370971679687500e+03
1.442911499023437500e+03
1.436668090820312500e+03
1.435680419921875000e+03
1.426287475585937500e+03
1.426178466796875000e+03
1.428788696289062500e+03
1.429885864257812500e+03
1.430428100585937500e+03
1.430000976562500000e+03
1.429885498046875000e+03
1.428943237304687500e+03
1.430016967773437500e+03
1.436151611328125000e+03
1.437707763671875000e+03
1.438212280273437500e+03
1.435051513671875000e+03
1.431342285156250000e+03
1.432264892578125000e+03
1.434864990234375000e+03
1.438661376953125000e+03
1.439820800781250000e+03
1.439298095703125000e+03
1.434647949218750000e+03
1.434997558593750000e+03
1.433263183593750000e+03
1.436334594726562500e+03
1.439267211914062500e+03
1.436692626953125000e+03
1.437539672851562500e+03
1.438394531250000000e+03
1.435154174804687500e+03
1.433163330078125000e+03
1.428031616210937500e+03
1.424372558593750000e+03
1.423078369140625000e+03
1.423844116210937500e+03
1.424706909179687500e+03
1.426148071289062500e+03
1.427468383789062500e+03
1.440135253906250000e+03
1.444562866210937500e+03
1.444413452148437500e+03
1.443567382812500000e+03
1.442192626953125000e+03
1.438875122070312500e+03
1.439616455078125000e+03
1.439585205078125000e+03
1.436952636718750000e+03
1.446011962890625000e+03
1.446476196289062500e+03
1.444733764648437500e+03
1.444744018554687500e+03
1.444361938476562500e+03
1.446323852539062500e+03
1.451274902343750000e+03
1.451532958984375000e+03
1.450267333984375000e+03
1.443737670898437500e+03
1.438952148437500000e+03
1.439390380859375000e+03
1.439619873046875000e+03
1.438564453125000000e+03
1.433225097656250000e+03
1.433561035156250000e+03
1.435087402343750000e+03
1.434453369140625000e+03
1.436501220703125000e+03
1.436579589843750000e+03
1.436450073242187500e+03
1.436468139648437500e+03
1.434762084960937500e+03
1.432861206054687500e+03
1.430944824218750000e+03
1.433845947265625000e+03
1.433962402343750000e+03
1.430012939453125000e+03
1.427457153320312500e+03
1.426416992187500000e+03
1.423671386718750000e+03
1.423428588867187500e+03
1.425925781250000000e+03
1.427256835937500000e+03
1.423744995117187500e+03
1.424769775390625000e+03
1.425100585937500000e+03
1.426269775390625000e+03
1.423254760742187500e+03
1.422280029296875000e+03
1.423025390625000000e+03
1.421614624023437500e+03
1.421985473632812500e+03
1.422347167968750000e+03
1.421845336914062500e+03
1.416316772460937500e+03
1.417107910156250000e+03
1.417677246093750000e+03
1.419072509765625000e+03
1.418797241210937500e+03
1.417248046875000000e+03
1.411978759765625000e+03
1.409686279296875000e+03
1.407793457031250000e+03
1.400997192382812500e+03
1.401066406250000000e+03
1.400674316406250000e+03
1.401083496093750000e+03
1.398568481445312500e+03
1.396273071289062500e+03
1.395985961914062500e+03
1.400878662109375000e+03
1.403877319335937500e+03
1.412283569335937500e+03
1.414719482421875000e+03
1.417473999023437500e+03
1.417166015625000000e+03
1.417321777343750000e+03
1.414317260742187500e+03
1.411027465820312500e+03
1.408405395507812500e+03
1.407349975585937500e+03
1.417540405273437500e+03
1.420234741210937500e+03
1.421890136718750000e+03
1.422698730468750000e+03
1.422978515625000000e+03
1.422238281250000000e+03
1.417860107421875000e+03
1.417143798828125000e+03
1.416528808593750000e+03
1.419691284179687500e+03
1.420207275390625000e+03
1.420730834960937500e+03
1.416908691406250000e+03
1.415361694335937500e+03
1.414271606445312500e+03
1.414088012695312500e+03
1.416984130859375000e+03
1.417536010742187500e+03
1.426108642578125000e+03
1.424759033203125000e+03
1.421133056640625000e+03
1.421904174804687500e+03
1.420351440429687500e+03
1.417629638671875000e+03
1.416559570312500000e+03
1.411932006835937500e+03
1.410021362304687500e+03
1.411348632812500000e+03
1.415023315429687500e+03
1.415415771484375000e+03
1.416810791015625000e+03
1.417232910156250000e+03
1.419013916015625000e+03
1.416019042968750000e+03
1.411514404296875000e+03
1.411451782226562500e+03
1.419752319335937500e+03
1.420439941406250000e+03
1.419284790039062500e+03
1.418121704101562500e+03
1.420124145507812500e+03
1.423156860351562500e+03
1.427178710937500000e+03
1.427357666015625000e+03
1.427389892578125000e+03
1.429141967773437500e+03
1.428919799804687500e+03
1.431648803710937500e+03
1.431282226562500000e+03
1.430565185546875000e+03
1.429385498046875000e+03
1.431538696289062500e+03
1.433795288085937500e+03
1.434673828125000000e+03
1.437057861328125000e+03
1.432414184570312500e+03
1.428379516601562500e+03
1.430529541015625000e+03
1.431614624023437500e+03
1.434522460937500000e+03
1.434846557617187500e+03
1.433164916992187500e+03
1.432780029296875000e+03
1.434829589843750000e+03
1.435083984375000000e+03
1.433116943359375000e+03
1.433043334960937500e+03
1.434674316406250000e+03
1.435743041992187500e+03
1.434599121093750000e+03
1.432336181640625000e+03
1.429544555664062500e+03
1.430281494140625000e+03
1.429925048828125000e+03
1.430826904296875000e+03
1.430805664062500000e+03
1.430970458984375000e+03
1.431510375976562500e+03
1.429094238281250000e+03
1.427639038085937500e+03
1.426616943359375000e+03
1.434229736328125000e+03
1.436247924804687500e+03
1.434968383789062500e+03
1.434440795898437500e+03
1.432990234375000000e+03
1.430693847656250000e+03
1.430023559570312500e+03
1.425082763671875000e+03
1.424263793945312500e+03
1.416647338867187500e+03
1.416084716796875000e+03
1.419731567382812500e+03
1.421506103515625000e+03
1.423755493164062500e+03
1.425015136718750000e+03
1.424824829101562500e+03
1.422811279296875000e+03
1.423008056640625000e+03
1.415373657226562500e+03
1.415094116210937500e+03
1.415306884765625000e+03
1.415273925781250000e+03
1.413148315429687500e+03
1.413647949218750000e+03
1.417328002929687500e+03
1.415021606445312500e+03
1.414464355468750000e+03
1.411737915039062500e+03
1.413285278320312500e+03
1.414913940429687500e+03
1.413828491210937500e+03
1.411361450195312500e+03
1.409444946289062500e+03
1.410942382812500000e+03
1.408689086914062500e+03
1.408701904296875000e+03
1.412324462890625000e+03
1.405376953125000000e+03
1.401785278320312500e+03
1.406625854492187500e+03
1.407508666992187500e+03
1.410211669921875000e+03
1.411208251953125000e+03
1.413289794921875000e+03
1.414440429687500000e+03
1.422145507812500000e+03
1.419027587890625000e+03
1.419564941406250000e+03
1.419822875976562500e+03
1.417612426757812500e+03
1.418380249023437500e+03
1.418057250976562500e+03
1.419520629882812500e+03
1.418607543945312500e+03
1.417131591796875000e+03
1.414913452148437500e+03
1.414303100585937500e+03
1.416183349609375000e+03
1.413492187500000000e+03
1.415010986328125000e+03
1.415346679687500000e+03
1.414516601562500000e+03
1.414451293945312500e+03
1.410864013671875000e+03
1.407865844726562500e+03
1.408597656250000000e+03
1.406232177734375000e+03
1.407093139648437500e+03
1.408865722656250000e+03
1.410838623046875000e+03
1.410329101562500000e+03
1.410611206054687500e+03
1.390651733398437500e+03
1.405445312500000000e+03
1.412962524414062500e+03
1.416406738281250000e+03
1.413380249023437500e+03
1.419752807617187500e+03
1.424136718750000000e+03
1.427442260742187500e+03
1.428968017578125000e+03
1.437053100585937500e+03
1.438419189453125000e+03
1.438183349609375000e+03
1.438755615234375000e+03
1.438809448242187500e+03
1.435457031250000000e+03
1.433334716796875000e+03
1.430145751953125000e+03
1.429350097656250000e+03
1.425438598632812500e+03
1.422423583984375000e+03
1.419991699218750000e+03
1.419952636718750000e+03
1.417417358398437500e+03
1.418039550781250000e+03
1.415845703125000000e+03
1.415112060546875000e+03
1.414783447265625000e+03
1.417539306640625000e+03
1.420097045898437500e+03
1.420410644531250000e+03
1.421238525390625000e+03
1.419796264648437500e+03
1.417692993164062500e+03
1.417855834960937500e+03
1.416123291015625000e+03
1.416810791015625000e+03
1.417969848632812500e+03
1.420308227539062500e+03
1.421915893554687500e+03
1.421921508789062500e+03
1.422842651367187500e+03
1.423498168945312500e+03
1.426559814453125000e+03
1.425439208984375000e+03
1.425123657226562500e+03
1.416400878906250000e+03
1.413188720703125000e+03
1.411037109375000000e+03
1.408306396484375000e+03
1.408023681640625000e+03
1.407645996093750000e+03
1.410049072265625000e+03
1.409725585937500000e+03
1.408895263671875000e+03
1.403877807617187500e+03
1.403060791015625000e+03
1.405479003906250000e+03
1.406389770507812500e+03
1.406027099609375000e+03
1.406581909179687500e+03
1.405552001953125000e+03
1.407517822265625000e+03
1.406675170898437500e+03
1.405670410156250000e+03
1.399015625000000000e+03
1.398766357421875000e+03
1.399082275390625000e+03
1.397238647460937500e+03
1.395457397460937500e+03
1.394005004882812500e+03
1.392834228515625000e+03
1.395444091796875000e+03
1.388568115234375000e+03
1.390040283203125000e+03
1.388334228515625000e+03
1.388333374023437500e+03
1.388315429687500000e+03
1.387945922851562500e+03
1.389103759765625000e+03
1.388542358398437500e+03
1.388320678710937500e+03
1.391183227539062500e+03
1.391947509765625000e+03
1.391288818359375000e+03
1.390037109375000000e+03
1.391155639648437500e+03
1.390873291015625000e+03
1.391863891601562500e+03
1.388842041015625000e+03
1.389208740234375000e+03
1.390077392578125000e+03
1.387029541015625000e+03
1.387428466796875000e+03
1.389108032226562500e+03
1.388599365234375000e+03
1.389313720703125000e+03
1.389894287109375000e+03
1.392210815429687500e+03
1.393888549804687500e+03
1.403832885742187500e+03
1.405580200195312500e+03
1.407609008789062500e+03
1.409127563476562500e+03
1.409051391601562500e+03
1.410142089843750000e+03
1.409004516601562500e+03
1.403680175781250000e+03
1.401467651367187500e+03
1.403661254882812500e+03
1.401013183593750000e+03
1.395731445312500000e+03
1.395674316406250000e+03
1.396368896484375000e+03
1.394453247070312500e+03
1.390794189453125000e+03
1.386796630859375000e+03
1.387799926757812500e+03
1.385362792968750000e+03
1.388066406250000000e+03
1.385314697265625000e+03
1.383799316406250000e+03
1.380569091796875000e+03
1.377736206054687500e+03
1.379272705078125000e+03
1.376679443359375000e+03
1.375281372070312500e+03
1.372549316406250000e+03
1.374615844726562500e+03
1.376550415039062500e+03
1.376113891601562500e+03
1.376428955078125000e+03
1.377873779296875000e+03
1.375421508789062500e+03
1.371138427734375000e+03
1.371851806640625000e+03
1.372671142578125000e+03
1.372615844726562500e+03
1.371375610351562500e+03
1.372670898437500000e+03
1.374066650390625000e+03
1.373788208007812500e+03
1.375536499023437500e+03
1.373776123046875000e+03
1.373081420898437500e+03
1.376281494140625000e+03
1.375994750976562500e+03
1.377556762695312500e+03
1.379874023437500000e+03
1.380280639648437500e+03
1.375194702148437500e+03
1.375900878906250000e+03
1.376891479492187500e+03
1.380799804687500000e+03
1.379435668945312500e+03
1.382608154296875000e+03
1.384178710937500000e+03
1.383625732421875000e+03
1.381851074218750000e+03
1.380994018554687500e+03
1.383418090820312500e+03
1.381552490234375000e+03
1.381675292968750000e+03
1.392564575195312500e+03
1.396031005859375000e+03
1.397241699218750000e+03
1.398788085937500000e+03
1.398076782226562500e+03
1.398680297851562500e+03
1.400696899414062500e+03
1.404321899414062500e+03
1.405608520507812500e+03
1.399882202148437500e+03
1.400200683593750000e+03
1.399889526367187500e+03
1.400861450195312500e+03
1.402514526367187500e+03
1.404117309570312500e+03
1.403912231445312500e+03
1.402050537109375000e+03
1.401056884765625000e+03
1.403859863281250000e+03
1.406346435546875000e+03
1.407992065429687500e+03
1.407618896484375000e+03
1.406855102539062500e+03
1.404700805664062500e+03
1.401578125000000000e+03
1.401369140625000000e+03
1.400349487304687500e+03
1.398917236328125000e+03
1.397260375976562500e+03
1.392698730468750000e+03
1.393005493164062500e+03
1.393151855468750000e+03
1.394619384765625000e+03
1.394680541992187500e+03
1.390216308593750000e+03
1.387825195312500000e+03
1.387984741210937500e+03
1.387115600585937500e+03
1.387803710937500000e+03
1.389297607421875000e+03
1.389775878906250000e+03
1.390448974609375000e+03
1.389998901367187500e+03
1.392801147460937500e+03
1.391743286132812500e+03
1.394130126953125000e+03
1.391414062500000000e+03
1.391682617187500000e+03
1.390418090820312500e+03
1.389361083984375000e+03
1.386013061523437500e+03
1.384870117187500000e+03
1.388840332031250000e+03
1.390709960937500000e+03
1.389072998046875000e+03
1.391930053710937500e+03
1.390665405273437500e+03
1.387093505859375000e+03
1.386633544921875000e+03
1.385617187500000000e+03
1.382988525390625000e+03
1.381898925781250000e+03
1.381546875000000000e+03
1.375174804687500000e+03
1.374143920898437500e+03
1.375601684570312500e+03
1.376083618164062500e+03
1.374413940429687500e+03
1.373809814453125000e+03
1.372470825195312500e+03
1.370892211914062500e+03
1.370489379882812500e+03
1.363935058593750000e+03
1.363496459960937500e+03
1.361100097656250000e+03
1.358688964843750000e+03
1.357700683593750000e+03
1.355285888671875000e+03
1.355799316406250000e+03
1.352645507812500000e+03
1.350735595703125000e+03
1.346996215820312500e+03
1.346800170898437500e+03
1.342656738281250000e+03
1.342632934570312500e+03
1.342844116210937500e+03
1.343040649414062500e+03
1.343421386718750000e+03
1.345179931640625000e+03
1.347001342773437500e+03
1.346974487304687500e+03
1.347342773437500000e+03
1.350645263671875000e+03
1.353090698242187500e+03
1.354190429687500000e+03
1.354946777343750000e+03
1.354990722656250000e+03
1.357991577148437500e+03
1.357734130859375000e+03
1.355591918945312500e+03
1.355993652343750000e+03
1.355500122070312500e+03
1.356297363281250000e+03
1.357185424804687500e+03
1.357202636718750000e+03
1.354884521484375000e+03
1.356064086914062500e+03
1.357846923828125000e+03
1.352786376953125000e+03
1.351232666015625000e+03
1.351377075195312500e+03
1.350982299804687500e+03
1.349687133789062500e+03
1.353035644531250000e+03
1.353141723632812500e+03
1.353872070312500000e+03
1.353343383789062500e+03
1.351243408203125000e+03
1.353827880859375000e+03
1.353868652343750000e+03
1.352809326171875000e+03
1.349586914062500000e+03
1.350985595703125000e+03
1.348666992187500000e+03
1.345749023437500000e+03
1.345287841796875000e+03
1.346984741210937500e+03
1.348621948242187500e+03
1.349595092773437500e+03
1.350404174804687500e+03
1.349608886718750000e+03
1.350541625976562500e+03
1.348413085937500000e+03
1.348035400390625000e+03
1.347343994140625000e+03
1.351483154296875000e+03
1.353426635742187500e+03
1.355970092773437500e+03
1.357290893554687500e+03
1.357883422851562500e+03
1.356897705078125000e+03
1.358763305664062500e+03
1.359035400390625000e+03
1.358682983398437500e+03
1.359688842773437500e+03
1.359631469726562500e+03
1.359038940429687500e+03
1.358892089843750000e+03
1.361920654296875000e+03
1.365996337890625000e+03
1.368758056640625000e+03
1.369172485351562500e+03
1.368790649414062500e+03
1.379797973632812500e+03
1.385534423828125000e+03
1.389366577148437500e+03
1.391379394531250000e+03
1.393320800781250000e+03
1.393944091796875000e+03
1.396020019531250000e+03
1.395788330078125000e+03
1.394209716796875000e+03
1.397014526367187500e+03
1.395461669921875000e+03
1.394701782226562500e+03
1.395318115234375000e+03
1.397719848632812500e+03
1.398480834960937500e+03
1.396533935546875000e+03
1.395423461914062500e+03
1.395708740234375000e+03
1.397245971679687500e+03
1.395505981445312500e+03
1.395020385742187500e+03
1.394529663085937500e+03
1.394871215820312500e+03
1.394606079101562500e+03
1.393455322265625000e+03
1.393046752929687500e+03
1.392712158203125000e+03
1.390407348632812500e+03
1.388313964843750000e+03
1.388079833984375000e+03
1.386547729492187500e+03
1.385901123046875000e+03
1.386863769531250000e+03
1.386420166015625000e+03
1.387455200195312500e+03
1.386516479492187500e+03
1.383864624023437500e+03
1.382401733398437500e+03
1.383170776367187500e+03
1.384953125000000000e+03
1.386124267578125000e+03
1.387878662109375000e+03
1.391010009765625000e+03
1.388510498046875000e+03
1.388055419921875000e+03
1.389449340820312500e+03
1.391622070312500000e+03
1.394764282226562500e+03
1.394870117187500000e+03
1.396452026367187500e+03
1.397272583007812500e+03
1.398359497070312500e+03
1.398408569335937500e+03
1.399830566406250000e+03
1.395749267578125000e+03
1.395062866210937500e+03
1.393106445312500000e+03
1.392275756835937500e+03
1.393589843750000000e+03
1.394199707031250000e+03
1.393344360351562500e+03
1.391075073242187500e+03
1.393237304687500000e+03
1.400094116210937500e+03
1.402634521484375000e+03
1.403077270507812500e+03
1.401725708007812500e+03
1.400303955078125000e+03
1.401030639648437500e+03
1.400668945312500000e+03
1.402533447265625000e+03
1.404004638671875000e+03
1.404964233398437500e+03
1.405169189453125000e+03
1.403968750000000000e+03
1.403615356445312500e+03
1.404195312500000000e+03
1.411186889648437500e+03
1.415015258789062500e+03
1.417249511718750000e+03
1.417308593750000000e+03
1.422949462890625000e+03
1.420908325195312500e+03
1.421094604492187500e+03
1.422799194335937500e+03
1.422434692382812500e+03
1.420937011718750000e+03
1.419362060546875000e+03
1.420327758789062500e+03
1.420266357421875000e+03
1.417700927734375000e+03
1.415677856445312500e+03
1.415129516601562500e+03
1.415038696289062500e+03
1.413966430664062500e+03
1.415419799804687500e+03
1.413860717773437500e+03
1.411578979492187500e+03
1.410277587890625000e+03
1.414685180664062500e+03
1.417773193359375000e+03
1.420744506835937500e+03
1.419725830078125000e+03
1.419028198242187500e+03
1.419687866210937500e+03
1.420210449218750000e+03
1.420472778320312500e+03
1.420408935546875000e+03
1.420900024414062500e+03
1.421197875976562500e+03
1.421598388671875000e+03
1.421155761718750000e+03
1.420061401367187500e+03
1.420929931640625000e+03
1.421667602539062500e+03
1.422353149414062500e+03
1.422277954101562500e+03
1.421028686523437500e+03
1.419771240234375000e+03
1.420120239257812500e+03
1.419740600585937500e+03
1.418707031250000000e+03
1.417546630859375000e+03
1.418555541992187500e+03
1.418039306640625000e+03
1.417594848632812500e+03
1.421044921875000000e+03
1.420332153320312500e+03
1.422143066406250000e+03
1.421245971679687500e+03
1.419646118164062500e+03
1.419843261718750000e+03
1.419077636718750000e+03
1.419630371093750000e+03
1.419880004882812500e+03
1.422266723632812500e+03
1.422014648437500000e+03
1.421568115234375000e+03
1.422022094726562500e+03
1.422502807617187500e+03
1.423274658203125000e+03
1.423760986328125000e+03
1.424250732421875000e+03
1.424662597656250000e+03
1.423916259765625000e+03
1.425599121093750000e+03
1.428351684570312500e+03
1.427378295898437500e+03
1.426857177734375000e+03
1.426500488281250000e+03
1.428137207031250000e+03
1.429322631835937500e+03
1.429421630859375000e+03
1.427537109375000000e+03
1.425397216796875000e+03
1.426935913085937500e+03
1.426913208007812500e+03
1.427833251953125000e+03
1.427779785156250000e+03
1.427816528320312500e+03
1.426294189453125000e+03
1.425019409179687500e+03
1.419694946289062500e+03
1.419737426757812500e+03
1.420386474609375000e+03
1.419934570312500000e+03
1.419728271484375000e+03
1.419538208007812500e+03
1.419319946289062500e+03
1.421476684570312500e+03
1.422419677734375000e+03
1.423831542968750000e+03
1.426412719726562500e+03
1.426985473632812500e+03
1.426965087890625000e+03
1.427435302734375000e+03
1.426538452148437500e+03
1.424717407226562500e+03
1.425863891601562500e+03
1.425114013671875000e+03
1.424628540039062500e+03
1.426537231445312500e+03
1.429941040039062500e+03
1.429783569335937500e+03
1.430965454101562500e+03
1.431384033203125000e+03
1.430204956054687500e+03
1.429253540039062500e+03
1.428977783203125000e+03
1.434005981445312500e+03
1.436266967773437500e+03
1.435894897460937500e+03
1.435401245117187500e+03
1.434202880859375000e+03
1.432838623046875000e+03
1.434277099609375000e+03
1.436771118164062500e+03
1.437277709960937500e+03
1.435605957031250000e+03
1.433933837890625000e+03
1.434478759765625000e+03
1.434455200195312500e+03
1.433822753906250000e+03
1.433869262695312500e+03
1.434559204101562500e+03
1.433850830078125000e+03
1.433537963867187500e+03
1.433454223632812500e+03
1.435510375976562500e+03
1.434078735351562500e+03
1.433968994140625000e+03
1.434851074218750000e+03
1.435442871093750000e+03
1.436476318359375000e+03
1.438554931640625000e+03
1.439277832031250000e+03
1.441941772460937500e+03
1.441800537109375000e+03
1.442141723632812500e+03
1.443440551757812500e+03
1.444420288085937500e+03
1.445890258789062500e+03
1.445956665039062500e+03
1.446929443359375000e+03
1.446094116210937500e+03
1.442689697265625000e+03
1.443349731445312500e+03
1.444258422851562500e+03
1.444685668945312500e+03
1.443097045898437500e+03
1.443073974609375000e+03
1.442560058593750000e+03
1.443300048828125000e+03
1.444059448242187500e+03
1.447212524414062500e+03
1.450468017578125000e+03
1.450677001953125000e+03
1.448609863281250000e+03
1.448426879882812500e+03
1.450224487304687500e+03
1.453132812500000000e+03
1.455683837890625000e+03
1.454781005859375000e+03
1.455133178710937500e+03
1.454247924804687500e+03
1.454321533203125000e+03
1.455047241210937500e+03
1.456955810546875000e+03
1.456435791015625000e+03
1.457831787109375000e+03
1.458413330078125000e+03
1.458251953125000000e+03
1.460522338867187500e+03
1.462437255859375000e+03
1.459756591796875000e+03
1.459165405273437500e+03
1.458142333984375000e+03
1.458118652343750000e+03
1.457250488281250000e+03
1.458183349609375000e+03
1.457135498046875000e+03
1.458436523437500000e+03
1.458450439453125000e+03
1.458148071289062500e+03
1.458405517578125000e+03
1.458343139648437500e+03
1.458728393554687500e+03
1.457985961914062500e+03
1.456651000976562500e+03
1.455218261718750000e+03
1.465771118164062500e+03
1.467046020507812500e+03
1.470010009765625000e+03
1.468508544921875000e+03
1.468635009765625000e+03
1.469366699218750000e+03
1.466332519531250000e+03
1.464383666992187500e+03
1.465404418945312500e+03
1.469431274414062500e+03
1.470241943359375000e+03
1.471810791015625000e+03
1.470432250976562500e+03
1.469061279296875000e+03
1.467057373046875000e+03
1.467113769531250000e+03
1.467873046875000000e+03
1.467842163085937500e+03
1.464791748046875000e+03
1.465452148437500000e+03
1.464648193359375000e+03
1.465005615234375000e+03
1.464947387695312500e+03
1.465395751953125000e+03
1.463282958984375000e+03
1.461376831054687500e+03
1.461752807617187500e+03
1.462777221679687500e+03
1.463913085937500000e+03
1.464078002929687500e+03
1.463444702148437500e+03
1.463747680664062500e+03
1.463634765625000000e+03
1.463953491210937500e+03
1.463909790039062500e+03
1.464607788085937500e+03
1.464713623046875000e+03
1.461594848632812500e+03
1.461409790039062500e+03
1.462084106445312500e+03
1.462571166992187500e+03
1.463599487304687500e+03
1.462588867187500000e+03
1.463300659179687500e+03
1.464377563476562500e+03
1.460895874023437500e+03
1.460114501953125000e+03
1.457895751953125000e+03
1.457130493164062500e+03
1.457288696289062500e+03
1.458800415039062500e+03
1.458998779296875000e+03
1.458941406250000000e+03
1.460005737304687500e+03
1.458461303710937500e+03
1.459194824218750000e+03
1.459551147460937500e+03
1.459184448242187500e+03
1.458888671875000000e+03
1.460079956054687500e+03
1.461144653320312500e+03
1.461416748046875000e+03
1.461197631835937500e+03
1.465154052734375000e+03
1.465271240234375000e+03
1.465589233398437500e+03
1.465625122070312500e+03
1.466081176757812500e+03
1.466077636718750000e+03
1.464613159179687500e+03
1.463963867187500000e+03
1.464321899414062500e+03
1.464324462890625000e+03
1.462859863281250000e+03
1.462566772460937500e+03
1.461696411132812500e+03
1.461136108398437500e+03
1.461933105468750000e+03
1.461742431640625000e+03
1.460720703125000000e+03
1.460484863281250000e+03
1.462744506835937500e+03
1.463610107421875000e+03
1.462965820312500000e+03
1.463360717773437500e+03
1.463736206054687500e+03
1.464125488281250000e+03
1.463589233398437500e+03
1.462904052734375000e+03
1.460620849609375000e+03
1.468667846679687500e+03
1.466991455078125000e+03
1.465201049804687500e+03
1.461387573242187500e+03
1.457525268554687500e+03
1.456407348632812500e+03
1.458801147460937500e+03
1.460107299804687500e+03
1.459986450195312500e+03
1.457256347656250000e+03
1.452085449218750000e+03
1.451226806640625000e+03
1.450037353515625000e+03
1.448244750976562500e+03
1.447512207031250000e+03
1.445296386718750000e+03
1.445902709960937500e+03
1.447292968750000000e+03
1.451943725585937500e+03
1.453209228515625000e+03
1.453764404296875000e+03
1.451338378906250000e+03
1.451377197265625000e+03
1.450591918945312500e+03
1.452275878906250000e+03
1.454775268554687500e+03
1.455971313476562500e+03
1.449315429687500000e+03
1.446628662109375000e+03
1.444832275390625000e+03
1.445445312500000000e+03
1.445587768554687500e+03
1.447229370117187500e+03
1.451287109375000000e+03
1.454884643554687500e+03
1.454167480468750000e+03
1.451619384765625000e+03
1.448920898437500000e+03
1.449758666992187500e+03
1.450056030273437500e+03
1.451576293945312500e+03
1.452123413085937500e+03
1.454298583984375000e+03
1.454505737304687500e+03
1.454620361328125000e+03
1.454418823242187500e+03
1.454503540039062500e+03
1.454703979492187500e+03
1.452280883789062500e+03
1.452967773437500000e+03
1.451022216796875000e+03
1.451205932617187500e+03
1.453277465820312500e+03
1.453624389648437500e+03
1.452340942382812500e+03
1.453895996093750000e+03
1.451846191406250000e+03
1.449867187500000000e+03
1.450494018554687500e+03
1.450634399414062500e+03
1.450265747070312500e+03
1.449438598632812500e+03
1.449689697265625000e+03
1.456453002929687500e+03
1.455592407226562500e+03
1.453960083007812500e+03
1.454041992187500000e+03
1.453426879882812500e+03
1.451722656250000000e+03
1.453165039062500000e+03
1.447389770507812500e+03
1.445426513671875000e+03
1.456243774414062500e+03
1.456919189453125000e+03
1.457429077148437500e+03
1.455072998046875000e+03
1.454629638671875000e+03
1.455975952148437500e+03
1.457648681640625000e+03
1.456098144531250000e+03
1.455842773437500000e+03
1.453932128906250000e+03
1.453951782226562500e+03
1.455065429687500000e+03
1.454335693359375000e+03
1.453002319335937500e+03
1.451777954101562500e+03
1.451326293945312500e+03
1.451696044921875000e+03
1.451664306640625000e+03
1.445893554687500000e+03
1.446975219726562500e+03
1.445278808593750000e+03
1.447189453125000000e+03
1.449067260742187500e+03
1.447961791992187500e+03
1.446759277343750000e+03
1.449010131835937500e+03
1.448442749023437500e+03
1.437999267578125000e+03
1.435521972656250000e+03
1.435414916992187500e+03
1.435085327148437500e+03
1.435368896484375000e+03
1.433147338867187500e+03
1.431658813476562500e+03
1.433770996093750000e+03
1.436407470703125000e+03
1.439877807617187500e+03
1.442220947265625000e+03
1.443561279296875000e+03
1.445431640625000000e+03
1.446883422851562500e+03
1.445782592773437500e+03
1.447614868164062500e+03
1.448235229492187500e+03
1.448436889648437500e+03
1.453923950195312500e+03
1.453721069335937500e+03
1.452710205078125000e+03
1.453209716796875000e+03
1.452722290039062500e+03
1.451093139648437500e+03
1.448954101562500000e+03
1.447780761718750000e+03
1.447878906250000000e+03
1.454398803710937500e+03
1.453386962890625000e+03
1.452336669921875000e+03
1.452921142578125000e+03
1.451840332031250000e+03
1.452031372070312500e+03
1.454563964843750000e+03
1.455106323242187500e+03
1.454640502929687500e+03
1.453055175781250000e+03
1.451596679687500000e+03
1.451344238281250000e+03
1.451812500000000000e+03
1.452655639648437500e+03
1.451689331054687500e+03
1.451313232421875000e+03
1.452425170898437500e+03
1.452708618164062500e+03
1.461173217773437500e+03
1.463425903320312500e+03
1.464168579101562500e+03
1.465695190429687500e+03
1.465718627929687500e+03
1.466693969726562500e+03
1.468582641601562500e+03
1.469421264648437500e+03
1.469897827148437500e+03
1.471153076171875000e+03
1.471669311523437500e+03
1.469893676757812500e+03
1.468552368164062500e+03
1.467610717773437500e+03
1.471243408203125000e+03
1.474528686523437500e+03
1.474344238281250000e+03
1.474996826171875000e+03
1.476445190429687500e+03
1.479311035156250000e+03
1.480277954101562500e+03
1.481583007812500000e+03
1.483178466796875000e+03
1.483972656250000000e+03
1.483568603515625000e+03
1.484417358398437500e+03
1.484869506835937500e+03
1.485529541015625000e+03
1.484365844726562500e+03
1.484499145507812500e+03
1.484433593750000000e+03
1.483896484375000000e+03
1.483526855468750000e+03
1.484044677734375000e+03
1.484118774414062500e+03
1.484665527343750000e+03
1.486726562500000000e+03
1.488211181640625000e+03
1.489321044921875000e+03
1.490151733398437500e+03
1.489819458007812500e+03
1.489880249023437500e+03
1.490543823242187500e+03
1.490079101562500000e+03
1.490752441406250000e+03
1.492003173828125000e+03
1.491519165039062500e+03
1.491757812500000000e+03
1.492528808593750000e+03
1.493178588867187500e+03
1.494417602539062500e+03
1.493333862304687500e+03
1.491358642578125000e+03
1.491267333984375000e+03
1.487476684570312500e+03
1.485985839843750000e+03
1.485551025390625000e+03
1.485480957031250000e+03
1.486216918945312500e+03
1.485907226562500000e+03
1.485450439453125000e+03
1.483378417968750000e+03
1.481832519531250000e+03
1.485529174804687500e+03
1.486725219726562500e+03
1.487165161132812500e+03
1.487539672851562500e+03
1.488510498046875000e+03
1.485756713867187500e+03
1.484084960937500000e+03
1.483968383789062500e+03
1.482630004882812500e+03
1.483199340820312500e+03
1.481977294921875000e+03
1.482950561523437500e+03
1.483152465820312500e+03
1.482509155273437500e+03
1.480261230468750000e+03
1.480904296875000000e+03
1.479503051757812500e+03
1.479738647460937500e+03
1.484033325195312500e+03
1.484308227539062500e+03
1.484640136718750000e+03
1.485169921875000000e+03
1.486259765625000000e+03
1.487641723632812500e+03
1.489182250976562500e+03
1.490330810546875000e+03
1.491805664062500000e+03
1.493149047851562500e+03
1.493318481445312500e+03
1.492080078125000000e+03
1.491952514648437500e+03
1.492734252929687500e+03
1.492772827148437500e+03
1.491845336914062500e+03
1.491794067382812500e+03
1.490834716796875000e+03
1.490892700195312500e+03
1.492687377929687500e+03
1.492902099609375000e+03
1.493286621093750000e+03
1.494733520507812500e+03
1.496096435546875000e+03
1.497074096679687500e+03
1.497308349609375000e+03
1.497217773437500000e+03
1.499254028320312500e+03
1.500081054687500000e+03
1.501199951171875000e+03
1.501338745117187500e+03
1.502541015625000000e+03
1.503007202148437500e+03
1.502330200195312500e+03
1.502094848632812500e+03
1.503193847656250000e+03
1.505008789062500000e+03
1.506094116210937500e+03
1.506935913085937500e+03
1.506480468750000000e+03
1.506268554687500000e+03
1.506623168945312500e+03
1.508309082031250000e+03
1.509247924804687500e+03
1.509649658203125000e+03
1.505864135742187500e+03
1.504478881835937500e+03
1.503223510742187500e+03
1.501531494140625000e+03
1.500808471679687500e+03
1.497268920898437500e+03
1.493683715820312500e+03
1.491960571289062500e+03
1.492204101562500000e+03
1.491402709960937500e+03
1.492376342773437500e+03
1.493059082031250000e+03
1.494256469726562500e+03
1.495551269531250000e+03
1.496304443359375000e+03
1.496951782226562500e+03
1.497736206054687500e+03
1.497941040039062500e+03
1.502233276367187500e+03
1.503982788085937500e+03
1.504565673828125000e+03
1.505581298828125000e+03
1.506900634765625000e+03
1.506609497070312500e+03
1.506874267578125000e+03
1.508145019531250000e+03
1.508539794921875000e+03
1.512016235351562500e+03
1.513097412109375000e+03
1.514574462890625000e+03
1.515225341796875000e+03
1.515994018554687500e+03
1.516459838867187500e+03
1.516393676757812500e+03
1.517002685546875000e+03
1.517562988281250000e+03
1.515742553710937500e+03
1.514872558593750000e+03
1.514099975585937500e+03
1.513984375000000000e+03
1.514157958984375000e+03
1.514146972656250000e+03
1.514334472656250000e+03
1.514702880859375000e+03
1.514923706054687500e+03
1.514721557617187500e+03
1.514213378906250000e+03
1.514481933593750000e+03
1.514329467773437500e+03
1.514633056640625000e+03
1.513736694335937500e+03
1.512894409179687500e+03
1.512866210937500000e+03
1.512737060546875000e+03
1.511537597656250000e+03
1.512270507812500000e+03
1.513308593750000000e+03
1.513267333984375000e+03
1.513494506835937500e+03
1.512876708984375000e+03
1.513198974609375000e+03
1.513169433593750000e+03
1.513965820312500000e+03
1.520715942382812500e+03
1.522443115234375000e+03
1.524568237304687500e+03
1.527158325195312500e+03
1.529135009765625000e+03
1.530693847656250000e+03
1.532606689453125000e+03
1.532716064453125000e+03
1.533048217773437500e+03
1.532856079101562500e+03
1.532854003906250000e+03
1.533136840820312500e+03
1.533561401367187500e+03
1.533935058593750000e+03
1.534344482421875000e+03
1.534526245117187500e+03
1.534739379882812500e+03
1.534833496093750000e+03
1.533838378906250000e+03
1.532997802734375000e+03
1.532527343750000000e+03
1.532475219726562500e+03
1.532064697265625000e+03
1.531891723632812500e+03
1.531607910156250000e+03
1.531410278320312500e+03
1.531202148437500000e+03
1.530996459960937500e+03
1.531247558593750000e+03
1.531849609375000000e+03
1.531953125000000000e+03
1.532403686523437500e+03
1.532227661132812500e+03
1.532772827148437500e+03
1.533250488281250000e+03
1.533566040039062500e+03
1.532945922851562500e+03
1.532295776367187500e+03
1.532045898437500000e+03
1.531810668945312500e+03
1.531463989257812500e+03
1.531546264648437500e+03
1.531387084960937500e+03
1.531414672851562500e+03
1.531640625000000000e+03
1.532220458984375000e+03
1.532090820312500000e+03
1.531623291015625000e+03
1.531982910156250000e+03
1.531918701171875000e+03
1.532116088867187500e+03
1.532433593750000000e+03
1.531938720703125000e+03
1.531707885742187500e+03
1.532265380859375000e+03
1.532678710937500000e+03
1.532011352539062500e+03
1.532582397460937500e+03
1.532861083984375000e+03
1.532839355468750000e+03
1.532520263671875000e+03
1.533408569335937500e+03
1.533883300781250000e+03
1.534973022460937500e+03
1.535397949218750000e+03
1.535732788085937500e+03
1.535797241210937500e+03
1.536153808593750000e+03
1.536474243164062500e+03
1.536172607421875000e+03
1.536162475585937500e+03
1.536388061523437500e+03
1.535815429687500000e+03
1.535698486328125000e+03
1.536146484375000000e+03
1.536487792968750000e+03
1.536499633789062500e+03
1.536604370117187500e+03
1.536904907226562500e+03
1.536592163085937500e+03
1.536291870117187500e+03
1.537550781250000000e+03
1.538137573242187500e+03
1.538187011718750000e+03
1.538105346679687500e+03
1.538234619140625000e+03
1.538536865234375000e+03
1.538899047851562500e+03
1.538993408203125000e+03
1.539144042968750000e+03
1.538831420898437500e+03
1.538990234375000000e+03
1.539698974609375000e+03
1.539949829101562500e+03
1.540230224609375000e+03
1.541061889648437500e+03
1.541581909179687500e+03
1.541747924804687500e+03
1.541887573242187500e+03
1.542141479492187500e+03
1.542346679687500000e+03
1.542388793945312500e+03
1.542332275390625000e+03
1.542069213867187500e+03
1.542318725585937500e+03
1.542241455078125000e+03
1.542109619140625000e+03
1.541936157226562500e+03
1.541404418945312500e+03
1.541363769531250000e+03
1.541318603515625000e+03
1.541293945312500000e+03
1.541274536132812500e+03
1.540807861328125000e+03
1.539712890625000000e+03
1.539507080078125000e+03
1.539596801757812500e+03
1.540275390625000000e+03
1.540055908203125000e+03
1.540210693359375000e+03
1.540325317382812500e+03
1.540730957031250000e+03
1.540853515625000000e+03
1.541277099609375000e+03
1.541856201171875000e+03
1.541908569335937500e+03
1.542191406250000000e+03
1.542563110351562500e+03
1.542762329101562500e+03
1.542843261718750000e+03
1.542821166992187500e+03
1.542925292968750000e+03
1.542913330078125000e+03
1.542789916992187500e+03
1.542636230468750000e+03
1.543204589843750000e+03
1.543326049804687500e+03
1.543311645507812500e+03
1.543318725585937500e+03
1.543266601562500000e+03
1.543150756835937500e+03
1.542581054687500000e+03
1.542443847656250000e+03
1.542486694335937500e+03
1.542657470703125000e+03
1.542932983398437500e+03
1.542963134765625000e+03
1.543153076171875000e+03
1.543216918945312500e+03
1.543162719726562500e+03
1.543025268554687500e+03
1.543005004882812500e+03
1.542819824218750000e+03
1.542793823242187500e+03
1.542956298828125000e+03
1.542868774414062500e+03
1.542841308593750000e+03
1.542834228515625000e+03
1.542704589843750000e+03
1.542474853515625000e+03
1.542402465820312500e+03
1.542485961914062500e+03
1.542710937500000000e+03
1.542672241210937500e+03
1.542719360351562500e+03
1.542681152343750000e+03
1.542885864257812500e+03
1.542956176757812500e+03
1.542945190429687500e+03
1.543159545898437500e+03
1.543274536132812500e+03
1.543354003906250000e+03
1.543212646484375000e+03
1.543296875000000000e+03
1.543367431640625000e+03
1.543337890625000000e+03
1.543281372070312500e+03
1.543299682617187500e+03
1.543189086914062500e+03
1.543123901367187500e+03
1.544502075195312500e+03
1.544330688476562500e+03
1.543994506835937500e+03
1.543892700195312500e+03
1.543929321289062500e+03
1.544016479492187500e+03
1.544036376953125000e+03
1.544120117187500000e+03
1.544102783203125000e+03
1.544233886718750000e+03
1.544098388671875000e+03
1.544024780273437500e+03
1.544016845703125000e+03
1.543862304687500000e+03
1.543905639648437500e+03
1.543875732421875000e+03
1.543957397460937500e+03
1.543934082031250000e+03
1.544107543945312500e+03
1.544099487304687500e+03
1.543953735351562500e+03
1.543913208007812500e+03
1.543858886718750000e+03
1.544069213867187500e+03
1.544241455078125000e+03
1.544223266601562500e+03
1.544078735351562500e+03
1.544110839843750000e+03
1.544159057617187500e+03
1.544247924804687500e+03
1.544246826171875000e+03
1.544257568359375000e+03
1.544223999023437500e+03
1.544125488281250000e+03
1.544153442382812500e+03
1.544157836914062500e+03
1.544242919921875000e+03
1.544211669921875000e+03
1.544257324218750000e+03
1.544222778320312500e+03
1.544218261718750000e+03
1.544246215820312500e+03
1.544257202148437500e+03
1.544205200195312500e+03
1.544107543945312500e+03
1.544281005859375000e+03
1.544302490234375000e+03
1.544298828125000000e+03
1.544292968750000000e+03
1.544184204101562500e+03
1.544146240234375000e+03
1.544191528320312500e+03
1.544232910156250000e+03
1.544106079101562500e+03
1.544636962890625000e+03
1.544689453125000000e+03
1.544390380859375000e+03
1.544393066406250000e+03
1.544345947265625000e+03
1.544333251953125000e+03
1.544551391601562500e+03
1.543926391601562500e+03
1.543918090820312500e+03
1.544097534179687500e+03
1.544012817382812500e+03
1.544177612304687500e+03
1.544203857421875000e+03
1.544208862304687500e+03
1.544296142578125000e+03
1.544225341796875000e+03
1.544354125976562500e+03
1.544335571289062500e+03
1.544473266601562500e+03
1.544414794921875000e+03
1.544329223632812500e+03
1.544237548828125000e+03
1.544317260742187500e+03
1.544251464843750000e+03
1.544289916992187500e+03
1.544170043945312500e+03
1.544187622070312500e+03
1.544576049804687500e+03
1.543558105468750000e+03
1.543703491210937500e+03
1.543770141601562500e+03
1.543752929687500000e+03
1.543989624023437500e+03
1.544066772460937500e+03
1.544220214843750000e+03
1.544168701171875000e+03
1.544633789062500000e+03
1.544579223632812500e+03
1.544457275390625000e+03
1.544455932617187500e+03
1.544420898437500000e+03
1.544471191406250000e+03
1.544426879882812500e+03
1.544444458007812500e+03
1.544277343750000000e+03
1.544319213867187500e+03
1.544196044921875000e+03
1.544206542968750000e+03
1.544211547851562500e+03
1.544210693359375000e+03
1.544250366210937500e+03
1.544473999023437500e+03
1.544429199218750000e+03
1.543924194335937500e+03
1.544585205078125000e+03
1.544480957031250000e+03
1.544507568359375000e+03
1.544300170898437500e+03
1.544349975585937500e+03
1.545129760742187500e+03
1.544080444335937500e+03
1.544424926757812500e+03
1.544260131835937500e+03
1.544555541992187500e+03
1.544671264648437500e+03
1.544229980468750000e+03
1.544263061523437500e+03
1.544086181640625000e+03
1.544443237304687500e+03
1.544629882812500000e+03
1.544609008789062500e+03
1.543966186523437500e+03
1.544859619140625000e+03
1.544714477539062500e+03
1.544767822265625000e+03
1.544570190429687500e+03
1.544389648437500000e+03
1.544817749023437500e+03
1.544415893554687500e+03
1.544492065429687500e+03
1.543959350585937500e+03
1.544236694335937500e+03
1.544228759765625000e+03
1.544302734375000000e+03
1.544227416992187500e+03
1.544331054687500000e+03
1.544543945312500000e+03
1.544405883789062500e+03
1.544830932617187500e+03
1.543986938476562500e+03
1.544463989257812500e+03
1.542952148437500000e+03
1.543037719726562500e+03
1.542993041992187500e+03
1.543428955078125000e+03
1.543512817382812500e+03
1.543464843750000000e+03
1.542995727539062500e+03
1.543011352539062500e+03
1.543586791992187500e+03
1.543553222656250000e+03
1.543568237304687500e+03
1.543524658203125000e+03
1.543396972656250000e+03
1.543500610351562500e+03
1.543592895507812500e+03
1.543145141601562500e+03
1.542804931640625000e+03
1.543056274414062500e+03
1.543030395507812500e+03
1.543009887695312500e+03
1.542963134765625000e+03
1.543057250976562500e+03
1.542966796875000000e+03
1.542857055664062500e+03
1.543102661132812500e+03
1.543169555664062500e+03
1.542765625000000000e+03
1.541880615234375000e+03
1.542455566406250000e+03
1.542379150390625000e+03
1.542525634765625000e+03
1.542685424804687500e+03
1.542829223632812500e+03
1.542778808593750000e+03
1.542605712890625000e+03
1.543097167968750000e+03
1.542981567382812500e+03
1.543244140625000000e+03
1.543292724609375000e+03
1.543327758789062500e+03
1.543414794921875000e+03
1.543445922851562500e+03
1.543386108398437500e+03
1.543365234375000000e+03
1.543885375976562500e+03
1.543890258789062500e+03
1.543917968750000000e+03
1.544171875000000000e+03
1.544197631835937500e+03
1.544005249023437500e+03
1.544013671875000000e+03
1.544279785156250000e+03
1.544310424804687500e+03
1.544636474609375000e+03
1.544603271484375000e+03
1.544314331054687500e+03
1.544287963867187500e+03
1.544262207031250000e+03
1.544337890625000000e+03
1.544210327148437500e+03
1.544125854492187500e+03
1.543809448242187500e+03
1.543993164062500000e+03
1.543773071289062500e+03
1.543805908203125000e+03
1.543734619140625000e+03
1.543676513671875000e+03
1.543879882812500000e+03
1.543204101562500000e+03
1.543266723632812500e+03
1.543412353515625000e+03
1.544181884765625000e+03
1.544054931640625000e+03
1.544009521484375000e+03
1.543992065429687500e+03
1.543989746093750000e+03
1.544169677734375000e+03
1.544398315429687500e+03
1.544389282226562500e+03
1.544218139648437500e+03
1.544478149414062500e+03
1.544354125976562500e+03
1.544309570312500000e+03
1.544168212890625000e+03
1.544125732421875000e+03
1.544119140625000000e+03
1.544130249023437500e+03
1.544017089843750000e+03
1.544024780273437500e+03
1.544120483398437500e+03
1.543888183593750000e+03
1.543695190429687500e+03
1.543959472656250000e+03
1.543963745117187500e+03
1.543987182617187500e+03
1.543708740234375000e+03
1.543705688476562500e+03
1.543559936523437500e+03
1.543279418945312500e+03
1.542745483398437500e+03
1.542432006835937500e+03
1.542572998046875000e+03
1.542683105468750000e+03
1.542801147460937500e+03
1.542901367187500000e+03
1.543040161132812500e+03
1.542839111328125000e+03
1.543236328125000000e+03
1.543439331054687500e+03
1.543500122070312500e+03
1.543505493164062500e+03
1.543391357421875000e+03
1.543905395507812500e+03
1.543943237304687500e+03
1.543889160156250000e+03
1.543401855468750000e+03
1.543770385742187500e+03
1.543990112304687500e+03
1.544123168945312500e+03
1.544243286132812500e+03
1.544246093750000000e+03
1.544252929687500000e+03
1.544158447265625000e+03
1.543993652343750000e+03
1.543975219726562500e+03
1.544359619140625000e+03
1.544348144531250000e+03
1.544314453125000000e+03
1.544297729492187500e+03
1.544311279296875000e+03
1.544229370117187500e+03
1.544333496093750000e+03
1.544284423828125000e+03
1.544293457031250000e+03
1.544572021484375000e+03
1.544466430664062500e+03
1.544445556640625000e+03
1.544390747070312500e+03
1.544343994140625000e+03
1.544421386718750000e+03
1.544217895507812500e+03
1.544275878906250000e+03
1.544295166015625000e+03
1.544217407226562500e+03
1.544175659179687500e+03
1.544205810546875000e+03
1.544178466796875000e+03
1.544248535156250000e+03
1.544335571289062500e+03
1.544268310546875000e+03
1.544278320312500000e+03
1.544251708984375000e+03
1.544439331054687500e+03
1.544367431640625000e+03
1.544265502929687500e+03
1.544170898437500000e+03
1.544097900390625000e+03
1.544006347656250000e+03
1.544013549804687500e+03
1.544056762695312500e+03
1.543942260742187500e+03
1.543939331054687500e+03
1.543894409179687500e+03
1.543859252929687500e+03
1.543879394531250000e+03
1.543900878906250000e+03
1.543931030273437500e+03
1.543997924804687500e+03
1.543968994140625000e+03
1.543975097656250000e+03
1.544030151367187500e+03
1.543917602539062500e+03
1.543916992187500000e+03
1.543996337890625000e+03
1.544048828125000000e+03
1.544298217773437500e+03
1.544022583007812500e+03
1.544091918945312500e+03
1.543980102539062500e+03
1.544156616210937500e+03
1.544022216796875000e+03
1.543999145507812500e+03
1.544053588867187500e+03
1.543892700195312500e+03
1.544142578125000000e+03
1.544001953125000000e+03
1.544042602539062500e+03
1.543901489257812500e+03
1.544173706054687500e+03
1.543917846679687500e+03
1.543840332031250000e+03
1.543916137695312500e+03
1.543905273437500000e+03
1.543955932617187500e+03
1.543990966796875000e+03
1.543876586914062500e+03
1.543955078125000000e+03
1.544134765625000000e+03
1.543946777343750000e+03
1.543843261718750000e+03
1.544009033203125000e+03
1.543930297851562500e+03
1.543926879882812500e+03
1.544009399414062500e+03
1.544033569335937500e+03
1.544007446289062500e+03
1.544101318359375000e+03
1.544096191406250000e+03
1.543943359375000000e+03
1.543954956054687500e+03
1.543918090820312500e+03
1.543919921875000000e+03
1.543975097656250000e+03
1.543891479492187500e+03
1.543854125976562500e+03
1.544371704101562500e+03
1.543976074218750000e+03
1.544093383789062500e+03
1.543880737304687500e+03
1.544003173828125000e+03
1.544123657226562500e+03
1.544124267578125000e+03
1.544170288085937500e+03
1.544114624023437500e+03
1.544343627929687500e+03
1.544102783203125000e+03
1.544125366210937500e+03
1.544146484375000000e+03
1.544136718750000000e+03
1.544122436523437500e+03
1.544120605468750000e+03
1.544201904296875000e+03
1.544021484375000000e+03
1.544302124023437500e+03
1.544378295898437500e+03
1.544197387695312500e+03
1.544184936523437500e+03
1.544132202148437500e+03
1.544150878906250000e+03
1.544468017578125000e+03
1.544270996093750000e+03
1.543983642578125000e+03
1.544696411132812500e+03
1.543952514648437500e+03
1.544107543945312500e+03
1.544027954101562500e+03
1.544082397460937500e+03
1.544144042968750000e+03
1.544091186523437500e+03
1.544227294921875000e+03
1.544249023437500000e+03
1.544255004882812500e+03
1.544173339843750000e+03
1.544139526367187500e+03
1.544074462890625000e+03
1.544075317382812500e+03
1.544042968750000000e+03
1.544108520507812500e+03
1.544014526367187500e+03
1.543981689453125000e+03
1.544168945312500000e+03
1.543962158203125000e+03
1.543964721679687500e+03
1.544104614257812500e+03
1.543966064453125000e+03
1.544064453125000000e+03
1.544062500000000000e+03
1.543992431640625000e+03
1.543988769531250000e+03
1.544387817382812500e+03
1.543943725585937500e+03
1.544255126953125000e+03
1.544039306640625000e+03
1.544041259765625000e+03
1.544288696289062500e+03
1.544020263671875000e+03
1.544107788085937500e+03
1.544083496093750000e+03
1.544304809570312500e+03
1.544292724609375000e+03
1.544325195312500000e+03
1.544193115234375000e+03
1.544244628906250000e+03
1.544302734375000000e+03
1.544311035156250000e+03
1.544391113281250000e+03
1.544212646484375000e+03
1.544380126953125000e+03
1.544226074218750000e+03
1.544272705078125000e+03
1.544289550781250000e+03
1.544244018554687500e+03
1.544339721679687500e+03
1.544414184570312500e+03
1.544562377929687500e+03
1.544178222656250000e+03
1.544795532226562500e+03
1.544606201171875000e+03
1.544623168945312500e+03
1.544322021484375000e+03
1.544332519531250000e+03
1.544307250976562500e+03
1.544568359375000000e+03
1.544570068359375000e+03
1.544096313476562500e+03
1.544659545898437500e+03
1.544068359375000000e+03
1.543755981445312500e+03
1.543854003906250000e+03
1.544178466796875000e+03
1.544277343750000000e+03
1.544330322265625000e+03
1.544315429687500000e+03
1.543967773437500000e+03
1.544480102539062500e+03
1.544466796875000000e+03
1.544437255859375000e+03
1.544505737304687500e+03
1.544514526367187500e+03
1.544549926757812500e+03
1.544704589843750000e+03
1.544415161132812500e+03
1.544285766601562500e+03
1.544597045898437500e+03
1.544460449218750000e+03
1.544269531250000000e+03
1.544249877929687500e+03
1.544180419921875000e+03
1.544498901367187500e+03
