1.344963500976562500e+03
1.345395263671875000e+03
1.345593017578125000e+03
1.345304931640625000e+03
1.345081054687500000e+03
1.344521240234375000e+03
1.343406860351562500e+03
1.342769287109375000e+03
1.342480712890625000e+03
1.341395141601562500e+03
1.340705688476562500e+03
1.340293579101562500e+03
1.340369995117187500e+03
1.340401733398437500e+03
1.340287109375000000e+03
1.340887573242187500e+03
1.341295288085937500e+03
1.341281127929687500e+03
1.340500366210937500e+03
1.340746948242187500e+03
1.341397216796875000e+03
1.341867919921875000e+03
1.342206542968750000e+03
1.342811035156250000e+03
1.343309082031250000e+03
1.343682495117187500e+03
1.344142700195312500e+03
1.345664062500000000e+03
1.346542480468750000e+03
1.347054199218750000e+03
1.347531982421875000e+03
1.347499511718750000e+03
1.347578247070312500e+03
1.347318603515625000e+03
1.345880126953125000e+03
1.345114746093750000e+03
1.343503662109375000e+03
1.342669067382812500e+03
1.342179809570312500e+03
1.341729736328125000e+03
1.341553466796875000e+03
1.340922363281250000e+03
1.339973388671875000e+03
1.340364135742187500e+03
1.340578247070312500e+03
1.339902587890625000e+03
1.339723266601562500e+03
1.339906127929687500e+03
1.340001831054687500e+03
1.340074340820312500e+03
1.340245483398437500e+03
1.340516357421875000e+03
1.340815307617187500e+03
1.340893066406250000e+03
1.340610595703125000e+03
1.339767456054687500e+03
1.339470336914062500e+03
1.339471435546875000e+03
1.339527709960937500e+03
1.339479125976562500e+03
1.339513183593750000e+03
1.339417968750000000e+03
1.339538696289062500e+03
1.339329467773437500e+03
1.339760131835937500e+03
1.339707885742187500e+03
1.339823852539062500e+03
1.340169921875000000e+03
1.342618286132812500e+03
1.343970458984375000e+03
1.345867187500000000e+03
1.346541748046875000e+03
1.351102172851562500e+03
1.349911254882812500e+03
1.348716064453125000e+03
1.346898437500000000e+03
1.345497802734375000e+03
1.343612182617187500e+03
1.342399902343750000e+03
1.342443847656250000e+03
1.341940307617187500e+03
1.341925781250000000e+03
1.341317016601562500e+03
1.341333740234375000e+03
1.341521606445312500e+03
1.341839965820312500e+03
1.342105102539062500e+03
1.342820800781250000e+03
1.342554687500000000e+03
1.341342407226562500e+03
1.342690795898437500e+03
1.342887451171875000e+03
1.343160278320312500e+03
1.343200561523437500e+03
1.343746459960937500e+03
1.345828369140625000e+03
1.343921508789062500e+03
1.343774780273437500e+03
1.343964965820312500e+03
1.344443359375000000e+03
1.343420288085937500e+03
1.343505981445312500e+03
1.342430297851562500e+03
1.342033935546875000e+03
1.341188354492187500e+03
1.339794189453125000e+03
1.339343627929687500e+03
1.339418457031250000e+03
1.339353027343750000e+03
1.338096679687500000e+03
1.337349731445312500e+03
1.337363403320312500e+03
1.336848266601562500e+03
1.336128173828125000e+03
1.336928833007812500e+03
1.338185546875000000e+03
1.338967773437500000e+03
1.341906250000000000e+03
1.343418579101562500e+03
1.346037963867187500e+03
1.345941406250000000e+03
1.345676757812500000e+03
1.345851684570312500e+03
1.344155151367187500e+03
1.342337646484375000e+03
1.342462646484375000e+03
1.340469482421875000e+03
1.340261596679687500e+03
1.340173706054687500e+03
1.339803710937500000e+03
1.340322387695312500e+03
1.340921508789062500e+03
1.341410400390625000e+03
1.341223022460937500e+03
1.341268798828125000e+03
1.341193115234375000e+03
1.343051269531250000e+03
1.342239379882812500e+03
1.341611206054687500e+03
1.342231933593750000e+03
1.342997314453125000e+03
1.343597534179687500e+03
1.344958496093750000e+03
1.345073486328125000e+03
1.346425781250000000e+03
1.346467041015625000e+03
1.345622070312500000e+03
1.345669677734375000e+03
1.345578735351562500e+03
1.344448364257812500e+03
1.345362792968750000e+03
1.345910888671875000e+03
1.347057861328125000e+03
1.348919433593750000e+03
1.349988037109375000e+03
1.351402343750000000e+03
1.350379028320312500e+03
1.349228149414062500e+03
1.348576904296875000e+03
1.348533447265625000e+03
1.349278564453125000e+03
1.349483886718750000e+03
1.348443237304687500e+03
1.348156250000000000e+03
1.349807495117187500e+03
1.350060058593750000e+03
1.349935668945312500e+03
1.348950195312500000e+03
1.348372924804687500e+03
1.347808715820312500e+03
1.348637695312500000e+03
1.344601440429687500e+03
1.342762329101562500e+03
1.342679443359375000e+03
1.342015136718750000e+03
1.342414916992187500e+03
1.342868164062500000e+03
1.344009155273437500e+03
1.345763793945312500e+03
1.346085571289062500e+03
1.348421997070312500e+03
1.347074707031250000e+03
1.348339721679687500e+03
1.348618164062500000e+03
1.348512451171875000e+03
1.346945312500000000e+03
1.347840942382812500e+03
1.347912353515625000e+03
1.346199462890625000e+03
1.349002807617187500e+03
1.351386596679687500e+03
1.351466186523437500e+03
1.352428955078125000e+03
1.353703857421875000e+03
1.352778320312500000e+03
1.353780639648437500e+03
1.352494140625000000e+03
1.353825683593750000e+03
1.358454223632812500e+03
1.356012939453125000e+03
1.356835693359375000e+03
1.358304321289062500e+03
1.359170654296875000e+03
1.359082397460937500e+03
1.358353149414062500e+03
1.356960083007812500e+03
1.356551391601562500e+03
1.353455078125000000e+03
1.354976440429687500e+03
1.355871826171875000e+03
1.355043457031250000e+03
1.356561523437500000e+03
1.351302001953125000e+03
1.354555053710937500e+03
1.354991699218750000e+03
1.354655151367187500e+03
1.353880981445312500e+03
1.353142211914062500e+03
1.352674560546875000e+03
1.353084838867187500e+03
1.351332031250000000e+03
1.351349487304687500e+03
1.350782104492187500e+03
1.350480590820312500e+03
1.350850463867187500e+03
1.348960815429687500e+03
1.347836791992187500e+03
1.346478149414062500e+03
1.346603027343750000e+03
1.347320434570312500e+03
1.347430297851562500e+03
1.347032104492187500e+03
1.345963378906250000e+03
1.346619506835937500e+03
1.345132690429687500e+03
1.343899291992187500e+03
1.343139160156250000e+03
1.343368774414062500e+03
1.342467773437500000e+03
1.344038574218750000e+03
1.344384765625000000e+03
1.345725219726562500e+03
1.345154418945312500e+03
1.344865722656250000e+03
1.345625610351562500e+03
1.344458984375000000e+03
1.344092651367187500e+03
1.344498168945312500e+03
1.345228759765625000e+03
1.343931152343750000e+03
1.345363525390625000e+03
1.344773315429687500e+03
1.344096191406250000e+03
1.344422241210937500e+03
1.345775512695312500e+03
1.346241210937500000e+03
1.347251342773437500e+03
1.344865600585937500e+03
1.346148559570312500e+03
1.346388183593750000e+03
1.346885253906250000e+03
1.343662475585937500e+03
1.345093139648437500e+03
1.345683105468750000e+03
1.345153320312500000e+03
1.344101440429687500e+03
1.343440673828125000e+03
1.343652587890625000e+03
1.343804443359375000e+03
1.344850952148437500e+03
1.345947875976562500e+03
1.347326171875000000e+03
1.349178344726562500e+03
1.350419311523437500e+03
1.351435546875000000e+03
1.358582763671875000e+03
1.366345703125000000e+03
1.355780639648437500e+03
1.355829223632812500e+03
1.352408813476562500e+03
1.350970703125000000e+03
1.350915649414062500e+03
1.351588500976562500e+03
1.351031127929687500e+03
1.351971557617187500e+03
1.352163574218750000e+03
1.352050781250000000e+03
1.353097900390625000e+03
1.345464965820312500e+03
1.344166748046875000e+03
1.343721923828125000e+03
1.344567993164062500e+03
1.343837036132812500e+03
1.340119750976562500e+03
1.335890991210937500e+03
1.335590576171875000e+03
1.334401611328125000e+03
1.332897949218750000e+03
1.332643310546875000e+03
1.331541015625000000e+03
1.331468017578125000e+03
1.332424560546875000e+03
1.333463134765625000e+03
1.335827026367187500e+03
1.336292602539062500e+03
1.337167724609375000e+03
1.339724609375000000e+03
1.340766357421875000e+03
1.341584838867187500e+03
1.341527832031250000e+03
1.341185302734375000e+03
1.340743652343750000e+03
1.340113891601562500e+03
1.339648193359375000e+03
1.339340332031250000e+03
1.336908813476562500e+03
1.336635864257812500e+03
1.336791992187500000e+03
1.337237060546875000e+03
1.337692138671875000e+03
1.338037109375000000e+03
1.338073730468750000e+03
1.338780639648437500e+03
1.338687377929687500e+03
1.340714477539062500e+03
1.341829956054687500e+03
1.342009033203125000e+03
1.342413818359375000e+03
1.342373046875000000e+03
1.342547851562500000e+03
1.342385131835937500e+03
1.343869995117187500e+03
1.344334472656250000e+03
1.345573364257812500e+03
1.344484252929687500e+03
1.343499633789062500e+03
1.343148925781250000e+03
1.342465087890625000e+03
1.341241577148437500e+03
1.339090942382812500e+03
1.337180053710937500e+03
1.336322021484375000e+03
1.336204589843750000e+03
1.336616210937500000e+03
1.337353393554687500e+03
1.337118652343750000e+03
1.337262207031250000e+03
1.337361572265625000e+03
1.337366943359375000e+03
1.338636840820312500e+03
1.338950073242187500e+03
1.340955688476562500e+03
1.341421997070312500e+03
1.341986083984375000e+03
1.342299316406250000e+03
1.342210815429687500e+03
1.341549804687500000e+03
1.340915771484375000e+03
1.340445312500000000e+03
1.340108886718750000e+03
1.338706420898437500e+03
1.338494140625000000e+03
1.338913330078125000e+03
1.339486938476562500e+03
1.339948974609375000e+03
1.339471435546875000e+03
1.339104003906250000e+03
1.337873657226562500e+03
1.337379516601562500e+03
1.336711669921875000e+03
1.337315185546875000e+03
1.337661376953125000e+03
1.337729003906250000e+03
1.337947753906250000e+03
1.339081542968750000e+03
1.340346557617187500e+03
1.341800170898437500e+03
1.342559692382812500e+03
1.340633422851562500e+03
1.339887817382812500e+03
1.339316650390625000e+03
1.338885253906250000e+03
1.338460083007812500e+03
1.337942138671875000e+03
1.337226440429687500e+03
1.337008544921875000e+03
1.336199951171875000e+03
1.338730102539062500e+03
1.340327392578125000e+03
1.340772827148437500e+03
1.341847656250000000e+03
1.341875488281250000e+03
1.341810546875000000e+03
1.342040283203125000e+03
1.342166381835937500e+03
1.342699584960937500e+03
1.345984252929687500e+03
1.349337890625000000e+03
1.348399169921875000e+03
1.344933837890625000e+03
1.344035522460937500e+03
1.344555297851562500e+03
1.343399047851562500e+03
1.342991210937500000e+03
1.341951904296875000e+03
1.343823608398437500e+03
1.344391723632812500e+03
1.346226440429687500e+03
1.348619750976562500e+03
1.347512084960937500e+03
1.349479614257812500e+03
1.350121459960937500e+03
1.349451538085937500e+03
1.350815551757812500e+03
1.347800292968750000e+03
1.348335815429687500e+03
1.349275756835937500e+03
1.349735839843750000e+03
1.349833740234375000e+03
1.347643188476562500e+03
1.347843750000000000e+03
1.348159179687500000e+03
1.347263061523437500e+03
1.348123657226562500e+03
1.347671264648437500e+03
1.348074707031250000e+03
1.348716552734375000e+03
1.349215087890625000e+03
1.354467529296875000e+03
1.351364379882812500e+03
1.356963134765625000e+03
1.358918090820312500e+03
1.363355102539062500e+03
1.364492919921875000e+03
1.364998779296875000e+03
1.365480102539062500e+03
1.366490722656250000e+03
1.365895263671875000e+03
1.370063110351562500e+03
1.372386230468750000e+03
1.372615966796875000e+03
1.362290405273437500e+03
1.363913208007812500e+03
1.363457397460937500e+03
1.362285522460937500e+03
1.362462280273437500e+03
1.361259887695312500e+03
1.363029174804687500e+03
1.363591064453125000e+03
1.362921264648437500e+03
1.368054809570312500e+03
1.371688598632812500e+03
1.371338378906250000e+03
1.373169067382812500e+03
1.373101806640625000e+03
1.375478637695312500e+03
1.375615600585937500e+03
1.372318481445312500e+03
1.372776855468750000e+03
1.381099121093750000e+03
1.381738525390625000e+03
1.380900512695312500e+03
1.384171997070312500e+03
1.384579101562500000e+03
1.385653076171875000e+03
1.379500122070312500e+03
1.384215454101562500e+03
1.383732177734375000e+03
1.390124389648437500e+03
1.393366455078125000e+03
1.391862182617187500e+03
1.388306396484375000e+03
1.385257446289062500e+03
1.386397338867187500e+03
1.391423339843750000e+03
1.394165893554687500e+03
1.392548217773437500e+03
1.392962158203125000e+03
1.390817871093750000e+03
1.393628051757812500e+03
1.394765136718750000e+03
1.393551025390625000e+03
1.395947753906250000e+03
1.395796997070312500e+03
1.396241943359375000e+03
1.396534912109375000e+03
1.392209594726562500e+03
1.391204956054687500e+03
1.389041137695312500e+03
1.389909667968750000e+03
1.391827880859375000e+03
1.393489624023437500e+03
1.398855468750000000e+03
1.403881469726562500e+03
1.401067993164062500e+03
1.406062744140625000e+03
1.405594360351562500e+03
1.405702270507812500e+03
1.408015625000000000e+03
1.409527954101562500e+03
1.411440795898437500e+03
1.410720458984375000e+03
1.407312866210937500e+03
1.403791015625000000e+03
1.389097045898437500e+03
1.389505981445312500e+03
1.383708862304687500e+03
1.380649169921875000e+03
1.377519775390625000e+03
1.377571289062500000e+03
1.378356201171875000e+03
1.377227661132812500e+03
1.375659667968750000e+03
1.380190429687500000e+03
1.379112182617187500e+03
1.382900634765625000e+03
1.379645629882812500e+03
1.381296997070312500e+03
1.379095581054687500e+03
1.380899536132812500e+03
1.380030395507812500e+03
1.381001342773437500e+03
1.386261596679687500e+03
1.386355102539062500e+03
1.385033203125000000e+03
1.385248046875000000e+03
1.387700927734375000e+03
1.389242187500000000e+03
1.388653076171875000e+03
1.393238281250000000e+03
1.395812500000000000e+03
1.397492675781250000e+03
1.392817016601562500e+03
1.390410888671875000e+03
1.391442993164062500e+03
1.391531738281250000e+03
1.388730102539062500e+03
1.388069458007812500e+03
1.393198120117187500e+03
1.394451660156250000e+03
1.392563598632812500e+03
1.385778930664062500e+03
1.384763061523437500e+03
1.387014526367187500e+03
1.384822021484375000e+03
1.381645874023437500e+03
1.381863525390625000e+03
1.384159667968750000e+03
1.387673828125000000e+03
1.399872558593750000e+03
1.398438598632812500e+03
1.400009155273437500e+03
1.397308593750000000e+03
1.400649536132812500e+03
1.402182861328125000e+03
1.399026123046875000e+03
1.399067382812500000e+03
1.400280151367187500e+03
1.401163330078125000e+03
1.404515502929687500e+03
1.403398803710937500e+03
1.402121948242187500e+03
1.398108764648437500e+03
1.395985717773437500e+03
1.400248046875000000e+03
1.400992431640625000e+03
1.401237426757812500e+03
1.390221801757812500e+03
1.388899536132812500e+03
1.387112060546875000e+03
1.384817993164062500e+03
1.388002807617187500e+03
1.387581542968750000e+03
1.391578369140625000e+03
1.392775878906250000e+03
1.394018310546875000e+03
1.386427856445312500e+03
1.385012695312500000e+03
1.380798461914062500e+03
1.382581054687500000e+03
1.385540771484375000e+03
1.390333374023437500e+03
1.387854248046875000e+03
1.391674316406250000e+03
1.393690063476562500e+03
1.398150390625000000e+03
1.396632690429687500e+03
1.395282592773437500e+03
1.397201416015625000e+03
1.399674194335937500e+03
1.397581176757812500e+03
1.399413818359375000e+03
1.390940917968750000e+03
1.393090087890625000e+03
1.411082031250000000e+03
1.409023315429687500e+03
1.408346069335937500e+03
1.403330078125000000e+03
1.401752685546875000e+03
1.414621215820312500e+03
1.415462646484375000e+03
1.414445556640625000e+03
1.417885742187500000e+03
1.409150146484375000e+03
1.412465209960937500e+03
1.414174438476562500e+03
1.413795288085937500e+03
1.417379516601562500e+03
1.413021972656250000e+03
1.420374023437500000e+03
1.427541992187500000e+03
1.429874145507812500e+03
1.415854248046875000e+03
1.406799804687500000e+03
1.404446533203125000e+03
1.405216430664062500e+03
1.408873779296875000e+03
1.405731445312500000e+03
1.408412231445312500e+03
1.404197631835937500e+03
1.407272216796875000e+03
1.408650390625000000e+03
1.409177978515625000e+03
1.408053833007812500e+03
1.406488891601562500e+03
1.408401855468750000e+03
1.403851684570312500e+03
1.402676269531250000e+03
1.402358642578125000e+03
1.404203491210937500e+03
1.420844238281250000e+03
1.421737304687500000e+03
1.422543334960937500e+03
1.418265502929687500e+03
1.417080932617187500e+03
1.416512084960937500e+03
1.415953613281250000e+03
1.409786254882812500e+03
1.406939208984375000e+03
1.424429199218750000e+03
1.431854614257812500e+03
1.433371582031250000e+03
1.430084838867187500e+03
1.428769531250000000e+03
1.429434204101562500e+03
1.427086914062500000e+03
1.425141113281250000e+03
1.423717651367187500e+03
1.417351806640625000e+03
1.412934570312500000e+03
1.408611694335937500e+03
1.402027465820312500e+03
1.401152709960937500e+03
1.404997314453125000e+03
1.408304199218750000e+03
1.407971679687500000e+03
1.410571166992187500e+03
1.418877075195312500e+03
1.420896972656250000e+03
1.420135253906250000e+03
1.421489624023437500e+03
1.425512329101562500e+03
1.425085815429687500e+03
1.425886718750000000e+03
1.429871459960937500e+03
1.431802490234375000e+03
1.434829101562500000e+03
1.437156982421875000e+03
1.437572998046875000e+03
1.438248291015625000e+03
1.438162841796875000e+03
1.436397827148437500e+03
1.434900390625000000e+03
1.434244873046875000e+03
1.434817260742187500e+03
1.435983886718750000e+03
1.443646850585937500e+03
1.443149902343750000e+03
1.444599365234375000e+03
1.446868408203125000e+03
1.441481323242187500e+03
1.442818847656250000e+03
1.445329101562500000e+03
1.448506835937500000e+03
1.457327392578125000e+03
1.458562500000000000e+03
1.459422485351562500e+03
1.458721557617187500e+03
1.457944458007812500e+03
1.450698486328125000e+03
1.447671386718750000e+03
1.454544677734375000e+03
1.457796020507812500e+03
1.435802368164062500e+03
1.441111328125000000e+03
1.442098510742187500e+03
1.438683471679687500e+03
1.444859497070312500e+03
1.445214233398437500e+03
1.445895385742187500e+03
1.448230102539062500e+03
1.446343261718750000e+03
1.447456176757812500e+03
1.442147705078125000e+03
1.444511718750000000e+03
1.444812133789062500e+03
1.444734130859375000e+03
1.446444580078125000e+03
1.445113891601562500e+03
1.443246337890625000e+03
1.444715820312500000e+03
1.425888183593750000e+03
1.433780029296875000e+03
1.432449340820312500e+03
1.435793457031250000e+03
1.436607055664062500e+03
1.435553344726562500e+03
1.436386474609375000e+03
1.435598266601562500e+03
1.435001220703125000e+03
1.421608520507812500e+03
1.422638183593750000e+03
1.420715576171875000e+03
1.420661499023437500e+03
1.429735961914062500e+03
1.434962890625000000e+03
1.429807495117187500e+03
1.428092529296875000e+03
1.430878906250000000e+03
1.438094116210937500e+03
1.436397949218750000e+03
1.436219848632812500e+03
1.437110839843750000e+03
1.439720214843750000e+03
1.438340332031250000e+03
1.443589965820312500e+03
1.438384399414062500e+03
1.436415771484375000e+03
1.439727661132812500e+03
1.439456909179687500e+03
1.437034423828125000e+03
1.429410522460937500e+03
1.428270141601562500e+03
1.419891479492187500e+03
1.414645141601562500e+03
1.411809082031250000e+03
1.414066162109375000e+03
1.427130981445312500e+03
1.434073120117187500e+03
1.435046997070312500e+03
1.434916503906250000e+03
1.434146484375000000e+03
1.437386840820312500e+03
1.435281250000000000e+03
1.431642089843750000e+03
1.432607543945312500e+03
1.425133300781250000e+03
1.425747924804687500e+03
1.430715332031250000e+03
1.432738403320312500e+03
1.433768432617187500e+03
1.430973510742187500e+03
1.425223022460937500e+03
1.426275146484375000e+03
1.426765502929687500e+03
1.433368286132812500e+03
1.432851318359375000e+03
1.434735595703125000e+03
1.438142089843750000e+03
1.438202880859375000e+03
1.428783203125000000e+03
1.429296508789062500e+03
1.424843872070312500e+03
1.415810668945312500e+03
1.409485717773437500e+03
1.410578979492187500e+03
1.410316284179687500e+03
1.416723022460937500e+03
1.419021240234375000e+03
1.417838989257812500e+03
1.424870483398437500e+03
1.428871948242187500e+03
1.430208984375000000e+03
1.440679321289062500e+03
1.440583984375000000e+03
1.443274658203125000e+03
1.442723876953125000e+03
1.440868774414062500e+03
1.439010009765625000e+03
1.443380126953125000e+03
1.443569580078125000e+03
1.446108154296875000e+03
1.452058349609375000e+03
1.448105346679687500e+03
1.447465454101562500e+03
1.442965942382812500e+03
1.444748901367187500e+03
1.447379882812500000e+03
1.445758300781250000e+03
1.446742431640625000e+03
1.446315307617187500e+03
1.444673339843750000e+03
1.446818115234375000e+03
1.447199829101562500e+03
1.446010986328125000e+03
1.444461791992187500e+03
1.445984741210937500e+03
1.442702758789062500e+03
1.434758300781250000e+03
1.433192260742187500e+03
1.428202026367187500e+03
1.428755859375000000e+03
1.430928100585937500e+03
1.432910522460937500e+03
1.431360839843750000e+03
1.434010986328125000e+03
1.432905151367187500e+03
1.433301391601562500e+03
1.433843383789062500e+03
1.423516113281250000e+03
1.418279663085937500e+03
1.421629028320312500e+03
1.424878173828125000e+03
1.423391357421875000e+03
1.427139282226562500e+03
1.431129882812500000e+03
1.431211425781250000e+03
1.429567626953125000e+03
1.395970458984375000e+03
1.404690551757812500e+03
1.403945800781250000e+03
1.409459838867187500e+03
1.410778442382812500e+03
1.412354248046875000e+03
1.401840209960937500e+03
1.402425415039062500e+03
1.403056762695312500e+03
1.382715576171875000e+03
1.370090698242187500e+03
1.377961181640625000e+03
1.374749755859375000e+03
1.366709228515625000e+03
1.370440673828125000e+03
1.369377563476562500e+03
1.371450805664062500e+03
1.367232299804687500e+03
1.368259399414062500e+03
1.364972534179687500e+03
1.367109008789062500e+03
1.372147827148437500e+03
1.379545654296875000e+03
1.388626342773437500e+03
1.387606567382812500e+03
1.390320312500000000e+03
1.388689575195312500e+03
1.378201416015625000e+03
1.365742431640625000e+03
1.352831054687500000e+03
1.355152221679687500e+03
1.351067260742187500e+03
1.352191040039062500e+03
1.352670043945312500e+03
1.352981201171875000e+03
1.347816284179687500e+03
1.357075927734375000e+03
1.352392456054687500e+03
1.355942993164062500e+03
1.356032226562500000e+03
1.354036865234375000e+03
1.355699096679687500e+03
1.360306518554687500e+03
1.367977050781250000e+03
1.367154296875000000e+03
1.378409667968750000e+03
1.375547973632812500e+03
1.372141113281250000e+03
1.367379882812500000e+03
1.358280639648437500e+03
1.358134399414062500e+03
1.353917724609375000e+03
1.353527954101562500e+03
1.354272949218750000e+03
1.347572753906250000e+03
1.354683715820312500e+03
1.359875122070312500e+03
1.360814086914062500e+03
1.364508178710937500e+03
1.364908447265625000e+03
1.367833740234375000e+03
1.370283813476562500e+03
1.366573974609375000e+03
1.382996215820312500e+03
1.387459960937500000e+03
1.388536621093750000e+03
1.387791625976562500e+03
1.390146728515625000e+03
1.391593750000000000e+03
1.384330810546875000e+03
1.383272094726562500e+03
1.384404907226562500e+03
1.382843139648437500e+03
1.385703979492187500e+03
1.387707641601562500e+03
1.387958984375000000e+03
1.390095703125000000e+03
1.391049682617187500e+03
1.394781005859375000e+03
1.392542968750000000e+03
1.391385742187500000e+03
1.390941528320312500e+03
1.387696044921875000e+03
1.383286254882812500e+03
1.387797607421875000e+03
1.388855346679687500e+03
1.390417480468750000e+03
1.394913818359375000e+03
1.397646484375000000e+03
1.395808715820312500e+03
1.378705200195312500e+03
1.372361450195312500e+03
1.368615966796875000e+03
1.366962646484375000e+03
1.371200195312500000e+03
1.371988891601562500e+03
1.370344970703125000e+03
1.370500976562500000e+03
1.369156616210937500e+03
1.378405395507812500e+03
1.378580322265625000e+03
1.381165649414062500e+03
1.384308471679687500e+03
1.382760620117187500e+03
1.383608764648437500e+03
1.383287597656250000e+03
1.380369384765625000e+03
1.380350830078125000e+03
1.389333251953125000e+03
1.385353515625000000e+03
1.382001220703125000e+03
1.381038085937500000e+03
1.381397460937500000e+03
1.378583862304687500e+03
1.379157104492187500e+03
1.380516235351562500e+03
1.381862304687500000e+03
1.392677124023437500e+03
1.398239135742187500e+03
1.402666137695312500e+03
1.401266357421875000e+03
1.402100830078125000e+03
1.403205810546875000e+03
1.406606933593750000e+03
1.403718994140625000e+03
1.405454101562500000e+03
1.420603881835937500e+03
1.425178100585937500e+03
1.424711914062500000e+03
1.429007812500000000e+03
1.429630371093750000e+03
1.424014038085937500e+03
1.422534790039062500e+03
1.423848388671875000e+03
1.426595214843750000e+03
1.427572631835937500e+03
1.428324218750000000e+03
1.432820312500000000e+03
1.434487304687500000e+03
1.433261108398437500e+03
1.435570556640625000e+03
1.437742675781250000e+03
1.441065429687500000e+03
1.440081420898437500e+03
1.445903198242187500e+03
1.445086425781250000e+03
1.445207763671875000e+03
1.446859252929687500e+03
1.445703613281250000e+03
1.445302856445312500e+03
1.444944091796875000e+03
1.444460693359375000e+03
1.442622192382812500e+03
1.448262817382812500e+03
1.448841308593750000e+03
1.452395263671875000e+03
1.453807617187500000e+03
1.452968994140625000e+03
1.452641113281250000e+03
1.450349121093750000e+03
1.445635620117187500e+03
1.442380371093750000e+03
1.439321411132812500e+03
1.436411865234375000e+03
1.436222290039062500e+03
1.438326904296875000e+03
1.439735107421875000e+03
1.436886108398437500e+03
1.436142822265625000e+03
1.431968750000000000e+03
1.431907226562500000e+03
1.437830810546875000e+03
1.437993164062500000e+03
1.436481933593750000e+03
1.437395751953125000e+03
1.439180908203125000e+03
1.437046630859375000e+03
1.433286743164062500e+03
1.436465820312500000e+03
1.437088256835937500e+03
1.446573730468750000e+03
1.449599853515625000e+03
1.449026855468750000e+03
1.446917114257812500e+03
1.445220581054687500e+03
1.446169311523437500e+03
1.448266601562500000e+03
1.447477416992187500e+03
1.448705566406250000e+03
1.445734375000000000e+03
1.448346679687500000e+03
1.448919677734375000e+03
1.448920532226562500e+03
1.447914428710937500e+03
1.454519775390625000e+03
1.446095947265625000e+03
1.442745117187500000e+03
1.441029541015625000e+03
1.455171875000000000e+03
1.452426513671875000e+03
1.452498901367187500e+03
1.451630737304687500e+03
1.453563598632812500e+03
1.455631469726562500e+03
1.453015380859375000e+03
1.455156616210937500e+03
1.457482421875000000e+03
1.460973632812500000e+03
1.459055053710937500e+03
1.460908691406250000e+03
1.460258178710937500e+03
1.462093383789062500e+03
1.462129272460937500e+03
1.464908081054687500e+03
1.462826782226562500e+03
1.461398681640625000e+03
1.467182983398437500e+03
1.463442260742187500e+03
1.463275512695312500e+03
1.464234497070312500e+03
1.462273925781250000e+03
1.460699096679687500e+03
1.461565917968750000e+03
1.460563110351562500e+03
1.459764404296875000e+03
1.463366210937500000e+03
1.464875732421875000e+03
1.467303710937500000e+03
1.468957519531250000e+03
1.468201904296875000e+03
1.469109252929687500e+03
1.466007568359375000e+03
1.464430786132812500e+03
1.464846191406250000e+03
1.461692871093750000e+03
1.460806396484375000e+03
1.458779052734375000e+03
1.461961059570312500e+03
1.462224487304687500e+03
1.462454467773437500e+03
1.463923706054687500e+03
1.465366210937500000e+03
1.465058227539062500e+03
1.459457763671875000e+03
1.458798339843750000e+03
1.459364990234375000e+03
1.459032104492187500e+03
1.459397827148437500e+03
1.459745971679687500e+03
1.461167724609375000e+03
1.464181152343750000e+03
1.463230224609375000e+03
1.462793701171875000e+03
1.465756347656250000e+03
1.465827758789062500e+03
1.461635620117187500e+03
1.462459472656250000e+03
1.464010498046875000e+03
1.465777343750000000e+03
1.466541259765625000e+03
1.467655639648437500e+03
1.464607666015625000e+03
1.465687133789062500e+03
1.467605590820312500e+03
1.468698608398437500e+03
1.470191406250000000e+03
1.468640380859375000e+03
1.469105712890625000e+03
1.468342529296875000e+03
1.467642822265625000e+03
1.457408447265625000e+03
1.458803833007812500e+03
1.457978027343750000e+03
1.458593139648437500e+03
1.459312377929687500e+03
1.458830078125000000e+03
1.456539062500000000e+03
1.456375244140625000e+03
1.458753295898437500e+03
1.442302001953125000e+03
1.447778442382812500e+03
1.445056640625000000e+03
1.442984863281250000e+03
1.441909667968750000e+03
1.442394531250000000e+03
1.440929931640625000e+03
1.439165649414062500e+03
1.443880737304687500e+03
1.445201171875000000e+03
1.449229248046875000e+03
1.449202758789062500e+03
1.447647705078125000e+03
1.448462280273437500e+03
1.450869384765625000e+03
1.448328857421875000e+03
1.446686889648437500e+03
1.447429077148437500e+03
1.447940307617187500e+03
1.435353027343750000e+03
1.438162841796875000e+03
1.438741943359375000e+03
1.440830078125000000e+03
1.443709960937500000e+03
1.447225097656250000e+03
1.450985107421875000e+03
1.451370361328125000e+03
1.451646850585937500e+03
1.448116699218750000e+03
1.450043823242187500e+03
1.449414184570312500e+03
1.449897216796875000e+03
1.446493652343750000e+03
1.440865478515625000e+03
1.430164428710937500e+03
1.427812622070312500e+03
1.437146728515625000e+03
1.435329956054687500e+03
1.436431274414062500e+03
1.435933227539062500e+03
1.435984008789062500e+03
1.431905639648437500e+03
1.431805175781250000e+03
1.432323608398437500e+03
1.430805664062500000e+03
1.428756225585937500e+03
1.426871704101562500e+03
1.423693237304687500e+03
1.420034057617187500e+03
1.419175048828125000e+03
1.422371093750000000e+03
1.425638793945312500e+03
1.423585083007812500e+03
1.425748535156250000e+03
1.435580322265625000e+03
1.435383178710937500e+03
1.433198364257812500e+03
1.436187133789062500e+03
1.437768432617187500e+03
1.439771606445312500e+03
1.442580078125000000e+03
1.447585693359375000e+03
1.448551513671875000e+03
1.453130981445312500e+03
1.451810913085937500e+03
1.453068359375000000e+03
1.454147949218750000e+03
1.455765991210937500e+03
1.456054809570312500e+03
1.451540283203125000e+03
1.452489013671875000e+03
1.453541137695312500e+03
1.444781738281250000e+03
1.441876098632812500e+03
1.439093872070312500e+03
1.437364624023437500e+03
1.435590576171875000e+03
1.435277343750000000e+03
1.439256835937500000e+03
1.440114135742187500e+03
1.440588867187500000e+03
1.439994995117187500e+03
1.438939819335937500e+03
1.439202880859375000e+03
1.439612548828125000e+03
1.439330688476562500e+03
1.444724609375000000e+03
1.437292724609375000e+03
1.434970092773437500e+03
1.435867797851562500e+03
1.448850341796875000e+03
1.447726196289062500e+03
1.446377929687500000e+03
1.446462402343750000e+03
1.440850097656250000e+03
1.436211547851562500e+03
1.430227539062500000e+03
1.434884155273437500e+03
1.439066894531250000e+03
1.447321899414062500e+03
1.452677612304687500e+03
1.451058349609375000e+03
1.449409545898437500e+03
1.446817382812500000e+03
1.444328491210937500e+03
1.445076904296875000e+03
1.444266113281250000e+03
1.445416870117187500e+03
1.453291748046875000e+03
1.451952880859375000e+03
1.453479370117187500e+03
1.454130249023437500e+03
1.452602539062500000e+03
1.447174438476562500e+03
1.445059814453125000e+03
1.447029418945312500e+03
1.449022583007812500e+03
1.448554321289062500e+03
1.450080810546875000e+03
1.449195556640625000e+03
1.449672119140625000e+03
1.448559204101562500e+03
1.448413696289062500e+03
1.444621704101562500e+03
1.444192749023437500e+03
1.446529296875000000e+03
1.439605712890625000e+03
1.444493164062500000e+03
1.444864013671875000e+03
1.444362792968750000e+03
1.445696166992187500e+03
1.447504028320312500e+03
1.446072021484375000e+03
1.445227905273437500e+03
1.445137573242187500e+03
1.455910888671875000e+03
1.459362915039062500e+03
1.457354248046875000e+03
1.459579345703125000e+03
1.458620605468750000e+03
1.455860839843750000e+03
1.452405761718750000e+03
1.453985595703125000e+03
1.456655883789062500e+03
1.462410522460937500e+03
1.466376220703125000e+03
1.465936279296875000e+03
1.464442749023437500e+03
1.465773803710937500e+03
1.466291870117187500e+03
1.467254516601562500e+03
1.467161132812500000e+03
1.464571044921875000e+03
1.460026611328125000e+03
1.462182983398437500e+03
1.461069335937500000e+03
1.458436767578125000e+03
1.458161132812500000e+03
1.458266601562500000e+03
1.459001586914062500e+03
1.458344116210937500e+03
1.460691406250000000e+03
1.454212158203125000e+03
1.450712890625000000e+03
1.450320434570312500e+03
1.453308593750000000e+03
1.451082153320312500e+03
1.450476196289062500e+03
1.447893920898437500e+03
1.447228515625000000e+03
1.446872558593750000e+03
1.420902221679687500e+03
1.425015380859375000e+03
1.419964477539062500e+03
1.417080444335937500e+03
1.417015869140625000e+03
1.416957885742187500e+03
1.414060180664062500e+03
1.415601196289062500e+03
1.416287231445312500e+03
1.414662597656250000e+03
1.417955566406250000e+03
1.419306884765625000e+03
1.418127441406250000e+03
1.416699096679687500e+03
1.419114624023437500e+03
1.413886352539062500e+03
1.413533691406250000e+03
1.414624389648437500e+03
1.414887695312500000e+03
1.414904296875000000e+03
1.410695068359375000e+03
1.415790649414062500e+03
1.419951293945312500e+03
1.421597778320312500e+03
1.427783081054687500e+03
1.437427001953125000e+03
1.437362304687500000e+03
1.437320190429687500e+03
1.434807373046875000e+03
1.432314331054687500e+03
1.430986572265625000e+03
1.430540039062500000e+03
1.428114746093750000e+03
1.428333007812500000e+03
1.428962036132812500e+03
1.428771728515625000e+03
1.423176879882812500e+03
1.426015502929687500e+03
1.428195556640625000e+03
1.426879516601562500e+03
1.426039428710937500e+03
1.425106201171875000e+03
1.416401855468750000e+03
1.410462768554687500e+03
1.407569946289062500e+03
1.396943359375000000e+03
1.400663085937500000e+03
1.397699218750000000e+03
1.398648559570312500e+03
1.397515380859375000e+03
1.393851928710937500e+03
1.391185058593750000e+03
1.383380493164062500e+03
1.382530639648437500e+03
1.394066040039062500e+03
1.398647827148437500e+03
1.396501220703125000e+03
1.395069580078125000e+03
1.391978393554687500e+03
1.387218627929687500e+03
1.386732666015625000e+03
1.393203613281250000e+03
1.394687500000000000e+03
1.407942504882812500e+03
1.412699462890625000e+03
1.416568481445312500e+03
1.417855224609375000e+03
1.416026123046875000e+03
1.418268310546875000e+03
1.421273803710937500e+03
1.423401977539062500e+03
1.427011474609375000e+03
1.427565551757812500e+03
1.426367065429687500e+03
1.424173583984375000e+03
1.425364746093750000e+03
1.425786987304687500e+03
1.425751464843750000e+03
1.421379394531250000e+03
1.415302246093750000e+03
1.414055664062500000e+03
1.409101928710937500e+03
1.406973632812500000e+03
1.405840454101562500e+03
1.405156250000000000e+03
1.406021728515625000e+03
1.407308715820312500e+03
1.409978393554687500e+03
1.414545898437500000e+03
1.415994018554687500e+03
1.410361572265625000e+03
1.410662963867187500e+03
1.409327758789062500e+03
1.413060424804687500e+03
1.417031372070312500e+03
1.416479614257812500e+03
1.419401000976562500e+03
1.415539428710937500e+03
1.416946411132812500e+03
1.412387695312500000e+03
1.416897705078125000e+03
1.418330688476562500e+03
1.420055786132812500e+03
1.421159179687500000e+03
1.421115600585937500e+03
1.417441040039062500e+03
1.420103759765625000e+03
1.420595214843750000e+03
1.420321044921875000e+03
1.420914428710937500e+03
1.418023315429687500e+03
1.415746704101562500e+03
1.415557373046875000e+03
1.414584716796875000e+03
1.419401977539062500e+03
1.420937622070312500e+03
1.418581542968750000e+03
1.427521728515625000e+03
1.431525634765625000e+03
1.430388549804687500e+03
1.426185546875000000e+03
1.427508544921875000e+03
1.426802368164062500e+03
1.427696899414062500e+03
1.426098632812500000e+03
1.425619628906250000e+03
1.434647583007812500e+03
1.433352050781250000e+03
1.428118286132812500e+03
1.426792358398437500e+03
1.426738281250000000e+03
1.434285278320312500e+03
1.438277221679687500e+03
1.440406616210937500e+03
1.441672485351562500e+03
1.442943237304687500e+03
1.448905151367187500e+03
1.449676269531250000e+03
1.451577880859375000e+03
1.449947509765625000e+03
1.448403442382812500e+03
1.448794677734375000e+03
1.447712036132812500e+03
1.448722167968750000e+03
1.444611328125000000e+03
1.444406372070312500e+03
1.442955810546875000e+03
1.441010375976562500e+03
1.440376586914062500e+03
1.437694335937500000e+03
1.440990356445312500e+03
1.443711547851562500e+03
1.445194335937500000e+03
1.451447021484375000e+03
1.455059448242187500e+03
1.452935058593750000e+03
1.454563110351562500e+03
1.456668090820312500e+03
1.460105957031250000e+03
1.457174316406250000e+03
1.459378540039062500e+03
1.459754638671875000e+03
1.446656494140625000e+03
1.446551879882812500e+03
1.450486450195312500e+03
1.448590209960937500e+03
1.448454101562500000e+03
1.447544921875000000e+03
1.444995727539062500e+03
1.441590332031250000e+03
1.441172729492187500e+03
1.439534301757812500e+03
1.434649658203125000e+03
1.434629150390625000e+03
1.435527832031250000e+03
1.437279296875000000e+03
1.439452758789062500e+03
1.438309570312500000e+03
1.432638916015625000e+03
1.431510620117187500e+03
1.428680297851562500e+03
1.430749633789062500e+03
1.432716674804687500e+03
1.431793945312500000e+03
1.429701538085937500e+03
1.425667724609375000e+03
1.424912719726562500e+03
1.426129760742187500e+03
1.424723266601562500e+03
1.403526367187500000e+03
1.408046020507812500e+03
1.408467285156250000e+03
1.405922485351562500e+03
1.409800048828125000e+03
1.412100463867187500e+03
1.412623413085937500e+03
1.415931274414062500e+03
1.415529907226562500e+03
1.405650268554687500e+03
1.410572265625000000e+03
1.410937622070312500e+03
1.409803222656250000e+03
1.410169311523437500e+03
1.399954467773437500e+03
1.401645263671875000e+03
1.406461791992187500e+03
1.402843872070312500e+03
1.398743041992187500e+03
1.393463012695312500e+03
1.402122558593750000e+03
1.403291748046875000e+03
1.405739013671875000e+03
1.405611206054687500e+03
1.411881103515625000e+03
1.410489624023437500e+03
1.408852539062500000e+03
1.417639648437500000e+03
1.413140502929687500e+03
1.408661987304687500e+03
1.410586791992187500e+03
1.405633178710937500e+03
1.406454345703125000e+03
1.408534179687500000e+03
1.415774902343750000e+03
1.417508300781250000e+03
1.426825561523437500e+03
1.427913452148437500e+03
1.429309204101562500e+03
1.431059082031250000e+03
1.429272827148437500e+03
1.429521118164062500e+03
1.428774291992187500e+03
1.432281738281250000e+03
1.434688476562500000e+03
1.434411499023437500e+03
1.438860107421875000e+03
1.439753784179687500e+03
1.442741088867187500e+03
1.440998779296875000e+03
1.441121582031250000e+03
1.439697143554687500e+03
1.438625976562500000e+03
1.438934204101562500e+03
1.444791015625000000e+03
1.446939086914062500e+03
1.451446533203125000e+03
1.453615356445312500e+03
1.451890502929687500e+03
1.454118530273437500e+03
1.455972167968750000e+03
1.456499633789062500e+03
1.455897705078125000e+03
1.460813232421875000e+03
1.461866577148437500e+03
1.461711425781250000e+03
1.462832031250000000e+03
1.461919921875000000e+03
1.459862792968750000e+03
1.458118530273437500e+03
1.458669677734375000e+03
1.457574462890625000e+03
1.460673950195312500e+03
1.461164428710937500e+03
1.460074218750000000e+03
1.458788940429687500e+03
1.459545410156250000e+03
1.459270996093750000e+03
1.459209472656250000e+03
1.457510620117187500e+03
1.457454833984375000e+03
1.448497070312500000e+03
1.449136108398437500e+03
1.446198364257812500e+03
1.447496093750000000e+03
1.447180175781250000e+03
1.444426391601562500e+03
1.442508422851562500e+03
1.441580932617187500e+03
1.441984252929687500e+03
1.423143676757812500e+03
1.418839843750000000e+03
1.417901977539062500e+03
1.415159790039062500e+03
1.415426757812500000e+03
1.407731933593750000e+03
1.402034667968750000e+03
1.394500732421875000e+03
1.392820312500000000e+03
1.390286010742187500e+03
1.391103271484375000e+03
1.395672485351562500e+03
1.398276855468750000e+03
1.399500732421875000e+03
1.402398559570312500e+03
1.400831298828125000e+03
1.401160644531250000e+03
1.400592895507812500e+03
1.398143676757812500e+03
1.405733398437500000e+03
1.406471801757812500e+03
1.407677124023437500e+03
1.410927368164062500e+03
1.412165405273437500e+03
1.410032470703125000e+03
1.408540405273437500e+03
1.407190551757812500e+03
1.414995117187500000e+03
1.412599365234375000e+03
1.418211791992187500e+03
1.419769653320312500e+03
1.422309326171875000e+03
1.427050415039062500e+03
1.424928833007812500e+03
1.421410278320312500e+03
1.423052124023437500e+03
1.433624511718750000e+03
1.438416992187500000e+03
1.440162963867187500e+03
1.438502929687500000e+03
1.441008056640625000e+03
1.445674926757812500e+03
1.447974609375000000e+03
1.451911865234375000e+03
1.452903564453125000e+03
1.456691040039062500e+03
1.459725219726562500e+03
1.461435546875000000e+03
1.462718383789062500e+03
1.464601928710937500e+03
1.464656616210937500e+03
1.466946411132812500e+03
1.464112426757812500e+03
1.462467285156250000e+03
1.463834472656250000e+03
1.466591430664062500e+03
1.464723388671875000e+03
1.466383178710937500e+03
1.466989501953125000e+03
1.468641235351562500e+03
1.466535278320312500e+03
1.462372680664062500e+03
1.463435546875000000e+03
1.453729492187500000e+03
1.453368041992187500e+03
1.448972290039062500e+03
1.449900878906250000e+03
1.448805664062500000e+03
1.449432983398437500e+03
1.449832153320312500e+03
1.450978393554687500e+03
1.449715209960937500e+03
1.451282714843750000e+03
1.452017700195312500e+03
1.452625610351562500e+03
1.450544921875000000e+03
1.448909667968750000e+03
1.448286865234375000e+03
1.451104370117187500e+03
1.457082275390625000e+03
1.457084594726562500e+03
1.462052856445312500e+03
1.463302612304687500e+03
1.463170654296875000e+03
1.462092651367187500e+03
1.461660156250000000e+03
1.458769897460937500e+03
1.461233276367187500e+03
1.459620971679687500e+03
1.459983886718750000e+03
1.456083251953125000e+03
1.461201171875000000e+03
1.459220336914062500e+03
1.460511596679687500e+03
1.460348510742187500e+03
1.459774291992187500e+03
1.463796752929687500e+03
1.462054443359375000e+03
1.463856811523437500e+03
1.463659179687500000e+03
1.465933959960937500e+03
1.465637695312500000e+03
1.466715454101562500e+03
1.464585327148437500e+03
1.468869873046875000e+03
1.467079467773437500e+03
1.468585083007812500e+03
1.469825195312500000e+03
1.464948974609375000e+03
1.466755371093750000e+03
1.468421264648437500e+03
1.465892700195312500e+03
1.464304565429687500e+03
1.464250000000000000e+03
1.465353759765625000e+03
1.467755737304687500e+03
1.469976318359375000e+03
1.472373779296875000e+03
1.473476074218750000e+03
1.474847534179687500e+03
1.474450439453125000e+03
1.474972412109375000e+03
1.472879516601562500e+03
1.471124023437500000e+03
1.472666259765625000e+03
1.471328491210937500e+03
1.462218750000000000e+03
1.457902709960937500e+03
1.454054687500000000e+03
1.449748046875000000e+03
1.448486206054687500e+03
1.446057250976562500e+03
1.449883666992187500e+03
1.453946899414062500e+03
1.456364135742187500e+03
1.470025878906250000e+03
1.476653564453125000e+03
1.474950317382812500e+03
1.474185180664062500e+03
1.477325683593750000e+03
1.480646484375000000e+03
1.482273559570312500e+03
1.481562500000000000e+03
1.482706787109375000e+03
1.475675537109375000e+03
1.473954223632812500e+03
1.476817382812500000e+03
1.476251953125000000e+03
1.478022338867187500e+03
1.480660766601562500e+03
1.480110351562500000e+03
1.481240112304687500e+03
1.483468627929687500e+03
1.479317993164062500e+03
1.482224487304687500e+03
1.483776611328125000e+03
1.483801513671875000e+03
1.484693237304687500e+03
1.485648925781250000e+03
1.483574951171875000e+03
1.483241210937500000e+03
1.484019287109375000e+03
1.478595092773437500e+03
1.475692382812500000e+03
1.471901855468750000e+03
1.474877563476562500e+03
1.474154785156250000e+03
1.473932983398437500e+03
1.475009155273437500e+03
1.472016357421875000e+03
1.468943359375000000e+03
1.451421020507812500e+03
1.447536987304687500e+03
1.451291625976562500e+03
1.459465087890625000e+03
1.462388305664062500e+03
1.456830200195312500e+03
1.455212280273437500e+03
1.445327758789062500e+03
1.445525268554687500e+03
1.429394409179687500e+03
1.432898071289062500e+03
1.436222290039062500e+03
1.437811523437500000e+03
1.438730834960937500e+03
1.437354492187500000e+03
1.436639648437500000e+03
1.435023315429687500e+03
1.436931884765625000e+03
1.446786132812500000e+03
1.448534790039062500e+03
1.448563964843750000e+03
1.442995361328125000e+03
1.437430908203125000e+03
1.439743530273437500e+03
1.444240112304687500e+03
1.449375976562500000e+03
1.451068969726562500e+03
1.449134399414062500e+03
1.442147949218750000e+03
1.443711059570312500e+03
1.440535400390625000e+03
1.446307739257812500e+03
1.450400756835937500e+03
1.445968872070312500e+03
1.447624511718750000e+03
1.449095703125000000e+03
1.442438842773437500e+03
1.440607910156250000e+03
1.432479125976562500e+03
1.428088256835937500e+03
1.426559448242187500e+03
1.428237915039062500e+03
1.429811889648437500e+03
1.432101684570312500e+03
1.433802734375000000e+03
1.453496093750000000e+03
1.458881225585937500e+03
1.456328979492187500e+03
1.454603637695312500e+03
1.452549438476562500e+03
1.447739746093750000e+03
1.449950927734375000e+03
1.450294311523437500e+03
1.446290161132812500e+03
1.461293334960937500e+03
1.460427368164062500e+03
1.456653442382812500e+03
1.457285156250000000e+03
1.456769775390625000e+03
1.459570434570312500e+03
1.466676635742187500e+03
1.466111083984375000e+03
1.464002807617187500e+03
1.454125122070312500e+03
1.448352050781250000e+03
1.450677001953125000e+03
1.451077270507812500e+03
1.449419677734375000e+03
1.440978759765625000e+03
1.443176269531250000e+03
1.445346313476562500e+03
1.443829589843750000e+03
1.446358154296875000e+03
1.446355590820312500e+03
1.446164184570312500e+03
1.446333251953125000e+03
1.443235473632812500e+03
1.440256347656250000e+03
1.437603881835937500e+03
1.443003173828125000e+03
1.442704956054687500e+03
1.436296264648437500e+03
1.432910400390625000e+03
1.431409667968750000e+03
1.427031738281250000e+03
1.427389160156250000e+03
1.431648681640625000e+03
1.433652587890625000e+03
1.427008544921875000e+03
1.429436645507812500e+03
1.428621826171875000e+03
1.431386596679687500e+03
1.425669067382812500e+03
1.424818115234375000e+03
1.426103759765625000e+03
1.423850830078125000e+03
1.424737670898437500e+03
1.425160400390625000e+03
1.424401367187500000e+03
1.414370361328125000e+03
1.417732910156250000e+03
1.417930419921875000e+03
1.420443115234375000e+03
1.419799560546875000e+03
1.417067871093750000e+03
1.408178344726562500e+03
1.405906860351562500e+03
1.402911865234375000e+03
1.391468505859375000e+03
1.394275878906250000e+03
1.392138671875000000e+03
1.393476440429687500e+03
1.388663085937500000e+03
1.385310546875000000e+03
1.385129272460937500e+03
1.392119262695312500e+03
1.395934814453125000e+03
1.408343383789062500e+03
1.411378906250000000e+03
1.415720947265625000e+03
1.414686035156250000e+03
1.415020751953125000e+03
1.409792236328125000e+03
1.405472900390625000e+03
1.402113403320312500e+03
1.401715942382812500e+03
1.418524536132812500e+03
1.421915649414062500e+03
1.424164062500000000e+03
1.425173706054687500e+03
1.425087646484375000e+03
1.423580688476562500e+03
1.416151489257812500e+03
1.416292480468750000e+03
1.415510375976562500e+03
1.421604125976562500e+03
1.422354980468750000e+03
1.422607177734375000e+03
1.415643676757812500e+03
1.413904785156250000e+03
1.412180419921875000e+03
1.412356445312500000e+03
1.417049560546875000e+03
1.417772949218750000e+03
1.432750000000000000e+03
1.429136230468750000e+03
1.421584106445312500e+03
1.423695800781250000e+03
1.420753784179687500e+03
1.416699462890625000e+03
1.415330566406250000e+03
1.408130981445312500e+03
1.406804077148437500e+03
1.408307861328125000e+03
1.414669677734375000e+03
1.414671020507812500e+03
1.416975219726562500e+03
1.417147216796875000e+03
1.419884643554687500e+03
1.414070068359375000e+03
1.406958007812500000e+03
1.408111206054687500e+03
1.421672973632812500e+03
1.422265258789062500e+03
1.419731933593750000e+03
1.417976318359375000e+03
1.421473022460937500e+03
1.426300781250000000e+03
1.432619262695312500e+03
1.432136474609375000e+03
1.432067749023437500e+03
1.435657470703125000e+03
1.434761962890625000e+03
1.438655517578125000e+03
1.437831176757812500e+03
1.436828857421875000e+03
1.435000732421875000e+03
1.439203247070312500e+03
1.442664184570312500e+03
1.443543090820312500e+03
1.447129760742187500e+03
1.438992431640625000e+03
1.433342773437500000e+03
1.437657592773437500e+03
1.439045410156250000e+03
1.443822753906250000e+03
1.443843017578125000e+03
1.440734619140625000e+03
1.440835815429687500e+03
1.443659790039062500e+03
1.444055297851562500e+03
1.440553466796875000e+03
1.441251831054687500e+03
1.443708496093750000e+03
1.445598754882812500e+03
1.442877075195312500e+03
1.439675903320312500e+03
1.435663452148437500e+03
1.436760498046875000e+03
1.436516845703125000e+03
1.438494995117187500e+03
1.438167236328125000e+03
1.438549682617187500e+03
1.439091430664062500e+03
1.434828857421875000e+03
1.433272949218750000e+03
1.431525390625000000e+03
1.443996948242187500e+03
1.446716186523437500e+03
1.443604736328125000e+03
1.442970092773437500e+03
1.440575195312500000e+03
1.436925537109375000e+03
1.436591064453125000e+03
1.428345458984375000e+03
1.428751708984375000e+03
1.415433471679687500e+03
1.416800415039062500e+03
1.422344726562500000e+03
1.424968505859375000e+03
1.428253540039062500e+03
1.429557006835937500e+03
1.428837036132812500e+03
1.425098999023437500e+03
1.425816162109375000e+03
1.412082153320312500e+03
1.414396118164062500e+03
1.414347534179687500e+03
1.414626708984375000e+03
1.411024047851562500e+03
1.412110229492187500e+03
1.418142700195312500e+03
1.413309936523437500e+03
1.412829345703125000e+03
1.407129760742187500e+03
1.410822143554687500e+03
1.413586669921875000e+03
1.411528686523437500e+03
1.407375732421875000e+03
1.404806640625000000e+03
1.407797851562500000e+03
1.403188354492187500e+03
1.403963256835937500e+03
1.410035644531250000e+03
1.397166015625000000e+03
1.393555664062500000e+03
1.401016235351562500e+03
1.401334350585937500e+03
1.406066650390625000e+03
1.407362792968750000e+03
1.410574951171875000e+03
1.412118041992187500e+03
1.424527954101562500e+03
1.417809448242187500e+03
1.419287719726562500e+03
1.419466186523437500e+03
1.415997436523437500e+03
1.418270629882812500e+03
1.417887939453125000e+03
1.420656005859375000e+03
1.418693359375000000e+03
1.416697143554687500e+03
1.413379028320312500e+03
1.412494628906250000e+03
1.415700561523437500e+03
1.410731079101562500e+03
1.414177734375000000e+03
1.413659423828125000e+03
1.412669189453125000e+03
1.412858642578125000e+03
1.406139282226562500e+03
1.402181274414062500e+03
1.404266967773437500e+03
1.399590698242187500e+03
1.401722656250000000e+03
1.404054931640625000e+03
1.407015869140625000e+03
1.405337524414062500e+03
1.406269287109375000e+03
1.372304077148437500e+03
1.402433105468750000e+03
1.408925659179687500e+03
1.414452880859375000e+03
1.408974853515625000e+03
1.420215332031250000e+03
1.426853637695312500e+03
1.431142089843750000e+03
1.433543945312500000e+03
1.445997802734375000e+03
1.448138549804687500e+03
1.446621582031250000e+03
1.447832275390625000e+03
1.448226928710937500e+03
1.443068847656250000e+03
1.440555908203125000e+03
1.436070312500000000e+03
1.435832641601562500e+03
1.428963256835937500e+03
1.425608398437500000e+03
1.422093750000000000e+03
1.422356323242187500e+03
1.418054321289062500e+03
1.419894287109375000e+03
1.415443725585937500e+03
1.414787353515625000e+03
1.413904296875000000e+03
1.418014404296875000e+03
1.422284301757812500e+03
1.421921752929687500e+03
1.423477294921875000e+03
1.420620361328125000e+03
1.417132568359375000e+03
1.417815307617187500e+03
1.414682739257812500e+03
1.416412475585937500e+03
1.418474487304687500e+03
1.422317382812500000e+03
1.424331665039062500e+03
1.424062866210937500e+03
1.425645141601562500e+03
1.426387573242187500e+03
1.431422973632812500e+03
1.429017822265625000e+03
1.428788574218750000e+03
1.412712158203125000e+03
1.410891479492187500e+03
1.407703125000000000e+03
1.403795776367187500e+03
1.404325805664062500e+03
1.403262084960937500e+03
1.407522216796875000e+03
1.406212036132812500e+03
1.404593261718750000e+03
1.394973510742187500e+03
1.395385375976562500e+03
1.398824340820312500e+03
1.399909545898437500e+03
1.399179687500000000e+03
1.400411376953125000e+03
1.398281127929687500e+03
1.401851562500000000e+03
1.399488525390625000e+03
1.397342651367187500e+03
1.386736938476562500e+03
1.389129516601562500e+03
1.388692626953125000e+03
1.386006469726562500e+03
1.383805786132812500e+03
1.381189819335937500e+03
1.380001220703125000e+03
1.384053710937500000e+03
1.371277221679687500e+03
1.376926635742187500e+03
1.372729858398437500e+03
1.373875122070312500e+03
1.373619750976562500e+03
1.373202392578125000e+03
1.374819213867187500e+03
1.373074584960937500e+03
1.373702270507812500e+03
1.377502075195312500e+03
1.378168334960937500e+03
1.376916992187500000e+03
1.375195434570312500e+03
1.377278808593750000e+03
1.376395019531250000e+03
1.378263427734375000e+03
1.373021118164062500e+03
1.374953125000000000e+03
1.375791015625000000e+03
1.370797851562500000e+03
1.372209106445312500e+03
1.374787231445312500e+03
1.373565429687500000e+03
1.375084960937500000e+03
1.375686523437500000e+03
1.378849975585937500e+03
1.380855224609375000e+03
1.396462158203125000e+03
1.396940551757812500e+03
1.399724975585937500e+03
1.401732543945312500e+03
1.401534057617187500e+03
1.403692504882812500e+03
1.401792358398437500e+03
1.393530761718750000e+03
1.392166992187500000e+03
1.395851928710937500e+03
1.391280517578125000e+03
1.383326660156250000e+03
1.385030639648437500e+03
1.385568603515625000e+03
1.382242919921875000e+03
1.376516845703125000e+03
1.371290771484375000e+03
1.373823486328125000e+03
1.368728027343750000e+03
1.374097778320312500e+03
1.368769531250000000e+03
1.367997802734375000e+03
1.363421752929687500e+03
1.360832275390625000e+03
1.363935424804687500e+03
1.360026123046875000e+03
1.359634277343750000e+03
1.355942016601562500e+03
1.360588134765625000e+03
1.362934814453125000e+03
1.362464965820312500e+03
1.363296020507812500e+03
1.364956298828125000e+03
1.360980712890625000e+03
1.356306030273437500e+03
1.358416137695312500e+03
1.359412963867187500e+03
1.359100952148437500e+03
1.357533203125000000e+03
1.359889770507812500e+03
1.361443969726562500e+03
1.360931762695312500e+03
1.363408203125000000e+03
1.360463256835937500e+03
1.360001098632812500e+03
1.363984130859375000e+03
1.362660278320312500e+03
1.364665527343750000e+03
1.367114379882812500e+03
1.366674682617187500e+03
1.358916259765625000e+03
1.361750366210937500e+03
1.362096557617187500e+03
1.368035766601562500e+03
1.363817993164062500e+03
1.369538452148437500e+03
1.370504760742187500e+03
1.369215698242187500e+03
1.366735839843750000e+03
1.366182128906250000e+03
1.369353149414062500e+03
1.365795654296875000e+03
1.366769409179687500e+03
1.384628417968750000e+03
1.384549438476562500e+03
1.385578369140625000e+03
1.387174560546875000e+03
1.385482177734375000e+03
1.386763305664062500e+03
1.389911132812500000e+03
1.395421386718750000e+03
1.397233154296875000e+03
1.386653198242187500e+03
1.389610961914062500e+03
1.388955078125000000e+03
1.391002807617187500e+03
1.393391235351562500e+03
1.395786132812500000e+03
1.395106079101562500e+03
1.391969482421875000e+03
1.391072753906250000e+03
1.395503662109375000e+03
1.399058227539062500e+03
1.401421020507812500e+03
1.400754272460937500e+03
1.399579223632812500e+03
1.396097656250000000e+03
1.391650756835937500e+03
1.392305175781250000e+03
1.390667968750000000e+03
1.388381469726562500e+03
1.386186401367187500e+03
1.379169799804687500e+03
1.381017578125000000e+03
1.380509521484375000e+03
1.382345581054687500e+03
1.382179443359375000e+03
1.374840332031250000e+03
1.372848754882812500e+03
1.373079345703125000e+03
1.371777465820312500e+03
1.373152954101562500e+03
1.374945434570312500e+03
1.375540893554687500e+03
1.376347045898437500e+03
1.375409423828125000e+03
1.379724121093750000e+03
1.377155883789062500e+03
1.380667480468750000e+03
1.375799072265625000e+03
1.377859252929687500e+03
1.375223022460937500e+03
1.374363769531250000e+03
1.369562622070312500e+03
1.369133056640625000e+03
1.374806762695312500e+03
1.377063232421875000e+03
1.373102294921875000e+03
1.378646484375000000e+03
1.375542846679687500e+03
1.370861450195312500e+03
1.371530029296875000e+03
1.370003662109375000e+03
1.366636962890625000e+03
1.365824951171875000e+03
1.365745117187500000e+03
1.356537353515625000e+03
1.357858886718750000e+03
1.359882080078125000e+03
1.361324584960937500e+03
1.359389648437500000e+03
1.359725585937500000e+03
1.358400024414062500e+03
1.357320190429687500e+03
1.357677734375000000e+03
1.349685668945312500e+03
1.351730224609375000e+03
1.349251953125000000e+03
1.348375854492187500e+03
1.348877441406250000e+03
1.347496704101562500e+03
1.349514282226562500e+03
1.346850952148437500e+03
1.346464599609375000e+03
1.343886352539062500e+03
1.344680297851562500e+03
1.341828613281250000e+03
1.342826171875000000e+03
1.343748535156250000e+03
1.344620849609375000e+03
1.345229125976562500e+03
1.347709838867187500e+03
1.349393676757812500e+03
1.349082031250000000e+03
1.349005371093750000e+03
1.352183349609375000e+03
1.353740722656250000e+03
1.353286254882812500e+03
1.352923706054687500e+03
1.352036376953125000e+03
1.354688964843750000e+03
1.353175659179687500e+03
1.350262451171875000e+03
1.350990356445312500e+03
1.350099365234375000e+03
1.351014648437500000e+03
1.352209350585937500e+03
1.351934936523437500e+03
1.349247558593750000e+03
1.350962280273437500e+03
1.353142700195312500e+03
1.347285156250000000e+03
1.347105102539062500e+03
1.347552612304687500e+03
1.347597656250000000e+03
1.346590942382812500e+03
1.350868408203125000e+03
1.350887451171875000e+03
1.351288574218750000e+03
1.350490112304687500e+03
1.348509643554687500e+03
1.351761352539062500e+03
1.351014770507812500e+03
1.349565673828125000e+03
1.346337524414062500e+03
1.347940795898437500e+03
1.345910278320312500e+03
1.343911132812500000e+03
1.344312133789062500e+03
1.346556152343750000e+03
1.348434082031250000e+03
1.349345458984375000e+03
1.350243652343750000e+03
1.349260375976562500e+03
1.349992065429687500e+03
1.347356567382812500e+03
1.347485229492187500e+03
1.346681152343750000e+03
1.350741943359375000e+03
1.352117431640625000e+03
1.354356323242187500e+03
1.354624511718750000e+03
1.354421020507812500e+03
1.352405761718750000e+03
1.354340209960937500e+03
1.353761962890625000e+03
1.352797241210937500e+03
1.353288574218750000e+03
1.352524780273437500e+03
1.351677368164062500e+03
1.351973999023437500e+03
1.355525268554687500e+03
1.359761352539062500e+03
1.361413452148437500e+03
1.360268798828125000e+03
1.359307006835937500e+03
1.373300537109375000e+03
1.376783081054687500e+03
1.378780761718750000e+03
1.379523681640625000e+03
1.380810913085937500e+03
1.380756225585937500e+03
1.383176879882812500e+03
1.382690063476562500e+03
1.380410644531250000e+03
1.385396118164062500e+03
1.382001220703125000e+03
1.381595703125000000e+03
1.382613891601562500e+03
1.386104736328125000e+03
1.386938476562500000e+03
1.383331542968750000e+03
1.382700073242187500e+03
1.383255249023437500e+03
1.385595581054687500e+03
1.382550537109375000e+03
1.382444213867187500e+03
1.381823608398437500e+03
1.382396728515625000e+03
1.381786010742187500e+03
1.379973510742187500e+03
1.379746215820312500e+03
1.379217895507812500e+03
1.374975952148437500e+03
1.373046997070312500e+03
1.373316772460937500e+03
1.370776611328125000e+03
1.370621826171875000e+03
1.371942993164062500e+03
1.371019653320312500e+03
1.372725708007812500e+03
1.371144409179687500e+03
1.367031738281250000e+03
1.366382690429687500e+03
1.367816894531250000e+03
1.370379638671875000e+03
1.371576660156250000e+03
1.373869750976562500e+03
1.377901855468750000e+03
1.373006103515625000e+03
1.373468139648437500e+03
1.374316406250000000e+03
1.378234619140625000e+03
1.382067749023437500e+03
1.381580322265625000e+03
1.384215332031250000e+03
1.385158203125000000e+03
1.386650512695312500e+03
1.386228515625000000e+03
1.388980102539062500e+03
1.381660644531250000e+03
1.382197631835937500e+03
1.379069702148437500e+03
1.378679565429687500e+03
1.380857421875000000e+03
1.381384155273437500e+03
1.379944824218750000e+03
1.376208740234375000e+03
1.380590942382812500e+03
1.390180786132812500e+03
1.393088134765625000e+03
1.392909912109375000e+03
1.390571777343750000e+03
1.389079711914062500e+03
1.390739379882812500e+03
1.389986450195312500e+03
1.393298461914062500e+03
1.395424804687500000e+03
1.396801147460937500e+03
1.397265625000000000e+03
1.395091796875000000e+03
1.394845581054687500e+03
1.395914062500000000e+03
1.406939208984375000e+03
1.412635009765625000e+03
1.416208374023437500e+03
1.415933837890625000e+03
1.425046020507812500e+03
1.420656616210937500e+03
1.421435791015625000e+03
1.424292480468750000e+03
1.423767089843750000e+03
1.421851074218750000e+03
1.419747558593750000e+03
1.421855957031250000e+03
1.421816528320312500e+03
1.417414306640625000e+03
1.414543945312500000e+03
1.414151123046875000e+03
1.414155273437500000e+03
1.412200927734375000e+03
1.414915649414062500e+03
1.411633789062500000e+03
1.408236328125000000e+03
1.406555786132812500e+03
1.413572021484375000e+03
1.418266235351562500e+03
1.422778320312500000e+03
1.420372558593750000e+03
1.419255249023437500e+03
1.420442871093750000e+03
1.421130249023437500e+03
1.421620117187500000e+03
1.421561523437500000e+03
1.422960937500000000e+03
1.423389892578125000e+03
1.423789550781250000e+03
1.422981933593750000e+03
1.421161132812500000e+03
1.422990600585937500e+03
1.423929809570312500e+03
1.425215209960937500e+03
1.424983520507812500e+03
1.422697265625000000e+03
1.420886596679687500e+03
1.421767089843750000e+03
1.420929443359375000e+03
1.419390502929687500e+03
1.417732421875000000e+03
1.419710815429687500e+03
1.418530151367187500e+03
1.417767822265625000e+03
1.423518066406250000e+03
1.421834594726562500e+03
1.424858764648437500e+03
1.422826416015625000e+03
1.420143798828125000e+03
1.420829467773437500e+03
1.419571166992187500e+03
1.420799072265625000e+03
1.421353881835937500e+03
1.425419067382812500e+03
1.424585571289062500e+03
1.423709350585937500e+03
1.424555908203125000e+03
1.425301147460937500e+03
1.426515014648437500e+03
1.427249267578125000e+03
1.427982788085937500e+03
1.428629272460937500e+03
1.427250854492187500e+03
1.430247802734375000e+03
1.434472045898437500e+03
1.432318359375000000e+03
1.431618041992187500e+03
1.430911743164062500e+03
1.433977905273437500e+03
1.435900390625000000e+03
1.435863037109375000e+03
1.432437500000000000e+03
1.429344360351562500e+03
1.432421142578125000e+03
1.432175292968750000e+03
1.433765380859375000e+03
1.433592529296875000e+03
1.433808349609375000e+03
1.431102294921875000e+03
1.429028686523437500e+03
1.419778930664062500e+03
1.421481201171875000e+03
1.422460693359375000e+03
1.421842651367187500e+03
1.421734619140625000e+03
1.421269042968750000e+03
1.420885253906250000e+03
1.424284179687500000e+03
1.425528442382812500e+03
1.427040405273437500e+03
1.431579223632812500e+03
1.431950317382812500e+03
1.431599487304687500e+03
1.432350219726562500e+03
1.430873779296875000e+03
1.427927856445312500e+03
1.430172729492187500e+03
1.429109130859375000e+03
1.428724975585937500e+03
1.431896972656250000e+03
1.437122314453125000e+03
1.436362060546875000e+03
1.438185058593750000e+03
1.438701293945312500e+03
1.436286254882812500e+03
1.435151000976562500e+03
1.435145263671875000e+03
1.443123168945312500e+03
1.446701782226562500e+03
1.445083984375000000e+03
1.444166503906250000e+03
1.442397583007812500e+03
1.440485595703125000e+03
1.442937011718750000e+03
1.447054321289062500e+03
1.447281372070312500e+03
1.444409667968750000e+03
1.441874267578125000e+03
1.443381591796875000e+03
1.443344116210937500e+03
1.442332763671875000e+03
1.442706420898437500e+03
1.444102172851562500e+03
1.442752685546875000e+03
1.442093994140625000e+03
1.441625000000000000e+03
1.445389648437500000e+03
1.442445556640625000e+03
1.442719604492187500e+03
1.444014892578125000e+03
1.444955688476562500e+03
1.446502197265625000e+03
1.449522460937500000e+03
1.450424560546875000e+03
1.454407592773437500e+03
1.453485595703125000e+03
1.453758789062500000e+03
1.455831665039062500e+03
1.457167846679687500e+03
1.459237915039062500e+03
1.459045288085937500e+03
1.460738769531250000e+03
1.459072021484375000e+03
1.453633422851562500e+03
1.455732543945312500e+03
1.457176025390625000e+03
1.457766235351562500e+03
1.455175415039062500e+03
1.455621337890625000e+03
1.454641357421875000e+03
1.455790039062500000e+03
1.457078491210937500e+03
1.461445678710937500e+03
1.465886474609375000e+03
1.465491455078125000e+03
1.461912109375000000e+03
1.462072265625000000e+03
1.464667114257812500e+03
1.468636108398437500e+03
1.471668579101562500e+03
1.469736450195312500e+03
1.471108154296875000e+03
1.469420654296875000e+03
1.469761840820312500e+03
1.470335327148437500e+03
1.473168334960937500e+03
1.472158447265625000e+03
1.473969116210937500e+03
1.474719238281250000e+03
1.474189819335937500e+03
1.477219726562500000e+03
1.479390014648437500e+03
1.474968872070312500e+03
1.474870361328125000e+03
1.473449584960937500e+03
1.474111816406250000e+03
1.472268310546875000e+03
1.474296752929687500e+03
1.472583007812500000e+03
1.474603881835937500e+03
1.474438476562500000e+03
1.474021606445312500e+03
1.474282226562500000e+03
1.474357666015625000e+03
1.474723754882812500e+03
1.473755615234375000e+03
1.471858276367187500e+03
1.470184692382812500e+03
1.485048706054687500e+03
1.484306274414062500e+03
1.488206787109375000e+03
1.485297485351562500e+03
1.485426269531250000e+03
1.485985473632812500e+03
1.481331665039062500e+03
1.478304931640625000e+03
1.481416748046875000e+03
1.486674072265625000e+03
1.487267089843750000e+03
1.489438964843750000e+03
1.486810058593750000e+03
1.485279418945312500e+03
1.482594238281250000e+03
1.482932739257812500e+03
1.484211059570312500e+03
1.483978027343750000e+03
1.479055541992187500e+03
1.481738159179687500e+03
1.480620483398437500e+03
1.481452880859375000e+03
1.481291259765625000e+03
1.481982055664062500e+03
1.478808593750000000e+03
1.476685668945312500e+03
1.477847045898437500e+03
1.479483886718750000e+03
1.480601684570312500e+03
1.480722656250000000e+03
1.479857055664062500e+03
1.480366577148437500e+03
1.480156494140625000e+03
1.480370483398437500e+03
1.480208618164062500e+03
1.481303833007812500e+03
1.481767089843750000e+03
1.476307006835937500e+03
1.477491821289062500e+03
1.478257324218750000e+03
1.479059692382812500e+03
1.480404418945312500e+03
1.478589965820312500e+03
1.480135375976562500e+03
1.481203369140625000e+03
1.475464233398437500e+03
1.475758300781250000e+03
1.472569458007812500e+03
1.472306030273437500e+03
1.472826782226562500e+03
1.475175659179687500e+03
1.475407348632812500e+03
1.474929443359375000e+03
1.476681274414062500e+03
1.474241943359375000e+03
1.475347167968750000e+03
1.475396362304687500e+03
1.475119995117187500e+03
1.474619018554687500e+03
1.476578247070312500e+03
1.477827148437500000e+03
1.478024291992187500e+03
1.477446044921875000e+03
1.482717407226562500e+03
1.482107055664062500e+03
1.482459106445312500e+03
1.482328369140625000e+03
1.482656982421875000e+03
1.482703247070312500e+03
1.480442382812500000e+03
1.479770019531250000e+03
1.480462036132812500e+03
1.481018188476562500e+03
1.478554199218750000e+03
1.478751953125000000e+03
1.477504150390625000e+03
1.477116333007812500e+03
1.478264892578125000e+03
1.477859741210937500e+03
1.476609863281250000e+03
1.476524780273437500e+03
1.479672119140625000e+03
1.480705932617187500e+03
1.479163208007812500e+03
1.480029418945312500e+03
1.480376708984375000e+03
1.480883544921875000e+03
1.479935302734375000e+03
1.478957275390625000e+03
1.475840698242187500e+03
1.487079956054687500e+03
1.483439697265625000e+03
1.480858154296875000e+03
1.475785156250000000e+03
1.471469238281250000e+03
1.470842163085937500e+03
1.474844848632812500e+03
1.476439575195312500e+03
1.476384033203125000e+03
1.472523315429687500e+03
1.465512939453125000e+03
1.465479858398437500e+03
1.463962524414062500e+03
1.461394653320312500e+03
1.461294799804687500e+03
1.457923828125000000e+03
1.459425170898437500e+03
1.461663696289062500e+03
1.468442749023437500e+03
1.468741210937500000e+03
1.469204956054687500e+03
1.465343261718750000e+03
1.465584594726562500e+03
1.464449340820312500e+03
1.467356445312500000e+03
1.470602783203125000e+03
1.471912353515625000e+03
1.461181396484375000e+03
1.459337890625000000e+03
1.456949218750000000e+03
1.458426147460937500e+03
1.458817016601562500e+03
1.460897583007812500e+03
1.467116821289062500e+03
1.471387329101562500e+03
1.469571289062500000e+03
1.465134277343750000e+03
1.461131713867187500e+03
1.464082397460937500e+03
1.463895996093750000e+03
1.466512329101562500e+03
1.467245483398437500e+03
1.470152221679687500e+03
1.470226684570312500e+03
1.470000122070312500e+03
1.469477905273437500e+03
1.469073974609375000e+03
1.469854003906250000e+03
1.466122192382812500e+03
1.467901367187500000e+03
1.464842651367187500e+03
1.465807250976562500e+03
1.468731567382812500e+03
1.468990600585937500e+03
1.466459350585937500e+03
1.469684936523437500e+03
1.466001586914062500e+03
1.463559936523437500e+03
1.465256713867187500e+03
1.465332763671875000e+03
1.464787841796875000e+03
1.463325317382812500e+03
1.464151000976562500e+03
1.473593994140625000e+03
1.471078247070312500e+03
1.468476684570312500e+03
1.469200195312500000e+03
1.468241455078125000e+03
1.465992675781250000e+03
1.468496337890625000e+03
1.459242187500000000e+03
1.458137329101562500e+03
1.473921997070312500e+03
1.473534179687500000e+03
1.473576904296875000e+03
1.469693847656250000e+03
1.469891235351562500e+03
1.471573852539062500e+03
1.474076049804687500e+03
1.471016845703125000e+03
1.471134887695312500e+03
1.468912475585937500e+03
1.468798828125000000e+03
1.470666870117187500e+03
1.469210571289062500e+03
1.467698120117187500e+03
1.466327880859375000e+03
1.465822021484375000e+03
1.466750488281250000e+03
1.466610473632812500e+03
1.456576782226562500e+03
1.461219604492187500e+03
1.457811035156250000e+03
1.461180541992187500e+03
1.463825805664062500e+03
1.461771484375000000e+03
1.459766601562500000e+03
1.463636962890625000e+03
1.462197387695312500e+03
1.445095458984375000e+03
1.444737670898437500e+03
1.444892456054687500e+03
1.444585693359375000e+03
1.445595336914062500e+03
1.441779174804687500e+03
1.439935668945312500e+03
1.443506347656250000e+03
1.447223144531250000e+03
1.451895385742187500e+03
1.454780395507812500e+03
1.455785156250000000e+03
1.458692871093750000e+03
1.460391967773437500e+03
1.458307617187500000e+03
1.461100341796875000e+03
1.461975830078125000e+03
1.462014526367187500e+03
1.470643798828125000e+03
1.468878662109375000e+03
1.467260253906250000e+03
1.468401245117187500e+03
1.467293212890625000e+03
1.465152099609375000e+03
1.462118041992187500e+03
1.460869873046875000e+03
1.461735717773437500e+03
1.471242309570312500e+03
1.468620605468750000e+03
1.466637451171875000e+03
1.468174194335937500e+03
1.466255859375000000e+03
1.466792724609375000e+03
1.470361328125000000e+03
1.470888793945312500e+03
1.469804077148437500e+03
1.468086914062500000e+03
1.465820922851562500e+03
1.465496704101562500e+03
1.466405395507812500e+03
1.467776611328125000e+03
1.466341308593750000e+03
1.465682373046875000e+03
1.468007080078125000e+03
1.467929809570312500e+03
1.479294921875000000e+03
1.480956054687500000e+03
1.481145751953125000e+03
1.483207885742187500e+03
1.482418212890625000e+03
1.483634643554687500e+03
1.485900390625000000e+03
1.486270629882812500e+03
1.486635620117187500e+03
1.488226196289062500e+03
1.488468994140625000e+03
1.485728027343750000e+03
1.484168579101562500e+03
1.483288574218750000e+03
1.488188110351562500e+03
1.492145385742187500e+03
1.491232543945312500e+03
1.491786499023437500e+03
1.492641235351562500e+03
1.496410400390625000e+03
1.496927856445312500e+03
1.497719360351562500e+03
1.499219848632812500e+03
1.499275634765625000e+03
1.498192016601562500e+03
1.498788330078125000e+03
1.499000976562500000e+03
1.500008911132812500e+03
1.497917846679687500e+03
1.498273925781250000e+03
1.498351806640625000e+03
1.497767700195312500e+03
1.497317993164062500e+03
1.498341186523437500e+03
1.498194335937500000e+03
1.499098999023437500e+03
1.501598632812500000e+03
1.502818115234375000e+03
1.503552612304687500e+03
1.503681640625000000e+03
1.502698120117187500e+03
1.501942749023437500e+03
1.502630737304687500e+03
1.501713012695312500e+03
1.502658935546875000e+03
1.504401000976562500e+03
1.503658325195312500e+03
1.503828613281250000e+03
1.504654052734375000e+03
1.505008544921875000e+03
1.506140136718750000e+03
1.504124145507812500e+03
1.501395874023437500e+03
1.502220092773437500e+03
1.496661865234375000e+03
1.497208496093750000e+03
1.497583862304687500e+03
1.498423583984375000e+03
1.500217895507812500e+03
1.500045288085937500e+03
1.499667846679687500e+03
1.497055053710937500e+03
1.495002563476562500e+03
1.500740234375000000e+03
1.501206542968750000e+03
1.501670532226562500e+03
1.501470214843750000e+03
1.502764282226562500e+03
1.498429199218750000e+03
1.496585327148437500e+03
1.496768554687500000e+03
1.495128417968750000e+03
1.497109008789062500e+03
1.495600463867187500e+03
1.497711181640625000e+03
1.498212402343750000e+03
1.497395385742187500e+03
1.494263549804687500e+03
1.495428222656250000e+03
1.493294189453125000e+03
1.494473266601562500e+03
1.500799926757812500e+03
1.499939331054687500e+03
1.499855834960937500e+03
1.500250732421875000e+03
1.501068115234375000e+03
1.502351440429687500e+03
1.503196533203125000e+03
1.503655517578125000e+03
1.504767456054687500e+03
1.505680419921875000e+03
1.505192382812500000e+03
1.502992431640625000e+03
1.502887207031250000e+03
1.503724853515625000e+03
1.503995483398437500e+03
1.502853637695312500e+03
1.503159912109375000e+03
1.502240844726562500e+03
1.502896850585937500e+03
1.504944091796875000e+03
1.504941528320312500e+03
1.504810302734375000e+03
1.506768676757812500e+03
1.507820800781250000e+03
1.508218017578125000e+03
1.507559692382812500e+03
1.506692993164062500e+03
1.508983642578125000e+03
1.509224609375000000e+03
1.510116455078125000e+03
1.509472778320312500e+03
1.510828857421875000e+03
1.510835937500000000e+03
1.509415405273437500e+03
1.508420898437500000e+03
1.510422729492187500e+03
1.512848144531250000e+03
1.513351562500000000e+03
1.513838745117187500e+03
1.512328369140625000e+03
1.511715454101562500e+03
1.512011840820312500e+03
1.513618164062500000e+03
1.514223388671875000e+03
1.514212158203125000e+03
1.508846923828125000e+03
1.508515747070312500e+03
1.508191040039062500e+03
1.506938720703125000e+03
1.507091674804687500e+03
1.503984008789062500e+03
1.501447631835937500e+03
1.501088500976562500e+03
1.503285766601562500e+03
1.502490112304687500e+03
1.504385131835937500e+03
1.505379516601562500e+03
1.506585083007812500e+03
1.507881103515625000e+03
1.507846679687500000e+03
1.507228149414062500e+03
1.507738769531250000e+03
1.507134521484375000e+03
1.512018066406250000e+03
1.513180786132812500e+03
1.512555541992187500e+03
1.512859985351562500e+03
1.513711914062500000e+03
1.511968872070312500e+03
1.511604736328125000e+03
1.512921386718750000e+03
1.513160766601562500e+03
1.518113281250000000e+03
1.518299316406250000e+03
1.518931640625000000e+03
1.518295532226562500e+03
1.518214477539062500e+03
1.517428833007812500e+03
1.516701049804687500e+03
1.517289306640625000e+03
1.518245605468750000e+03
1.515719970703125000e+03
1.515211547851562500e+03
1.514906982421875000e+03
1.515536621093750000e+03
1.516087402343750000e+03
1.516262451171875000e+03
1.516420898437500000e+03
1.517011352539062500e+03
1.517170166015625000e+03
1.516078613281250000e+03
1.515421264648437500e+03
1.516004516601562500e+03
1.515760375976562500e+03
1.516634521484375000e+03
1.515285400390625000e+03
1.514343627929687500e+03
1.514948120117187500e+03
1.515171752929687500e+03
1.513668334960937500e+03
1.515081420898437500e+03
1.516676391601562500e+03
1.516177001953125000e+03
1.516380493164062500e+03
1.515111328125000000e+03
1.515363891601562500e+03
1.515323364257812500e+03
1.516399902343750000e+03
1.524728515625000000e+03
1.525298339843750000e+03
1.526328857421875000e+03
1.527862670898437500e+03
1.528758544921875000e+03
1.528906738281250000e+03
1.530300048828125000e+03
1.528804199218750000e+03
1.529054809570312500e+03
1.528621704101562500e+03
1.528574462890625000e+03
1.529053710937500000e+03
1.529800659179687500e+03
1.530489624023437500e+03
1.531157958984375000e+03
1.531104370117187500e+03
1.531294311523437500e+03
1.530805297851562500e+03
1.528548095703125000e+03
1.527605590820312500e+03
1.527198852539062500e+03
1.527850830078125000e+03
1.527542236328125000e+03
1.527929321289062500e+03
1.527554931640625000e+03
1.527700927734375000e+03
1.527223388671875000e+03
1.527104248046875000e+03
1.527364501953125000e+03
1.528415039062500000e+03
1.528320678710937500e+03
1.529130004882812500e+03
1.528254638671875000e+03
1.529202270507812500e+03
1.529745849609375000e+03
1.530093872070312500e+03
1.528366943359375000e+03
1.527461791992187500e+03
1.527470214843750000e+03
1.527225952148437500e+03
1.526875366210937500e+03
1.527573608398437500e+03
1.527558715820312500e+03
1.527913452148437500e+03
1.528296630859375000e+03
1.528878784179687500e+03
1.528140136718750000e+03
1.527417114257812500e+03
1.527987426757812500e+03
1.527934448242187500e+03
1.528108520507812500e+03
1.528858764648437500e+03
1.527799316406250000e+03
1.527574462890625000e+03
1.528817504882812500e+03
1.529318359375000000e+03
1.527682495117187500e+03
1.528782592773437500e+03
1.529133911132812500e+03
1.529196777343750000e+03
1.528520996093750000e+03
1.529620849609375000e+03
1.530650878906250000e+03
1.532360839843750000e+03
1.532827148437500000e+03
1.532730468750000000e+03
1.532180786132812500e+03
1.532805541992187500e+03
1.532961791992187500e+03
1.531964233398437500e+03
1.531993408203125000e+03
1.532661254882812500e+03
1.531271850585937500e+03
1.531541992187500000e+03
1.532452026367187500e+03
1.533242553710937500e+03
1.533193725585937500e+03
1.533249633789062500e+03
1.533433105468750000e+03
1.532445312500000000e+03
1.532198608398437500e+03
1.534129882812500000e+03
1.535485839843750000e+03
1.535219360351562500e+03
1.535202148437500000e+03
1.535081054687500000e+03
1.535402954101562500e+03
1.536132446289062500e+03
1.535910888671875000e+03
1.536264526367187500e+03
1.534541992187500000e+03
1.535561767578125000e+03
1.537064575195312500e+03
1.537744995117187500e+03
1.538288208007812500e+03
1.539349243164062500e+03
1.540366699218750000e+03
1.540823608398437500e+03
1.541111694335937500e+03
1.541320922851562500e+03
1.541752319335937500e+03
1.541976440429687500e+03
1.541492187500000000e+03
1.540989501953125000e+03
1.541563476562500000e+03
1.541243408203125000e+03
1.541243530273437500e+03
1.540455078125000000e+03
1.539959838867187500e+03
1.539936523437500000e+03
1.539898559570312500e+03
1.539886718750000000e+03
1.539879760742187500e+03
1.537754272460937500e+03
1.535932373046875000e+03
1.535848510742187500e+03
1.536468750000000000e+03
1.537967285156250000e+03
1.537882690429687500e+03
1.538248901367187500e+03
1.538419555664062500e+03
1.538591186523437500e+03
1.538558227539062500e+03
1.539432250976562500e+03
1.540693969726562500e+03
1.541059204101562500e+03
1.541669311523437500e+03
1.542402954101562500e+03
1.542874755859375000e+03
1.542999267578125000e+03
1.542702026367187500e+03
1.543166748046875000e+03
1.543105468750000000e+03
1.542852416992187500e+03
1.542575195312500000e+03
1.543492431640625000e+03
1.543976684570312500e+03
1.544181762695312500e+03
1.544234619140625000e+03
1.544114379882812500e+03
1.542892211914062500e+03
1.541988891601562500e+03
1.541988281250000000e+03
1.541906494140625000e+03
1.542445678710937500e+03
1.542996948242187500e+03
1.543324340820312500e+03
1.543712158203125000e+03
1.543956665039062500e+03
1.543441894531250000e+03
1.543249877929687500e+03
1.543180175781250000e+03
1.542781616210937500e+03
1.542704345703125000e+03
1.542859130859375000e+03
1.542905273437500000e+03
1.543046875000000000e+03
1.542978027343750000e+03
1.542365356445312500e+03
1.542075561523437500e+03
1.541931152343750000e+03
1.542235961914062500e+03
1.542377319335937500e+03
1.542532348632812500e+03
1.542811767578125000e+03
1.542553344726562500e+03
1.543057250976562500e+03
1.543223022460937500e+03
1.543136108398437500e+03
1.543676147460937500e+03
1.544039428710937500e+03
1.543370605468750000e+03
1.543632324218750000e+03
1.544008056640625000e+03
1.544286621093750000e+03
1.544053955078125000e+03
1.544003540039062500e+03
1.543907958984375000e+03
1.543745361328125000e+03
1.543846069335937500e+03
1.546022460937500000e+03
1.545971313476562500e+03
1.545744873046875000e+03
1.545785400390625000e+03
1.546035888671875000e+03
1.546012084960937500e+03
1.545975463867187500e+03
1.546200317382812500e+03
1.546184692382812500e+03
1.545685791015625000e+03
1.545873535156250000e+03
1.545772460937500000e+03
1.545249267578125000e+03
1.545115722656250000e+03
1.545430053710937500e+03
1.545310546875000000e+03
1.545663330078125000e+03
1.545795288085937500e+03
1.546067993164062500e+03
1.545757812500000000e+03
1.545573486328125000e+03
1.545494628906250000e+03
1.545511596679687500e+03
1.545878540039062500e+03
1.546352661132812500e+03
1.546298583984375000e+03
1.546210449218750000e+03
1.546014770507812500e+03
1.546212768554687500e+03
1.546502685546875000e+03
1.546466186523437500e+03
1.546448242187500000e+03
1.546132568359375000e+03
1.546097656250000000e+03
1.545925903320312500e+03
1.546097290039062500e+03
1.546048217773437500e+03
1.545953979492187500e+03
1.545979614257812500e+03
1.546039794921875000e+03
1.546109008789062500e+03
1.546026123046875000e+03
1.545876708984375000e+03
1.545692626953125000e+03
1.545457885742187500e+03
1.545865112304687500e+03
1.545923583984375000e+03
1.545807128906250000e+03
1.545561157226562500e+03
1.545496337890625000e+03
1.545582885742187500e+03
1.545549926757812500e+03
1.545457153320312500e+03
1.545391479492187500e+03
1.546162597656250000e+03
1.546192138671875000e+03
1.546118041992187500e+03
1.545870117187500000e+03
1.545623657226562500e+03
1.545151489257812500e+03
1.544094238281250000e+03
1.544080200195312500e+03
1.544185668945312500e+03
1.544364135742187500e+03
1.544637329101562500e+03
1.545194335937500000e+03
1.545341186523437500e+03
1.545705200195312500e+03
1.545754882812500000e+03
1.546052246093750000e+03
1.546347778320312500e+03
1.546421997070312500e+03
1.546509155273437500e+03
1.546504272460937500e+03
1.546046997070312500e+03
1.545847290039062500e+03
1.545527954101562500e+03
1.545277465820312500e+03
1.545239624023437500e+03
1.545072631835937500e+03
1.544880004882812500e+03
1.542950439453125000e+03
1.543067138671875000e+03
1.543691650390625000e+03
1.544058959960937500e+03
1.544298706054687500e+03
1.544897949218750000e+03
1.545322631835937500e+03
1.545704956054687500e+03
1.546115600585937500e+03
1.546900878906250000e+03
1.546940063476562500e+03
1.547050903320312500e+03
1.546983032226562500e+03
1.546833862304687500e+03
1.546829101562500000e+03
1.546752319335937500e+03
1.546216796875000000e+03
1.546010498046875000e+03
1.545474731445312500e+03
1.545291503906250000e+03
1.544954101562500000e+03
1.544633666992187500e+03
1.545199707031250000e+03
1.545475708007812500e+03
1.545211059570312500e+03
1.544511230468750000e+03
1.544781127929687500e+03
1.546111938476562500e+03
1.546322021484375000e+03
1.546128906250000000e+03
1.546178833007812500e+03
1.546262084960937500e+03
1.544434326171875000e+03
1.544353393554687500e+03
1.545403442382812500e+03
1.545391601562500000e+03
1.545830810546875000e+03
1.545551757812500000e+03
1.545405517578125000e+03
1.545167968750000000e+03
1.545214721679687500e+03
1.545939697265625000e+03
1.545940307617187500e+03
1.544343627929687500e+03
1.544937255859375000e+03
1.546690673828125000e+03
1.547208740234375000e+03
1.546905639648437500e+03
1.546689697265625000e+03
1.546586425781250000e+03
1.545502685546875000e+03
1.545376708984375000e+03
1.544572265625000000e+03
1.544472290039062500e+03
1.545148315429687500e+03
1.545389404296875000e+03
1.545541503906250000e+03
1.545811279296875000e+03
1.546196899414062500e+03
1.546549194335937500e+03
1.546455810546875000e+03
1.545288696289062500e+03
1.544762573242187500e+03
1.542162353515625000e+03
1.542171142578125000e+03
1.542373168945312500e+03
1.542712890625000000e+03
1.543778320312500000e+03
1.544075195312500000e+03
1.543103393554687500e+03
1.543187988281250000e+03
1.543419067382812500e+03
1.542677978515625000e+03
1.544116088867187500e+03
1.544224975585937500e+03
1.544608154296875000e+03
1.544311157226562500e+03
1.544273437500000000e+03
1.544284423828125000e+03
1.542759399414062500e+03
1.542891723632812500e+03
1.543071655273437500e+03
1.543227294921875000e+03
1.542898437500000000e+03
1.543084960937500000e+03
1.543325561523437500e+03
1.542722290039062500e+03
1.542510375976562500e+03
1.543250732421875000e+03
1.543563598632812500e+03
1.540699829101562500e+03
1.539874023437500000e+03
1.541188964843750000e+03
1.541352783203125000e+03
1.541575195312500000e+03
1.542270996093750000e+03
1.542362548828125000e+03
1.542838134765625000e+03
1.542506103515625000e+03
1.543455810546875000e+03
1.543180541992187500e+03
1.543858154296875000e+03
1.544072509765625000e+03
1.544208984375000000e+03
1.544166748046875000e+03
1.544177856445312500e+03
1.544348510742187500e+03
1.544088989257812500e+03
1.545215698242187500e+03
1.545597778320312500e+03
1.545824829101562500e+03
1.546305053710937500e+03
1.546125000000000000e+03
1.545787597656250000e+03
1.545872680664062500e+03
1.546377075195312500e+03
1.546513183593750000e+03
1.547096801757812500e+03
1.546904418945312500e+03
1.546807006835937500e+03
1.546714843750000000e+03
1.546626831054687500e+03
1.546261718750000000e+03
1.545740966796875000e+03
1.545043701171875000e+03
1.544711669921875000e+03
1.544343383789062500e+03
1.544775146484375000e+03
1.544700805664062500e+03
1.544368896484375000e+03
1.544692626953125000e+03
1.543970336914062500e+03
1.542792480468750000e+03
1.543259277343750000e+03
1.544106323242187500e+03
1.545510009765625000e+03
1.545818847656250000e+03
1.545897949218750000e+03
1.545913574218750000e+03
1.546196899414062500e+03
1.546253295898437500e+03
1.546769531250000000e+03
1.546952270507812500e+03
1.546595825195312500e+03
1.546933349609375000e+03
1.546795532226562500e+03
1.546519653320312500e+03
1.546352905273437500e+03
1.546091430664062500e+03
1.545844848632812500e+03
1.545571655273437500e+03
1.545590209960937500e+03
1.545417846679687500e+03
1.545059692382812500e+03
1.544631469726562500e+03
1.544698120117187500e+03
1.545220336914062500e+03
1.545343383789062500e+03
1.544999267578125000e+03
1.544760620117187500e+03
1.544729614257812500e+03
1.543885864257812500e+03
1.542169189453125000e+03
1.542297363281250000e+03
1.541900390625000000e+03
1.542295898437500000e+03
1.542740844726562500e+03
1.543042846679687500e+03
1.543276977539062500e+03
1.543066040039062500e+03
1.543125366210937500e+03
1.543790405273437500e+03
1.544382446289062500e+03
1.544607299804687500e+03
1.544593505859375000e+03
1.544397094726562500e+03
1.545285644531250000e+03
1.545015991210937500e+03
1.544489379882812500e+03
1.544358032226562500e+03
1.545045654296875000e+03
1.545500610351562500e+03
1.546069213867187500e+03
1.546531005859375000e+03
1.546692382812500000e+03
1.546599487304687500e+03
1.546125488281250000e+03
1.546192749023437500e+03
1.546048095703125000e+03
1.546527954101562500e+03
1.546635986328125000e+03
1.546713989257812500e+03
1.546614746093750000e+03
1.546223144531250000e+03
1.546440673828125000e+03
1.546449951171875000e+03
1.546354492187500000e+03
1.546311767578125000e+03
1.546604003906250000e+03
1.546519531250000000e+03
1.546523681640625000e+03
1.546327148437500000e+03
1.545998413085937500e+03
1.545340332031250000e+03
1.545401367187500000e+03
1.545425537109375000e+03
1.545049194335937500e+03
1.544918212890625000e+03
1.544832397460937500e+03
1.544707153320312500e+03
1.544952270507812500e+03
1.545153198242187500e+03
1.545221801757812500e+03
1.545219726562500000e+03
1.545239135742187500e+03
1.545120727539062500e+03
1.545609008789062500e+03
1.545656860351562500e+03
1.545393188476562500e+03
1.544927246093750000e+03
1.544421142578125000e+03
1.544061523437500000e+03
1.543611206054687500e+03
1.543115234375000000e+03
1.542746704101562500e+03
1.542434204101562500e+03
1.542264892578125000e+03
1.542324462890625000e+03
1.542415771484375000e+03
1.542491210937500000e+03
1.542559814453125000e+03
1.542652099609375000e+03
1.542858154296875000e+03
1.542869384765625000e+03
1.542835327148437500e+03
1.542902221679687500e+03
1.542917846679687500e+03
1.542916137695312500e+03
1.542930053710937500e+03
1.542784545898437500e+03
1.542997924804687500e+03
1.542868774414062500e+03
1.543000366210937500e+03
1.543282958984375000e+03
1.543218872070312500e+03
1.543041015625000000e+03
1.542728759765625000e+03
1.542685424804687500e+03
1.542736206054687500e+03
1.542571166992187500e+03
1.542390380859375000e+03
1.542484008789062500e+03
1.542274047851562500e+03
1.542032226562500000e+03
1.542064819335937500e+03
1.542328735351562500e+03
1.542401611328125000e+03
1.542265380859375000e+03
1.542220458984375000e+03
1.542279052734375000e+03
1.542133544921875000e+03
1.541855224609375000e+03
1.541820800781250000e+03
1.542122680664062500e+03
1.542113891601562500e+03
1.542265991210937500e+03
1.542522216796875000e+03
1.542819091796875000e+03
1.543042236328125000e+03
1.543134155273437500e+03
1.543170654296875000e+03
1.543112915039062500e+03
1.543065185546875000e+03
1.542975219726562500e+03
1.542920776367187500e+03
1.542783081054687500e+03
1.542591552734375000e+03
1.542575317382812500e+03
1.542534790039062500e+03
1.541973388671875000e+03
1.541850585937500000e+03
1.541781738281250000e+03
1.542219360351562500e+03
1.542593872070312500e+03
1.542759277343750000e+03
1.543039062500000000e+03
1.543595703125000000e+03
1.543894653320312500e+03
1.543722900390625000e+03
1.543864990234375000e+03
1.543912353515625000e+03
1.543911376953125000e+03
1.543764038085937500e+03
1.543715576171875000e+03
1.543773071289062500e+03
1.543538452148437500e+03
1.543651611328125000e+03
1.544196166992187500e+03
1.544014526367187500e+03
1.544074096679687500e+03
1.544026123046875000e+03
1.544086914062500000e+03
1.544034790039062500e+03
1.543376220703125000e+03
1.543104858398437500e+03
1.543056396484375000e+03
1.542084716796875000e+03
1.542625488281250000e+03
1.542731445312500000e+03
1.543026855468750000e+03
1.543193969726562500e+03
1.543439453125000000e+03
1.543726562500000000e+03
1.544221801757812500e+03
1.544510253906250000e+03
1.544403320312500000e+03
1.544491943359375000e+03
1.544317382812500000e+03
1.544110229492187500e+03
1.543898071289062500e+03
1.543865722656250000e+03
1.543648803710937500e+03
1.543539306640625000e+03
1.543349243164062500e+03
1.543270141601562500e+03
1.543109985351562500e+03
1.542948486328125000e+03
1.542636352539062500e+03
1.542562255859375000e+03
1.542371582031250000e+03
1.542316894531250000e+03
1.542313354492187500e+03
1.542576782226562500e+03
1.542278198242187500e+03
1.542754272460937500e+03
1.542689819335937500e+03
1.542902221679687500e+03
1.543073852539062500e+03
1.542893798828125000e+03
1.543281494140625000e+03
1.543878295898437500e+03
1.544105957031250000e+03
1.544225219726562500e+03
1.544919067382812500e+03
1.545042968750000000e+03
1.545281127929687500e+03
1.545447021484375000e+03
1.545648071289062500e+03
1.545763061523437500e+03
1.545676391601562500e+03
1.545628906250000000e+03
1.545488037109375000e+03
1.545512451171875000e+03
1.545385009765625000e+03
1.545387573242187500e+03
1.545354858398437500e+03
1.545560302734375000e+03
1.545596801757812500e+03
1.545046752929687500e+03
1.545086669921875000e+03
1.546068969726562500e+03
1.546095703125000000e+03
1.545769165039062500e+03
1.545703247070312500e+03
1.545427001953125000e+03
1.545409667968750000e+03
1.544919433593750000e+03
1.544291015625000000e+03
1.543994995117187500e+03
1.542772705078125000e+03
1.542489624023437500e+03
1.542690429687500000e+03
1.543333496093750000e+03
1.544484619140625000e+03
1.545088867187500000e+03
1.545252929687500000e+03
1.545260498046875000e+03
1.545323608398437500e+03
1.546375610351562500e+03
1.546565673828125000e+03
1.546711425781250000e+03
1.546820312500000000e+03
1.546825195312500000e+03
1.546954589843750000e+03
1.546539306640625000e+03
1.546116821289062500e+03
1.545916992187500000e+03
1.546003662109375000e+03
1.545606201171875000e+03
1.545210571289062500e+03
1.544945678710937500e+03
1.544720703125000000e+03
1.544094116210937500e+03
