8.274974060058593750e+01
8.250493621826171875e+01
9.559237670898437500e+01
8.701770019531250000e+01
7.394416046142578125e+01
6.455268859863281250e+01
5.849692916870117188e+01
5.248515319824218750e+01
5.127650451660156250e+01
5.335442352294921875e+01
6.871640014648437500e+01
6.888761901855468750e+01
7.732497406005859375e+01
7.652930450439453125e+01
6.100285339355468750e+01
7.778771972656250000e+01
7.550627136230468750e+01
6.667011260986328125e+01
6.464174652099609375e+01
6.174807739257812500e+01
7.193258666992187500e+01
1.052103500366210938e+02
8.247143554687500000e+01
6.995631408691406250e+01
6.542296600341796875e+01
7.429142761230468750e+01
6.525173187255859375e+01
6.368695831298828125e+01
5.360079956054687500e+01
6.099114990234375000e+01
6.352922821044921875e+01
6.110565948486328125e+01
6.019097137451171875e+01
6.027390670776367188e+01
8.384610748291015625e+01
1.006398849487304688e+02
8.133569335937500000e+01
6.155146408081054688e+01
6.694355010986328125e+01
5.541334533691406250e+01
5.373283767700195312e+01
6.458766937255859375e+01
6.463735961914062500e+01
6.491065979003906250e+01
8.718574523925781250e+01
1.043291854858398438e+02
1.024480438232421875e+02
8.504319000244140625e+01
8.090921783447265625e+01
7.976038360595703125e+01
9.869800567626953125e+01
1.023806381225585938e+02
8.147803497314453125e+01
7.936542510986328125e+01
6.860233306884765625e+01
6.522977447509765625e+01
6.579692840576171875e+01
7.456797027587890625e+01
6.161954498291015625e+01
7.856221771240234375e+01
8.148594665527343750e+01
7.063591003417968750e+01
6.260350036621093750e+01
7.870227813720703125e+01
7.022138214111328125e+01
6.330461502075195312e+01
6.035590362548828125e+01
6.000334930419921875e+01
9.179827880859375000e+01
9.667812347412109375e+01
9.765237426757812500e+01
9.506254577636718750e+01
8.477194213867187500e+01
8.202601623535156250e+01
8.427205657958984375e+01
8.874482727050781250e+01
7.651377105712890625e+01
7.125282287597656250e+01
7.352040100097656250e+01
5.773665618896484375e+01
6.317097473144531250e+01
5.696566772460937500e+01
5.953582763671875000e+01
1.040820083618164062e+02
9.570186614990234375e+01
8.592061614990234375e+01
5.466289138793945312e+01
3.307710647583007812e+01
2.176509475708007812e+01
2.423188781738281250e+01
4.283088684082031250e+01
7.340938568115234375e+01
9.865277099609375000e+01
1.044390869140625000e+02
9.240988159179687500e+01
8.626933288574218750e+01
8.043023681640625000e+01
1.026040115356445312e+02
9.957073211669921875e+01
6.926974487304687500e+01
9.585467529296875000e+01
8.563182067871093750e+01
1.022245178222656250e+02
8.202255249023437500e+01
1.036963500976562500e+02
9.597279357910156250e+01
9.446476745605468750e+01
8.384037017822265625e+01
1.233916778564453125e+02
1.130580596923828125e+02
1.072962341308593750e+02
8.580338287353515625e+01
6.429485321044921875e+01
6.945198822021484375e+01
7.392684173583984375e+01
7.667388153076171875e+01
7.486740875244140625e+01
7.483464050292968750e+01
7.108464050292968750e+01
8.613297271728515625e+01
7.417990112304687500e+01
6.982720184326171875e+01
1.165899581909179688e+02
9.716990661621093750e+01
8.730509185791015625e+01
8.537297058105468750e+01
1.116054763793945312e+02
1.054476547241210938e+02
7.331288909912109375e+01
7.788283538818359375e+01
7.668037414550781250e+01
1.105602416992187500e+02
9.970867919921875000e+01
4.470724105834960938e+01
3.134916496276855469e+01
2.752371597290039062e+01
2.515126609802246094e+01
3.574199295043945312e+01
5.398176574707031250e+01
7.279528808593750000e+01
1.006047515869140625e+02
1.073611602783203125e+02
9.179495239257812500e+01
9.217281341552734375e+01
7.903689575195312500e+01
7.219296264648437500e+01
7.650777435302734375e+01
7.015725708007812500e+01
6.282925796508789062e+01
5.978480911254882812e+01
5.839141464233398438e+01
7.224571990966796875e+01
7.344592285156250000e+01
8.928759002685546875e+01
9.910984802246093750e+01
8.653845977783203125e+01
7.397019195556640625e+01
4.363179016113281250e+01
3.497493743896484375e+01
4.202946853637695312e+01
6.601634979248046875e+01
8.314408111572265625e+01
8.429733276367187500e+01
7.735659027099609375e+01
7.669639587402343750e+01
1.085280532836914062e+02
1.038022155761718750e+02
8.940847015380859375e+01
8.799522399902343750e+01
9.049367523193359375e+01
7.973902130126953125e+01
7.192915344238281250e+01
6.282338714599609375e+01
6.329521179199218750e+01
7.563282012939453125e+01
7.563757324218750000e+01
6.488508605957031250e+01
1.030364990234375000e+02
8.349531555175781250e+01
1.016567764282226562e+02
6.344141387939453125e+01
6.107463073730468750e+01
4.677831268310546875e+01
4.816850280761718750e+01
4.927347564697265625e+01
5.541368103027343750e+01
5.988605117797851562e+01
6.191674804687500000e+01
8.976641082763671875e+01
1.117218246459960938e+02
7.908182525634765625e+01
6.868718719482421875e+01
6.886428833007812500e+01
9.759765625000000000e+01
7.803061676025390625e+01
9.895271301269531250e+01
8.236349487304687500e+01
8.519468688964843750e+01
6.864689636230468750e+01
8.941272735595703125e+01
8.894722747802734375e+01
8.648996734619140625e+01
9.139846038818359375e+01
7.401248168945312500e+01
4.698945999145507812e+01
3.190595817565917969e+01
2.314557075500488281e+01
1.943554496765136719e+01
2.645864105224609375e+01
4.378773117065429688e+01
7.403976440429687500e+01
9.849835968017578125e+01
9.840216827392578125e+01
9.744602966308593750e+01
9.762520599365234375e+01
7.103456878662109375e+01
6.332483673095703125e+01
4.884142684936523438e+01
4.293279266357421875e+01
3.878078460693359375e+01
4.636405944824218750e+01
4.469626617431640625e+01
4.865834808349609375e+01
6.114334487915039062e+01
7.475396728515625000e+01
1.017090835571289062e+02
9.331719970703125000e+01
7.208298492431640625e+01
4.806584167480468750e+01
3.254056167602539062e+01
2.907740783691406250e+01
4.569628906250000000e+01
5.242541885375976562e+01
6.721905517578125000e+01
7.349490356445312500e+01
5.902021408081054688e+01
9.632632446289062500e+01
1.011229705810546875e+02
1.031090087890625000e+02
9.744782257080078125e+01
8.427377319335937500e+01
8.314869689941406250e+01
9.579309082031250000e+01
8.850505828857421875e+01
7.256668090820312500e+01
7.746807098388671875e+01
8.555949401855468750e+01
8.252238464355468750e+01
7.281964111328125000e+01
9.700181579589843750e+01
6.996089935302734375e+01
8.368058013916015625e+01
1.063694458007812500e+02
9.788850402832031250e+01
5.369092941284179688e+01
3.569639587402343750e+01
3.271092987060546875e+01
5.274917602539062500e+01
7.391268920898437500e+01
8.520346832275390625e+01
9.014609527587890625e+01
1.013266906738281250e+02
9.260749053955078125e+01
7.755065155029296875e+01
6.353836441040039062e+01
7.852104187011718750e+01
1.092859649658203125e+02
9.049627685546875000e+01
8.269899749755859375e+01
9.537264251708984375e+01
9.003613281250000000e+01
8.807956695556640625e+01
9.924769592285156250e+01
9.396113586425781250e+01
8.442523193359375000e+01
9.160968017578125000e+01
9.375679779052734375e+01
8.379325103759765625e+01
5.523975753784179688e+01
3.040963172912597656e+01
3.174650382995605469e+01
2.190538978576660156e+01
2.582947158813476562e+01
5.226456069946289062e+01
8.170756530761718750e+01
1.002253112792968750e+02
8.727892303466796875e+01
7.813722991943359375e+01
1.144740600585937500e+02
1.091873550415039062e+02
7.923419952392578125e+01
1.049422073364257812e+02
9.208386993408203125e+01
7.053522491455078125e+01
7.494170379638671875e+01
9.203026580810546875e+01
9.099423980712890625e+01
1.038387680053710938e+02
8.308254241943359375e+01
9.800336456298828125e+01
6.878119659423828125e+01
3.312341308593750000e+01
3.172994804382324219e+01
2.443114852905273438e+01
2.211206436157226562e+01
3.848272705078125000e+01
6.985379791259765625e+01
9.150438690185546875e+01
9.652241516113281250e+01
9.249103546142578125e+01
8.967747497558593750e+01
7.853918457031250000e+01
6.496329498291015625e+01
5.278961563110351562e+01
7.786550903320312500e+01
5.862599945068359375e+01
5.084733581542968750e+01
4.324361419677734375e+01
4.339403533935546875e+01
4.616836166381835938e+01
5.342255783081054688e+01
7.168695068359375000e+01
9.139017486572265625e+01
1.104351654052734375e+02
8.883971405029296875e+01
6.626217651367187500e+01
4.900639343261718750e+01
3.882447052001953125e+01
4.249306106567382812e+01
4.806962203979492188e+01
6.937557220458984375e+01
8.873708343505859375e+01
9.647510528564453125e+01
8.568957519531250000e+01
8.151526641845703125e+01
9.160253143310546875e+01
7.079408264160156250e+01
8.375572967529296875e+01
6.605053710937500000e+01
6.488231658935546875e+01
5.116279602050781250e+01
4.472166061401367188e+01
4.261974716186523438e+01
4.557180404663085938e+01
5.244052886962890625e+01
7.817439270019531250e+01
1.020032119750976562e+02
9.247962188720703125e+01
6.850593566894531250e+01
4.023048019409179688e+01
3.959415054321289062e+01
4.375416946411132812e+01
6.783023834228515625e+01
8.627970123291015625e+01
9.648020172119140625e+01
8.830074310302734375e+01
7.548281097412109375e+01
5.921226882934570312e+01
1.007164230346679688e+02
9.478326416015625000e+01
8.931042480468750000e+01
8.362963104248046875e+01
8.407315063476562500e+01
8.224472045898437500e+01
7.422923278808593750e+01
9.831214904785156250e+01
8.798678588867187500e+01
8.873664093017578125e+01
8.939131164550781250e+01
8.033110809326171875e+01
9.538775634765625000e+01
9.666109466552734375e+01
6.950827026367187500e+01
3.548662567138671875e+01
2.457004928588867188e+01
1.996809005737304688e+01
1.986767768859863281e+01
2.973823356628417969e+01
5.474927902221679688e+01
8.159745788574218750e+01
1.012851257324218750e+02
8.946626281738281250e+01
8.545941925048828125e+01
7.066849517822265625e+01
7.741456604003906250e+01
8.350656127929687500e+01
7.404244232177734375e+01
8.026049804687500000e+01
5.958952713012695312e+01
4.919350051879882812e+01
4.795183944702148438e+01
4.917981719970703125e+01
5.110861968994140625e+01
5.205433654785156250e+01
1.083914260864257812e+02
8.946928405761718750e+01
7.926275634765625000e+01
5.870681762695312500e+01
4.348987197875976562e+01
3.772893142700195312e+01
4.547276306152343750e+01
6.063221359252929688e+01
7.451171112060546875e+01
7.992913818359375000e+01
8.719665527343750000e+01
9.304065704345703125e+01
1.038394317626953125e+02
9.421474456787109375e+01
9.320010375976562500e+01
1.010690155029296875e+02
8.993201446533203125e+01
8.383560943603515625e+01
8.275236511230468750e+01
5.791794967651367188e+01
6.333296966552734375e+01
6.615074157714843750e+01
6.375830841064453125e+01
7.733541870117187500e+01
9.756555938720703125e+01
8.748567962646484375e+01
7.583658599853515625e+01
3.994603729248046875e+01
4.858334732055664062e+01
3.935598754882812500e+01
4.372407913208007812e+01
6.413655090332031250e+01
7.932579040527343750e+01
8.090945434570312500e+01
7.810942077636718750e+01
7.477154541015625000e+01
7.694180297851562500e+01
1.011068267822265625e+02
9.855535888671875000e+01
9.283047485351562500e+01
7.599829864501953125e+01
1.012366256713867188e+02
8.380809020996093750e+01
7.785597229003906250e+01
1.009107818603515625e+02
7.725313568115234375e+01
7.154653167724609375e+01
6.775646209716796875e+01
8.376313018798828125e+01
1.148784561157226562e+02
9.422656250000000000e+01
4.778087997436523438e+01
3.000582885742187500e+01
2.412086296081542969e+01
2.262577247619628906e+01
3.056717300415039062e+01
4.666260910034179688e+01
7.491825866699218750e+01
8.856018066406250000e+01
8.465274047851562500e+01
8.168310546875000000e+01
9.716977691650390625e+01
9.500640869140625000e+01
8.812042236328125000e+01
9.116329956054687500e+01
7.435848999023437500e+01
6.006929016113281250e+01
5.654295730590820312e+01
5.293681335449218750e+01
8.286177062988281250e+01
9.588072967529296875e+01
9.068025207519531250e+01
8.904740905761718750e+01
8.720886993408203125e+01
5.821044921875000000e+01
3.390620422363281250e+01
2.571928596496582031e+01
2.049469757080078125e+01
1.870263862609863281e+01
3.771918487548828125e+01
7.050675201416015625e+01
9.351125335693359375e+01
9.036438751220703125e+01
9.673385620117187500e+01
9.390845489501953125e+01
8.788722229003906250e+01
7.319691467285156250e+01
6.620080566406250000e+01
6.760312652587890625e+01
6.464411926269531250e+01
8.384387207031250000e+01
1.015085906982421875e+02
7.974053192138671875e+01
9.536353302001953125e+01
1.026586074829101562e+02
9.292544555664062500e+01
8.926619720458984375e+01
8.370739746093750000e+01
8.571527099609375000e+01
3.580503082275390625e+01
2.411346435546875000e+01
2.013246345520019531e+01
1.829663085937500000e+01
2.766345787048339844e+01
4.541778564453125000e+01
7.128066253662109375e+01
9.106148529052734375e+01
1.160533599853515625e+02
9.218977355957031250e+01
9.575254058837890625e+01
8.882110595703125000e+01
7.440676879882812500e+01
6.269158935546875000e+01
8.880532073974609375e+01
8.665202331542968750e+01
8.269656372070312500e+01
8.317076873779296875e+01
9.829159545898437500e+01
8.595646667480468750e+01
8.484011077880859375e+01
9.419522857666015625e+01
9.489326477050781250e+01
8.943719482421875000e+01
4.340061950683593750e+01
2.687969970703125000e+01
2.048907279968261719e+01
1.823853302001953125e+01
2.074138450622558594e+01
3.502161788940429688e+01
5.913238525390625000e+01
8.439382934570312500e+01
1.043067398071289062e+02
8.741629791259765625e+01
8.435356140136718750e+01
9.398207855224609375e+01
7.821689605712890625e+01
7.628407287597656250e+01
6.543305969238281250e+01
6.015375518798828125e+01
5.835921478271484375e+01
5.722725296020507812e+01
6.310789108276367188e+01
9.171144866943359375e+01
1.072674942016601562e+02
9.318743133544921875e+01
1.225876770019531250e+02
9.898599243164062500e+01
6.113070297241210938e+01
5.460390090942382812e+01
5.136519622802734375e+01
5.624875640869140625e+01
6.553923034667968750e+01
7.761611938476562500e+01
8.135795593261718750e+01
8.215844726562500000e+01
1.001359100341796875e+02
9.378285217285156250e+01
7.844073486328125000e+01
6.723709869384765625e+01
6.021940994262695312e+01
5.890658187866210938e+01
6.027445983886718750e+01
5.701228332519531250e+01
5.637905120849609375e+01
5.732142639160156250e+01
6.091006469726562500e+01
7.125614166259765625e+01
1.032166595458984375e+02
1.014573059082031250e+02
9.323710632324218750e+01
7.534801483154296875e+01
3.502079010009765625e+01
2.643540573120117188e+01
2.198401451110839844e+01
2.421662902832031250e+01
4.187048721313476562e+01
6.986257934570312500e+01
8.515439605712890625e+01
9.877198028564453125e+01
1.018400878906250000e+02
8.894802093505859375e+01
8.863778686523437500e+01
7.196891021728515625e+01
7.737949371337890625e+01
8.418545532226562500e+01
5.107709503173828125e+01
4.229946136474609375e+01
4.047906494140625000e+01
4.205677413940429688e+01
4.790251922607421875e+01
5.094207763671875000e+01
5.387889480590820312e+01
5.401139831542968750e+01
9.776413726806640625e+01
1.094324798583984375e+02
5.805107116699218750e+01
5.213122940063476562e+01
4.867020034790039062e+01
4.893130874633789062e+01
5.021200180053710938e+01
5.323936462402343750e+01
6.599251556396484375e+01
7.462836456298828125e+01
8.162290954589843750e+01
7.081519317626953125e+01
8.367026519775390625e+01
1.155778961181640625e+02
8.625398254394531250e+01
9.562041473388671875e+01
8.134693145751953125e+01
7.349232482910156250e+01
6.652001953125000000e+01
7.614999389648437500e+01
8.201106262207031250e+01
8.029592895507812500e+01
6.316697311401367188e+01
6.010388565063476562e+01
5.625754928588867188e+01
5.594253921508789062e+01
6.462541198730468750e+01
6.064186477661132812e+01
6.788039398193359375e+01
7.459956359863281250e+01
6.899085998535156250e+01
6.538338470458984375e+01
6.186618041992187500e+01
5.947928619384765625e+01
6.699263763427734375e+01
6.487710571289062500e+01
8.503315734863281250e+01
8.894824218750000000e+01
8.298613739013671875e+01
9.177734375000000000e+01
9.639749145507812500e+01
8.909909057617187500e+01
7.799626159667968750e+01
7.337639617919921875e+01
6.947240447998046875e+01
7.854757690429687500e+01
7.649906921386718750e+01
7.423030090332031250e+01
9.318813323974609375e+01
1.113468322753906250e+02
6.087738800048828125e+01
4.733330917358398438e+01
5.093680953979492188e+01
7.145059204101562500e+01
7.785907745361328125e+01
7.233225250244140625e+01
7.109108734130859375e+01
9.225804901123046875e+01
9.592220306396484375e+01
9.142091369628906250e+01
7.674662780761718750e+01
6.269550704956054688e+01
6.591372680664062500e+01
6.453267669677734375e+01
7.313510894775390625e+01
7.572598266601562500e+01
9.479416656494140625e+01
7.571177673339843750e+01
7.989265441894531250e+01
8.390944671630859375e+01
7.355892944335937500e+01
8.037784576416015625e+01
7.920714569091796875e+01
7.934274291992187500e+01
6.677919769287109375e+01
3.859309005737304688e+01
2.660222053527832031e+01
1.914758682250976562e+01
1.732397460937500000e+01
2.437482833862304688e+01
4.445433807373046875e+01
8.427621459960937500e+01
1.039287490844726562e+02
9.996647644042968750e+01
9.448863983154296875e+01
1.061079559326171875e+02
8.357290649414062500e+01
7.199557495117187500e+01
7.960687255859375000e+01
8.546031188964843750e+01
6.702880859375000000e+01
7.091436004638671875e+01
9.493265533447265625e+01
8.298068237304687500e+01
8.550687408447265625e+01
8.932358551025390625e+01
1.049163360595703125e+02
9.220219421386718750e+01
3.902774429321289062e+01
2.801375389099121094e+01
2.525619316101074219e+01
4.697689056396484375e+01
4.457171630859375000e+01
5.685836791992187500e+01
8.288838195800781250e+01
9.839536285400390625e+01
9.038244628906250000e+01
8.343718719482421875e+01
7.098291015625000000e+01
6.412210083007812500e+01
8.137712097167968750e+01
1.057529296875000000e+02
8.597897338867187500e+01
7.531546020507812500e+01
4.488011550903320312e+01
2.915798377990722656e+01
7.314521026611328125e+01
7.385534667968750000e+01
5.494683456420898438e+01
4.242541122436523438e+01
6.197532653808593750e+01
7.476586151123046875e+01
6.578400421142578125e+01
8.331665039062500000e+01
3.478496551513671875e+01
2.463689994812011719e+01
1.998183441162109375e+01
2.021044349670410156e+01
2.837042808532714844e+01
4.932929229736328125e+01
8.170590972900390625e+01
9.815155792236328125e+01
8.871586608886718750e+01
9.154212951660156250e+01
9.053868865966796875e+01
8.258428955078125000e+01
8.975318145751953125e+01
8.678948974609375000e+01
7.193829345703125000e+01
5.605303192138671875e+01
3.661651992797851562e+01
3.085451507568359375e+01
2.738686180114746094e+01
3.810961914062500000e+01
8.067430877685546875e+01
1.126634216308593750e+02
8.804199981689453125e+01
8.135906982421875000e+01
5.280450057983398438e+01
5.374987411499023438e+01
1.106839294433593750e+02
8.045671081542968750e+01
4.114694976806640625e+01
2.876093673706054688e+01
2.944300460815429688e+01
3.800429153442382812e+01
6.647106933593750000e+01
9.301038360595703125e+01
9.948943328857421875e+01
8.963686370849609375e+01
8.035345458984375000e+01
8.958275604248046875e+01
7.503318786621093750e+01
1.032888565063476562e+02
5.776097106933593750e+01
5.992487335205078125e+01
1.070576400756835938e+02
6.952816772460937500e+01
6.464320373535156250e+01
6.309810638427734375e+01
6.165252304077148438e+01
6.186352157592773438e+01
6.709561157226562500e+01
1.151009750366210938e+02
6.490657043457031250e+01
4.240762329101562500e+01
4.035157394409179688e+01
4.332125091552734375e+01
6.119381332397460938e+01
8.687575531005859375e+01
8.806282806396484375e+01
8.173812103271484375e+01
9.150445556640625000e+01
8.855378723144531250e+01
6.802705383300781250e+01
6.250913238525390625e+01
6.090773391723632812e+01
6.191078567504882812e+01
6.477594757080078125e+01
8.651094055175781250e+01
9.744593048095703125e+01
9.414389801025390625e+01
9.501284027099609375e+01
9.758118438720703125e+01
7.774274444580078125e+01
7.289945983886718750e+01
6.001652145385742188e+01
6.700508880615234375e+01
6.196136474609375000e+01
6.133322906494140625e+01
5.750482559204101562e+01
5.573021697998046875e+01
8.035278320312500000e+01
4.050211334228515625e+01
3.501612472534179688e+01
2.255649566650390625e+01
2.328520202636718750e+01
3.791395568847656250e+01
5.624556350708007812e+01
6.448191070556640625e+01
6.416225433349609375e+01
5.771790695190429688e+01
5.451117324829101562e+01
5.704718399047851562e+01
5.761940002441406250e+01
6.335144042968750000e+01
9.509761810302734375e+01
8.250538635253906250e+01
1.062961730957031250e+02
6.785729980468750000e+01
5.885521697998046875e+01
5.532228088378906250e+01
5.559729385375976562e+01
5.682862472534179688e+01
5.681949615478515625e+01
6.024858856201171875e+01
7.798390960693359375e+01
8.855728912353515625e+01
7.506250000000000000e+01
6.873233795166015625e+01
6.418658447265625000e+01
7.361930084228515625e+01
7.771527099609375000e+01
8.910765075683593750e+01
8.343816375732421875e+01
7.851124572753906250e+01
6.457738494873046875e+01
5.778045654296875000e+01
9.442830657958984375e+01
8.904935455322265625e+01
8.766545867919921875e+01
8.804134368896484375e+01
5.891081237792968750e+01
3.147432327270507812e+01
2.166126060485839844e+01
1.779110908508300781e+01
1.940464401245117188e+01
2.847395515441894531e+01
5.174749374389648438e+01
8.071281433105468750e+01
1.011863250732421875e+02
8.512541198730468750e+01
8.145661163330078125e+01
7.660904693603515625e+01
5.966828918457031250e+01
5.419220733642578125e+01
7.434040069580078125e+01
8.187466430664062500e+01
6.777880096435546875e+01
7.261279296875000000e+01
6.684230041503906250e+01
7.186804199218750000e+01
8.964196777343750000e+01
8.871357727050781250e+01
7.720053100585937500e+01
6.717636871337890625e+01
6.825629425048828125e+01
6.185902023315429688e+01
7.892682647705078125e+01
6.005824279785156250e+01
5.722916793823242188e+01
5.510078048706054688e+01
5.478415298461914062e+01
6.778597259521484375e+01
6.895626068115234375e+01
8.579696655273437500e+01
7.453468322753906250e+01
6.730106353759765625e+01
6.638202667236328125e+01
7.034764862060546875e+01
7.122579956054687500e+01
8.917312622070312500e+01
8.189282226562500000e+01
6.968001556396484375e+01
6.508355712890625000e+01
6.238718032836914062e+01
7.585564422607421875e+01
8.880429840087890625e+01
7.117152404785156250e+01
8.537986755371093750e+01
6.733621215820312500e+01
6.520501708984375000e+01
7.032002258300781250e+01
6.629234313964843750e+01
6.148760986328125000e+01
5.990533828735351562e+01
5.973050308227539062e+01
6.518518066406250000e+01
9.108390808105468750e+01
8.624490356445312500e+01
7.149790191650390625e+01
7.400981903076171875e+01
6.243277740478515625e+01
5.866614913940429688e+01
7.015680694580078125e+01
1.033447113037109375e+02
8.513034057617187500e+01
9.877136230468750000e+01
6.610899353027343750e+01
7.117720794677734375e+01
7.689434814453125000e+01
1.072663040161132812e+02
9.104560089111328125e+01
6.864450836181640625e+01
4.664894104003906250e+01
5.093831634521484375e+01
2.938322639465332031e+01
2.425047683715820312e+01
2.391859817504882812e+01
3.907815551757812500e+01
6.780588531494140625e+01
1.057651443481445312e+02
1.008554000854492188e+02
7.947682952880859375e+01
8.286833953857421875e+01
9.021728515625000000e+01
6.530349731445312500e+01
6.751388549804687500e+01
8.726156616210937500e+01
8.220507049560546875e+01
7.645204925537109375e+01
7.499472808837890625e+01
6.693224334716796875e+01
6.983448028564453125e+01
6.853847503662109375e+01
7.987129211425781250e+01
8.587346649169921875e+01
1.140836868286132812e+02
7.583563995361328125e+01
3.633837127685546875e+01
2.559867095947265625e+01
2.128677940368652344e+01
2.362637519836425781e+01
5.053544235229492188e+01
7.984850311279296875e+01
8.694767761230468750e+01
7.998616790771484375e+01
7.777844238281250000e+01
1.085525665283203125e+02
9.368896484375000000e+01
7.732176971435546875e+01
7.196184539794921875e+01
9.177066802978515625e+01
9.540141296386718750e+01
8.399816131591796875e+01
8.244776153564453125e+01
8.209499359130859375e+01
7.721254730224609375e+01
9.441620635986328125e+01
8.197295379638671875e+01
6.654818725585937500e+01
7.713069152832031250e+01
6.054984283447265625e+01
5.776940536499023438e+01
5.713639450073242188e+01
6.217414093017578125e+01
6.055016708374023438e+01
6.097012710571289062e+01
6.253445816040039062e+01
7.445188903808593750e+01
7.143273162841796875e+01
7.502597808837890625e+01
7.454412078857421875e+01
9.227558135986328125e+01
8.814935302734375000e+01
7.807177734375000000e+01
8.257408905029296875e+01
6.366013336181640625e+01
6.655221557617187500e+01
7.134538269042968750e+01
7.320448303222656250e+01
8.182094573974609375e+01
1.094392089843750000e+02
6.370352935791015625e+01
8.020588684082031250e+01
9.010539245605468750e+01
7.506056976318359375e+01
3.554598236083984375e+01
2.490195274353027344e+01
1.980655288696289062e+01
2.257562637329101562e+01
3.722622680664062500e+01
6.355750274658203125e+01
9.781800842285156250e+01
1.026258392333984375e+02
9.131241607666015625e+01
8.317836761474609375e+01
8.694486999511718750e+01
7.220602416992187500e+01
7.695610046386718750e+01
7.119252777099609375e+01
6.880685424804687500e+01
6.818228912353515625e+01
6.311752700805664062e+01
8.260472106933593750e+01
8.714019775390625000e+01
7.933803558349609375e+01
9.537398529052734375e+01
1.037612609863281250e+02
1.065238952636718750e+02
6.610290527343750000e+01
5.579333496093750000e+01
5.584107208251953125e+01
5.439173126220703125e+01
5.533378601074218750e+01
6.140303039550781250e+01
6.575930786132812500e+01
7.560547637939453125e+01
9.825427246093750000e+01
1.043169784545898438e+02
9.462033081054687500e+01
8.006269836425781250e+01
7.562545776367187500e+01
7.047644042968750000e+01
9.309393310546875000e+01
9.957975769042968750e+01
8.560353851318359375e+01
7.679740905761718750e+01
7.543861389160156250e+01
8.933640289306640625e+01
9.907624816894531250e+01
8.210746002197265625e+01
8.987493896484375000e+01
9.697907257080078125e+01
6.681449890136718750e+01
4.055245971679687500e+01
5.697027969360351562e+01
4.945589447021484375e+01
4.992245101928710938e+01
5.892783355712890625e+01
7.396549987792968750e+01
9.033469390869140625e+01
9.111743927001953125e+01
9.068643951416015625e+01
8.294499969482421875e+01
7.343712615966796875e+01
9.265987396240234375e+01
9.030633544921875000e+01
9.998925781250000000e+01
8.237056732177734375e+01
4.308690643310546875e+01
2.753620719909667969e+01
2.221455192565917969e+01
2.808298301696777344e+01
6.411384582519531250e+01
9.511257934570312500e+01
1.118249282836914062e+02
1.079840087890625000e+02
1.027879714965820312e+02
8.203730773925781250e+01
5.106250000000000000e+01
4.294812393188476562e+01
3.200727081298828125e+01
3.899219131469726562e+01
5.192790985107421875e+01
7.109783935546875000e+01
9.349556732177734375e+01
1.117592849731445312e+02
1.010881271362304688e+02
7.973039245605468750e+01
8.229544067382812500e+01
7.916514587402343750e+01
7.323878479003906250e+01
8.416616058349609375e+01
1.013107757568359375e+02
8.138874053955078125e+01
7.859574127197265625e+01
7.731876373291015625e+01
7.152461242675781250e+01
6.908061981201171875e+01
9.825533294677734375e+01
1.061670532226562500e+02
8.113599395751953125e+01
4.881338882446289062e+01
4.163213348388671875e+01
2.914060974121093750e+01
3.731930160522460938e+01
3.738454818725585938e+01
5.206399154663085938e+01
7.674732208251953125e+01
8.793962097167968750e+01
9.082078552246093750e+01
8.218766021728515625e+01
8.747972106933593750e+01
6.955787658691406250e+01
6.306443023681640625e+01
7.631884002685546875e+01
8.310669708251953125e+01
9.798098754882812500e+01
7.464287567138671875e+01
5.725912857055664062e+01
5.332975387573242188e+01
5.157787322998046875e+01
5.159956359863281250e+01
9.007921600341796875e+01
1.096574172973632812e+02
6.884822082519531250e+01
5.314678955078125000e+01
5.269760131835937500e+01
3.672005081176757812e+01
3.478468322753906250e+01
5.294441223144531250e+01
7.481961822509765625e+01
8.449951171875000000e+01
8.340004730224609375e+01
7.702941894531250000e+01
8.270004272460937500e+01
8.875051116943359375e+01
7.552146148681640625e+01
6.496369934082031250e+01
6.073501968383789062e+01
5.549812698364257812e+01
5.390623855590820312e+01
5.368338394165039062e+01
5.262253952026367188e+01
5.374665832519531250e+01
5.609199142456054688e+01
7.956906890869140625e+01
9.477656555175781250e+01
9.185725402832031250e+01
7.071633148193359375e+01
6.371079635620117188e+01
5.798059463500976562e+01
5.606503677368164062e+01
6.828001403808593750e+01
5.783263778686523438e+01
5.684727478027343750e+01
6.350497817993164062e+01
7.297814178466796875e+01
7.153622436523437500e+01
6.893885803222656250e+01
6.368504714965820312e+01
6.042079162597656250e+01
5.858446884155273438e+01
5.548938751220703125e+01
5.568421936035156250e+01
5.477615737915039062e+01
5.422591400146484375e+01
6.006818389892578125e+01
8.461630249023437500e+01
1.037566986083984375e+02
1.059583892822265625e+02
8.071242523193359375e+01
5.706394958496093750e+01
6.799988555908203125e+01
3.131425285339355469e+01
2.397317314147949219e+01
1.974902343750000000e+01
1.949749565124511719e+01
2.977516746520996094e+01
5.547136688232421875e+01
7.381465911865234375e+01
8.734004211425781250e+01
7.734101867675781250e+01
6.697329711914062500e+01
6.700264739990234375e+01
6.111888504028320312e+01
5.672704315185546875e+01
5.894702911376953125e+01
6.079581832885742188e+01
6.810886383056640625e+01
7.082342529296875000e+01
8.210330963134765625e+01
8.345327758789062500e+01
8.214940643310546875e+01
6.828072357177734375e+01
6.491131591796875000e+01
1.062722167968750000e+02
7.978018188476562500e+01
4.053294372558593750e+01
3.302877426147460938e+01
3.804444885253906250e+01
6.826037597656250000e+01
5.884469985961914062e+01
7.109600067138671875e+01
8.988681793212890625e+01
8.102247619628906250e+01
7.034178161621093750e+01
6.529283905029296875e+01
8.196537780761718750e+01
8.231484985351562500e+01
7.243305969238281250e+01
6.521261596679687500e+01
6.191408157348632812e+01
5.777156448364257812e+01
5.636513519287109375e+01
6.267805862426757812e+01
8.147342681884765625e+01
8.368126678466796875e+01
1.081219558715820312e+02
7.277979278564453125e+01
6.581547546386718750e+01
8.007917785644531250e+01
4.653172683715820312e+01
3.917267227172851562e+01
3.423266983032226562e+01
5.894209289550781250e+01
8.303347778320312500e+01
9.036499786376953125e+01
8.634201049804687500e+01
8.394541931152343750e+01
8.108283233642578125e+01
7.308850097656250000e+01
6.918978118896484375e+01
6.445763397216796875e+01
6.115597152709960938e+01
8.442646026611328125e+01
9.582616424560546875e+01
7.930644226074218750e+01
9.036361694335937500e+01
6.029640960693359375e+01
4.701794052124023438e+01
5.825705337524414062e+01
7.998949432373046875e+01
8.214665222167968750e+01
1.112142639160156250e+02
1.062450714111328125e+02
9.683205413818359375e+01
7.839719390869140625e+01
5.561510086059570312e+01
5.182018280029296875e+01
4.800614547729492188e+01
2.779022789001464844e+01
2.155715370178222656e+01
2.036804962158203125e+01
2.992689704895019531e+01
5.726777267456054688e+01
8.782244873046875000e+01
9.212159729003906250e+01
8.440107727050781250e+01
7.198532867431640625e+01
9.460553741455078125e+01
7.242478179931640625e+01
6.730192565917968750e+01
6.444125366210937500e+01
6.092758178710937500e+01
6.071170425415039062e+01
6.258949661254882812e+01
1.025485534667968750e+02
1.047176284790039062e+02
5.591255950927734375e+01
4.222034454345703125e+01
5.095362854003906250e+01
7.973172760009765625e+01
1.093416824340820312e+02
6.998154449462890625e+01
4.701951217651367188e+01
3.330304718017578125e+01
3.978716278076171875e+01
6.220815277099609375e+01
9.614591217041015625e+01
9.007067108154296875e+01
7.668211364746093750e+01
8.427889251708984375e+01
8.977524566650390625e+01
6.679815673828125000e+01
6.631280517578125000e+01
6.880685424804687500e+01
6.569422912597656250e+01
6.530303192138671875e+01
8.313572692871093750e+01
8.734152221679687500e+01
8.806069946289062500e+01
8.755693054199218750e+01
7.439371490478515625e+01
7.070375823974609375e+01
6.740824127197265625e+01
5.268820571899414062e+01
4.459663772583007812e+01
4.902358627319335938e+01
6.367507553100585938e+01
8.848738098144531250e+01
9.007605743408203125e+01
8.300999450683593750e+01
7.602181243896484375e+01
6.876618194580078125e+01
6.479380035400390625e+01
8.163381958007812500e+01
9.425057220458984375e+01
6.320864486694335938e+01
5.711163330078125000e+01
5.626162719726562500e+01
5.865148925781250000e+01
6.858735656738281250e+01
8.048537445068359375e+01
9.782339477539062500e+01
1.023962478637695312e+02
5.669213867187500000e+01
4.544752883911132812e+01
4.272661972045898438e+01
4.236137390136718750e+01
3.141759872436523438e+01
2.989020538330078125e+01
4.168084335327148438e+01
6.722480773925781250e+01
9.328655242919921875e+01
9.827787780761718750e+01
8.967475128173828125e+01
7.624633026123046875e+01
8.676652526855468750e+01
9.509137725830078125e+01
8.371654510498046875e+01
6.384094619750976562e+01
5.480284500122070312e+01
5.221688461303710938e+01
5.442511367797851562e+01
5.387324142456054688e+01
5.432286834716796875e+01
7.957708740234375000e+01
9.543899536132812500e+01
8.798217773437500000e+01
7.686779785156250000e+01
9.934377288818359375e+01
7.074019622802734375e+01
6.524008178710937500e+01
5.987710952758789062e+01
6.176211166381835938e+01
6.257172393798828125e+01
6.253633499145507812e+01
6.056267929077148438e+01
6.072454452514648438e+01
9.110292053222656250e+01
8.379866790771484375e+01
7.905870056152343750e+01
8.970684814453125000e+01
7.448529052734375000e+01
6.134135437011718750e+01
5.396577072143554688e+01
5.289019775390625000e+01
5.254793930053710938e+01
5.230537796020507812e+01
5.471241378784179688e+01
5.616548156738281250e+01
5.815801239013671875e+01
1.121997299194335938e+02
1.004254531860351562e+02
7.681467437744140625e+01
6.313925552368164062e+01
4.474214553833007812e+01
2.865178108215332031e+01
2.067043113708496094e+01
1.721191406250000000e+01
2.074718284606933594e+01
3.536416625976562500e+01
6.461325073242187500e+01
8.782595825195312500e+01
1.020135879516601562e+02
9.033665466308593750e+01
8.177626800537109375e+01
8.138194274902343750e+01
6.951187896728515625e+01
5.631894683837890625e+01
6.533805847167968750e+01
6.438327026367187500e+01
6.271793746948242188e+01
6.237947463989257812e+01
6.137482833862304688e+01
5.962010955810546875e+01
9.363343048095703125e+01
1.090066680908203125e+02
8.806803894042968750e+01
6.361564636230468750e+01
2.954654502868652344e+01
2.250495338439941406e+01
1.522237682342529297e+01
2.045062828063964844e+01
3.786410522460937500e+01
7.510475158691406250e+01
1.044650115966796875e+02
8.635597229003906250e+01
7.897894287109375000e+01
6.646473693847656250e+01
5.653800201416015625e+01
5.586957168579101562e+01
5.351246643066406250e+01
5.112342071533203125e+01
5.294630050659179688e+01
5.297527694702148438e+01
5.415371322631835938e+01
5.686492919921875000e+01
6.924698638916015625e+01
7.574219512939453125e+01
7.277339172363281250e+01
6.903566741943359375e+01
6.411653137207031250e+01
6.135468292236328125e+01
5.955288696289062500e+01
5.749036026000976562e+01
5.713695144653320312e+01
5.811540222167968750e+01
5.867350387573242188e+01
6.010757064819335938e+01
7.665354919433593750e+01
7.445526885986328125e+01
6.929484558105468750e+01
6.545298004150390625e+01
5.954841613769531250e+01
5.773472595214843750e+01
5.658026885986328125e+01
5.559123611450195312e+01
5.483534240722656250e+01
5.694064331054687500e+01
6.039244842529296875e+01
6.417523956298828125e+01
7.830081939697265625e+01
7.395283508300781250e+01
6.971295928955078125e+01
6.505795288085937500e+01
6.166361999511718750e+01
5.753833389282226562e+01
5.796708297729492188e+01
5.557031250000000000e+01
5.567786788940429688e+01
5.703069305419921875e+01
6.032040023803710938e+01
6.144666290283203125e+01
7.668000030517578125e+01
8.518695831298828125e+01
7.125997924804687500e+01
6.497460937500000000e+01
5.857580184936523438e+01
5.653953552246093750e+01
5.400408935546875000e+01
5.347654342651367188e+01
5.275802993774414062e+01
5.608679962158203125e+01
7.352628326416015625e+01
7.455168151855468750e+01
7.097352600097656250e+01
6.451214599609375000e+01
6.110928726196289062e+01
5.872179031372070312e+01
5.668745040893554688e+01
5.489862823486328125e+01
5.691085433959960938e+01
5.560150909423828125e+01
6.063773345947265625e+01
6.593326568603515625e+01
7.767761230468750000e+01
7.483023071289062500e+01
7.074729156494140625e+01
6.526238250732421875e+01
6.004979705810546875e+01
5.867481613159179688e+01
5.492521667480468750e+01
5.517290115356445312e+01
5.554739761352539062e+01
5.705460357666015625e+01
5.979624176025390625e+01
6.970663452148437500e+01
7.945329284667968750e+01
7.402225494384765625e+01
7.099832916259765625e+01
6.500867462158203125e+01
6.139158630371093750e+01
5.907486343383789062e+01
5.778851699829101562e+01
5.559859848022460938e+01
5.702360534667968750e+01
5.844757080078125000e+01
5.976034927368164062e+01
6.751155853271484375e+01
7.812911224365234375e+01
7.412919616699218750e+01
6.902682495117187500e+01
6.461918640136718750e+01
6.027586746215820312e+01
5.804869842529296875e+01
5.718918228149414062e+01
5.549011230468750000e+01
5.592993545532226562e+01
5.849699020385742188e+01
5.996128463745117188e+01
6.873229980468750000e+01
7.896163940429687500e+01
7.453605651855468750e+01
6.944912719726562500e+01
6.595060729980468750e+01
6.182279968261718750e+01
5.794312667846679688e+01
5.805217361450195312e+01
5.564163208007812500e+01
5.542290878295898438e+01
5.721470642089843750e+01
5.956010437011718750e+01
6.737654876708984375e+01
7.827420806884765625e+01
7.473114776611328125e+01
6.918668365478515625e+01
6.504094696044921875e+01
6.155037307739257812e+01
5.792111968994140625e+01
5.729891967773437500e+01
5.659843444824218750e+01
5.594983673095703125e+01
5.870813369750976562e+01
6.085243606567382812e+01
7.019541168212890625e+01
7.730494689941406250e+01
7.424920654296875000e+01
6.885178375244140625e+01
6.492028808593750000e+01
6.185574722290039062e+01
5.764833450317382812e+01
5.730174636840820312e+01
5.600537109375000000e+01
5.619588088989257812e+01
5.787242889404296875e+01
6.074299621582031250e+01
7.170400238037109375e+01
7.672230529785156250e+01
7.279975128173828125e+01
6.683740997314453125e+01
6.664343261718750000e+01
6.690314483642578125e+01
6.643898773193359375e+01
6.470496368408203125e+01
6.465714263916015625e+01
6.430335998535156250e+01
6.657951354980468750e+01
6.674523925781250000e+01
8.479417419433593750e+01
7.890287017822265625e+01
7.182616424560546875e+01
6.772881317138671875e+01
6.271774673461914062e+01
5.740229797363281250e+01
5.459005355834960938e+01
5.468698883056640625e+01
5.393213653564453125e+01
5.432317352294921875e+01
6.011460494995117188e+01
6.163052749633789062e+01
7.374857330322265625e+01
7.500637817382812500e+01
6.945430755615234375e+01
6.473044586181640625e+01
6.377501296997070312e+01
5.850479125976562500e+01
5.710649871826171875e+01
5.599137496948242188e+01
5.563072967529296875e+01
5.473291397094726562e+01
5.950115203857421875e+01
6.501882934570312500e+01
7.635799407958984375e+01
7.540469360351562500e+01
7.009001922607421875e+01
6.546502685546875000e+01
6.242911148071289062e+01
5.903821563720703125e+01
5.611225891113281250e+01
5.602067947387695312e+01
5.436968994140625000e+01
5.576960372924804688e+01
5.923496246337890625e+01
6.826625823974609375e+01
7.776076507568359375e+01
7.500369262695312500e+01
6.845967864990234375e+01
6.267128753662109375e+01
6.104743576049804688e+01
5.777927398681640625e+01
5.628598022460937500e+01
5.537464904785156250e+01
5.454529953002929688e+01
5.603416442871093750e+01
5.986425781250000000e+01
7.189195251464843750e+01
7.636042785644531250e+01
7.279960632324218750e+01
6.754892730712890625e+01
6.366378021240234375e+01
6.079679107666015625e+01
5.669230651855468750e+01
5.514807128906250000e+01
5.609023666381835938e+01
5.443716049194335938e+01
5.847838973999023438e+01
5.900036239624023438e+01
7.307547760009765625e+01
7.422207641601562500e+01
6.990402221679687500e+01
6.480651855468750000e+01
5.985407257080078125e+01
5.811801910400390625e+01
5.472550201416015625e+01
5.470305252075195312e+01
5.451393127441406250e+01
5.332938003540039062e+01
5.876480102539062500e+01
6.562948608398437500e+01
7.666172027587890625e+01
7.403420257568359375e+01
6.909459686279296875e+01
6.449520111083984375e+01
6.115229034423828125e+01
5.832898712158203125e+01
5.551893615722656250e+01
5.551119613647460938e+01
5.570560836791992188e+01
5.570659255981445312e+01
5.933375549316406250e+01
6.998728179931640625e+01
7.720420074462890625e+01
7.400520324707031250e+01
6.827030944824218750e+01
6.220143890380859375e+01
5.944941329956054688e+01
5.773190689086914062e+01
5.539986801147460938e+01
5.475267410278320312e+01
5.393848037719726562e+01
5.633368682861328125e+01
5.997858428955078125e+01
7.056540679931640625e+01
7.630947875976562500e+01
7.359271240234375000e+01
6.718439483642578125e+01
6.371691131591796875e+01
6.149256896972656250e+01
5.683082962036132812e+01
5.553686904907226562e+01
5.553168487548828125e+01
5.490888214111328125e+01
5.828134155273437500e+01
6.020961761474609375e+01
7.421186828613281250e+01
7.485152435302734375e+01
7.004627990722656250e+01
6.531195831298828125e+01
6.132928085327148438e+01
5.888349151611328125e+01
5.518618774414062500e+01
5.575455093383789062e+01
5.514102172851562500e+01
5.511498260498046875e+01
5.778960037231445312e+01
6.355409240722656250e+01
7.472521972656250000e+01
7.470554351806640625e+01
6.915088653564453125e+01
6.300738143920898438e+01
6.130736160278320312e+01
5.881103134155273438e+01
5.573563385009765625e+01
5.558299636840820312e+01
5.508156967163085938e+01
5.554714202880859375e+01
6.018801879882812500e+01
7.109614562988281250e+01
7.716925811767578125e+01
7.353501892089843750e+01
6.876802825927734375e+01
6.293740463256835938e+01
6.081389236450195312e+01
5.825329589843750000e+01
5.525130844116210938e+01
5.594050216674804688e+01
5.486581802368164062e+01
5.718296813964843750e+01
6.021295166015625000e+01
7.307142639160156250e+01
7.467976379394531250e+01
7.125452423095703125e+01
6.608483123779296875e+01
6.168618774414062500e+01
5.917396545410156250e+01
5.729568099975585938e+01
5.466619491577148438e+01
5.654985046386718750e+01
5.613911819458007812e+01
5.940265274047851562e+01
6.185603332519531250e+01
7.571693420410156250e+01
7.445073699951171875e+01
6.850096130371093750e+01
6.507135772705078125e+01
5.997423934936523438e+01
5.834528350830078125e+01
5.698559570312500000e+01
5.493304443359375000e+01
5.563415527343750000e+01
5.614599609375000000e+01
5.886693191528320312e+01
6.275442504882812500e+01
7.687728118896484375e+01
7.434854888916015625e+01
6.963617706298828125e+01
6.605162811279296875e+01
6.134446334838867188e+01
5.868283462524414062e+01
5.793469238281250000e+01
5.472621154785156250e+01
5.525436782836914062e+01
5.624351119995117188e+01
5.999823379516601562e+01
6.204817199707031250e+01
7.649301147460937500e+01
7.486550140380859375e+01
6.913182830810546875e+01
6.564710998535156250e+01
6.040130233764648438e+01
5.681620788574218750e+01
5.641007995605468750e+01
5.526205444335937500e+01
5.505537033081054688e+01
5.652439880371093750e+01
6.047970581054687500e+01
6.474169921875000000e+01
7.676668548583984375e+01
7.455226898193359375e+01
6.841482543945312500e+01
6.509762573242187500e+01
6.171047592163085938e+01
5.825580978393554688e+01
5.754675674438476562e+01
5.589491653442382812e+01
5.539625167846679688e+01
5.615303802490234375e+01
6.046205520629882812e+01
6.623674774169921875e+01
7.632778930664062500e+01
7.414952850341796875e+01
6.897905731201171875e+01
6.326535034179687500e+01
6.116583633422851562e+01
5.766340637207031250e+01
5.605083465576171875e+01
5.496786499023437500e+01
5.533769607543945312e+01
5.566143417358398438e+01
5.981290054321289062e+01
6.996218872070312500e+01
7.669760894775390625e+01
7.391861724853515625e+01
6.846365356445312500e+01
6.407882690429687500e+01
5.980035018920898438e+01
5.791581726074218750e+01
5.546612167358398438e+01
5.589957809448242188e+01
5.680910491943359375e+01
5.680863571166992188e+01
5.891469573974609375e+01
7.244507598876953125e+01
7.676536560058593750e+01
7.224515533447265625e+01
6.716191101074218750e+01
6.191912841796875000e+01
5.846779251098632812e+01
5.747047424316406250e+01
5.533216476440429688e+01
5.418801498413085938e+01
5.555807113647460938e+01
5.791462707519531250e+01
5.899257659912109375e+01
7.403704833984375000e+01
7.431962585449218750e+01
6.924591064453125000e+01
6.563787078857421875e+01
6.175008773803710938e+01
5.618970108032226562e+01
5.649361801147460938e+01
5.455865097045898438e+01
5.459151458740234375e+01
5.517830276489257812e+01
5.892255401611328125e+01
6.176605606079101562e+01
7.564764404296875000e+01
7.361996459960937500e+01
6.790756225585937500e+01
6.487495422363281250e+01
6.106250762939453125e+01
5.652984619140625000e+01
5.531639099121093750e+01
5.449641799926757812e+01
5.409409713745117188e+01
5.425769042968750000e+01
5.890139389038085938e+01
6.742783355712890625e+01
7.667324066162109375e+01
7.416851806640625000e+01
6.807192230224609375e+01
6.400204467773437500e+01
5.956238555908203125e+01
5.656141281127929688e+01
5.542935943603515625e+01
5.510469436645507812e+01
5.487475585937500000e+01
5.605791091918945312e+01
6.033772659301757812e+01
7.138537597656250000e+01
7.559296417236328125e+01
7.269544219970703125e+01
6.700054168701171875e+01
6.107807159423828125e+01
5.905045318603515625e+01
5.625624847412109375e+01
5.506676864624023438e+01
5.413904190063476562e+01
5.472911453247070312e+01
5.756723403930664062e+01
6.095872879028320312e+01
7.464449310302734375e+01
7.374368286132812500e+01
7.127733612060546875e+01
9.930406188964843750e+01
8.225254058837890625e+01
1.034901046752929688e+02
9.207607269287109375e+01
8.987366485595703125e+01
8.388935852050781250e+01
8.293216705322265625e+01
4.905415725708007812e+01
3.900666809082031250e+01
2.400288772583007812e+01
2.142305946350097656e+01
2.672901153564453125e+01
4.427052307128906250e+01
6.592900848388671875e+01
8.093273162841796875e+01
7.653874969482421875e+01
5.832714080810546875e+01
8.042438507080078125e+01
9.799518585205078125e+01
8.667200469970703125e+01
7.965119171142578125e+01
5.942452621459960938e+01
6.427269744873046875e+01
6.211540985107421875e+01
5.981792831420898438e+01
5.600111389160156250e+01
7.063364410400390625e+01
8.056005859375000000e+01
8.601397705078125000e+01
9.738242340087890625e+01
1.100684967041015625e+02
8.630773162841796875e+01
7.855284118652343750e+01
4.920492553710937500e+01
3.356057739257812500e+01
3.686962890625000000e+01
4.831127929687500000e+01
6.583729553222656250e+01
8.668927001953125000e+01
9.852302551269531250e+01
9.587879943847656250e+01
9.276869964599609375e+01
7.819169616699218750e+01
1.003654479980468750e+02
8.786137390136718750e+01
8.611029815673828125e+01
7.876141357421875000e+01
7.685709381103515625e+01
6.873717498779296875e+01
6.147716522216796875e+01
6.825074768066406250e+01
6.480838775634765625e+01
6.202497863769531250e+01
6.184744644165039062e+01
9.540276336669921875e+01
5.370503616333007812e+01
3.836331558227539062e+01
3.019512367248535156e+01
2.583426475524902344e+01
2.356115150451660156e+01
2.249918746948242188e+01
2.227522277832031250e+01
2.290089797973632812e+01
2.404289245605468750e+01
2.744245147705078125e+01
2.727087783813476562e+01
2.727087783813476562e+01
2.727087783813476562e+01
2.727087783813476562e+01
2.727087783813476562e+01
2.727087783813476562e+01
2.727087783813476562e+01
2.727087783813476562e+01
2.727087783813476562e+01
2.727087783813476562e+01
2.727087783813476562e+01
2.727087783813476562e+01
2.727087783813476562e+01
2.727087783813476562e+01
2.727087783813476562e+01
2.727087783813476562e+01
2.727087783813476562e+01
2.727087783813476562e+01
2.727087783813476562e+01
2.727087783813476562e+01
2.727087783813476562e+01
2.727087783813476562e+01
2.727087783813476562e+01
2.727087783813476562e+01
2.727087783813476562e+01
2.727087783813476562e+01
2.727087783813476562e+01
2.727087783813476562e+01
2.727087783813476562e+01
2.727087783813476562e+01
2.727087783813476562e+01
2.727087783813476562e+01
2.727087783813476562e+01
2.727087783813476562e+01
2.727087783813476562e+01
2.727087783813476562e+01
2.727087783813476562e+01
2.727087783813476562e+01
2.727087783813476562e+01
2.727087783813476562e+01
2.727087783813476562e+01
2.727087783813476562e+01
2.727087783813476562e+01
2.727087783813476562e+01
2.727087783813476562e+01
2.727087783813476562e+01
2.727087783813476562e+01
2.727087783813476562e+01
2.727087783813476562e+01
2.727087783813476562e+01
2.727087783813476562e+01
2.727087783813476562e+01
2.727087783813476562e+01
2.727087783813476562e+01
2.727087783813476562e+01
2.727087783813476562e+01
2.727087783813476562e+01
2.727087783813476562e+01
2.727087783813476562e+01
2.727087783813476562e+01
2.727087783813476562e+01
2.727087783813476562e+01
2.727087783813476562e+01
2.727087783813476562e+01
2.727087783813476562e+01
2.727087783813476562e+01
2.727087783813476562e+01
2.727087783813476562e+01
2.727087783813476562e+01
2.727087783813476562e+01
2.727087783813476562e+01
2.727087783813476562e+01
2.727087783813476562e+01
2.727087783813476562e+01
2.727087783813476562e+01
2.727087783813476562e+01
2.727087783813476562e+01
2.727087783813476562e+01
2.727087783813476562e+01
2.727087783813476562e+01
2.727087783813476562e+01
2.727087783813476562e+01
2.727087783813476562e+01
2.727087783813476562e+01
2.727087783813476562e+01
2.727087783813476562e+01
2.727087783813476562e+01
2.727087783813476562e+01
2.727087783813476562e+01
2.727087783813476562e+01
2.727087783813476562e+01
2.727087783813476562e+01
2.727087783813476562e+01
2.727087783813476562e+01
2.727087783813476562e+01
2.727087783813476562e+01
2.727087783813476562e+01
2.727087783813476562e+01
2.727087783813476562e+01
2.727087783813476562e+01
2.727087783813476562e+01
2.727087783813476562e+01
2.727087783813476562e+01
2.727087783813476562e+01
2.727087783813476562e+01
2.727087783813476562e+01
2.727087783813476562e+01
2.727087783813476562e+01
2.727087783813476562e+01
2.727087783813476562e+01
5.282802200317382812e+01
9.458628082275390625e+01
7.560300445556640625e+01
6.842117309570312500e+01
6.311174392700195312e+01
6.096422958374023438e+01
6.893862915039062500e+01
7.469345092773437500e+01
7.295032501220703125e+01
7.071035003662109375e+01
9.426735687255859375e+01
8.725861358642578125e+01
7.437471008300781250e+01
6.473519134521484375e+01
6.017040252685546875e+01
5.821940231323242188e+01
5.685929870605468750e+01
5.648561096191406250e+01
5.638383865356445312e+01
5.678866958618164062e+01
5.886046981811523438e+01
7.635059356689453125e+01
7.848429870605468750e+01
8.343569946289062500e+01
8.382371520996093750e+01
6.958657836914062500e+01
5.934880828857421875e+01
5.665205383300781250e+01
5.568060302734375000e+01
5.548946380615234375e+01
5.675106430053710938e+01
6.154097747802734375e+01
7.116541290283203125e+01
7.795438385009765625e+01
9.197065734863281250e+01
9.092102813720703125e+01
8.025335693359375000e+01
6.936100769042968750e+01
6.296516418457031250e+01
5.961769485473632812e+01
5.733650970458984375e+01
5.613013458251953125e+01
5.586916732788085938e+01
5.638032913208007812e+01
5.746101379394531250e+01
7.542800903320312500e+01
7.375988769531250000e+01
7.134373474121093750e+01
6.804635620117187500e+01
8.516230010986328125e+01
6.558930969238281250e+01
5.962797164916992188e+01
5.820701217651367188e+01
5.738438034057617188e+01
5.801287078857421875e+01
7.062459564208984375e+01
7.549624633789062500e+01
7.315776824951171875e+01
9.411703491210937500e+01
9.662683868408203125e+01
9.028940582275390625e+01
7.296870422363281250e+01
6.917364501953125000e+01
6.595885467529296875e+01
6.228168487548828125e+01
6.085066223144531250e+01
5.874059677124023438e+01
5.709900283813476562e+01
5.687425994873046875e+01
7.101040649414062500e+01
7.284351348876953125e+01
1.013551635742187500e+02
9.402007293701171875e+01
7.818073272705078125e+01
6.905253601074218750e+01
6.893672943115234375e+01
5.477723693847656250e+01
5.044947052001953125e+01
5.112977981567382812e+01
5.221850204467773438e+01
5.330942535400390625e+01
5.357993698120117188e+01
8.972193145751953125e+01
9.136917877197265625e+01
7.889815521240234375e+01
6.833047485351562500e+01
6.370022964477539062e+01
6.938954162597656250e+01
6.115727233886718750e+01
5.769831466674804688e+01
5.551374053955078125e+01
5.636178207397460938e+01
5.714846801757812500e+01
7.597276306152343750e+01
8.076173400878906250e+01
7.559871673583984375e+01
8.203937530517578125e+01
6.440531921386718750e+01
1.022859268188476562e+02
6.615310668945312500e+01
5.750196456909179688e+01
5.281605148315429688e+01
5.346000671386718750e+01
6.629506683349609375e+01
7.323749542236328125e+01
7.494217681884765625e+01
8.210512542724609375e+01
9.332453155517578125e+01
9.590849304199218750e+01
8.560777282714843750e+01
8.252825164794921875e+01
9.468439483642578125e+01
8.338461303710937500e+01
1.077584609985351562e+02
9.969895935058593750e+01
7.831916046142578125e+01
9.538151550292968750e+01
9.218493652343750000e+01
9.221045684814453125e+01
9.252636718750000000e+01
8.418162536621093750e+01
4.611455917358398438e+01
2.832327079772949219e+01
2.126327514648437500e+01
1.774793815612792969e+01
2.186544990539550781e+01
3.767064285278320312e+01
6.667424011230468750e+01
9.548282623291015625e+01
8.801133728027343750e+01
7.473460388183593750e+01
7.261594390869140625e+01
8.020359039306640625e+01
7.808672332763671875e+01
8.281529998779296875e+01
1.109343338012695312e+02
1.007399215698242188e+02
9.346116638183593750e+01
9.458333587646484375e+01
1.069072647094726562e+02
9.986993408203125000e+01
8.268688201904296875e+01
7.543189239501953125e+01
7.041300964355468750e+01
6.345825195312500000e+01
5.780840301513671875e+01
5.666983032226562500e+01
7.385168457031250000e+01
6.113965225219726562e+01
5.612495422363281250e+01
5.739478683471679688e+01
5.608103561401367188e+01
7.240402984619140625e+01
7.093219757080078125e+01
6.891566467285156250e+01
7.679759216308593750e+01
7.017568206787109375e+01
7.852606201171875000e+01
9.130897521972656250e+01
1.100266418457031250e+02
9.816267395019531250e+01
8.695666503906250000e+01
9.245863342285156250e+01
6.889115905761718750e+01
9.102698516845703125e+01
1.004767684936523438e+02
9.609946441650390625e+01
1.000711288452148438e+02
1.022408065795898438e+02
6.836553192138671875e+01
4.392636871337890625e+01
4.654140853881835938e+01
4.887213516235351562e+01
4.376461410522460938e+01
5.265208435058593750e+01
6.355568313598632812e+01
7.903246307373046875e+01
6.281145858764648438e+01
7.834349060058593750e+01
9.427763366699218750e+01
8.683219909667968750e+01
8.577388763427734375e+01
8.669084167480468750e+01
8.856986999511718750e+01
9.499769592285156250e+01
1.014499588012695312e+02
9.704804992675781250e+01
8.814868164062500000e+01
5.987726593017578125e+01
5.813482666015625000e+01
1.007388916015625000e+02
8.480230712890625000e+01
9.934441375732421875e+01
6.793875122070312500e+01
4.897024536132812500e+01
3.909661102294921875e+01
3.486190032958984375e+01
3.983499145507812500e+01
5.978085708618164062e+01
8.063144683837890625e+01
8.468036651611328125e+01
7.383317565917968750e+01
7.875252532958984375e+01
9.129535675048828125e+01
1.058430480957031250e+02
1.008592376708984375e+02
9.157502746582031250e+01
7.905810546875000000e+01
7.946924591064453125e+01
6.993045806884765625e+01
7.026568603515625000e+01
7.193756866455078125e+01
6.707514953613281250e+01
1.121695327758789062e+02
9.537800598144531250e+01
9.235372161865234375e+01
6.153724288940429688e+01
3.833749389648437500e+01
3.337858963012695312e+01
2.734881019592285156e+01
2.397515678405761719e+01
3.542540740966796875e+01
6.391706085205078125e+01
8.738867187500000000e+01
8.875935363769531250e+01
8.591133880615234375e+01
8.807638549804687500e+01
9.190278625488281250e+01
8.262292480468750000e+01
1.089809341430664062e+02
9.662657165527343750e+01
9.602119445800781250e+01
9.189995574951171875e+01
8.703533935546875000e+01
7.397862243652343750e+01
6.712558746337890625e+01
6.268373107910156250e+01
5.736235809326171875e+01
6.498599243164062500e+01
9.830361175537109375e+01
8.654192352294921875e+01
3.534072494506835938e+01
2.543636322021484375e+01
1.948445510864257812e+01
1.866562652587890625e+01
2.822078514099121094e+01
4.989886474609375000e+01
7.862351989746093750e+01
9.276242065429687500e+01
8.728595733642578125e+01
9.565940093994140625e+01
9.841097259521484375e+01
9.025862884521484375e+01
8.625876617431640625e+01
8.197071838378906250e+01
6.685913848876953125e+01
4.870309829711914062e+01
4.108956146240234375e+01
3.991905212402343750e+01
4.284126663208007812e+01
5.939778518676757812e+01
7.337799072265625000e+01
7.321992492675781250e+01
1.095681381225585938e+02
8.207422637939453125e+01
4.789009857177734375e+01
3.832641601562500000e+01
2.668222236633300781e+01
2.319258499145507812e+01
3.136036300659179688e+01
6.599528503417968750e+01
1.028526687622070312e+02
9.928231048583984375e+01
1.030143737792968750e+02
8.876937103271484375e+01
6.654659271240234375e+01
5.595621490478515625e+01
4.535895919799804688e+01
4.151007080078125000e+01
5.963221740722656250e+01
5.193548202514648438e+01
4.667145538330078125e+01
4.814625167846679688e+01
4.714190292358398438e+01
4.887817764282226562e+01
5.763360977172851562e+01
6.578408813476562500e+01
1.192475128173828125e+02
9.787126922607421875e+01
5.484012985229492188e+01
3.422826766967773438e+01
2.457279968261718750e+01
1.882715034484863281e+01
2.037820434570312500e+01
2.944757080078125000e+01
5.396355819702148438e+01
9.186422729492187500e+01
9.588778686523437500e+01
1.030818557739257812e+02
7.690272521972656250e+01
6.512387847900390625e+01
8.854769897460937500e+01
8.934393310546875000e+01
8.024313354492187500e+01
7.044267272949218750e+01
8.630170440673828125e+01
6.762687683105468750e+01
6.033025360107421875e+01
7.772250366210937500e+01
1.129766159057617188e+02
9.821519470214843750e+01
1.078772964477539062e+02
1.006541671752929688e+02
8.408309173583984375e+01
5.180121994018554688e+01
3.287078857421875000e+01
2.729565620422363281e+01
3.444445419311523438e+01
3.220199584960937500e+01
4.582992553710937500e+01
7.459928131103515625e+01
8.729980468750000000e+01
7.562403869628906250e+01
9.883364868164062500e+01
7.967428588867187500e+01
9.846455383300781250e+01
9.253475952148437500e+01
8.088423919677734375e+01
8.296967315673828125e+01
8.451543426513671875e+01
1.043614883422851562e+02
8.634189605712890625e+01
8.499411773681640625e+01
7.390663146972656250e+01
9.808615112304687500e+01
8.930937194824218750e+01
8.430136871337890625e+01
6.013502502441406250e+01
3.045985984802246094e+01
2.294984054565429688e+01
1.956452941894531250e+01
2.069293022155761719e+01
2.807489204406738281e+01
5.263328170776367188e+01
7.290556335449218750e+01
1.094246520996093750e+02
1.022888488769531250e+02
8.314878082275390625e+01
7.180596923828125000e+01
6.232260894775390625e+01
5.176612091064453125e+01
6.853797149658203125e+01
8.049033355712890625e+01
6.739675140380859375e+01
8.701006317138671875e+01
9.281730651855468750e+01
1.112760467529296875e+02
7.636923980712890625e+01
1.089798126220703125e+02
9.693580627441406250e+01
8.076825714111328125e+01
3.571113204956054688e+01
2.595915031433105469e+01
1.847079086303710938e+01
2.131028747558593750e+01
4.125579833984375000e+01
7.261080169677734375e+01
9.315970611572265625e+01
9.151577758789062500e+01
8.398684692382812500e+01
1.101103591918945312e+02
8.529669189453125000e+01
7.525865173339843750e+01
7.036834716796875000e+01
9.877708435058593750e+01
6.053660964965820312e+01
5.280212783813476562e+01
4.757059478759765625e+01
4.615634155273437500e+01
5.598790359497070312e+01
6.585005187988281250e+01
8.584168243408203125e+01
1.171327590942382812e+02
1.029787521362304688e+02
9.954130554199218750e+01
9.690319824218750000e+01
6.393045425415039062e+01
4.773034286499023438e+01
4.698693084716796875e+01
6.068236160278320312e+01
6.186874389648437500e+01
7.352661895751953125e+01
7.608113098144531250e+01
8.455293273925781250e+01
1.143341979980468750e+02
8.899269866943359375e+01
7.558598327636718750e+01
6.306504821777343750e+01
5.493320846557617188e+01
7.226012420654296875e+01
6.563214874267578125e+01
6.471543884277343750e+01
6.652033996582031250e+01
7.018302154541015625e+01
9.642334747314453125e+01
1.031945343017578125e+02
6.509753417968750000e+01
9.736335754394531250e+01
8.477647399902343750e+01
5.044556808471679688e+01
3.735557937622070312e+01
3.689962005615234375e+01
2.888004302978515625e+01
2.204871749877929688e+01
2.403804969787597656e+01
3.780776596069335938e+01
6.409883117675781250e+01
9.717431640625000000e+01
1.037567367553710938e+02
7.931455993652343750e+01
7.134676361083984375e+01
6.557690429687500000e+01
6.003901290893554688e+01
8.185321044921875000e+01
7.071412658691406250e+01
5.498736572265625000e+01
5.825066375732421875e+01
5.166636657714843750e+01
6.693266296386718750e+01
8.827439117431640625e+01
1.095745391845703125e+02
1.045047683715820312e+02
7.611891174316406250e+01
4.364820861816406250e+01
2.804572677612304688e+01
2.149916839599609375e+01
1.783995819091796875e+01
3.061150741577148438e+01
6.266660690307617188e+01
8.457079315185546875e+01
8.552312469482421875e+01
9.881468200683593750e+01
1.025267791748046875e+02
6.631436920166015625e+01
6.033267593383789062e+01
5.966309738159179688e+01
6.308324432373046875e+01
5.625815200805664062e+01
5.681301498413085938e+01
6.368697357177734375e+01
5.863677978515625000e+01
7.119548034667968750e+01
9.587692260742187500e+01
1.069430007934570312e+02
9.514308166503906250e+01
1.087621078491210938e+02
1.039183044433593750e+02
1.023587799072265625e+02
8.205715942382812500e+01
5.879950332641601562e+01
3.211674499511718750e+01
2.387133026123046875e+01
2.089137458801269531e+01
2.396351051330566406e+01
3.892106628417968750e+01
7.615498352050781250e+01
1.066395950317382812e+02
8.775173187255859375e+01
8.333710479736328125e+01
8.020178985595703125e+01
6.502210235595703125e+01
8.909284210205078125e+01
8.861544799804687500e+01
8.260229492187500000e+01
8.444215393066406250e+01
7.750209045410156250e+01
8.999167633056640625e+01
7.910108184814453125e+01
6.935229492187500000e+01
1.054565963745117188e+02
9.667922210693359375e+01
7.183294677734375000e+01
7.216493225097656250e+01
6.904423522949218750e+01
6.361505508422851562e+01
7.256995391845703125e+01
5.663212203979492188e+01
2.904145431518554688e+01
2.001635742187500000e+01
1.743831443786621094e+01
2.230462646484375000e+01
3.958483123779296875e+01
8.010813140869140625e+01
8.930458068847656250e+01
8.200339508056640625e+01
1.031261596679687500e+02
1.101194610595703125e+02
8.185706329345703125e+01
7.744760131835937500e+01
7.615196990966796875e+01
6.373785781860351562e+01
5.893307495117187500e+01
5.570920562744140625e+01
1.088174819946289062e+02
9.154364013671875000e+01
7.209796142578125000e+01
3.738291549682617188e+01
2.844145011901855469e+01
2.016891479492187500e+01
1.822156715393066406e+01
3.233704757690429688e+01
6.332932662963867188e+01
8.840046691894531250e+01
9.631009674072265625e+01
1.049661788940429688e+02
7.815681457519531250e+01
6.592279052734375000e+01
5.903516006469726562e+01
5.664319610595703125e+01
5.726150512695312500e+01
7.108503723144531250e+01
7.027515411376953125e+01
6.313871002197265625e+01
5.943492889404296875e+01
5.751309204101562500e+01
6.032402420043945312e+01
9.332866668701171875e+01
1.158071289062500000e+02
8.727949523925781250e+01
4.739770889282226562e+01
2.642045974731445312e+01
1.969998168945312500e+01
1.710809898376464844e+01
2.075831222534179688e+01
3.492407989501953125e+01
5.808772659301757812e+01
8.033843231201171875e+01
8.872771453857421875e+01
1.092933273315429688e+02
8.494845581054687500e+01
1.069678878784179688e+02
8.916064453125000000e+01
9.698145294189453125e+01
8.064038085937500000e+01
7.540965270996093750e+01
5.744137954711914062e+01
5.822822570800781250e+01
6.281961441040039062e+01
6.610882568359375000e+01
8.949392700195312500e+01
1.020389785766601562e+02
9.600611877441406250e+01
9.201369476318359375e+01
7.336798095703125000e+01
4.259995651245117188e+01
2.952501106262207031e+01
3.215928268432617188e+01
4.486548995971679688e+01
6.680041503906250000e+01
8.362120056152343750e+01
8.906475067138671875e+01
9.263009643554687500e+01
1.052950973510742188e+02
7.889667510986328125e+01
6.441329956054687500e+01
5.719745254516601562e+01
5.293738937377929688e+01
5.908241653442382812e+01
5.431218719482421875e+01
5.433782577514648438e+01
5.611039352416992188e+01
5.800342559814453125e+01
5.727251052856445312e+01
7.251023101806640625e+01
7.057254791259765625e+01
9.490715026855468750e+01
1.065168838500976562e+02
7.582499694824218750e+01
4.048656845092773438e+01
2.501146316528320312e+01
1.898713493347167969e+01
1.675520706176757812e+01
2.189457321166992188e+01
4.588055419921875000e+01
7.873755645751953125e+01
9.537139129638671875e+01
1.056180191040039062e+02
7.922364044189453125e+01
6.893997955322265625e+01
6.017857742309570312e+01
5.554014205932617188e+01
6.079830169677734375e+01
5.594041061401367188e+01
4.828265762329101562e+01
4.379212951660156250e+01
4.293320846557617188e+01
4.501726531982421875e+01
7.979428863525390625e+01
1.068475952148437500e+02
1.046715927124023438e+02
7.046678924560546875e+01
4.018760681152343750e+01
3.087201309204101562e+01
2.431874465942382812e+01
2.019679641723632812e+01
2.292333221435546875e+01
3.811288070678710938e+01
6.913633728027343750e+01
9.264169311523437500e+01
9.763149261474609375e+01
1.043136978149414062e+02
7.863539886474609375e+01
6.520079803466796875e+01
5.652313232421875000e+01
5.536816406250000000e+01
6.942795562744140625e+01
6.147396469116210938e+01
6.336133193969726562e+01
9.389485168457031250e+01
1.057879867553710938e+02
7.843487548828125000e+01
1.039338150024414062e+02
1.022815933227539062e+02
9.723317718505859375e+01
6.924785614013671875e+01
6.563619232177734375e+01
6.830458068847656250e+01
5.276902008056640625e+01
4.583263778686523438e+01
5.639756393432617188e+01
8.238545989990234375e+01
8.155057525634765625e+01
7.276323699951171875e+01
7.048480224609375000e+01
1.072211380004882812e+02
7.699032592773437500e+01
7.815688323974609375e+01
7.018405914306640625e+01
6.471576690673828125e+01
5.681364059448242188e+01
6.263524627685546875e+01
6.629822540283203125e+01
7.197525024414062500e+01
8.081644439697265625e+01
9.163020324707031250e+01
9.203150939941406250e+01
9.998349761962890625e+01
9.160073089599609375e+01
8.067494964599609375e+01
7.785089111328125000e+01
6.043452072143554688e+01
5.612863159179687500e+01
5.364330291748046875e+01
5.600221633911132812e+01
6.016919326782226562e+01
5.398493576049804688e+01
5.071939468383789062e+01
4.884254074096679688e+01
6.017427062988281250e+01
8.394837951660156250e+01
8.872274017333984375e+01
7.944041442871093750e+01
6.788105773925781250e+01
6.082516098022460938e+01
6.516667938232421875e+01
5.963194656372070312e+01
5.613415145874023438e+01
5.602695465087890625e+01
5.836365890502929688e+01
1.029375305175781250e+02
1.078001251220703125e+02
9.496192932128906250e+01
6.940986633300781250e+01
3.573877334594726562e+01
2.312793731689453125e+01
1.875537109375000000e+01
1.759879875183105469e+01
2.388299369812011719e+01
4.807083892822265625e+01
7.700883483886718750e+01
8.429611968994140625e+01
7.955537414550781250e+01
1.142705001831054688e+02
7.780605316162109375e+01
6.661673736572265625e+01
6.423357391357421875e+01
6.995080566406250000e+01
9.186911773681640625e+01
7.584627532958984375e+01
8.924156188964843750e+01
7.891463470458984375e+01
7.417716217041015625e+01
7.679656982421875000e+01
8.860261535644531250e+01
9.964592742919921875e+01
1.062245178222656250e+02
9.662247467041015625e+01
4.728224182128906250e+01
3.017462158203125000e+01
2.321587371826171875e+01
1.870357322692871094e+01
2.057306480407714844e+01
3.025395774841308594e+01
5.627523040771484375e+01
8.571194458007812500e+01
9.677939605712890625e+01
1.057169189453125000e+02
7.497681427001953125e+01
6.597926330566406250e+01
8.280287933349609375e+01
7.631081390380859375e+01
6.233285903930664062e+01
4.963545989990234375e+01
4.865991592407226562e+01
5.295246505737304688e+01
5.678667068481445312e+01
5.557132720947265625e+01
5.667002868652343750e+01
7.523888397216796875e+01
1.187884368896484375e+02
9.712155151367187500e+01
4.492220687866210938e+01
2.638983154296875000e+01
2.123023605346679688e+01
1.826068687438964844e+01
2.158571052551269531e+01
3.643336105346679688e+01
5.841646194458007812e+01
8.876171112060546875e+01
9.051458740234375000e+01
1.102845153808593750e+02
9.065012359619140625e+01
8.435742187500000000e+01
8.760771942138671875e+01
7.811242675781250000e+01
8.748747253417968750e+01
8.892932128906250000e+01
6.970435333251953125e+01
7.616388702392578125e+01
7.571230316162109375e+01
7.354575347900390625e+01
1.017459640502929688e+02
1.061711196899414062e+02
1.006364135742187500e+02
7.608858489990234375e+01
3.849235534667968750e+01
2.469098472595214844e+01
1.903347778320312500e+01
1.715983963012695312e+01
2.606307029724121094e+01
5.083810043334960938e+01
8.145958709716796875e+01
8.846171569824218750e+01
9.257344818115234375e+01
1.117890167236328125e+02
8.139470672607421875e+01
7.205678558349609375e+01
8.460872650146484375e+01
8.080574798583984375e+01
9.393125152587890625e+01
8.912813568115234375e+01
7.428249359130859375e+01
6.227093505859375000e+01
5.878769302368164062e+01
6.463600921630859375e+01
7.026826477050781250e+01
1.068857955932617188e+02
7.958526611328125000e+01
8.790589141845703125e+01
5.559184265136718750e+01
4.300016403198242188e+01
2.692528724670410156e+01
1.980518341064453125e+01
1.930875205993652344e+01
2.722999000549316406e+01
4.775617218017578125e+01
6.970381164550781250e+01
9.581755828857421875e+01
1.070568466186523438e+02
7.725743103027343750e+01
6.332619476318359375e+01
5.339050292968750000e+01
5.772660446166992188e+01
6.376097106933593750e+01
5.801130294799804688e+01
6.934388732910156250e+01
5.450481033325195312e+01
6.664020538330078125e+01
7.744750976562500000e+01
8.566564178466796875e+01
1.213182296752929688e+02
9.593617248535156250e+01
5.955625534057617188e+01
4.098664474487304688e+01
2.464913177490234375e+01
1.956997680664062500e+01
1.411148738861083984e+01
2.399692535400390625e+01
4.441167831420898438e+01
5.641621780395507812e+01
6.176252746582031250e+01
5.476697158813476562e+01
3.413177490234375000e+01
2.636979866027832031e+01
2.525897979736328125e+01
2.481632995605468750e+01
2.843363189697265625e+01
2.796063423156738281e+01
2.727087783813476562e+01
2.727087783813476562e+01
2.727087783813476562e+01
2.727087783813476562e+01
2.727087783813476562e+01
2.727087783813476562e+01
2.727087783813476562e+01
2.727087783813476562e+01
2.727087783813476562e+01
2.727087783813476562e+01
2.727087783813476562e+01
2.727087783813476562e+01
2.727087783813476562e+01
2.727087783813476562e+01
2.727087783813476562e+01
2.727087783813476562e+01
2.727087783813476562e+01
2.727087783813476562e+01
2.727087783813476562e+01
2.727087783813476562e+01
2.727087783813476562e+01
2.727087783813476562e+01
2.727087783813476562e+01
2.727087783813476562e+01
2.727087783813476562e+01
2.727087783813476562e+01
2.727087783813476562e+01
2.727087783813476562e+01
2.727087783813476562e+01
2.727087783813476562e+01
2.727087783813476562e+01
2.727087783813476562e+01
2.727087783813476562e+01
2.727087783813476562e+01
2.727087783813476562e+01
2.727087783813476562e+01
2.727087783813476562e+01
2.727087783813476562e+01
2.727087783813476562e+01
2.727087783813476562e+01
2.727087783813476562e+01
2.727087783813476562e+01
2.727087783813476562e+01
2.727087783813476562e+01
2.727087783813476562e+01
2.727087783813476562e+01
2.727087783813476562e+01
2.727087783813476562e+01
2.727087783813476562e+01
2.727087783813476562e+01
2.727087783813476562e+01
2.727087783813476562e+01
2.727087783813476562e+01
2.727087783813476562e+01
2.727087783813476562e+01
2.727087783813476562e+01
2.727087783813476562e+01
2.727087783813476562e+01
2.727087783813476562e+01
2.727087783813476562e+01
2.727087783813476562e+01
2.727087783813476562e+01
2.727087783813476562e+01
2.727087783813476562e+01
2.727087783813476562e+01
2.727087783813476562e+01
2.727087783813476562e+01
2.727087783813476562e+01
2.727087783813476562e+01
2.727087783813476562e+01
2.727087783813476562e+01
2.727087783813476562e+01
2.727087783813476562e+01
2.727087783813476562e+01
2.727087783813476562e+01
2.727087783813476562e+01
2.727087783813476562e+01
2.727087783813476562e+01
1.114087371826171875e+02
1.055069122314453125e+02
7.457505798339843750e+01
3.902581024169921875e+01
3.891291427612304688e+01
4.394394302368164062e+01
4.733631134033203125e+01
4.316992568969726562e+01
5.592219543457031250e+01
8.393254852294921875e+01
9.620479583740234375e+01
1.055807113647460938e+02
1.035302124023437500e+02
7.041596221923828125e+01
7.030962371826171875e+01
7.067887115478515625e+01
6.601116943359375000e+01
7.391680145263671875e+01
6.487657165527343750e+01
8.267944335937500000e+01
9.095962524414062500e+01
7.974382781982421875e+01
7.324727630615234375e+01
7.332674407958984375e+01
8.652124023437500000e+01
9.421112823486328125e+01
6.402266693115234375e+01
3.463365936279296875e+01
2.577682495117187500e+01
2.904849243164062500e+01
4.691776275634765625e+01
7.456850433349609375e+01
9.600504302978515625e+01
9.921826171875000000e+01
9.101325988769531250e+01
9.436156463623046875e+01
1.127438125610351562e+02
7.620568084716796875e+01
5.888711929321289062e+01
5.244970703125000000e+01
4.948283004760742188e+01
6.302871322631835938e+01
6.204272079467773438e+01
7.369211578369140625e+01
6.950225830078125000e+01
6.114048004150390625e+01
6.980410003662109375e+01
1.132559204101562500e+02
7.052696990966796875e+01
5.270681762695312500e+01
4.915867996215820312e+01
5.794520568847656250e+01
8.997286224365234375e+01
6.864363861083984375e+01
6.754184722900390625e+01
6.697622680664062500e+01
8.097844696044921875e+01
7.269039916992187500e+01
6.961540985107421875e+01
7.987693023681640625e+01
1.114254837036132812e+02
6.987811279296875000e+01
6.189858245849609375e+01
5.862625122070312500e+01
7.218368530273437500e+01
1.031693115234375000e+02
9.089944458007812500e+01
7.373580932617187500e+01
8.915917205810546875e+01
8.621837615966796875e+01
5.018330383300781250e+01
5.637985610961914062e+01
9.712773895263671875e+01
6.918865966796875000e+01
9.487525939941406250e+01
3.780307006835937500e+01
3.355106735229492188e+01
2.580478096008300781e+01
7.257802581787109375e+01
6.156265640258789062e+01
8.023770141601562500e+01
9.057464599609375000e+01
8.395920562744140625e+01
8.621181488037109375e+01
1.114100570678710938e+02
8.995548248291015625e+01
5.642865753173828125e+01
5.380913162231445312e+01
6.039748764038085938e+01
6.698976898193359375e+01
8.689707183837890625e+01
1.013115463256835938e+02
9.569664001464843750e+01
8.900964355468750000e+01
9.084795379638671875e+01
9.041558837890625000e+01
9.707221984863281250e+01
9.334536743164062500e+01
8.616742706298828125e+01
4.478819274902343750e+01
4.144094848632812500e+01
3.340403747558593750e+01
3.954702377319335938e+01
4.844011306762695312e+01
6.063335418701171875e+01
6.733142852783203125e+01
6.170625305175781250e+01
5.969125747680664062e+01
7.175276184082031250e+01
8.725601196289062500e+01
1.197736511230468750e+02
1.018441543579101562e+02
1.156624679565429688e+02
8.307524871826171875e+01
6.912581634521484375e+01
8.978232574462890625e+01
8.202124786376953125e+01
9.506437683105468750e+01
8.514466094970703125e+01
8.878752136230468750e+01
1.029618301391601562e+02
8.824516296386718750e+01
7.838616943359375000e+01
5.035975265502929688e+01
3.833779525756835938e+01
3.549718856811523438e+01
4.284646224975585938e+01
5.616864395141601562e+01
7.631258392333984375e+01
9.409758758544921875e+01
9.683230590820312500e+01
9.467154693603515625e+01
1.022479019165039062e+02
8.756636047363281250e+01
8.494910430908203125e+01
6.927954864501953125e+01
4.714662933349609375e+01
7.036568450927734375e+01
4.777209472656250000e+01
4.821478652954101562e+01
5.274025344848632812e+01
5.825213241577148438e+01
6.873859405517578125e+01
1.196690597534179688e+02
9.931394195556640625e+01
9.323853302001953125e+01
4.484710693359375000e+01
2.852587699890136719e+01
2.268014335632324219e+01
1.881091308593750000e+01
2.888081550598144531e+01
5.297083663940429688e+01
8.535303497314453125e+01
9.607966613769531250e+01
9.058241271972656250e+01
8.619406127929687500e+01
1.132307891845703125e+02
8.381216430664062500e+01
9.283352661132812500e+01
8.569956207275390625e+01
8.100679779052734375e+01
7.795796966552734375e+01
6.052746200561523438e+01
8.471735382080078125e+01
9.244234466552734375e+01
8.468514251708984375e+01
8.155067443847656250e+01
8.348770141601562500e+01
9.161690521240234375e+01
8.241809844970703125e+01
7.277165222167968750e+01
5.415980529785156250e+01
3.674297332763671875e+01
3.554199981689453125e+01
3.576933288574218750e+01
3.016202735900878906e+01
4.014498138427734375e+01
7.003289031982421875e+01
9.332833099365234375e+01
1.040649032592773438e+02
1.033628845214843750e+02
7.398617553710937500e+01
6.983512878417968750e+01
6.055390930175781250e+01
6.643620300292968750e+01
6.466024017333984375e+01
5.954103469848632812e+01
6.643036651611328125e+01
6.228516387939453125e+01
8.672320556640625000e+01
8.789300537109375000e+01
1.027751388549804688e+02
7.469348144531250000e+01
5.766096496582031250e+01
6.820841979980468750e+01
1.152043151855468750e+02
7.577347564697265625e+01
4.913833236694335938e+01
2.847580146789550781e+01
2.318896102905273438e+01
2.195693778991699219e+01
3.052946281433105469e+01
5.508292770385742188e+01
1.084091796875000000e+02
1.035575027465820312e+02
8.208313751220703125e+01
6.437798309326171875e+01
5.635407257080078125e+01
1.013893127441406250e+02
1.031345520019531250e+02
9.337263488769531250e+01
8.323548126220703125e+01
7.905474853515625000e+01
7.040173339843750000e+01
6.366578674316406250e+01
8.444721984863281250e+01
1.090221786499023438e+02
9.292726135253906250e+01
8.168473052978515625e+01
4.085459899902343750e+01
3.197263526916503906e+01
2.999798011779785156e+01
2.277833557128906250e+01
2.650174903869628906e+01
4.183817672729492188e+01
7.044654846191406250e+01
9.787500762939453125e+01
1.122767944335937500e+02
9.980587768554687500e+01
5.921155548095703125e+01
5.808321762084960938e+01
5.535160827636718750e+01
5.631919097900390625e+01
5.174686813354492188e+01
6.017043685913085938e+01
6.309857177734375000e+01
6.143526840209960938e+01
5.909901046752929688e+01
7.296490478515625000e+01
1.005868225097656250e+02
9.921472930908203125e+01
7.638534545898437500e+01
5.408689117431640625e+01
2.815198135375976562e+01
2.314273643493652344e+01
2.316606712341308594e+01
3.188178062438964844e+01
4.609979629516601562e+01
7.183008575439453125e+01
9.435948181152343750e+01
9.809088134765625000e+01
9.497180938720703125e+01
1.102896652221679688e+02
7.653929138183593750e+01
6.232625961303710938e+01
5.793502044677734375e+01
7.069380950927734375e+01
6.421526336669921875e+01
9.638418579101562500e+01
8.636750030517578125e+01
9.443452453613281250e+01
7.987237548828125000e+01
7.166374206542968750e+01
9.956652832031250000e+01
1.031547622680664062e+02
8.952610015869140625e+01
8.869449615478515625e+01
8.236650085449218750e+01
7.282711791992187500e+01
8.635997772216796875e+01
5.655052185058593750e+01
5.545371246337890625e+01
5.666574096679687500e+01
6.765059661865234375e+01
6.825708770751953125e+01
7.170829010009765625e+01
8.353438568115234375e+01
9.141168212890625000e+01
9.693579864501953125e+01
7.637640380859375000e+01
1.040302581787109375e+02
9.852357482910156250e+01
8.308784484863281250e+01
7.813363647460937500e+01
7.528207397460937500e+01
9.228684234619140625e+01
9.365118408203125000e+01
6.591957092285156250e+01
9.489448547363281250e+01
8.315325164794921875e+01
9.636090850830078125e+01
5.271212005615234375e+01
3.324271011352539062e+01
2.456295394897460938e+01
2.282551956176757812e+01
2.560720062255859375e+01
3.941133117675781250e+01
6.728831481933593750e+01
9.999929046630859375e+01
1.035450363159179688e+02
1.042087478637695312e+02
7.639731597900390625e+01
6.732477569580078125e+01
6.151788711547851562e+01
5.648733520507812500e+01
6.762679290771484375e+01
6.675620269775390625e+01
8.806128692626953125e+01
7.960069274902343750e+01
7.534424591064453125e+01
7.876956939697265625e+01
8.833385467529296875e+01
1.070486297607421875e+02
8.867793273925781250e+01
9.382335662841796875e+01
6.223958587646484375e+01
3.795310974121093750e+01
3.241269302368164062e+01
3.340486526489257812e+01
3.803129959106445312e+01
5.561175537109375000e+01
8.120196533203125000e+01
9.290681457519531250e+01
9.960168457031250000e+01
1.137354507446289062e+02
8.323445892333984375e+01
8.348322296142578125e+01
8.602870178222656250e+01
7.064073944091796875e+01
7.487543487548828125e+01
6.008837127685546875e+01
5.824201202392578125e+01
6.055629348754882812e+01
6.222067260742187500e+01
6.438549804687500000e+01
1.174249877929687500e+02
1.003493347167968750e+02
6.792372131347656250e+01
4.369621276855468750e+01
4.633587265014648438e+01
3.342690277099609375e+01
2.695777702331542969e+01
2.457840347290039062e+01
3.287297821044921875e+01
5.724790573120117188e+01
8.823178100585937500e+01
9.977667236328125000e+01
1.062098007202148438e+02
9.980563354492187500e+01
8.683948516845703125e+01
4.906665039062500000e+01
6.496324157714843750e+01
6.800637817382812500e+01
8.240451049804687500e+01
7.168373870849609375e+01
8.369440460205078125e+01
8.901435852050781250e+01
9.074211883544921875e+01
8.946157073974609375e+01
9.334729766845703125e+01
9.949925231933593750e+01
8.926252746582031250e+01
7.454225158691406250e+01
6.555834197998046875e+01
3.183238983154296875e+01
2.560587310791015625e+01
2.163548088073730469e+01
2.286542510986328125e+01
3.345626831054687500e+01
5.813056182861328125e+01
8.479387664794921875e+01
1.018276290893554688e+02
1.068710403442382812e+02
7.603354644775390625e+01
9.801143646240234375e+01
7.679965209960937500e+01
6.250994110107421875e+01
6.867018127441406250e+01
8.210427093505859375e+01
9.176455688476562500e+01
6.890168762207031250e+01
7.482547760009765625e+01
6.986618804931640625e+01
1.101723403930664062e+02
1.034739074707031250e+02
8.941613006591796875e+01
8.993099212646484375e+01
4.677458572387695312e+01
2.946999549865722656e+01
2.361595916748046875e+01
2.208199691772460938e+01
2.540792846679687500e+01
4.150417327880859375e+01
7.075934600830078125e+01
9.606453704833984375e+01
1.066587371826171875e+02
1.127355422973632812e+02
8.975905609130859375e+01
7.586270141601562500e+01
6.704543304443359375e+01
8.071791076660156250e+01
9.013288879394531250e+01
8.417222595214843750e+01
7.508751678466796875e+01
6.753947448730468750e+01
6.497267913818359375e+01
6.728897094726562500e+01
1.085563049316406250e+02
8.784965515136718750e+01
5.403104019165039062e+01
3.726958084106445312e+01
3.060433578491210938e+01
2.179247474670410156e+01
2.299358749389648438e+01
3.301006698608398438e+01
5.668431091308593750e+01
8.813137054443359375e+01
9.837818908691406250e+01
9.232701873779296875e+01
8.584140014648437500e+01
1.146713485717773438e+02
9.466829681396484375e+01
6.816973876953125000e+01
8.545762634277343750e+01
5.901588058471679688e+01
5.167278671264648438e+01
5.160900115966796875e+01
5.237028121948242188e+01
5.489725112915039062e+01
5.687904357910156250e+01
5.956880187988281250e+01
5.961564636230468750e+01
5.856403350830078125e+01
7.390380096435546875e+01
7.324835205078125000e+01
7.148108673095703125e+01
6.726649475097656250e+01
6.413325500488281250e+01
6.311856842041015625e+01
6.401866149902343750e+01
6.252723312377929688e+01
6.155596923828125000e+01
6.191922378540039062e+01
8.054425811767578125e+01
7.514566802978515625e+01
7.140148162841796875e+01
6.654133605957031250e+01
6.471807098388671875e+01
6.189611053466796875e+01
6.063364410400390625e+01
5.929374313354492188e+01
6.340396118164062500e+01
6.685105133056640625e+01
8.866142272949218750e+01
8.016794586181640625e+01
8.000230407714843750e+01
1.168741836547851562e+02
9.300499725341796875e+01
6.794184875488281250e+01
3.662189865112304688e+01
2.161344718933105469e+01
1.905464744567871094e+01
2.287324142456054688e+01
3.497217941284179688e+01
6.009088516235351562e+01
8.699767303466796875e+01
9.434630584716796875e+01
9.333696746826171875e+01
1.154521789550781250e+02
1.028048324584960938e+02
9.693683624267578125e+01
8.800816345214843750e+01
1.000081634521484375e+02
9.454354858398437500e+01
8.938740539550781250e+01
8.364232635498046875e+01
7.980779266357421875e+01
7.880632019042968750e+01
8.798537445068359375e+01
1.034576110839843750e+02
9.509674835205078125e+01
7.741368865966796875e+01
8.686937713623046875e+01
7.597136688232421875e+01
4.385715866088867188e+01
2.731887626647949219e+01
1.853258514404296875e+01
1.862659645080566406e+01
2.186075592041015625e+01
3.528275299072265625e+01
6.271445083618164062e+01
9.161656951904296875e+01
1.099848785400390625e+02
8.323580932617187500e+01
8.054843139648437500e+01
5.352524185180664062e+01
8.271547698974609375e+01
7.496579742431640625e+01
4.730472564697265625e+01
4.290247726440429688e+01
4.614847946166992188e+01
5.758134078979492188e+01
8.833300781250000000e+01
1.070361175537109375e+02
9.110955047607421875e+01
9.128733825683593750e+01
6.824897003173828125e+01
4.362762832641601562e+01
2.836509513854980469e+01
1.687182617187500000e+01
2.145726966857910156e+01
3.133050155639648438e+01
5.316279220581054688e+01
8.431948852539062500e+01
9.422022247314453125e+01
1.045513916015625000e+02
1.033075561523437500e+02
8.586116790771484375e+01
8.246669006347656250e+01
8.019308471679687500e+01
7.919580078125000000e+01
7.319754791259765625e+01
4.349494934082031250e+01
4.759818267822265625e+01
4.664360809326171875e+01
4.965926742553710938e+01
5.725291061401367188e+01
9.625229644775390625e+01
1.144505538940429688e+02
8.738781738281250000e+01
8.229393005371093750e+01
3.960158157348632812e+01
3.004402542114257812e+01
2.426826477050781250e+01
3.014381980895996094e+01
3.684081649780273438e+01
5.262923049926757812e+01
7.694005584716796875e+01
1.005173034667968750e+02
1.100136718750000000e+02
9.831251525878906250e+01
5.367742919921875000e+01
4.438306045532226562e+01
4.297449874877929688e+01
4.764593887329101562e+01
6.088359832763671875e+01
6.330125045776367188e+01
7.221168518066406250e+01
8.021733856201171875e+01
7.896244049072265625e+01
7.398999786376953125e+01
9.192724609375000000e+01
1.114186706542968750e+02
9.371887969970703125e+01
8.428601074218750000e+01
6.076895523071289062e+01
3.399737930297851562e+01
2.696522521972656250e+01
2.843952178955078125e+01
