8.728688049316406250e+01
8.732778930664062500e+01
1.002054061889648438e+02
9.169075012207031250e+01
7.804669189453125000e+01
7.115052032470703125e+01
6.149450683593750000e+01
5.353926849365234375e+01
4.924804306030273438e+01
4.703540039062500000e+01
6.681559753417968750e+01
6.253391647338867188e+01
7.827905273437500000e+01
7.705469512939453125e+01
5.645207977294921875e+01
7.909589385986328125e+01
7.179679107666015625e+01
6.075255203247070312e+01
5.579418563842773438e+01
5.730067062377929688e+01
6.846328735351562500e+01
9.327645874023437500e+01
7.052915191650390625e+01
5.905826187133789062e+01
5.630850601196289062e+01
6.519515228271484375e+01
5.818071746826171875e+01
5.638341903686523438e+01
4.618795013427734375e+01
5.492759704589843750e+01
5.783367156982421875e+01
5.436787414550781250e+01
5.653141403198242188e+01
5.908617401123046875e+01
8.380916595458984375e+01
9.323088073730468750e+01
7.366260528564453125e+01
5.228763198852539062e+01
6.168231582641601562e+01
5.211761093139648438e+01
5.143316650390625000e+01
6.607833862304687500e+01
6.477452850341796875e+01
6.483408355712890625e+01
8.259032440185546875e+01
8.925948333740234375e+01
1.085411300659179688e+02
9.448811340332031250e+01
8.437596893310546875e+01
8.336997985839843750e+01
1.076517944335937500e+02
1.164297180175781250e+02
9.320623779296875000e+01
9.211994171142578125e+01
7.724772644042968750e+01
7.243498992919921875e+01
7.474369049072265625e+01
9.161606597900390625e+01
8.128254699707031250e+01
9.063521575927734375e+01
9.164521789550781250e+01
7.779092407226562500e+01
6.874468231201171875e+01
8.560305023193359375e+01
7.197929382324218750e+01
6.214401245117187500e+01
5.875598907470703125e+01
5.627778244018554688e+01
8.704745483398437500e+01
9.531517028808593750e+01
8.926832580566406250e+01
9.601224517822265625e+01
8.797467803955078125e+01
8.564031219482421875e+01
8.944949340820312500e+01
9.518955993652343750e+01
8.005144500732421875e+01
7.834149169921875000e+01
7.768231201171875000e+01
5.956763839721679688e+01
6.290434265136718750e+01
5.450487899780273438e+01
5.460862731933593750e+01
1.060414505004882812e+02
9.078504943847656250e+01
7.522927093505859375e+01
4.394493103027343750e+01
3.229396057128906250e+01
2.655635452270507812e+01
3.144329452514648438e+01
4.735869979858398438e+01
7.548789215087890625e+01
9.965668487548828125e+01
1.076170959472656250e+02
9.636647033691406250e+01
7.781884765625000000e+01
7.152433776855468750e+01
1.037625503540039062e+02
1.057306213378906250e+02
8.540833282470703125e+01
9.715059661865234375e+01
8.532714843750000000e+01
9.908945465087890625e+01
9.306205749511718750e+01
1.128524856567382812e+02
1.147780532836914062e+02
1.107319183349609375e+02
9.492385864257812500e+01
1.161135330200195312e+02
1.055413665771484375e+02
1.059999923706054688e+02
9.825608825683593750e+01
8.429538726806640625e+01
8.316515350341796875e+01
8.854457855224609375e+01
8.850402069091796875e+01
8.400862121582031250e+01
8.650260925292968750e+01
8.454958343505859375e+01
9.789739990234375000e+01
8.859207153320312500e+01
7.579437255859375000e+01
1.071593780517578125e+02
1.117041702270507812e+02
1.079113845825195312e+02
1.065264434814453125e+02
1.124679031372070312e+02
1.108181533813476562e+02
8.812008666992187500e+01
8.313142395019531250e+01
9.005889892578125000e+01
1.172918701171875000e+02
9.965873718261718750e+01
4.887645721435546875e+01
2.696581268310546875e+01
2.346601295471191406e+01
2.703510093688964844e+01
3.807943725585937500e+01
5.631723403930664062e+01
7.378061676025390625e+01
9.489838409423828125e+01
1.006689910888671875e+02
8.764192199707031250e+01
9.290096282958984375e+01
7.848037719726562500e+01
7.262017059326171875e+01
8.130978393554687500e+01
7.995661163330078125e+01
7.251064300537109375e+01
7.130661010742187500e+01
6.855863952636718750e+01
8.285533905029296875e+01
8.217892456054687500e+01
9.122558593750000000e+01
9.583733367919921875e+01
7.922224426269531250e+01
6.284991455078125000e+01
3.672608184814453125e+01
3.437196350097656250e+01
5.160026550292968750e+01
7.205112457275390625e+01
7.926612854003906250e+01
8.262451934814453125e+01
8.037986755371093750e+01
7.905976867675781250e+01
9.884469604492187500e+01
1.078768844604492188e+02
9.411727142333984375e+01
8.486721038818359375e+01
8.785840606689453125e+01
7.661105346679687500e+01
7.054699707031250000e+01
5.796202087402343750e+01
6.124534606933593750e+01
7.650582122802734375e+01
7.510835266113281250e+01
6.663802337646484375e+01
9.605135345458984375e+01
6.703678894042968750e+01
9.820941925048828125e+01
5.745488357543945312e+01
5.437756729125976562e+01
4.132598495483398438e+01
4.870880889892578125e+01
6.108447647094726562e+01
7.716888427734375000e+01
8.001914215087890625e+01
7.578163909912109375e+01
8.965397644042968750e+01
9.982533264160156250e+01
6.967259979248046875e+01
6.174050903320312500e+01
6.428497314453125000e+01
9.785811614990234375e+01
8.123781585693359375e+01
8.220386505126953125e+01
7.938498687744140625e+01
7.916864013671875000e+01
6.445196533203125000e+01
7.456515502929687500e+01
8.182379913330078125e+01
9.564994049072265625e+01
9.109368896484375000e+01
7.107041168212890625e+01
4.808610534667968750e+01
3.177643775939941406e+01
2.672723770141601562e+01
2.869361114501953125e+01
3.651476287841796875e+01
6.100406646728515625e+01
9.531359863281250000e+01
1.001811828613281250e+02
9.800890350341796875e+01
9.519255065917968750e+01
8.959305572509765625e+01
6.349261474609375000e+01
6.304063796997070312e+01
5.704254150390625000e+01
5.673222732543945312e+01
5.161664962768554688e+01
4.710494995117187500e+01
4.325016403198242188e+01
4.451346206665039062e+01
5.528820037841796875e+01
7.208386230468750000e+01
9.313569641113281250e+01
8.316796875000000000e+01
5.997407150268554688e+01
3.574564361572265625e+01
2.535516357421875000e+01
2.557121658325195312e+01
4.432678985595703125e+01
6.424195098876953125e+01
8.112782287597656250e+01
8.350151824951171875e+01
7.228250122070312500e+01
8.907807159423828125e+01
9.741677093505859375e+01
1.075174636840820312e+02
9.751032257080078125e+01
7.920316314697265625e+01
7.593712615966796875e+01
9.425488281250000000e+01
9.587982177734375000e+01
7.693702697753906250e+01
7.853179168701171875e+01
9.077598571777343750e+01
8.738461303710937500e+01
7.935099029541015625e+01
1.015709075927734375e+02
8.117397308349609375e+01
9.491719055175781250e+01
1.092366790771484375e+02
9.865547943115234375e+01
5.893560791015625000e+01
4.974028015136718750e+01
5.893047714233398438e+01
7.294731140136718750e+01
7.994660949707031250e+01
8.390444183349609375e+01
9.200057983398437500e+01
1.043728561401367188e+02
9.551351165771484375e+01
7.120214843750000000e+01
5.900752639770507812e+01
7.811619567871093750e+01
9.961406707763671875e+01
9.130852508544921875e+01
8.017057800292968750e+01
8.547425079345703125e+01
1.040943679809570312e+02
1.104944458007812500e+02
1.205831451416015625e+02
1.162198104858398438e+02
1.020412063598632812e+02
9.751329803466796875e+01
9.961826324462890625e+01
7.460729217529296875e+01
4.467343902587890625e+01
2.159121894836425781e+01
2.789925003051757812e+01
2.464626502990722656e+01
3.727534103393554688e+01
6.296203613281250000e+01
8.448866271972656250e+01
9.765903472900390625e+01
8.891379547119140625e+01
8.172227478027343750e+01
1.027951660156250000e+02
1.088202896118164062e+02
9.207225799560546875e+01
1.186905746459960938e+02
1.051875000000000000e+02
8.097659301757812500e+01
8.098555755615234375e+01
1.005761642456054688e+02
9.957604980468750000e+01
1.039356994628906250e+02
9.185964202880859375e+01
1.023369293212890625e+02
6.274211502075195312e+01
2.598058319091796875e+01
2.920729637145996094e+01
2.595714759826660156e+01
3.530665969848632812e+01
5.552030563354492188e+01
8.097863006591796875e+01
9.011653900146484375e+01
9.437807464599609375e+01
9.210857391357421875e+01
7.275772094726562500e+01
6.289134979248046875e+01
5.628372192382812500e+01
5.372706604003906250e+01
7.867464447021484375e+01
5.778427886962890625e+01
4.954853057861328125e+01
4.125226211547851562e+01
3.971899032592773438e+01
3.822784042358398438e+01
4.397020721435546875e+01
7.473509216308593750e+01
1.010974349975585938e+02
1.146559906005859375e+02
7.477519226074218750e+01
5.649256515502929688e+01
3.915006637573242188e+01
3.582960891723632812e+01
4.501124191284179688e+01
6.051438903808593750e+01
8.732875823974609375e+01
9.229354858398437500e+01
9.662648010253906250e+01
8.084336090087890625e+01
7.143848419189453125e+01
7.458378601074218750e+01
5.635177612304687500e+01
7.450557708740234375e+01
6.060136413574218750e+01
6.574996948242187500e+01
5.817557144165039062e+01
4.903428268432617188e+01
4.290148162841796875e+01
4.257983779907226562e+01
4.447052764892578125e+01
7.731040191650390625e+01
9.554618072509765625e+01
8.286638641357421875e+01
6.163507843017578125e+01
4.233193588256835938e+01
4.458634948730468750e+01
5.076958084106445312e+01
7.705206298828125000e+01
7.812065887451171875e+01
7.531421661376953125e+01
7.313932800292968750e+01
7.181494903564453125e+01
5.724500656127929688e+01
9.547164916992187500e+01
9.295788574218750000e+01
9.706566619873046875e+01
1.014105987548828125e+02
1.024588928222656250e+02
1.072927322387695312e+02
8.893720245361328125e+01
9.410446166992187500e+01
8.292456817626953125e+01
8.384400939941406250e+01
8.294262695312500000e+01
7.961827850341796875e+01
9.287053680419921875e+01
1.026500167846679688e+02
7.061497497558593750e+01
3.491111755371093750e+01
2.100719642639160156e+01
2.193164253234863281e+01
2.558916091918945312e+01
3.970213317871093750e+01
6.960930633544921875e+01
8.953305816650390625e+01
1.032312545776367188e+02
9.267118072509765625e+01
6.910018920898437500e+01
5.528462982177734375e+01
6.090032577514648438e+01
6.658806610107421875e+01
6.048151016235351562e+01
7.232512664794921875e+01
5.423148727416992188e+01
4.502510452270507812e+01
4.088298416137695312e+01
3.976197052001953125e+01
3.951614379882812500e+01
4.145793151855468750e+01
1.010376358032226562e+02
8.798683166503906250e+01
7.431227111816406250e+01
4.942931747436523438e+01
3.466849899291992188e+01
3.557546997070312500e+01
4.905297851562500000e+01
6.822723388671875000e+01
7.902079010009765625e+01
8.243166351318359375e+01
8.704189300537109375e+01
8.953533935546875000e+01
1.009100189208984375e+02
8.691807556152343750e+01
9.228311157226562500e+01
1.055913848876953125e+02
9.122039794921875000e+01
8.423060607910156250e+01
8.194191741943359375e+01
6.085184860229492188e+01
6.389145660400390625e+01
6.624565887451171875e+01
5.894078445434570312e+01
7.734376525878906250e+01
9.207330322265625000e+01
8.474016571044921875e+01
6.991603088378906250e+01
3.485739135742187500e+01
4.480743408203125000e+01
3.959366607666015625e+01
5.605143356323242188e+01
7.687750244140625000e+01
8.473265075683593750e+01
8.403752136230468750e+01
7.799803924560546875e+01
7.910234832763671875e+01
7.372838592529296875e+01
8.501576232910156250e+01
9.244897460937500000e+01
9.308187866210937500e+01
7.852826690673828125e+01
1.018565368652343750e+02
9.298027801513671875e+01
8.322325134277343750e+01
1.054921722412109375e+02
8.181874847412109375e+01
7.299066162109375000e+01
7.244667053222656250e+01
8.982056427001953125e+01
1.191385879516601562e+02
1.031446762084960938e+02
5.299117660522460938e+01
3.072033691406250000e+01
2.403199005126953125e+01
2.617226409912109375e+01
3.802492141723632812e+01
5.500482559204101562e+01
7.658581542968750000e+01
8.184457397460937500e+01
7.847743225097656250e+01
8.255332183837890625e+01
8.748235321044921875e+01
7.889178466796875000e+01
7.287543487548828125e+01
8.081675720214843750e+01
6.756554412841796875e+01
6.117257690429687500e+01
5.303707122802734375e+01
4.922282409667968750e+01
8.288053894042968750e+01
1.034500961303710938e+02
1.083863067626953125e+02
1.057791595458984375e+02
8.629988861083984375e+01
5.195072174072265625e+01
2.787306022644042969e+01
1.937947273254394531e+01
2.150264549255371094e+01
3.127253723144531250e+01
4.977568054199218750e+01
7.730500793457031250e+01
9.202218627929687500e+01
8.867493438720703125e+01
9.913483428955078125e+01
8.769744873046875000e+01
6.950846862792968750e+01
5.731774902343750000e+01
5.717910766601562500e+01
6.087538146972656250e+01
6.084222030639648438e+01
9.053810119628906250e+01
8.912399291992187500e+01
7.274644470214843750e+01
8.430736541748046875e+01
1.085171966552734375e+02
1.088524627685546875e+02
9.792809295654296875e+01
8.793612670898437500e+01
8.355742645263671875e+01
3.788654327392578125e+01
2.327448463439941406e+01
2.135381698608398438e+01
2.601180076599121094e+01
3.997995758056640625e+01
6.409661865234375000e+01
8.250187683105468750e+01
9.180960083007812500e+01
1.185689849853515625e+02
9.828256988525390625e+01
9.384134674072265625e+01
8.350708007812500000e+01
6.479010772705078125e+01
5.504589462280273438e+01
7.897240447998046875e+01
7.691648864746093750e+01
7.462861633300781250e+01
7.504940795898437500e+01
9.189736938476562500e+01
8.927738189697265625e+01
9.042822265625000000e+01
9.294422912597656250e+01
9.291136932373046875e+01
9.249077606201171875e+01
4.962067413330078125e+01
2.314709091186523438e+01
1.828425598144531250e+01
2.087584114074707031e+01
3.007818794250488281e+01
4.790033721923828125e+01
7.202214813232421875e+01
9.049828338623046875e+01
1.006595764160156250e+02
7.835243988037109375e+01
6.517208862304687500e+01
8.781147003173828125e+01
7.474725341796875000e+01
7.338379669189453125e+01
6.577738189697265625e+01
6.487735748291015625e+01
6.653760528564453125e+01
6.689703369140625000e+01
7.483601379394531250e+01
1.014739837646484375e+02
1.071169433593750000e+02
9.678141021728515625e+01
1.074892044067382812e+02
1.026908721923828125e+02
6.230350875854492188e+01
6.346284103393554688e+01
6.315812301635742188e+01
6.937834167480468750e+01
7.951117706298828125e+01
8.806663513183593750e+01
8.361903381347656250e+01
8.153032684326171875e+01
9.482170867919921875e+01
8.791778564453125000e+01
6.532376861572265625e+01
5.470489501953125000e+01
4.851642990112304688e+01
4.672723388671875000e+01
4.759565734863281250e+01
4.580801010131835938e+01
4.577455902099609375e+01
4.762697601318359375e+01
5.846055603027343750e+01
7.573464965820312500e+01
9.044927215576171875e+01
9.922265625000000000e+01
8.409145355224609375e+01
6.674700164794921875e+01
3.369103240966796875e+01
2.471493911743164062e+01
2.638132858276367188e+01
3.629758453369140625e+01
5.864908218383789062e+01
8.238519287109375000e+01
8.706868743896484375e+01
9.775922393798828125e+01
9.244928741455078125e+01
6.895822143554687500e+01
7.010756683349609375e+01
6.091048431396484375e+01
6.938032531738281250e+01
8.219372558593750000e+01
5.429460144042968750e+01
4.331159210205078125e+01
3.955615234375000000e+01
3.759302520751953125e+01
3.907327651977539062e+01
3.905851364135742188e+01
4.350111770629882812e+01
5.295633316040039062e+01
9.721039581298828125e+01
9.741090393066406250e+01
5.419224929809570312e+01
4.320400238037109375e+01
3.969246673583984375e+01
4.040438461303710938e+01
4.519511413574218750e+01
5.153283309936523438e+01
6.789636230468750000e+01
7.719521331787109375e+01
7.863532257080078125e+01
6.275392913818359375e+01
7.632885742187500000e+01
1.142850189208984375e+02
7.912641143798828125e+01
9.570540618896484375e+01
8.719758605957031250e+01
8.005245208740234375e+01
7.585849761962890625e+01
8.789595031738281250e+01
9.240190887451171875e+01
8.596305084228515625e+01
6.479314422607421875e+01
5.384601211547851562e+01
4.634592056274414062e+01
4.387550354003906250e+01
5.871299362182617188e+01
5.203768539428710938e+01
6.207353591918945312e+01
7.014680480957031250e+01
6.716664886474609375e+01
5.891301727294921875e+01
5.584427261352539062e+01
5.634113693237304688e+01
7.024889373779296875e+01
6.405309295654296875e+01
8.649823760986328125e+01
9.416049194335937500e+01
8.299611663818359375e+01
9.482199096679687500e+01
1.048394699096679688e+02
1.022846755981445312e+02
8.999245452880859375e+01
8.402873992919921875e+01
8.102828216552734375e+01
8.716400909423828125e+01
8.504859161376953125e+01
8.131790161132812500e+01
1.001408920288085938e+02
1.171653289794921875e+02
6.886208343505859375e+01
5.733657455444335938e+01
5.420919799804687500e+01
7.054712677001953125e+01
8.239153289794921875e+01
8.079273986816406250e+01
7.918891906738281250e+01
9.669826507568359375e+01
9.193120574951171875e+01
7.917092132568359375e+01
5.764184951782226562e+01
4.825100708007812500e+01
5.471064758300781250e+01
5.162612152099609375e+01
6.409317016601562500e+01
6.554277801513671875e+01
9.084687805175781250e+01
7.117337799072265625e+01
7.628332519531250000e+01
8.248088073730468750e+01
7.176718902587890625e+01
8.218769836425781250e+01
7.904815673828125000e+01
8.031115722656250000e+01
6.433797454833984375e+01
4.020841217041015625e+01
2.890254592895507812e+01
2.509361457824707031e+01
2.879525947570800781e+01
3.430378341674804688e+01
5.080468750000000000e+01
8.883578491210937500e+01
1.043712921142578125e+02
1.105724487304687500e+02
1.025897903442382812e+02
1.155463409423828125e+02
8.457591247558593750e+01
7.015449523925781250e+01
8.012310791015625000e+01
9.084557342529296875e+01
7.240682983398437500e+01
7.726802062988281250e+01
9.929734039306640625e+01
8.395764160156250000e+01
8.433236694335937500e+01
8.300996398925781250e+01
1.033516769409179688e+02
9.480491638183593750e+01
4.076866912841796875e+01
2.675937843322753906e+01
2.751941680908203125e+01
5.104355621337890625e+01
5.582057189941406250e+01
7.211624908447265625e+01
9.288668823242187500e+01
9.317456817626953125e+01
8.501363372802734375e+01
6.760137176513671875e+01
5.547419738769531250e+01
5.030751037597656250e+01
7.696218872070312500e+01
9.635076904296875000e+01
7.351033782958984375e+01
6.892227935791015625e+01
4.727634048461914062e+01
3.292333221435546875e+01
8.306818389892578125e+01
8.062545013427734375e+01
7.550955200195312500e+01
6.648083496093750000e+01
7.958312988281250000e+01
8.282537078857421875e+01
8.223595428466796875e+01
9.683384704589843750e+01
3.620710754394531250e+01
1.931702613830566406e+01
1.988784217834472656e+01
2.405968093872070312e+01
3.057530212402343750e+01
5.542016601562500000e+01
9.183509826660156250e+01
9.606174468994140625e+01
8.878484344482421875e+01
8.278174591064453125e+01
7.169667816162109375e+01
6.811926269531250000e+01
8.344544219970703125e+01
8.326036834716796875e+01
6.781045532226562500e+01
5.638120269775390625e+01
4.080411148071289062e+01
4.342288589477539062e+01
4.240018463134765625e+01
5.052961730957031250e+01
7.889308929443359375e+01
1.039547042846679688e+02
8.486064910888671875e+01
8.265549468994140625e+01
5.084909057617187500e+01
4.417449188232421875e+01
1.086222610473632812e+02
7.974162292480468750e+01
4.340169906616210938e+01
3.751268005371093750e+01
4.239711761474609375e+01
5.902474212646484375e+01
8.266350555419921875e+01
9.472901153564453125e+01
1.025249862670898438e+02
9.616348266601562500e+01
7.863127899169921875e+01
8.783831024169921875e+01
7.001927185058593750e+01
9.619330596923828125e+01
5.218844223022460938e+01
4.963407516479492188e+01
1.043662643432617188e+02
6.580036926269531250e+01
5.619466781616210938e+01
5.125242614746093750e+01
5.265975189208984375e+01
5.616132354736328125e+01
6.656443786621093750e+01
1.041515808105468750e+02
6.579602813720703125e+01
4.228212356567382812e+01
3.727473068237304688e+01
4.787249374389648438e+01
8.041005706787109375e+01
8.358945465087890625e+01
8.225619506835937500e+01
8.156628417968750000e+01
9.304245758056640625e+01
8.620987701416015625e+01
5.650445938110351562e+01
5.210694885253906250e+01
5.565874481201171875e+01
6.395866775512695312e+01
7.220471191406250000e+01
9.015446472167968750e+01
9.107075500488281250e+01
8.645179748535156250e+01
8.971444702148437500e+01
9.519694519042968750e+01
7.767941284179687500e+01
7.213504791259765625e+01
6.022745132446289062e+01
7.642781829833984375e+01
7.810730743408203125e+01
7.897022247314453125e+01
7.821981811523437500e+01
7.884419250488281250e+01
9.134673309326171875e+01
5.379948043823242188e+01
4.351285171508789062e+01
3.007959365844726562e+01
3.822903442382812500e+01
4.283168411254882812e+01
5.455452728271484375e+01
7.214067840576171875e+01
8.043173980712890625e+01
7.167602539062500000e+01
5.201136398315429688e+01
5.497840881347656250e+01
5.595754623413085938e+01
6.445690917968750000e+01
9.830752563476562500e+01
8.548043060302734375e+01
1.040021209716796875e+02
6.505914306640625000e+01
6.024077987670898438e+01
6.070384979248046875e+01
6.494481658935546875e+01
7.014022064208984375e+01
7.175045776367187500e+01
7.210151672363281250e+01
7.963378906250000000e+01
8.119701385498046875e+01
6.294536972045898438e+01
5.587778472900390625e+01
5.490519332885742188e+01
7.402373504638671875e+01
7.648693084716796875e+01
7.774258422851562500e+01
6.923569488525390625e+01
6.074929809570312500e+01
4.801401901245117188e+01
4.433382415771484375e+01
8.910224151611328125e+01
7.766143035888671875e+01
7.546916961669921875e+01
8.558949279785156250e+01
6.062602615356445312e+01
3.404993057250976562e+01
2.510925102233886719e+01
2.623576545715332031e+01
3.059440040588378906e+01
4.142612457275390625e+01
7.254843902587890625e+01
8.929859924316406250e+01
9.800870513916015625e+01
7.996028137207031250e+01
6.446459960937500000e+01
5.927478790283203125e+01
4.588833999633789062e+01
4.255319976806640625e+01
6.882239532470703125e+01
7.553712463378906250e+01
5.670534515380859375e+01
6.333150863647460938e+01
5.566947174072265625e+01
6.971891784667968750e+01
8.908188629150390625e+01
8.054104614257812500e+01
6.283749771118164062e+01
5.551131439208984375e+01
5.950310897827148438e+01
5.247917938232421875e+01
7.747480773925781250e+01
5.188101959228515625e+01
5.089167022705078125e+01
5.031944274902343750e+01
5.401479339599609375e+01
6.965808868408203125e+01
6.489932250976562500e+01
7.221844482421875000e+01
6.347475051879882812e+01
5.930398178100585938e+01
5.819284820556640625e+01
6.734548950195312500e+01
7.123474121093750000e+01
8.018186187744140625e+01
6.403536224365234375e+01
5.236673736572265625e+01
5.048965072631835938e+01
5.042240905761718750e+01
7.205431365966796875e+01
8.610020446777343750e+01
7.294100952148437500e+01
8.763533020019531250e+01
7.554141235351562500e+01
7.178636932373046875e+01
8.175579833984375000e+01
7.942127227783203125e+01
7.550854492187500000e+01
7.511218261718750000e+01
7.224695587158203125e+01
7.068545532226562500e+01
8.641594696044921875e+01
6.625176239013671875e+01
5.134907150268554688e+01
5.911205291748046875e+01
4.911996459960937500e+01
4.648575210571289062e+01
5.769841766357421875e+01
9.178981018066406250e+01
6.983527374267578125e+01
9.373020172119140625e+01
5.944225692749023438e+01
6.386354827880859375e+01
7.219593811035156250e+01
1.094042434692382812e+02
8.495986938476562500e+01
5.966863632202148438e+01
4.931877136230468750e+01
5.762027359008789062e+01
3.247880935668945312e+01
3.089675521850585938e+01
3.492077636718750000e+01
4.315754318237304688e+01
7.075981140136718750e+01
1.051710128784179688e+02
1.046010589599609375e+02
8.585211181640625000e+01
7.864771270751953125e+01
8.552041625976562500e+01
5.652220916748046875e+01
5.957218170166015625e+01
8.068588256835937500e+01
8.542182159423828125e+01
7.744566345214843750e+01
7.578742218017578125e+01
6.418364715576171875e+01
7.146572875976562500e+01
7.144821166992187500e+01
8.088120269775390625e+01
8.614781188964843750e+01
1.020874862670898438e+02
8.091246795654296875e+01
4.084530639648437500e+01
2.831363105773925781e+01
2.716493225097656250e+01
5.027378463745117188e+01
7.402948760986328125e+01
8.446724700927734375e+01
8.552275085449218750e+01
8.109322357177734375e+01
8.000678253173828125e+01
1.078128967285156250e+02
8.590460968017578125e+01
6.794570922851562500e+01
6.160014343261718750e+01
8.840368652343750000e+01
9.999581909179687500e+01
9.303734588623046875e+01
8.302024841308593750e+01
8.337124633789062500e+01
8.199930572509765625e+01
1.013311080932617188e+02
8.322707366943359375e+01
6.704844665527343750e+01
7.755338287353515625e+01
5.839760589599609375e+01
5.296196746826171875e+01
5.277551269531250000e+01
6.325848007202148438e+01
6.577903747558593750e+01
6.716184234619140625e+01
6.638993072509765625e+01
7.031449127197265625e+01
6.550189971923828125e+01
6.815222930908203125e+01
6.897255706787109375e+01
8.024995422363281250e+01
7.093757629394531250e+01
6.223292541503906250e+01
7.256356811523437500e+01
5.311867904663085938e+01
5.679465866088867188e+01
6.765155792236328125e+01
7.276409149169921875e+01
8.785508728027343750e+01
1.064885406494140625e+02
5.835700225830078125e+01
7.110909271240234375e+01
7.353191375732421875e+01
6.498012542724609375e+01
3.716368865966796875e+01
2.582355308532714844e+01
2.633182907104492188e+01
3.240299224853515625e+01
5.060298919677734375e+01
7.475187683105468750e+01
9.638756561279296875e+01
1.017071151733398438e+02
9.385630798339843750e+01
7.836984252929687500e+01
8.231541442871093750e+01
6.482649993896484375e+01
6.982117462158203125e+01
6.332707977294921875e+01
6.259392547607421875e+01
7.062033843994140625e+01
7.076818084716796875e+01
8.517210388183593750e+01
8.730271911621093750e+01
7.672968292236328125e+01
9.587551879882812500e+01
1.131782684326171875e+02
1.187570266723632812e+02
6.336285400390625000e+01
5.042458724975585938e+01
4.991271591186523438e+01
5.305554962158203125e+01
6.183979415893554688e+01
7.437154388427734375e+01
8.225077819824218750e+01
8.332695007324218750e+01
9.647707366943359375e+01
8.881120300292968750e+01
8.703100585937500000e+01
6.884791564941406250e+01
6.611869812011718750e+01
6.088329696655273438e+01
8.827016448974609375e+01
9.533175659179687500e+01
8.750133514404296875e+01
7.705978393554687500e+01
6.733232116699218750e+01
7.853620910644531250e+01
9.135961914062500000e+01
8.985468292236328125e+01
1.000288467407226562e+02
1.111217880249023438e+02
6.999399566650390625e+01
4.023957824707031250e+01
5.077202224731445312e+01
4.291791534423828125e+01
5.350284957885742188e+01
7.339324951171875000e+01
8.802980041503906250e+01
9.099927520751953125e+01
9.148849487304687500e+01
8.447463226318359375e+01
7.685284423828125000e+01
6.956481170654296875e+01
9.163542938232421875e+01
8.307929229736328125e+01
9.074708557128906250e+01
7.605493164062500000e+01
4.635847091674804688e+01
3.080993080139160156e+01
2.866738700866699219e+01
3.905545425415039062e+01
6.977470397949218750e+01
8.686132049560546875e+01
1.214783859252929688e+02
1.128414459228515625e+02
9.541834259033203125e+01
6.911870574951171875e+01
4.534076690673828125e+01
4.626936721801757812e+01
3.737364578247070312e+01
4.665884017944335938e+01
5.885224914550781250e+01
6.871006774902343750e+01
7.550291442871093750e+01
9.665568542480468750e+01
1.157874908447265625e+02
7.996151733398437500e+01
7.144770050048828125e+01
8.335293579101562500e+01
6.476619720458984375e+01
6.780307769775390625e+01
9.297378540039062500e+01
8.969471740722656250e+01
8.790982818603515625e+01
8.802816009521484375e+01
8.519429779052734375e+01
8.224624633789062500e+01
1.005116729736328125e+02
1.050858764648437500e+02
7.764839172363281250e+01
4.681369400024414062e+01
3.659584426879882812e+01
2.677763938903808594e+01
3.818778991699218750e+01
4.922673797607421875e+01
7.115398406982421875e+01
8.661479949951171875e+01
8.636090087890625000e+01
8.657432556152343750e+01
7.475099182128906250e+01
7.964733886718750000e+01
6.051054000854492188e+01
5.636322784423828125e+01
7.722776794433593750e+01
8.324940490722656250e+01
9.056938934326171875e+01
6.440189361572265625e+01
4.464980316162109375e+01
4.117959213256835938e+01
4.487157058715820312e+01
4.772291183471679688e+01
9.528024291992187500e+01
9.975334930419921875e+01
6.843111419677734375e+01
5.646888351440429688e+01
5.815710830688476562e+01
4.067125320434570312e+01
3.970481109619140625e+01
5.115816116333007812e+01
7.075190734863281250e+01
8.287189483642578125e+01
8.329875946044921875e+01
8.140119171142578125e+01
8.098908233642578125e+01
6.932644653320312500e+01
5.070185089111328125e+01
4.537475204467773438e+01
4.401621246337890625e+01
4.132083129882812500e+01
4.138864517211914062e+01
4.273810958862304688e+01
4.286391067504882812e+01
4.672925949096679688e+01
5.829348373413085938e+01
7.398777008056640625e+01
8.812267303466796875e+01
8.509767913818359375e+01
6.457089233398437500e+01
5.588813781738281250e+01
5.317340469360351562e+01
5.547540283203125000e+01
7.798367309570312500e+01
6.825316619873046875e+01
6.657506561279296875e+01
6.672418975830078125e+01
7.329245758056640625e+01
6.223959732055664062e+01
5.789045333862304688e+01
5.505760955810546875e+01
5.450988388061523438e+01
5.725860214233398438e+01
5.344447326660156250e+01
5.546632766723632812e+01
5.485874176025390625e+01
5.701653289794921875e+01
6.106658172607421875e+01
8.496262359619140625e+01
9.181961059570312500e+01
9.518008422851562500e+01
7.508130645751953125e+01
5.909296035766601562e+01
7.566465759277343750e+01
3.578286743164062500e+01
2.578413200378417969e+01
2.516306304931640625e+01
3.078485870361328125e+01
5.033129882812500000e+01
7.458132934570312500e+01
9.176602935791015625e+01
8.397067260742187500e+01
6.724726104736328125e+01
5.619078445434570312e+01
5.879449462890625000e+01
5.651342773437500000e+01
5.271973800659179688e+01
5.771949005126953125e+01
5.977692031860351562e+01
7.309308624267578125e+01
7.225270843505859375e+01
7.749534606933593750e+01
6.837737274169921875e+01
6.269536590576171875e+01
4.795388031005859375e+01
4.717152404785156250e+01
9.551963043212890625e+01
6.932917785644531250e+01
3.621914672851562500e+01
2.954962730407714844e+01
3.694017028808593750e+01
7.735578155517578125e+01
7.807770538330078125e+01
7.839564514160156250e+01
8.547500610351562500e+01
7.524472045898437500e+01
6.155742645263671875e+01
5.881714248657226562e+01
7.201009368896484375e+01
6.866007995605468750e+01
5.880981445312500000e+01
5.243329238891601562e+01
5.057726669311523438e+01
5.031668090820312500e+01
5.150860595703125000e+01
6.272446823120117188e+01
8.538484954833984375e+01
8.451736450195312500e+01
1.022186279296875000e+02
6.584078979492187500e+01
5.582971191406250000e+01
6.634127807617187500e+01
4.141796875000000000e+01
5.079080963134765625e+01
5.898977661132812500e+01
8.243359375000000000e+01
9.078334045410156250e+01
8.910623931884765625e+01
8.624123382568359375e+01
8.915741729736328125e+01
8.636567687988281250e+01
7.538592529296875000e+01
6.245395660400390625e+01
5.560474014282226562e+01
5.392265319824218750e+01
8.690483093261718750e+01
8.862736511230468750e+01
6.664897155761718750e+01
7.434252929687500000e+01
4.411756515502929688e+01
3.430744934082031250e+01
5.933145904541015625e+01
8.879981231689453125e+01
9.546794128417968750e+01
1.165422439575195312e+02
1.057444839477539062e+02
9.611729431152343750e+01
7.391785430908203125e+01
4.795167922973632812e+01
5.099789047241210938e+01
6.024670410156250000e+01
3.204978561401367188e+01
2.584280395507812500e+01
2.901329994201660156e+01
4.538166046142578125e+01
6.111496734619140625e+01
8.764000701904296875e+01
8.809383392333984375e+01
7.965427398681640625e+01
6.855944824218750000e+01
9.005847167968750000e+01
6.515109252929687500e+01
5.883482742309570312e+01
5.931241607666015625e+01
6.047285842895507812e+01
6.149664306640625000e+01
6.339574432373046875e+01
9.832744598388671875e+01
9.300663757324218750e+01
5.225091934204101562e+01
4.101541519165039062e+01
6.028036880493164062e+01
7.982729339599609375e+01
1.096010589599609375e+02
7.287375640869140625e+01
5.902196121215820312e+01
5.801066207885742188e+01
6.271971893310546875e+01
8.097388458251953125e+01
1.076799468994140625e+02
9.388407897949218750e+01
8.117819976806640625e+01
8.901129913330078125e+01
9.536271667480468750e+01
6.266030120849609375e+01
5.886064147949218750e+01
6.214838409423828125e+01
6.073818206787109375e+01
6.286082458496093750e+01
7.838615417480468750e+01
7.455151367187500000e+01
7.894110870361328125e+01
8.351713562011718750e+01
6.852162933349609375e+01
6.166431045532226562e+01
5.541110992431640625e+01
4.165867996215820312e+01
3.865168380737304688e+01
5.010863494873046875e+01
6.989906311035156250e+01
8.441370391845703125e+01
9.365415954589843750e+01
8.247979736328125000e+01
7.215975189208984375e+01
6.527598571777343750e+01
6.221955871582031250e+01
8.168412017822265625e+01
8.985707092285156250e+01
5.674858093261718750e+01
4.915747833251953125e+01
5.128474807739257812e+01
5.933987045288085938e+01
7.208539581298828125e+01
7.661280822753906250e+01
9.013408660888671875e+01
9.961756134033203125e+01
6.892282104492187500e+01
5.388735198974609375e+01
5.234628677368164062e+01
4.812097167968750000e+01
3.306132507324218750e+01
3.317213821411132812e+01
4.088065719604492188e+01
5.726946640014648438e+01
9.580585479736328125e+01
1.022846527099609375e+02
8.863568878173828125e+01
7.453762817382812500e+01
8.259834289550781250e+01
8.254051208496093750e+01
7.232495880126953125e+01
5.482822418212890625e+01
4.735178756713867188e+01
4.470550918579101562e+01
4.657642745971679688e+01
4.675504302978515625e+01
4.809408187866210938e+01
8.342140197753906250e+01
8.359307098388671875e+01
7.377278900146484375e+01
6.483231353759765625e+01
8.157690429687500000e+01
6.756566619873046875e+01
5.715427398681640625e+01
5.167130661010742188e+01
5.532947540283203125e+01
6.091735839843750000e+01
6.190472412109375000e+01
6.032060623168945312e+01
6.171888732910156250e+01
9.240042114257812500e+01
7.960531616210937500e+01
7.549988555908203125e+01
8.595687103271484375e+01
6.998242187500000000e+01
5.597258377075195312e+01
5.042563629150390625e+01
5.001379013061523438e+01
5.137313079833984375e+01
5.160752105712890625e+01
5.673271179199218750e+01
5.934868621826171875e+01
6.371125411987304688e+01
1.006416397094726562e+02
9.868000030517578125e+01
7.943435668945312500e+01
6.002456665039062500e+01
4.163041305541992188e+01
2.369169235229492188e+01
2.129869842529296875e+01
2.425097846984863281e+01
2.874228668212890625e+01
4.555904388427734375e+01
7.689651489257812500e+01
9.027565765380859375e+01
1.024285125732421875e+02
9.152829742431640625e+01
7.794658660888671875e+01
7.689888763427734375e+01
6.425205993652343750e+01
5.084214019775390625e+01
6.171891021728515625e+01
5.976222229003906250e+01
5.694627380371093750e+01
5.995315933227539062e+01
5.692246627807617188e+01
5.900391006469726562e+01
9.320240783691406250e+01
9.526345062255859375e+01
8.274021911621093750e+01
7.614662170410156250e+01
2.891033935546875000e+01
2.537510681152343750e+01
2.501658058166503906e+01
3.106958007812500000e+01
4.724056625366210938e+01
7.946324157714843750e+01
1.100796203613281250e+02
9.638190460205078125e+01
7.800305175781250000e+01
5.881706237792968750e+01
4.677303695678710938e+01
4.109663772583007812e+01
3.994894790649414062e+01
3.787557601928710938e+01
3.964340591430664062e+01
4.135703659057617188e+01
4.830183029174804688e+01
5.935063552856445312e+01
6.698627471923828125e+01
6.957159423828125000e+01
6.239014816284179688e+01
6.053296661376953125e+01
5.656289291381835938e+01
5.718134307861328125e+01
5.676906585693359375e+01
5.570400619506835938e+01
5.679418182373046875e+01
5.805886459350585938e+01
6.070861816406250000e+01
6.040627288818359375e+01
7.214108276367187500e+01
6.185911941528320312e+01
5.733506393432617188e+01
5.506468963623046875e+01
5.333689880371093750e+01
5.338047790527343750e+01
5.460463333129882812e+01
5.488757324218750000e+01
5.504606628417968750e+01
5.987657165527343750e+01
6.109044265747070312e+01
6.547928619384765625e+01
7.083653259277343750e+01
6.292273712158203125e+01
5.655839538574218750e+01
5.601336288452148438e+01
5.418707656860351562e+01
5.342341995239257812e+01
5.506846618652343750e+01
5.410826492309570312e+01
5.549309539794921875e+01
5.875373458862304688e+01
6.194635009765625000e+01
6.170529556274414062e+01
7.175547027587890625e+01
7.293043518066406250e+01
6.050844192504882812e+01
5.543589401245117188e+01
5.332083892822265625e+01
5.289780044555664062e+01
5.366296386718750000e+01
5.308805084228515625e+01
5.476884460449218750e+01
5.980797195434570312e+01
7.058700561523437500e+01
6.247776794433593750e+01
5.785072326660156250e+01
5.513684463500976562e+01
5.364366149902343750e+01
5.545737838745117188e+01
5.383848190307617188e+01
5.443806457519531250e+01
5.648036956787109375e+01
5.849461364746093750e+01
6.121384048461914062e+01
6.645858001708984375e+01
6.977689361572265625e+01
6.230003356933593750e+01
5.855627822875976562e+01
5.498039627075195312e+01
5.396062850952148438e+01
5.395073699951171875e+01
5.260233688354492188e+01
5.288694381713867188e+01
5.596429061889648438e+01
5.857569122314453125e+01
6.196552276611328125e+01
6.762751007080078125e+01
7.046641540527343750e+01
6.079074478149414062e+01
5.901796722412109375e+01
5.591736602783203125e+01
5.468120193481445312e+01
5.545882034301757812e+01
5.443464660644531250e+01
5.432516860961914062e+01
5.592154693603515625e+01
6.060839843750000000e+01
6.015699005126953125e+01
6.764591979980468750e+01
6.879524230957031250e+01
6.205238342285156250e+01
5.677976989746093750e+01
5.567689514160156250e+01
5.444824981689453125e+01
5.374882888793945312e+01
5.544596099853515625e+01
5.348264694213867188e+01
5.643785095214843750e+01
5.973014068603515625e+01
6.177896499633789062e+01
6.685217285156250000e+01
7.045043182373046875e+01
6.171528244018554688e+01
5.754524993896484375e+01
5.693764877319335938e+01
5.540224075317382812e+01
5.414887237548828125e+01
5.501266098022460938e+01
5.451284408569335938e+01
5.443572998046875000e+01
5.951068878173828125e+01
6.034422683715820312e+01
6.757862854003906250e+01
6.848990631103515625e+01
6.297970581054687500e+01
5.701370239257812500e+01
5.621951675415039062e+01
5.596749114990234375e+01
5.351057434082031250e+01
5.522387695312500000e+01
5.403231430053710938e+01
5.592915344238281250e+01
5.952154159545898438e+01
6.265539932250976562e+01
6.744696044921875000e+01
6.861672973632812500e+01
6.215473556518554688e+01
5.791468048095703125e+01
5.719779205322265625e+01
5.614522171020507812e+01
5.473412704467773438e+01
5.444739532470703125e+01
5.523985671997070312e+01
5.560162734985351562e+01
5.988343429565429688e+01
6.120058441162109375e+01
6.969568634033203125e+01
6.575679779052734375e+01
6.133175277709960938e+01
5.654551696777343750e+01
5.953996658325195312e+01
6.408631896972656250e+01
6.357441329956054688e+01
6.481021118164062500e+01
6.431851959228515625e+01
6.747241973876953125e+01
6.862308502197265625e+01
7.036383056640625000e+01
7.732293701171875000e+01
6.795087432861328125e+01
6.038307952880859375e+01
5.836203002929687500e+01
5.740568161010742188e+01
5.337128829956054688e+01
5.383569335937500000e+01
5.480676651000976562e+01
5.733536148071289062e+01
5.859476089477539062e+01
6.193867874145507812e+01
6.223635101318359375e+01
6.985027313232421875e+01
6.306073760986328125e+01
5.620490264892578125e+01
5.508121109008789062e+01
5.621091079711914062e+01
5.461844253540039062e+01
5.376502990722656250e+01
5.520272827148437500e+01
5.487199020385742188e+01
5.722435379028320312e+01
6.070311355590820312e+01
6.599813842773437500e+01
6.929226684570312500e+01
6.280965423583984375e+01
5.774131393432617188e+01
5.528933715820312500e+01
5.667937469482421875e+01
5.412525939941406250e+01
5.381470489501953125e+01
5.365467834472656250e+01
5.432026672363281250e+01
5.716844558715820312e+01
6.179545593261718750e+01
6.734178161621093750e+01
6.896987915039062500e+01
6.227531433105468750e+01
5.663050460815429688e+01
5.448603057861328125e+01
5.487171173095703125e+01
5.475304794311523438e+01
5.331306838989257812e+01
5.471934127807617188e+01
5.386853408813476562e+01
5.874761199951171875e+01
6.130944824218750000e+01
6.999760437011718750e+01
6.580716705322265625e+01
6.080143737792968750e+01
5.767354583740234375e+01
5.603079986572265625e+01
5.709216308593750000e+01
5.341346740722656250e+01
5.362892150878906250e+01
5.463751602172851562e+01
5.603787994384765625e+01
5.985899353027343750e+01
6.158458328247070312e+01
6.959820556640625000e+01
6.224797439575195312e+01
5.678255844116210938e+01
5.390786743164062500e+01
5.304748153686523438e+01
5.312939071655273438e+01
5.256232452392578125e+01
5.286416244506835938e+01
5.506668472290039062e+01
5.499560928344726562e+01
6.119573593139648438e+01
6.533081054687500000e+01
7.020936584472656250e+01
6.196912384033203125e+01
5.809477233886718750e+01
5.576442718505859375e+01
5.547278213500976562e+01
5.560107803344726562e+01
5.286249923706054688e+01
5.483233261108398438e+01
5.532624816894531250e+01
5.847787857055664062e+01
6.049011230468750000e+01
6.918421936035156250e+01
6.589888763427734375e+01
6.172444534301757812e+01
5.665657043457031250e+01
5.426547241210937500e+01
5.430414581298828125e+01
5.421934509277343750e+01
5.371755218505859375e+01
5.322786712646484375e+01
5.457947540283203125e+01
5.806377792358398438e+01
6.256684112548828125e+01
6.804495239257812500e+01
6.721765899658203125e+01
6.091195297241210938e+01
5.733063507080078125e+01
5.559929275512695312e+01
5.734610366821289062e+01
5.385884094238281250e+01
5.350264358520507812e+01
5.473970413208007812e+01
5.547385787963867188e+01
6.069164657592773438e+01
6.140946578979492188e+01
7.106867980957031250e+01
6.217074203491210938e+01
5.814020919799804688e+01
5.442779541015625000e+01
5.492240142822265625e+01
5.384852600097656250e+01
5.320566177368164062e+01
5.365441513061523438e+01
5.562361526489257812e+01
5.696315765380859375e+01
6.015162658691406250e+01
6.456369018554687500e+01
6.914284515380859375e+01
6.270384979248046875e+01
5.687342071533203125e+01
5.421365737915039062e+01
5.459080886840820312e+01
5.588036727905273438e+01
5.327062988281250000e+01
5.496743011474609375e+01
5.459086227416992188e+01
5.864938354492187500e+01
6.132974243164062500e+01
7.013999176025390625e+01
6.672449493408203125e+01
6.217064666748046875e+01
5.786641693115234375e+01
5.516410064697265625e+01
5.583109283447265625e+01
5.465171051025390625e+01
5.340392303466796875e+01
5.427712249755859375e+01
5.548703002929687500e+01
5.869404220581054688e+01
6.259890365600585938e+01
6.897272491455078125e+01
6.351443099975585938e+01
5.764957809448242188e+01
5.616077041625976562e+01
5.368339920043945312e+01
5.534380340576171875e+01
5.367570495605468750e+01
5.346841430664062500e+01
5.569323348999023438e+01
5.854093551635742188e+01
6.113419342041015625e+01
6.332776260375976562e+01
7.103436279296875000e+01
6.092456054687500000e+01
5.595533752441406250e+01
5.376472091674804688e+01
5.315110015869140625e+01
5.313515853881835938e+01
5.497787094116210938e+01
5.306147003173828125e+01
5.649831771850585938e+01
5.781744766235351562e+01
6.098529815673828125e+01
6.306911087036132812e+01
7.161665344238281250e+01
6.191453552246093750e+01
5.681013488769531250e+01
5.635349655151367188e+01
5.411997222900390625e+01
5.482093811035156250e+01
5.521391296386718750e+01
5.376063919067382812e+01
5.431595993041992188e+01
5.914389038085937500e+01
6.104770278930664062e+01
6.398423004150390625e+01
6.974829864501953125e+01
6.263521575927734375e+01
5.549848937988281250e+01
5.549946975708007812e+01
5.335729598999023438e+01
5.187501907348632812e+01
5.372781372070312500e+01
5.336625289916992188e+01
5.545406723022460938e+01
5.817770767211914062e+01
6.253407287597656250e+01
6.414599609375000000e+01
7.085137939453125000e+01
6.178173065185546875e+01
5.692506027221679688e+01
5.518741989135742188e+01
5.582444763183593750e+01
5.400244140625000000e+01
5.544058609008789062e+01
5.491649627685546875e+01
5.517605590820312500e+01
5.870709609985351562e+01
6.165235137939453125e+01
6.702738189697265625e+01
6.774082946777343750e+01
6.245990753173828125e+01
5.580648040771484375e+01
5.448709106445312500e+01
5.413105773925781250e+01
5.380235290527343750e+01
5.289369583129882812e+01
5.376819229125976562e+01
5.520381546020507812e+01
5.787206649780273438e+01
6.208351898193359375e+01
6.787640380859375000e+01
6.855733489990234375e+01
6.126770019531250000e+01
5.810390090942382812e+01
5.520790100097656250e+01
5.512147903442382812e+01
5.398334503173828125e+01
5.352954483032226562e+01
5.459341049194335938e+01
5.729768371582031250e+01
5.932349014282226562e+01
6.036494445800781250e+01
7.063967132568359375e+01
6.460694885253906250e+01
6.000692749023437500e+01
5.599357223510742188e+01
5.482022857666015625e+01
5.301388168334960938e+01
5.514831542968750000e+01
5.315819168090820312e+01
5.360526657104492188e+01
5.659994125366210938e+01
5.987725448608398438e+01
6.143478393554687500e+01
6.962591552734375000e+01
6.322777175903320312e+01
5.570903778076171875e+01
5.597399902343750000e+01
5.383487701416015625e+01
5.226620864868164062e+01
5.320478057861328125e+01
5.322001266479492188e+01
5.432761764526367188e+01
5.743465042114257812e+01
6.124341964721679688e+01
6.285986328125000000e+01
7.137793731689453125e+01
6.126378250122070312e+01
5.614223861694335938e+01
5.453747177124023438e+01
5.506446838378906250e+01
5.216013336181640625e+01
5.351200103759765625e+01
5.266445922851562500e+01
5.495723724365234375e+01
5.624386596679687500e+01
6.151356124877929688e+01
6.669035339355468750e+01
6.889117431640625000e+01
6.231396102905273438e+01
5.730174636840820312e+01
5.601334762573242188e+01
5.457984924316406250e+01
5.333269500732421875e+01
5.312842559814453125e+01
5.437637329101562500e+01
5.463787078857421875e+01
5.896254730224609375e+01
6.169849014282226562e+01
6.989597320556640625e+01
6.370487594604492188e+01
6.089597320556640625e+01
5.563990783691406250e+01
5.450459289550781250e+01
5.375721740722656250e+01
5.387762069702148438e+01
5.265122222900390625e+01
5.411800003051757812e+01
5.542432022094726562e+01
6.020755386352539062e+01
6.312161636352539062e+01
7.042438507080078125e+01
6.156642532348632812e+01
5.723529815673828125e+01
9.506128692626953125e+01
7.169219970703125000e+01
9.575408172607421875e+01
9.437654113769531250e+01
1.139146575927734375e+02
8.622465515136718750e+01
7.871397399902343750e+01
4.639743423461914062e+01
3.719745635986328125e+01
2.482043266296386719e+01
2.662808036804199219e+01
3.533276748657226562e+01
5.859081268310546875e+01
7.915847778320312500e+01
8.383045959472656250e+01
8.018469238281250000e+01
6.945430755615234375e+01
8.252927398681640625e+01
8.202445983886718750e+01
6.708872985839843750e+01
6.206443405151367188e+01
4.553866958618164062e+01
5.243748092651367188e+01
6.718473052978515625e+01
7.467081451416015625e+01
7.040209960937500000e+01
8.416232299804687500e+01
9.140929412841796875e+01
9.348260498046875000e+01
1.017051696777343750e+02
1.140008239746093750e+02
8.018768310546875000e+01
7.544324493408203125e+01
4.944825363159179688e+01
3.820651245117187500e+01
4.618689727783203125e+01
5.666425323486328125e+01
6.608975219726562500e+01
7.311042022705078125e+01
7.541601562500000000e+01
7.577543640136718750e+01
8.353338623046875000e+01
7.361249542236328125e+01
9.274170684814453125e+01
7.793134307861328125e+01
8.339404296875000000e+01
7.776685333251953125e+01
8.477954864501953125e+01
8.510212707519531250e+01
7.994023895263671875e+01
8.392681884765625000e+01
7.619101715087890625e+01
6.935481262207031250e+01
6.724971008300781250e+01
9.572329711914062500e+01
5.420861816406250000e+01
3.733694076538085938e+01
2.871825027465820312e+01
2.397536659240722656e+01
2.176832771301269531e+01
2.187841224670410156e+01
2.093566131591796875e+01
2.061595726013183594e+01
2.133619117736816406e+01
2.195231246948242188e+01
2.187072944641113281e+01
2.187072944641113281e+01
2.187072944641113281e+01
2.187072944641113281e+01
2.187072944641113281e+01
2.187072944641113281e+01
2.187072944641113281e+01
2.187072944641113281e+01
2.187072944641113281e+01
2.187072944641113281e+01
2.187072944641113281e+01
2.187072944641113281e+01
2.187072944641113281e+01
2.187072944641113281e+01
2.187072944641113281e+01
2.187072944641113281e+01
2.187072944641113281e+01
2.187072944641113281e+01
2.187072944641113281e+01
2.187072944641113281e+01
2.187072944641113281e+01
2.187072944641113281e+01
2.187072944641113281e+01
2.187072944641113281e+01
2.187072944641113281e+01
2.187072944641113281e+01
2.187072944641113281e+01
2.187072944641113281e+01
2.187072944641113281e+01
2.187072944641113281e+01
2.187072944641113281e+01
2.187072944641113281e+01
2.187072944641113281e+01
2.187072944641113281e+01
2.187072944641113281e+01
2.187072944641113281e+01
2.187072944641113281e+01
2.187072944641113281e+01
2.187072944641113281e+01
2.187072944641113281e+01
2.187072944641113281e+01
2.187072944641113281e+01
2.187072944641113281e+01
2.187072944641113281e+01
2.187072944641113281e+01
2.187072944641113281e+01
2.187072944641113281e+01
2.187072944641113281e+01
2.187072944641113281e+01
2.187072944641113281e+01
2.187072944641113281e+01
2.187072944641113281e+01
2.187072944641113281e+01
2.187072944641113281e+01
2.187072944641113281e+01
2.187072944641113281e+01
2.187072944641113281e+01
2.187072944641113281e+01
2.187072944641113281e+01
2.187072944641113281e+01
2.187072944641113281e+01
2.187072944641113281e+01
2.187072944641113281e+01
2.187072944641113281e+01
2.187072944641113281e+01
2.187072944641113281e+01
2.187072944641113281e+01
2.187072944641113281e+01
2.187072944641113281e+01
2.187072944641113281e+01
2.187072944641113281e+01
2.187072944641113281e+01
2.187072944641113281e+01
2.187072944641113281e+01
2.187072944641113281e+01
2.187072944641113281e+01
2.187072944641113281e+01
2.187072944641113281e+01
2.187072944641113281e+01
2.187072944641113281e+01
2.187072944641113281e+01
2.187072944641113281e+01
2.187072944641113281e+01
2.187072944641113281e+01
2.187072944641113281e+01
2.187072944641113281e+01
2.187072944641113281e+01
2.187072944641113281e+01
2.187072944641113281e+01
2.187072944641113281e+01
2.187072944641113281e+01
2.187072944641113281e+01
2.187072944641113281e+01
2.187072944641113281e+01
2.187072944641113281e+01
2.187072944641113281e+01
2.187072944641113281e+01
2.187072944641113281e+01
2.187072944641113281e+01
2.187072944641113281e+01
2.187072944641113281e+01
2.187072944641113281e+01
2.187072944641113281e+01
2.187072944641113281e+01
2.187072944641113281e+01
2.187072944641113281e+01
2.187072944641113281e+01
2.187072944641113281e+01
2.187072944641113281e+01
2.187072944641113281e+01
3.880268096923828125e+01
8.698315429687500000e+01
7.147704315185546875e+01
6.754005432128906250e+01
6.600251770019531250e+01
6.666391754150390625e+01
7.101231384277343750e+01
7.227138519287109375e+01
6.532962799072265625e+01
6.482275390625000000e+01
8.289798736572265625e+01
6.999296569824218750e+01
5.377978134155273438e+01
4.739935684204101562e+01
4.480643081665039062e+01
4.388443374633789062e+01
4.419885253906250000e+01
4.592285156250000000e+01
4.875540161132812500e+01
5.200835037231445312e+01
6.150490951538085938e+01
7.097830200195312500e+01
7.207120513916015625e+01
7.637537384033203125e+01
8.028605651855468750e+01
6.408968353271484375e+01
5.381389999389648438e+01
5.368344116210937500e+01
5.536622238159179688e+01
5.974122238159179688e+01
6.238243865966796875e+01
6.581393432617187500e+01
7.004447937011718750e+01
7.249763488769531250e+01
7.519452667236328125e+01
6.897146606445312500e+01
5.641307449340820312e+01
4.990535354614257812e+01
4.710269546508789062e+01
4.592721939086914062e+01
4.642268753051757812e+01
4.505202865600585938e+01
4.862734222412109375e+01
5.168197250366210938e+01
5.974450683593750000e+01
7.156582641601562500e+01
6.846261596679687500e+01
6.314926528930664062e+01
6.241572570800781250e+01
8.605308532714843750e+01
5.988810348510742188e+01
5.352003097534179688e+01
5.421383666992187500e+01
5.849200820922851562e+01
6.176212310791015625e+01
7.249696350097656250e+01
6.954258728027343750e+01
6.673284149169921875e+01
8.145847320556640625e+01
9.093721008300781250e+01
9.325805664062500000e+01
7.466735076904296875e+01
7.046594238281250000e+01
7.380045318603515625e+01
7.532276916503906250e+01
7.621042633056640625e+01
7.615981292724609375e+01
7.207379913330078125e+01
7.226273345947265625e+01
7.599167633056640625e+01
6.697648620605468750e+01
9.049694061279296875e+01
8.107358551025390625e+01
6.544390869140625000e+01
5.647236251831054688e+01
5.996189117431640625e+01
4.527619934082031250e+01
4.008988189697265625e+01
4.004921722412109375e+01
4.224239349365234375e+01
4.710522079467773438e+01
5.118981552124023438e+01
8.639866638183593750e+01
7.513436889648437500e+01
5.740288162231445312e+01
4.994790649414062500e+01
4.680482482910156250e+01
5.981420898437500000e+01
4.954763412475585938e+01
4.758699417114257812e+01
4.804525375366210938e+01
5.354917144775390625e+01
5.995755004882812500e+01
7.220933532714843750e+01
7.655646514892578125e+01
6.777572631835937500e+01
8.158070373535156250e+01
6.002534484863281250e+01
9.765847778320312500e+01
5.991374588012695312e+01
4.801169204711914062e+01
4.592771530151367188e+01
5.405148696899414062e+01
7.322656250000000000e+01
7.182822418212890625e+01
6.983129119873046875e+01
7.878956604003906250e+01
9.068270111083984375e+01
8.779674530029296875e+01
6.950469207763671875e+01
6.885496520996093750e+01
9.069827270507812500e+01
7.632176208496093750e+01
1.170017089843750000e+02
9.079562377929687500e+01
7.237563323974609375e+01
8.378617095947265625e+01
1.027281188964843750e+02
1.159759521484375000e+02
1.017082824707031250e+02
8.409236145019531250e+01
4.235327529907226562e+01
2.516761970520019531e+01
2.098739624023437500e+01
2.307244110107421875e+01
2.853580474853515625e+01
4.130821228027343750e+01
7.421857452392578125e+01
1.017212829589843750e+02
8.808078002929687500e+01
7.178546142578125000e+01
6.837483215332031250e+01
8.156787872314453125e+01
7.425645446777343750e+01
7.449681091308593750e+01
1.188500061035156250e+02
1.098118515014648438e+02
9.445160675048828125e+01
9.541703796386718750e+01
1.204005966186523438e+02
1.008130950927734375e+02
6.993462371826171875e+01
6.531163787841796875e+01
6.073828506469726562e+01
5.671826934814453125e+01
5.237049102783203125e+01
5.084576416015625000e+01
7.508407592773437500e+01
5.387567901611328125e+01
4.739918518066406250e+01
5.196612930297851562e+01
5.758337783813476562e+01
7.151437377929687500e+01
6.347849655151367188e+01
6.042177200317382812e+01
7.135328674316406250e+01
6.950360107421875000e+01
7.699042510986328125e+01
8.207680511474609375e+01
1.179840087890625000e+02
1.060965042114257812e+02
8.274387359619140625e+01
8.908248138427734375e+01
6.774018859863281250e+01
9.319120788574218750e+01
1.038034439086914062e+02
1.053100128173828125e+02
1.081872711181640625e+02
1.033720855712890625e+02
6.651758575439453125e+01
3.927271652221679688e+01
3.352692413330078125e+01
3.312329864501953125e+01
3.285330200195312500e+01
4.922414779663085938e+01
7.422044372558593750e+01
8.554485321044921875e+01
8.157215118408203125e+01
8.900394439697265625e+01
8.265096282958984375e+01
6.703183746337890625e+01
6.396131896972656250e+01
6.616954040527343750e+01
7.666434478759765625e+01
9.580727386474609375e+01
1.119699630737304688e+02
9.708589172363281250e+01
8.033511352539062500e+01
5.322106933593750000e+01
4.995294189453125000e+01
9.690219879150390625e+01
7.605334472656250000e+01
1.127865142822265625e+02
6.852485656738281250e+01
5.256383132934570312e+01
3.849148178100585938e+01
3.297856903076171875e+01
4.018863677978515625e+01
5.885416030883789062e+01
9.114036560058593750e+01
8.568926239013671875e+01
7.154795837402343750e+01
8.065869140625000000e+01
8.055236053466796875e+01
9.917624664306640625e+01
9.411685943603515625e+01
9.430841064453125000e+01
8.047974395751953125e+01
7.502832794189453125e+01
6.156533432006835938e+01
6.236005783081054688e+01
6.101805114746093750e+01
6.442884063720703125e+01
1.156216506958007812e+02
9.589921569824218750e+01
1.031680908203125000e+02
6.493053436279296875e+01
3.936125946044921875e+01
3.570072937011718750e+01
3.250119400024414062e+01
3.469876861572265625e+01
5.272863769531250000e+01
8.070747375488281250e+01
9.803664398193359375e+01
8.780165863037109375e+01
8.243739318847656250e+01
8.104631805419921875e+01
7.574391937255859375e+01
6.222706222534179688e+01
9.996308135986328125e+01
1.004633102416992188e+02
1.039141616821289062e+02
9.903106689453125000e+01
9.537711334228515625e+01
7.717214965820312500e+01
7.047595214843750000e+01
6.805780792236328125e+01
5.585469055175781250e+01
6.475502014160156250e+01
9.833564758300781250e+01
8.765953826904296875e+01
4.082725143432617188e+01
2.336383247375488281e+01
2.121596145629882812e+01
2.699388313293457031e+01
4.368491363525390625e+01
6.665787506103515625e+01
8.623781585693359375e+01
8.955063629150390625e+01
9.196774291992187500e+01
9.169812011718750000e+01
8.439591217041015625e+01
7.668000030517578125e+01
7.694799041748046875e+01
7.573331451416015625e+01
6.571251678466796875e+01
5.665161895751953125e+01
5.553035736083984375e+01
5.021688842773437500e+01
4.410139846801757812e+01
5.797396850585937500e+01
7.319620513916015625e+01
6.783294677734375000e+01
1.135467224121093750e+02
6.978759002685546875e+01
4.019620513916015625e+01
3.217867279052734375e+01
2.746946334838867188e+01
3.048016166687011719e+01
4.163898849487304688e+01
7.761108398437500000e+01
1.024183044433593750e+02
1.040919876098632812e+02
1.047354812622070312e+02
8.881525421142578125e+01
6.317614746093750000e+01
5.720299148559570312e+01
5.478271484375000000e+01
5.687239074707031250e+01
7.110694122314453125e+01
5.620371246337890625e+01
4.938202285766601562e+01
4.952734375000000000e+01
4.206697463989257812e+01
4.012476348876953125e+01
4.847820281982421875e+01
6.446815490722656250e+01
1.166582412719726562e+02
8.781717681884765625e+01
5.010461425781250000e+01
3.315685272216796875e+01
2.400695037841796875e+01
2.247573852539062500e+01
2.740405082702636719e+01
3.876603698730468750e+01
8.468682861328125000e+01
9.660529327392578125e+01
9.718423461914062500e+01
1.082129592895507812e+02
7.257852935791015625e+01
5.422134017944335938e+01
8.512354278564453125e+01
9.000896453857421875e+01
7.905268096923828125e+01
6.284171676635742188e+01
7.414072418212890625e+01
7.800678253173828125e+01
6.723489379882812500e+01
7.882569122314453125e+01
1.150814208984375000e+02
1.107072677612304688e+02
1.161489334106445312e+02
9.942527770996093750e+01
7.703247833251953125e+01
4.426381683349609375e+01
2.614201736450195312e+01
2.444446182250976562e+01
3.352268600463867188e+01
3.464387512207031250e+01
5.333377456665039062e+01
7.986278533935546875e+01
8.838658142089843750e+01
8.003742218017578125e+01
8.974378204345703125e+01
7.327282714843750000e+01
8.517533111572265625e+01
8.060733032226562500e+01
7.035807800292968750e+01
7.736986541748046875e+01
7.827435302734375000e+01
8.524662780761718750e+01
7.600294494628906250e+01
8.427770233154296875e+01
7.323342895507812500e+01
9.392696380615234375e+01
9.222308349609375000e+01
8.972750854492187500e+01
5.913058090209960938e+01
2.682584571838378906e+01
2.037196731567382812e+01
2.160774993896484375e+01
2.697134590148925781e+01
4.360225296020507812e+01
7.130684661865234375e+01
8.233022308349609375e+01
1.051750564575195312e+02
9.663886260986328125e+01
7.326013183593750000e+01
6.522399139404296875e+01
5.543395233154296875e+01
4.505609130859375000e+01
7.274557495117187500e+01
8.871710968017578125e+01
7.609875488281250000e+01
9.242762756347656250e+01
1.029454956054687500e+02
1.180068893432617188e+02
9.030986022949218750e+01
1.103156585693359375e+02
9.001186370849609375e+01
6.735680389404296875e+01
3.210306549072265625e+01
2.431328964233398438e+01
2.700274276733398438e+01
3.631842803955078125e+01
5.465751266479492188e+01
8.131240844726562500e+01
9.177619934082031250e+01
8.918112945556640625e+01
8.615002441406250000e+01
1.026600189208984375e+02
7.153662872314453125e+01
6.315894699096679688e+01
5.810902786254882812e+01
9.352719879150390625e+01
5.440453720092773438e+01
4.288838958740234375e+01
3.831606292724609375e+01
3.987753677368164062e+01
5.819580078125000000e+01
6.841904449462890625e+01
8.217650604248046875e+01
1.223295211791992188e+02
1.131579666137695312e+02
9.649862670898437500e+01
7.798646545410156250e+01
4.526584243774414062e+01
3.115663719177246094e+01
2.901134300231933594e+01
4.376344680786132812e+01
6.041027832031250000e+01
8.098706817626953125e+01
8.822020721435546875e+01
9.568755340576171875e+01
1.075421600341796875e+02
8.395687866210937500e+01
6.627767181396484375e+01
5.438167190551757812e+01
4.614001846313476562e+01
6.809886169433593750e+01
5.565991973876953125e+01
5.745728302001953125e+01
6.535279846191406250e+01
7.757104492187500000e+01
9.816802215576171875e+01
9.681614685058593750e+01
5.905838775634765625e+01
9.117305755615234375e+01
8.916075897216796875e+01
4.777412414550781250e+01
4.060111999511718750e+01
4.146450805664062500e+01
3.384344100952148438e+01
3.125181007385253906e+01
3.515584945678710938e+01
4.032302474975585938e+01
7.914381408691406250e+01
1.040727462768554688e+02
1.077965698242187500e+02
8.403565979003906250e+01
6.290106582641601562e+01
5.511273574829101562e+01
5.127364349365234375e+01
7.803250885009765625e+01
7.716037750244140625e+01
6.308543014526367188e+01
7.205490112304687500e+01
7.475479125976562500e+01
7.913688659667968750e+01
8.619311523437500000e+01
1.048572845458984375e+02
1.162241516113281250e+02
7.630115509033203125e+01
4.304534530639648438e+01
2.423018264770507812e+01
2.158790206909179688e+01
2.593324279785156250e+01
4.363968276977539062e+01
7.205559539794921875e+01
8.523190307617187500e+01
8.443471527099609375e+01
9.455653381347656250e+01
9.364048767089843750e+01
5.664885330200195312e+01
4.746057510375976562e+01
4.679083251953125000e+01
5.753230667114257812e+01
5.193446350097656250e+01
5.610619735717773438e+01
6.811631774902343750e+01
6.755149841308593750e+01
7.189800262451171875e+01
8.378638458251953125e+01
1.090959548950195312e+02
9.448065948486328125e+01
1.181418304443359375e+02
9.885991668701171875e+01
9.432659149169921875e+01
6.064340591430664062e+01
4.262430572509765625e+01
2.298019409179687500e+01
2.150051116943359375e+01
2.425052642822265625e+01
3.249441909790039062e+01
5.584097671508789062e+01
9.152598571777343750e+01
1.063261337280273438e+02
9.142163085937500000e+01
7.251247406005859375e+01
6.667314147949218750e+01
5.551700973510742188e+01
8.196401977539062500e+01
8.972888946533203125e+01
8.949853515625000000e+01
8.492887878417968750e+01
7.827780151367187500e+01
9.884143829345703125e+01
9.093420410156250000e+01
7.825871276855468750e+01
1.059542617797851562e+02
9.020083618164062500e+01
7.892291259765625000e+01
7.767346191406250000e+01
7.941592407226562500e+01
7.928112030029296875e+01
8.957389068603515625e+01
5.980402755737304688e+01
3.237849044799804688e+01
1.870449256896972656e+01
1.902338981628417969e+01
2.274101257324218750e+01
3.210289382934570312e+01
7.025037384033203125e+01
8.970542144775390625e+01
9.061142730712890625e+01
1.083796997070312500e+02
1.100656051635742188e+02
9.676944732666015625e+01
8.016124725341796875e+01
7.147196197509765625e+01
5.901351547241210938e+01
5.382583236694335938e+01
5.115031051635742188e+01
1.025055236816406250e+02
8.758448791503906250e+01
6.633331298828125000e+01
3.473133850097656250e+01
2.423379898071289062e+01
2.217927169799804688e+01
3.281350326538085938e+01
4.774263000488281250e+01
7.373281097412109375e+01
8.844884490966796875e+01
9.648134613037109375e+01
1.112704620361328125e+02
8.344214630126953125e+01
5.886417388916015625e+01
4.786011505126953125e+01
4.485647583007812500e+01
4.592660903930664062e+01
5.975640869140625000e+01
5.866331863403320312e+01
5.216828918457031250e+01
5.304443740844726562e+01
5.141390609741210938e+01
6.852926635742187500e+01
1.034748001098632812e+02
1.002500991821289062e+02
8.035010528564453125e+01
4.634676742553710938e+01
2.404816436767578125e+01
1.864130401611328125e+01
1.994215393066406250e+01
2.669405746459960938e+01
4.388507461547851562e+01
7.066670989990234375e+01
8.367636108398437500e+01
8.640582275390625000e+01
9.541979217529296875e+01
7.600296020507812500e+01
1.048188018798828125e+02
7.893919372558593750e+01
9.063860321044921875e+01
8.255027008056640625e+01
7.101111602783203125e+01
6.028706359863281250e+01
5.723123168945312500e+01
6.062232971191406250e+01
6.527690124511718750e+01
8.881794738769531250e+01
9.985260009765625000e+01
9.653764343261718750e+01
9.080274963378906250e+01
6.353224182128906250e+01
3.436548233032226562e+01
2.510289382934570312e+01
2.868691825866699219e+01
3.990940093994140625e+01
6.144465637207031250e+01
8.174944305419921875e+01
8.857645416259765625e+01
9.516343688964843750e+01
1.107691574096679688e+02
7.737988281250000000e+01
5.869609069824218750e+01
4.876196670532226562e+01
4.353289794921875000e+01
4.802148056030273438e+01
4.245573806762695312e+01
4.377342987060546875e+01
4.953895950317382812e+01
5.637757873535156250e+01
5.914192199707031250e+01
7.096300506591796875e+01
6.125492477416992188e+01
8.723394012451171875e+01
9.564054870605468750e+01
8.250276184082031250e+01
4.915513992309570312e+01
2.875704193115234375e+01
2.391523170471191406e+01
2.445698356628417969e+01
4.347772598266601562e+01
6.824781036376953125e+01
8.207649230957031250e+01
9.287874603271484375e+01
1.085094757080078125e+02
7.360437774658203125e+01
5.518243408203125000e+01
4.722454452514648438e+01
5.230785369873046875e+01
6.019319915771484375e+01
6.018993377685546875e+01
4.864543914794921875e+01
4.320161819458007812e+01
3.994809722900390625e+01
3.726500320434570312e+01
7.757119750976562500e+01
9.893756103515625000e+01
1.065162582397460938e+02
6.348783111572265625e+01
3.791093826293945312e+01
2.779653930664062500e+01
2.436129379272460938e+01
2.385265159606933594e+01
3.082505035400390625e+01
4.766953277587890625e+01
7.462174224853515625e+01
8.955233764648437500e+01
9.501842498779296875e+01
1.110144729614257812e+02
7.418278503417968750e+01
5.535517120361328125e+01
4.614188385009765625e+01
4.312578201293945312e+01
6.002352905273437500e+01
5.206555938720703125e+01
6.201814270019531250e+01
8.915937042236328125e+01
1.155906143188476562e+02
8.972714233398437500e+01
1.044132690429687500e+02
1.005413589477539062e+02
9.805371856689453125e+01
6.947872161865234375e+01
5.776238632202148438e+01
5.605949401855468750e+01
3.988084793090820312e+01
3.933526611328125000e+01
5.607674789428710938e+01
7.223062896728515625e+01
7.425342559814453125e+01
7.115486907958984375e+01
6.582865905761718750e+01
9.297374725341796875e+01
6.875061798095703125e+01
6.324875259399414062e+01
5.930634307861328125e+01
5.374424362182617188e+01
4.546439361572265625e+01
6.831777954101562500e+01
7.464973449707031250e+01
8.616500854492187500e+01
9.355924224853515625e+01
1.004298477172851562e+02
9.724411773681640625e+01
1.086391983032226562e+02
1.018278121948242188e+02
8.514269256591796875e+01
8.076638031005859375e+01
5.931789398193359375e+01
5.396380233764648438e+01
4.833306884765625000e+01
4.978458023071289062e+01
5.489606094360351562e+01
5.088188171386718750e+01
4.966263198852539062e+01
5.168814086914062500e+01
6.740828704833984375e+01
8.316528320312500000e+01
7.972344970703125000e+01
6.586217498779296875e+01
5.676595687866210938e+01
5.179069519042968750e+01
6.259947586059570312e+01
5.810045623779296875e+01
5.376783752441406250e+01
5.434596633911132812e+01
5.869692993164062500e+01
1.103723144531250000e+02
1.020936050415039062e+02
9.928917694091796875e+01
7.166682434082031250e+01
3.465700531005859375e+01
1.746792221069335938e+01
1.666667175292968750e+01
1.943883323669433594e+01
3.503269577026367188e+01
6.160814285278320312e+01
7.793754577636718750e+01
8.060713958740234375e+01
8.114478302001953125e+01
1.063418502807617188e+02
6.697785949707031250e+01
5.982096862792968750e+01
6.184252166748046875e+01
6.406729888916015625e+01
9.712122344970703125e+01
8.721511077880859375e+01
9.165727233886718750e+01
9.158778381347656250e+01
8.920780181884765625e+01
8.692946624755859375e+01
9.805348205566406250e+01
1.002877426147460938e+02
1.139916458129882812e+02
9.082483673095703125e+01
4.369501876831054688e+01
2.408642196655273438e+01
2.130507278442382812e+01
2.222873687744140625e+01
2.531140518188476562e+01
3.631212234497070312e+01
5.943970108032226562e+01
9.707743835449218750e+01
9.761233520507812500e+01
1.075797042846679688e+02
6.633802032470703125e+01
5.945012664794921875e+01
7.568595886230468750e+01
7.394961547851562500e+01
5.660200881958007812e+01
4.761352539062500000e+01
4.664259719848632812e+01
5.019201660156250000e+01
5.746660614013671875e+01
5.691907501220703125e+01
6.152201461791992188e+01
8.367235565185546875e+01
1.112194900512695312e+02
8.999847412109375000e+01
4.743180847167968750e+01
2.331844329833984375e+01
2.028017234802246094e+01
2.069472694396972656e+01
2.911981391906738281e+01
4.752474212646484375e+01
8.140773010253906250e+01
9.213013458251953125e+01
8.577696990966796875e+01
1.052592239379882812e+02
9.038280487060546875e+01
8.605311584472656250e+01
9.121091461181640625e+01
7.723839569091796875e+01
8.696163177490234375e+01
9.831202697753906250e+01
7.783581542968750000e+01
8.145365142822265625e+01
8.121816253662109375e+01
7.964498138427734375e+01
1.043156814575195312e+02
1.167657470703125000e+02
9.984154510498046875e+01
7.002090454101562500e+01
3.473667144775390625e+01
2.124887657165527344e+01
1.974780845642089844e+01
2.353087806701660156e+01
3.922871398925781250e+01
6.534276580810546875e+01
8.474447631835937500e+01
8.443019866943359375e+01
8.808628845214843750e+01
1.093831100463867188e+02
8.056702423095703125e+01
6.473664093017578125e+01
8.543723297119140625e+01
7.979851531982421875e+01
1.008242263793945312e+02
1.003762512207031250e+02
8.684249877929687500e+01
6.728398132324218750e+01
6.214099502563476562e+01
6.886675262451171875e+01
7.266913604736328125e+01
9.968830108642578125e+01
6.906798553466796875e+01
8.963832855224609375e+01
5.172742080688476562e+01
4.269535827636718750e+01
2.768621063232421875e+01
2.462560462951660156e+01
2.875817108154296875e+01
3.774079895019531250e+01
6.012179183959960938e+01
8.944950866699218750e+01
9.806758880615234375e+01
1.112005615234375000e+02
7.283432769775390625e+01
5.969132614135742188e+01
5.590121459960937500e+01
5.253211212158203125e+01
6.186371994018554688e+01
6.743180084228515625e+01
8.310767364501953125e+01
6.956806945800781250e+01
7.856829833984375000e+01
8.921485900878906250e+01
9.392864227294921875e+01
1.188089065551757812e+02
8.946800994873046875e+01
5.954980468750000000e+01
4.120525741577148438e+01
2.427748870849609375e+01
2.220617675781250000e+01
2.578622245788574219e+01
3.258867645263671875e+01
5.024684524536132812e+01
6.224396896362304688e+01
6.392590332031250000e+01
5.472298431396484375e+01
3.609775543212890625e+01
2.529723548889160156e+01
2.191017532348632812e+01
1.960789871215820312e+01
2.266992568969726562e+01
2.212054061889648438e+01
2.187072944641113281e+01
2.187072944641113281e+01
2.187072944641113281e+01
2.187072944641113281e+01
2.187072944641113281e+01
2.187072944641113281e+01
2.187072944641113281e+01
2.187072944641113281e+01
2.187072944641113281e+01
2.187072944641113281e+01
2.187072944641113281e+01
2.187072944641113281e+01
2.187072944641113281e+01
2.187072944641113281e+01
2.187072944641113281e+01
2.187072944641113281e+01
2.187072944641113281e+01
2.187072944641113281e+01
2.187072944641113281e+01
2.187072944641113281e+01
2.187072944641113281e+01
2.187072944641113281e+01
2.187072944641113281e+01
2.187072944641113281e+01
2.187072944641113281e+01
2.187072944641113281e+01
2.187072944641113281e+01
2.187072944641113281e+01
2.187072944641113281e+01
2.187072944641113281e+01
2.187072944641113281e+01
2.187072944641113281e+01
2.187072944641113281e+01
2.187072944641113281e+01
2.187072944641113281e+01
2.187072944641113281e+01
2.187072944641113281e+01
2.187072944641113281e+01
2.187072944641113281e+01
2.187072944641113281e+01
2.187072944641113281e+01
2.187072944641113281e+01
2.187072944641113281e+01
2.187072944641113281e+01
2.187072944641113281e+01
2.187072944641113281e+01
2.187072944641113281e+01
2.187072944641113281e+01
2.187072944641113281e+01
2.187072944641113281e+01
2.187072944641113281e+01
2.187072944641113281e+01
2.187072944641113281e+01
2.187072944641113281e+01
2.187072944641113281e+01
2.187072944641113281e+01
2.187072944641113281e+01
2.187072944641113281e+01
2.187072944641113281e+01
2.187072944641113281e+01
2.187072944641113281e+01
2.187072944641113281e+01
2.187072944641113281e+01
2.187072944641113281e+01
2.187072944641113281e+01
2.187072944641113281e+01
2.187072944641113281e+01
2.187072944641113281e+01
2.187072944641113281e+01
2.187072944641113281e+01
2.187072944641113281e+01
2.187072944641113281e+01
2.187072944641113281e+01
2.187072944641113281e+01
2.187072944641113281e+01
2.187072944641113281e+01
2.187072944641113281e+01
2.187072944641113281e+01
1.026384353637695312e+02
9.885596466064453125e+01
6.694681549072265625e+01
3.771863937377929688e+01
3.983218002319335938e+01
5.011701965332031250e+01
5.275704956054687500e+01
5.089164733886718750e+01
5.642678833007812500e+01
6.237359619140625000e+01
7.984149932861328125e+01
1.015904235839843750e+02
1.104078903198242188e+02
7.957895660400390625e+01
7.203072357177734375e+01
6.904079437255859375e+01
6.647960662841796875e+01
8.269287872314453125e+01
6.958036041259765625e+01
8.207290649414062500e+01
9.703703308105468750e+01
8.601018524169921875e+01
7.242220306396484375e+01
7.042774200439453125e+01
8.991831207275390625e+01
9.022574615478515625e+01
5.793366241455078125e+01
3.266156005859375000e+01
2.930719757080078125e+01
3.560819625854492188e+01
4.724946594238281250e+01
6.604856109619140625e+01
8.346234893798828125e+01
9.404260253906250000e+01
9.653855133056640625e+01
9.959347534179687500e+01
1.072492218017578125e+02
6.802285766601562500e+01
5.434338378906250000e+01
5.647912979125976562e+01
5.596833038330078125e+01
6.358787536621093750e+01
6.324187469482421875e+01
7.699626159667968750e+01
6.946858215332031250e+01
5.709758758544921875e+01
6.726944732666015625e+01
1.154559097290039062e+02
6.725077056884765625e+01
4.291690444946289062e+01
3.880431747436523438e+01
4.997834014892578125e+01
9.206528472900390625e+01
7.380084991455078125e+01
7.768128204345703125e+01
7.756478118896484375e+01
8.094138336181640625e+01
6.886691284179687500e+01
6.402600097656250000e+01
7.780223083496093750e+01
1.087878265380859375e+02
6.782254028320312500e+01
5.277472305297851562e+01
4.859474563598632812e+01
6.693399810791015625e+01
1.094898147583007812e+02
1.013405990600585938e+02
7.850185394287109375e+01
9.613528442382812500e+01
9.088059997558593750e+01
4.941410446166992188e+01
5.110215377807617188e+01
9.419499969482421875e+01
6.340258407592773438e+01
1.014153823852539062e+02
3.936595153808593750e+01
4.004199218750000000e+01
3.557641601562500000e+01
8.457869720458984375e+01
6.108463668823242188e+01
8.899169921875000000e+01
9.079082489013671875e+01
8.319898223876953125e+01
8.845883178710937500e+01
1.071004867553710938e+02
8.597251129150390625e+01
5.135500335693359375e+01
4.559950637817382812e+01
4.850358581542968750e+01
5.795704650878906250e+01
8.746875762939453125e+01
1.038772048950195312e+02
1.048052673339843750e+02
9.527807617187500000e+01
8.575019836425781250e+01
9.200788116455078125e+01
9.511786651611328125e+01
9.375193786621093750e+01
9.256156158447265625e+01
5.558156967163085938e+01
5.074510955810546875e+01
3.413957595825195312e+01
3.550493621826171875e+01
4.187869262695312500e+01
6.238903427124023438e+01
8.361336517333984375e+01
8.174649810791015625e+01
7.434078216552734375e+01
8.083477783203125000e+01
8.787391662597656250e+01
1.194101028442382812e+02
1.118518447875976562e+02
1.102375564575195312e+02
8.271221923828125000e+01
6.574535369873046875e+01
9.315412139892578125e+01
9.756002044677734375e+01
9.528842163085937500e+01
8.688766479492187500e+01
9.870329284667968750e+01
1.087590789794921875e+02
1.054651412963867188e+02
7.843421173095703125e+01
4.056521606445312500e+01
3.803148651123046875e+01
3.684377670288085938e+01
4.760904693603515625e+01
6.183782577514648438e+01
7.275431823730468750e+01
7.547013092041015625e+01
7.425835418701171875e+01
8.563134002685546875e+01
1.138457031250000000e+02
8.373640441894531250e+01
6.555662536621093750e+01
4.438548660278320312e+01
3.238600540161132812e+01
5.860994338989257812e+01
4.879473876953125000e+01
4.651705932617187500e+01
4.695629882812500000e+01
5.722710037231445312e+01
8.401459503173828125e+01
1.162321472167968750e+02
1.017763214111328125e+02
8.654609680175781250e+01
4.298968887329101562e+01
2.246302223205566406e+01
2.108177757263183594e+01
2.426246833801269531e+01
3.162668991088867188e+01
4.420904159545898438e+01
7.217443084716796875e+01
9.535977935791015625e+01
9.410720062255859375e+01
9.029685211181640625e+01
1.023358001708984375e+02
7.223661041259765625e+01
8.645269012451171875e+01
8.275993347167968750e+01
7.806890106201171875e+01
7.539754486083984375e+01
6.115102767944335938e+01
9.092589569091796875e+01
8.844879150390625000e+01
8.153671264648437500e+01
8.224100494384765625e+01
7.851249694824218750e+01
9.034553527832031250e+01
9.185507965087890625e+01
7.509037780761718750e+01
5.439781951904296875e+01
4.352135848999023438e+01
4.390052032470703125e+01
4.270563125610351562e+01
4.563997268676757812e+01
5.139751815795898438e+01
5.748059463500976562e+01
7.264119720458984375e+01
1.002140045166015625e+02
1.089574127197265625e+02
7.980604553222656250e+01
6.667955780029296875e+01
5.831671142578125000e+01
6.255913543701171875e+01
7.047825622558593750e+01
6.749381256103515625e+01
7.709873199462890625e+01
8.374942016601562500e+01
1.020050888061523438e+02
9.801693725585937500e+01
1.051527328491210938e+02
7.253062438964843750e+01
5.343824005126953125e+01
6.817873382568359375e+01
1.117194061279296875e+02
7.541734313964843750e+01
5.258415603637695312e+01
2.854356002807617188e+01
2.730138397216796875e+01
2.994024085998535156e+01
4.246773529052734375e+01
7.145071411132812500e+01
1.052630920410156250e+02
1.108754425048828125e+02
8.667803955078125000e+01
6.321768569946289062e+01
5.082434082031250000e+01
1.046601715087890625e+02
1.114274749755859375e+02
9.317934417724609375e+01
7.430187225341796875e+01
7.740590667724609375e+01
7.030565643310546875e+01
6.554877471923828125e+01
9.336450195312500000e+01
1.070144195556640625e+02
9.478686523437500000e+01
8.394063568115234375e+01
3.799065017700195312e+01
2.855918884277343750e+01
2.890088462829589844e+01
2.801811408996582031e+01
3.371298980712890625e+01
4.157421112060546875e+01
6.521347808837890625e+01
1.026952896118164062e+02
1.118755874633789062e+02
1.025569839477539062e+02
6.008200836181640625e+01
5.717829895019531250e+01
5.626413726806640625e+01
5.784349822998046875e+01
6.256396865844726562e+01
6.623664855957031250e+01
6.989090728759765625e+01
6.957281494140625000e+01
5.811673355102539062e+01
6.577742767333984375e+01
9.884304046630859375e+01
9.457791900634765625e+01
7.981564331054687500e+01
4.891381835937500000e+01
2.315522956848144531e+01
2.242589950561523438e+01
2.703901481628417969e+01
3.384348297119140625e+01
4.450823974609375000e+01
7.267656707763671875e+01
9.647915649414062500e+01
9.311892700195312500e+01
9.506809997558593750e+01
1.069557037353515625e+02
7.390682983398437500e+01
6.019410705566406250e+01
5.328002166748046875e+01
6.753860473632812500e+01
5.754774856567382812e+01
9.476728057861328125e+01
9.021974182128906250e+01
9.929573059082031250e+01
7.758634948730468750e+01
6.780653381347656250e+01
8.662937164306640625e+01
1.100103378295898438e+02
8.535751342773437500e+01
8.238098907470703125e+01
7.567231750488281250e+01
6.894054412841796875e+01
8.608592987060546875e+01
5.158401870727539062e+01
4.741409683227539062e+01
5.109397888183593750e+01
6.836375427246093750e+01
7.675982666015625000e+01
8.150511169433593750e+01
8.409769439697265625e+01
8.831782531738281250e+01
9.383644104003906250e+01
6.892419433593750000e+01
1.096719818115234375e+02
9.391746520996093750e+01
6.866351318359375000e+01
5.992823028564453125e+01
6.513848114013671875e+01
9.228302764892578125e+01
9.492897796630859375e+01
7.569409179687500000e+01
1.002683181762695312e+02
7.976538848876953125e+01
9.638708496093750000e+01
4.806491470336914062e+01
3.388314437866210938e+01
2.352851295471191406e+01
2.599731445312500000e+01
3.258397293090820312e+01
3.924839401245117188e+01
5.559409332275390625e+01
1.016225357055664062e+02
1.084662780761718750e+02
1.133387832641601562e+02
7.789289093017578125e+01
6.729489135742187500e+01
6.072853469848632812e+01
5.388494873046875000e+01
6.679885101318359375e+01
6.394458007812500000e+01
8.358989715576171875e+01
7.333982086181640625e+01
6.465981292724609375e+01
6.968978118896484375e+01
8.605162811279296875e+01
1.069913101196289062e+02
1.058872375488281250e+02
1.014891433715820312e+02
6.255640792846679688e+01
3.609145736694335938e+01
3.162717819213867188e+01
3.561853027343750000e+01
4.998423767089843750e+01
7.555906677246093750e+01
9.042811584472656250e+01
8.928271484375000000e+01
9.801737976074218750e+01
1.082130050659179688e+02
7.982486724853515625e+01
7.861770629882812500e+01
8.594236755371093750e+01
6.465902709960937500e+01
6.660750579833984375e+01
5.489049530029296875e+01
5.507805633544921875e+01
6.011378860473632812e+01
6.847108459472656250e+01
6.626099395751953125e+01
1.171358566284179688e+02
9.360127258300781250e+01
6.757954406738281250e+01
4.034056472778320312e+01
5.007087326049804688e+01
3.785837173461914062e+01
3.401880264282226562e+01
3.834838485717773438e+01
4.263241195678710938e+01
5.223041915893554688e+01
9.500734710693359375e+01
9.972744750976562500e+01
1.043179702758789062e+02
1.022549972534179688e+02
8.202317047119140625e+01
4.486676406860351562e+01
6.621063232421875000e+01
6.795746612548828125e+01
9.079489135742187500e+01
8.551985931396484375e+01
9.958357238769531250e+01
1.036827163696289062e+02
1.050493545532226562e+02
1.004136581420898438e+02
1.023214492797851562e+02
1.017152252197265625e+02
8.520620727539062500e+01
7.390893554687500000e+01
6.036101150512695312e+01
2.773648262023925781e+01
2.439363288879394531e+01
2.667007064819335938e+01
3.060231971740722656e+01
3.878216552734375000e+01
6.911841583251953125e+01
9.385321807861328125e+01
9.695351409912109375e+01
1.031277770996093750e+02
7.640699005126953125e+01
1.027380294799804688e+02
9.189325714111328125e+01
6.646096801757812500e+01
6.969200134277343750e+01
8.356679534912109375e+01
8.941136932373046875e+01
6.685949707031250000e+01
7.115402221679687500e+01
6.995366668701171875e+01
1.119859085083007812e+02
1.010615921020507812e+02
8.857362365722656250e+01
8.156818389892578125e+01
4.066243362426757812e+01
2.531002044677734375e+01
2.186839294433593750e+01
2.529004669189453125e+01
3.159408187866210938e+01
4.569597625732421875e+01
8.379290771484375000e+01
9.450161743164062500e+01
1.052227249145507812e+02
1.043128433227539062e+02
8.261129760742187500e+01
6.697290802001953125e+01
6.299924087524414062e+01
8.506641387939453125e+01
9.761277008056640625e+01
8.523564147949218750e+01
7.402690124511718750e+01
7.203771209716796875e+01
7.155418395996093750e+01
7.217432403564453125e+01
1.005956115722656250e+02
8.725640106201171875e+01
6.528023529052734375e+01
4.625910568237304688e+01
4.057427978515625000e+01
3.041427612304687500e+01
3.445339202880859375e+01
3.990462493896484375e+01
5.578990936279296875e+01
8.329669189453125000e+01
9.447061157226562500e+01
8.696929931640625000e+01
8.511594390869140625e+01
1.048373031616210938e+02
9.124832916259765625e+01
6.033864593505859375e+01
8.479332733154296875e+01
5.656451797485351562e+01
5.099557876586914062e+01
4.669344329833984375e+01
4.563148498535156250e+01
4.990972518920898438e+01
5.627027130126953125e+01
5.475717544555664062e+01
5.907054901123046875e+01
6.497547149658203125e+01
7.636542510986328125e+01
7.062682342529296875e+01
6.574282073974609375e+01
6.446479797363281250e+01
6.444763183593750000e+01
6.370975112915039062e+01
6.411782836914062500e+01
6.420518493652343750e+01
6.627330017089843750e+01
6.831933593750000000e+01
7.602300262451171875e+01
6.839250183105468750e+01
6.391837692260742188e+01
6.326055145263671875e+01
6.209725952148437500e+01
6.056921768188476562e+01
6.104689788818359375e+01
6.373899459838867188e+01
7.014801025390625000e+01
7.311563873291015625e+01
8.148407745361328125e+01
7.195100402832031250e+01
7.572013854980468750e+01
1.042536926269531250e+02
8.258740234375000000e+01
6.156612396240234375e+01
3.421440124511718750e+01
2.242842292785644531e+01
2.486532020568847656e+01
3.156413269042968750e+01
3.960271072387695312e+01
6.147550582885742188e+01
9.105836486816406250e+01
9.423217773437500000e+01
9.470151519775390625e+01
1.094782791137695312e+02
1.123130416870117188e+02
1.078677291870117188e+02
1.043819580078125000e+02
1.185093231201171875e+02
9.772338867187500000e+01
1.049881591796875000e+02
1.039882736206054688e+02
7.825634002685546875e+01
7.296958923339843750e+01
7.889538574218750000e+01
1.212603683471679688e+02
1.031581954956054688e+02
8.075884246826171875e+01
8.385738372802734375e+01
7.685004425048828125e+01
3.603747940063476562e+01
2.120658493041992188e+01
1.889396286010742188e+01
2.335470199584960938e+01
2.916471481323242188e+01
4.164602279663085938e+01
7.932535552978515625e+01
1.069170761108398438e+02
1.078423461914062500e+02
8.914891052246093750e+01
7.934510040283203125e+01
4.989526748657226562e+01
8.851198577880859375e+01
6.972620391845703125e+01
4.014573669433593750e+01
3.479490661621093750e+01
4.036584854125976562e+01
6.214632415771484375e+01
9.873327636718750000e+01
1.240172348022460938e+02
1.192935943603515625e+02
8.560230255126953125e+01
6.468507385253906250e+01
3.891632461547851562e+01
2.452754592895507812e+01
2.076274681091308594e+01
2.683884239196777344e+01
3.517741775512695312e+01
4.514807510375976562e+01
7.574475097656250000e+01
9.439918518066406250e+01
1.029013671875000000e+02
1.032707061767578125e+02
7.855892181396484375e+01
6.932026672363281250e+01
6.647574615478515625e+01
6.211406707763671875e+01
4.760441207885742188e+01
2.702478218078613281e+01
3.374708175659179688e+01
4.062938690185546875e+01
4.795797348022460938e+01
6.642179870605468750e+01
1.112773132324218750e+02
1.125605087280273438e+02
8.862283325195312500e+01
7.266469573974609375e+01
4.079194641113281250e+01
2.662467193603515625e+01
2.310052871704101562e+01
3.359988021850585938e+01
3.791319656372070312e+01
4.520482635498046875e+01
6.822795104980468750e+01
1.049951477050781250e+02
1.094799575805664062e+02
1.031352081298828125e+02
5.577109527587890625e+01
3.799619674682617188e+01
3.336434936523437500e+01
3.596172332763671875e+01
5.216809082031250000e+01
6.404903411865234375e+01
7.937990570068359375e+01
8.334381103515625000e+01
8.117975616455078125e+01
7.294441223144531250e+01
9.702201843261718750e+01
1.132247543334960938e+02
8.531959533691406250e+01
8.363352203369140625e+01
5.532136154174804688e+01
3.358816146850585938e+01
2.954613876342773438e+01
3.537589645385742188e+01
