6.501943969726562500e+01
6.418682861328125000e+01
8.694917297363281250e+01
8.075903320312500000e+01
6.633995819091796875e+01
6.671243286132812500e+01
5.101794815063476562e+01
3.901047134399414062e+01
5.114042663574218750e+01
6.499239349365234375e+01
9.395156097412109375e+01
8.766836547851562500e+01
1.015621948242187500e+02
9.509066772460937500e+01
5.956428527832031250e+01
9.312042236328125000e+01
7.579026794433593750e+01
4.849832534790039062e+01
4.726937866210937500e+01
4.921213912963867188e+01
7.938473510742187500e+01
1.068317642211914062e+02
7.318250274658203125e+01
6.442045593261718750e+01
6.327486801147460938e+01
7.019905853271484375e+01
7.087837219238281250e+01
7.911965942382812500e+01
6.006655883789062500e+01
8.792031097412109375e+01
5.936648941040039062e+01
5.432304763793945312e+01
5.814105987548828125e+01
6.351876068115234375e+01
1.002459106445312500e+02
1.074125213623046875e+02
8.143518066406250000e+01
5.070999908447265625e+01
7.681453704833984375e+01
5.455790328979492188e+01
5.476235961914062500e+01
8.057640838623046875e+01
5.185176086425781250e+01
5.021154785156250000e+01
9.209024047851562500e+01
1.085737152099609375e+02
9.362796783447265625e+01
9.329912567138671875e+01
6.713413238525390625e+01
6.389816284179687500e+01
7.525914001464843750e+01
8.301792907714843750e+01
7.737717437744140625e+01
6.726099395751953125e+01
4.101462173461914062e+01
4.240043258666992188e+01
5.933135604858398438e+01
7.380444335937500000e+01
6.246510696411132812e+01
9.159954833984375000e+01
9.201084136962890625e+01
6.990220642089843750e+01
5.811053466796875000e+01
9.728974914550781250e+01
5.628100967407226562e+01
4.612770080566406250e+01
4.847038650512695312e+01
5.599127578735351562e+01
9.795973968505859375e+01
9.299394989013671875e+01
8.832479095458984375e+01
8.804412078857421875e+01
5.688381576538085938e+01
5.105141067504882812e+01
6.667647552490234375e+01
8.753540039062500000e+01
6.889866638183593750e+01
7.487330627441406250e+01
8.247268676757812500e+01
5.360668945312500000e+01
6.350158309936523438e+01
6.426930999755859375e+01
7.393017578125000000e+01
7.348372650146484375e+01
8.049613952636718750e+01
6.518751525878906250e+01
7.492282104492187500e+01
8.068090057373046875e+01
4.571286010742187500e+01
3.326638031005859375e+01
4.379712677001953125e+01
5.046594238281250000e+01
7.381275177001953125e+01
1.057407913208007812e+02
8.893417358398437500e+01
7.649913787841796875e+01
6.641844940185546875e+01
6.287612152099609375e+01
8.216270446777343750e+01
8.796965026855468750e+01
9.672199249267578125e+01
9.641134643554687500e+01
6.757597351074218750e+01
6.374225997924804688e+01
7.510810089111328125e+01
8.431604766845703125e+01
8.310217285156250000e+01
6.042848205566406250e+01
7.009252929687500000e+01
7.220349121093750000e+01
9.056709289550781250e+01
9.376726531982421875e+01
5.514383316040039062e+01
4.150835800170898438e+01
4.988274383544921875e+01
5.834589004516601562e+01
5.664429473876953125e+01
7.412513732910156250e+01
7.763267517089843750e+01
7.949264526367187500e+01
8.381866455078125000e+01
4.809656906127929688e+01
5.363473510742187500e+01
6.707577514648437500e+01
8.032556915283203125e+01
6.987288665771484375e+01
7.223390197753906250e+01
8.903918457031250000e+01
5.820918655395507812e+01
4.491869735717773438e+01
6.403205108642578125e+01
6.658730316162109375e+01
6.563447570800781250e+01
5.796408843994140625e+01
3.331499481201171875e+01
3.585878753662109375e+01
4.349559783935546875e+01
5.427268600463867188e+01
5.645424270629882812e+01
5.595616531372070312e+01
9.400106048583984375e+01
1.123724441528320312e+02
9.733965301513671875e+01
9.196029663085937500e+01
5.079669952392578125e+01
3.600126647949218750e+01
6.275336074829101562e+01
6.338965225219726562e+01
5.634888076782226562e+01
6.147861480712890625e+01
6.070393371582031250e+01
8.841585540771484375e+01
8.034042358398437500e+01
8.188398742675781250e+01
8.339013671875000000e+01
7.319213867187500000e+01
6.434980010986328125e+01
4.011298751831054688e+01
2.935258483886718750e+01
4.268432998657226562e+01
3.650709533691406250e+01
4.426914596557617188e+01
5.260133743286132812e+01
5.697652053833007812e+01
8.197610473632812500e+01
1.085005798339843750e+02
8.879428863525390625e+01
8.991254425048828125e+01
7.877346801757812500e+01
7.772006988525390625e+01
6.249961853027343750e+01
5.887301635742187500e+01
3.575472259521484375e+01
5.086206054687500000e+01
8.409304809570312500e+01
8.868753051757812500e+01
7.245285034179687500e+01
9.031864929199218750e+01
1.099672241210937500e+02
1.074705581665039062e+02
7.415988922119140625e+01
7.778285217285156250e+01
5.224499130249023438e+01
5.519836807250976562e+01
5.401425552368164062e+01
6.173673629760742188e+01
6.122309112548828125e+01
6.677368927001953125e+01
9.963925933837890625e+01
1.063503494262695312e+02
7.241636657714843750e+01
6.470568847656250000e+01
7.789266204833984375e+01
9.244609069824218750e+01
7.850189971923828125e+01
8.024234771728515625e+01
7.854039001464843750e+01
8.238967132568359375e+01
5.345802688598632812e+01
7.524583435058593750e+01
8.201465606689453125e+01
1.034840698242187500e+02
8.705262756347656250e+01
6.513896942138671875e+01
5.878577804565429688e+01
5.414433670043945312e+01
3.440401077270507812e+01
2.674939918518066406e+01
3.766011810302734375e+01
4.678251647949218750e+01
6.959620666503906250e+01
7.334194946289062500e+01
9.054026794433593750e+01
1.122516632080078125e+02
1.041326446533203125e+02
6.891007232666015625e+01
6.969956970214843750e+01
5.986813354492187500e+01
6.043757629394531250e+01
4.833703994750976562e+01
3.715622329711914062e+01
4.210873794555664062e+01
5.543531417846679688e+01
8.114732360839843750e+01
1.011719894409179688e+02
9.126500701904296875e+01
8.332901763916015625e+01
7.034215545654296875e+01
5.120371627807617188e+01
2.994261741638183594e+01
2.862581634521484375e+01
5.505947875976562500e+01
4.749452972412109375e+01
5.174631500244140625e+01
5.604110717773437500e+01
5.685223388671875000e+01
1.013413009643554688e+02
9.337570953369140625e+01
8.931838989257812500e+01
8.767063140869140625e+01
5.689128875732421875e+01
5.950404357910156250e+01
7.895134735107421875e+01
9.712162780761718750e+01
5.990433120727539062e+01
6.345315170288085938e+01
7.659880828857421875e+01
7.687826538085937500e+01
7.359052276611328125e+01
7.158533477783203125e+01
6.553855133056640625e+01
8.449242401123046875e+01
8.512641143798828125e+01
8.457525634765625000e+01
8.753382110595703125e+01
4.846292114257812500e+01
4.272731018066406250e+01
4.057155609130859375e+01
4.703338241577148438e+01
5.582952117919921875e+01
7.348729705810546875e+01
1.063815002441406250e+02
1.004657516479492188e+02
7.255130767822265625e+01
5.949452209472656250e+01
7.294318389892578125e+01
6.095761108398437500e+01
8.994614410400390625e+01
8.757863616943359375e+01
8.918228912353515625e+01
8.078656768798828125e+01
7.430222320556640625e+01
8.808300781250000000e+01
1.100632553100585938e+02
9.943302154541015625e+01
9.426274871826171875e+01
7.600514984130859375e+01
5.786256790161132812e+01
4.441230392456054688e+01
3.941433334350585938e+01
4.023843383789062500e+01
2.663645744323730469e+01
4.306502914428710938e+01
3.614295959472656250e+01
4.647362518310546875e+01
8.186846160888671875e+01
8.481586456298828125e+01
9.584128570556640625e+01
1.092370223999023438e+02
1.155253982543945312e+02
9.223322296142578125e+01
8.575951385498046875e+01
8.468616485595703125e+01
5.615178298950195312e+01
5.299127197265625000e+01
8.607589721679687500e+01
9.353791809082031250e+01
9.402313232421875000e+01
8.889194488525390625e+01
5.443489074707031250e+01
6.090764617919921875e+01
4.636697769165039062e+01
6.146837997436523438e+01
4.451727676391601562e+01
6.448410797119140625e+01
5.026061630249023438e+01
5.257674407958984375e+01
5.741629791259765625e+01
8.608207702636718750e+01
1.100588912963867188e+02
8.758193969726562500e+01
7.889283752441406250e+01
6.914094543457031250e+01
6.515854644775390625e+01
7.937113952636718750e+01
5.983399963378906250e+01
4.021422195434570312e+01
3.532657241821289062e+01
4.479083251953125000e+01
4.862545394897460938e+01
6.489457702636718750e+01
9.293495178222656250e+01
8.865302276611328125e+01
8.340914916992187500e+01
8.291822814941406250e+01
6.929304504394531250e+01
4.415597152709960938e+01
3.446884536743164062e+01
4.392395019531250000e+01
4.770893478393554688e+01
6.800970458984375000e+01
6.765339660644531250e+01
9.272543334960937500e+01
8.954817962646484375e+01
9.539988708496093750e+01
1.054857559204101562e+02
6.360617446899414062e+01
9.371390533447265625e+01
7.021097564697265625e+01
8.699538421630859375e+01
6.556316375732421875e+01
4.188359451293945312e+01
3.599322128295898438e+01
4.754462432861328125e+01
5.875037384033203125e+01
9.563951873779296875e+01
9.578852844238281250e+01
7.127335357666015625e+01
5.218362426757812500e+01
4.853775024414062500e+01
5.076958084106445312e+01
5.459839630126953125e+01
6.107057952880859375e+01
5.823440551757812500e+01
5.666264724731445312e+01
5.673083877563476562e+01
5.608898162841796875e+01
4.212431716918945312e+01
6.603110504150390625e+01
7.664853668212890625e+01
6.824501800537109375e+01
5.613535690307617188e+01
6.329057693481445312e+01
6.651463317871093750e+01
5.377504730224609375e+01
7.023781585693359375e+01
6.856925201416015625e+01
7.068801879882812500e+01
7.127095794677734375e+01
5.975511550903320312e+01
9.510828399658203125e+01
6.868087005615234375e+01
4.066009140014648438e+01
5.918838500976562500e+01
3.625604248046875000e+01
3.272948455810546875e+01
3.947093200683593750e+01
4.787108230590820312e+01
5.505672454833984375e+01
5.696718978881835938e+01
9.829235076904296875e+01
7.996913909912109375e+01
7.752464294433593750e+01
5.839800643920898438e+01
8.482764434814453125e+01
1.002098846435546875e+02
8.043825531005859375e+01
9.688942718505859375e+01
5.815976715087890625e+01
4.167390060424804688e+01
4.402152633666992188e+01
5.009531784057617188e+01
5.625049591064453125e+01
5.895449066162109375e+01
8.926235198974609375e+01
8.287988281250000000e+01
7.201325225830078125e+01
5.992774200439453125e+01
3.885997772216796875e+01
3.618421936035156250e+01
3.213741683959960938e+01
4.060866165161132812e+01
4.532485961914062500e+01
4.955040740966796875e+01
8.665936279296875000e+01
1.057046813964843750e+02
9.679650115966796875e+01
9.378208923339843750e+01
9.065026855468750000e+01
8.963378906250000000e+01
7.116745758056640625e+01
6.461006164550781250e+01
6.845134735107421875e+01
3.780680465698242188e+01
5.673375320434570312e+01
7.310835266113281250e+01
6.107324981689453125e+01
9.108815002441406250e+01
1.060413055419921875e+02
8.330030822753906250e+01
6.603635406494140625e+01
4.503590011596679688e+01
5.327884674072265625e+01
4.338750839233398438e+01
3.904049301147460938e+01
4.424317169189453125e+01
5.067535018920898438e+01
5.791389846801757812e+01
6.492629241943359375e+01
8.862840270996093750e+01
9.137692260742187500e+01
1.138111267089843750e+02
9.955941772460937500e+01
9.137157440185546875e+01
5.713009262084960938e+01
8.894028472900390625e+01
6.416819763183593750e+01
6.562406921386718750e+01
8.074321746826171875e+01
8.794347381591796875e+01
6.659884643554687500e+01
6.874294281005859375e+01
9.908243560791015625e+01
9.442594146728515625e+01
6.494496917724609375e+01
7.577674865722656250e+01
4.620007324218750000e+01
4.027545547485351562e+01
4.243569183349609375e+01
5.301197814941406250e+01
5.035168838500976562e+01
5.861199188232421875e+01
5.543107986450195312e+01
6.030799865722656250e+01
9.753866577148437500e+01
1.030301132202148438e+02
1.041430206298828125e+02
9.339618682861328125e+01
9.255346679687500000e+01
7.579493713378906250e+01
6.333734130859375000e+01
4.303282928466796875e+01
5.207777404785156250e+01
9.781096649169921875e+01
1.090487060546875000e+02
1.132023468017578125e+02
9.901161956787109375e+01
8.913858795166015625e+01
4.438530349731445312e+01
7.098471832275390625e+01
4.108316802978515625e+01
3.174217033386230469e+01
5.657994461059570312e+01
4.434724044799804688e+01
4.513410949707031250e+01
5.661177825927734375e+01
6.047714614868164062e+01
9.959983062744140625e+01
1.047878112792968750e+02
8.541616058349609375e+01
6.725758361816406250e+01
7.288672637939453125e+01
7.750029754638671875e+01
6.526856231689453125e+01
6.847671508789062500e+01
7.361569213867187500e+01
4.171860885620117188e+01
6.463771057128906250e+01
5.789064788818359375e+01
8.296166229248046875e+01
8.313778686523437500e+01
8.987612915039062500e+01
4.190117645263671875e+01
4.988614273071289062e+01
2.947428131103515625e+01
2.468845176696777344e+01
3.222919845581054688e+01
4.040045547485351562e+01
4.842948532104492188e+01
5.120852661132812500e+01
7.315485382080078125e+01
1.068962554931640625e+02
9.264671325683593750e+01
1.053388900756835938e+02
1.065326156616210938e+02
8.047074890136718750e+01
5.803038024902343750e+01
9.359481811523437500e+01
7.918211364746093750e+01
6.968569946289062500e+01
8.557558441162109375e+01
9.087319183349609375e+01
7.139093017578125000e+01
8.019787597656250000e+01
9.980348205566406250e+01
9.507526397705078125e+01
6.943261718750000000e+01
8.201376342773437500e+01
4.417382049560546875e+01
3.252779388427734375e+01
3.987545394897460938e+01
4.612835311889648438e+01
5.016910552978515625e+01
5.189765548706054688e+01
7.267124938964843750e+01
1.066546630859375000e+02
7.726716613769531250e+01
8.188862609863281250e+01
9.198218536376953125e+01
8.336579895019531250e+01
6.650881958007812500e+01
4.255239105224609375e+01
4.596901702880859375e+01
5.145005035400390625e+01
5.367885589599609375e+01
6.898354339599609375e+01
7.387710571289062500e+01
9.808351135253906250e+01
8.824839782714843750e+01
7.885456085205078125e+01
8.206411743164062500e+01
4.667950057983398438e+01
3.919045639038085938e+01
4.677456665039062500e+01
5.765404891967773438e+01
6.815746307373046875e+01
7.695056152343750000e+01
6.526125335693359375e+01
7.761182403564453125e+01
1.089720840454101562e+02
9.312249755859375000e+01
8.677748870849609375e+01
6.435742187500000000e+01
5.054587554931640625e+01
5.734341812133789062e+01
6.663217163085937500e+01
6.380796051025390625e+01
6.580180358886718750e+01
6.726534271240234375e+01
7.774424743652343750e+01
9.257843017578125000e+01
1.153157424926757812e+02
9.643577575683593750e+01
8.263394927978515625e+01
8.577640533447265625e+01
4.971150207519531250e+01
3.391626739501953125e+01
3.751811981201171875e+01
4.366199111938476562e+01
5.212847900390625000e+01
5.525058364868164062e+01
5.549765777587890625e+01
9.639015960693359375e+01
1.042880020141601562e+02
8.329159545898437500e+01
9.800673675537109375e+01
6.966138458251953125e+01
9.077841186523437500e+01
8.052205657958984375e+01
4.657602310180664062e+01
2.845562934875488281e+01
3.271483612060546875e+01
4.169733047485351562e+01
5.223113250732421875e+01
5.340762710571289062e+01
5.777162933349609375e+01
5.875414657592773438e+01
9.998718261718750000e+01
9.268225860595703125e+01
5.149076461791992188e+01
3.765329360961914062e+01
3.953412628173828125e+01
4.605720520019531250e+01
5.167811965942382812e+01
5.471364974975585938e+01
7.619169616699218750e+01
6.209562683105468750e+01
7.985676574707031250e+01
6.646363067626953125e+01
9.793304443359375000e+01
9.458742523193359375e+01
8.208789825439453125e+01
8.413874816894531250e+01
6.039811706542968750e+01
4.790065002441406250e+01
5.168297576904296875e+01
8.271081542968750000e+01
9.655310821533203125e+01
8.256439971923828125e+01
4.685964965820312500e+01
4.651829528808593750e+01
5.020110321044921875e+01
5.790373611450195312e+01
8.355039978027343750e+01
6.702865600585937500e+01
8.537303924560546875e+01
8.595200347900390625e+01
6.312613677978515625e+01
5.745891952514648438e+01
5.619550323486328125e+01
5.783665847778320312e+01
8.288098907470703125e+01
6.999935150146484375e+01
7.436098480224609375e+01
8.589314270019531250e+01
6.954122924804687500e+01
9.239402008056640625e+01
1.029248580932617188e+02
8.904046630859375000e+01
8.182211303710937500e+01
8.293019866943359375e+01
4.778160476684570312e+01
4.808762359619140625e+01
5.278956985473632812e+01
6.422453308105468750e+01
9.669333648681640625e+01
7.686164855957031250e+01
8.700955963134765625e+01
4.947764587402343750e+01
4.444470214843750000e+01
7.566571044921875000e+01
7.352236938476562500e+01
6.051873397827148438e+01
6.086436843872070312e+01
9.706167602539062500e+01
1.016296005249023438e+02
1.004467315673828125e+02
6.819872283935546875e+01
4.705107498168945312e+01
7.544520568847656250e+01
6.376258850097656250e+01
8.667628479003906250e+01
9.900878143310546875e+01
1.079825134277343750e+02
8.319646453857421875e+01
9.059999847412109375e+01
8.655337524414062500e+01
7.425389099121093750e+01
6.628068542480468750e+01
5.361248397827148438e+01
5.168380355834960938e+01
4.680830001831054688e+01
4.558367156982421875e+01
4.590771102905273438e+01
3.101981544494628906e+01
2.099122810363769531e+01
2.895096015930175781e+01
4.098611450195312500e+01
6.598520660400390625e+01
9.804356384277343750e+01
9.258388519287109375e+01
9.222854614257812500e+01
8.962135314941406250e+01
6.847885894775390625e+01
4.854432296752929688e+01
6.983771514892578125e+01
8.410160827636718750e+01
5.619679641723632812e+01
7.847568511962890625e+01
1.036689300537109375e+02
8.714147186279296875e+01
8.640550994873046875e+01
9.165248870849609375e+01
8.484621429443359375e+01
5.047146224975585938e+01
3.713718795776367188e+01
3.173227500915527344e+01
5.232265090942382812e+01
8.684694671630859375e+01
5.605672073364257812e+01
4.920489883422851562e+01
7.586142730712890625e+01
8.231155395507812500e+01
9.791793823242187500e+01
8.435484313964843750e+01
5.632980346679687500e+01
5.357943344116210938e+01
9.217745971679687500e+01
8.436905670166015625e+01
7.112907409667968750e+01
5.296283721923828125e+01
4.599291610717773438e+01
4.604616165161132812e+01
4.227066040039062500e+01
3.820166397094726562e+01
3.523986434936523438e+01
3.587101364135742188e+01
3.848907852172851562e+01
6.407460021972656250e+01
4.793664169311523438e+01
6.152389907836914062e+01
5.694602203369140625e+01
3.920156860351562500e+01
2.809350776672363281e+01
3.545577621459960938e+01
5.025915908813476562e+01
6.404803466796875000e+01
6.620137786865234375e+01
7.015299987792968750e+01
7.718738555908203125e+01
1.079589843750000000e+02
9.625979614257812500e+01
8.866363525390625000e+01
8.719372558593750000e+01
6.759365844726562500e+01
5.067948913574218750e+01
4.049193191528320312e+01
4.586134719848632812e+01
5.827362060546875000e+01
4.481067657470703125e+01
3.504824447631835938e+01
6.315702819824218750e+01
7.193000793457031250e+01
6.611649322509765625e+01
6.941223144531250000e+01
4.955911254882812500e+01
4.363676834106445312e+01
5.278182983398437500e+01
6.681586456298828125e+01
7.008058166503906250e+01
4.063837051391601562e+01
3.957096099853515625e+01
5.170374298095703125e+01
6.209736633300781250e+01
7.177022552490234375e+01
9.335046386718750000e+01
8.426966094970703125e+01
8.822097015380859375e+01
1.071559524536132812e+02
8.880387878417968750e+01
8.782344818115234375e+01
5.772528839111328125e+01
6.903340911865234375e+01
7.073149871826171875e+01
6.231527328491210938e+01
5.323190307617187500e+01
4.110184860229492188e+01
4.995749664306640625e+01
6.453216552734375000e+01
8.137091064453125000e+01
7.597976684570312500e+01
7.822331237792968750e+01
4.727367782592773438e+01
5.422957611083984375e+01
6.377766036987304688e+01
9.252214813232421875e+01
6.486521911621093750e+01
6.610408782958984375e+01
6.838326263427734375e+01
9.851995849609375000e+01
1.029411697387695312e+02
6.845599365234375000e+01
6.442620849609375000e+01
6.627308654785156250e+01
7.083141326904296875e+01
8.043415069580078125e+01
1.058443450927734375e+02
1.052817230224609375e+02
1.066280899047851562e+02
9.702642059326171875e+01
7.519865417480468750e+01
5.735781097412109375e+01
7.377619934082031250e+01
6.628597259521484375e+01
7.459717559814453125e+01
7.367439270019531250e+01
7.217866516113281250e+01
6.586957550048828125e+01
5.657627105712890625e+01
6.687876892089843750e+01
6.253115081787109375e+01
6.142573547363281250e+01
5.244762039184570312e+01
3.981041717529296875e+01
2.398130607604980469e+01
3.252082443237304688e+01
4.321776199340820312e+01
5.231173324584960938e+01
5.723066711425781250e+01
6.018912506103515625e+01
6.560687255859375000e+01
6.243034362792968750e+01
6.976020050048828125e+01
7.495454406738281250e+01
7.999767303466796875e+01
7.839270782470703125e+01
4.688913726806640625e+01
3.556278991699218750e+01
4.047106170654296875e+01
4.901046371459960938e+01
5.602449417114257812e+01
5.536344909667968750e+01
5.905583190917968750e+01
8.602718353271484375e+01
9.099114990234375000e+01
6.132530212402343750e+01
5.654141235351562500e+01
5.932146072387695312e+01
9.097583007812500000e+01
9.754077911376953125e+01
1.093635787963867188e+02
8.704058074951171875e+01
7.456985473632812500e+01
4.834292984008789062e+01
5.082615661621093750e+01
8.715488433837890625e+01
8.310825347900390625e+01
7.093251037597656250e+01
6.442242431640625000e+01
5.451680374145507812e+01
4.937699508666992188e+01
2.952584266662597656e+01
2.629589843750000000e+01
3.341371917724609375e+01
3.842259597778320312e+01
5.032752990722656250e+01
5.510409545898437500e+01
9.675651550292968750e+01
8.549267578125000000e+01
7.376824951171875000e+01
8.151998901367187500e+01
4.591881179809570312e+01
4.341666412353515625e+01
8.582127380371093750e+01
9.416392517089843750e+01
7.507841491699218750e+01
8.967616271972656250e+01
7.842299652099609375e+01
9.169338226318359375e+01
1.078720092773437500e+02
9.048927307128906250e+01
5.862913894653320312e+01
4.568486404418945312e+01
6.692175292968750000e+01
6.343774795532226562e+01
9.662895202636718750e+01
5.678261184692382812e+01
5.448971939086914062e+01
5.226887130737304688e+01
5.399622344970703125e+01
7.924570465087890625e+01
5.612877655029296875e+01
8.812464904785156250e+01
5.555848693847656250e+01
5.018706893920898438e+01
6.483213043212890625e+01
8.588956451416015625e+01
8.973002624511718750e+01
1.110427246093750000e+02
7.148454284667968750e+01
5.111448287963867188e+01
5.345357894897460938e+01
6.070148849487304688e+01
9.431682586669921875e+01
8.987193298339843750e+01
5.753013229370117188e+01
7.126937103271484375e+01
4.392848205566406250e+01
4.592095947265625000e+01
6.982789611816406250e+01
6.227588653564453125e+01
5.808200454711914062e+01
6.013379669189453125e+01
6.065437698364257812e+01
6.831217956542968750e+01
1.039029617309570312e+02
7.184272766113281250e+01
4.821824264526367188e+01
7.412231445312500000e+01
5.709380340576171875e+01
5.652688217163085938e+01
8.847802734375000000e+01
1.090251083374023438e+02
8.424543762207031250e+01
1.077460250854492188e+02
5.871345138549804688e+01
7.281673431396484375e+01
9.318222808837890625e+01
8.097764587402343750e+01
8.030934143066406250e+01
5.776611328125000000e+01
4.933573532104492188e+01
4.027858734130859375e+01
3.688043212890625000e+01
3.044017410278320312e+01
3.297053527832031250e+01
4.875673294067382812e+01
7.046536254882812500e+01
9.549085235595703125e+01
1.011621704101562500e+02
6.535631561279296875e+01
9.075599670410156250e+01
1.010076217651367188e+02
6.653636169433593750e+01
7.949646759033203125e+01
1.035186309814453125e+02
8.627696228027343750e+01
8.185488128662109375e+01
8.856118774414062500e+01
7.635619354248046875e+01
8.689867401123046875e+01
8.086304473876953125e+01
9.651519775390625000e+01
9.633382415771484375e+01
7.951374053955078125e+01
6.161288833618164062e+01
5.184708786010742188e+01
3.397385406494140625e+01
3.488907623291015625e+01
6.962868499755859375e+01
4.486653137207031250e+01
4.610852432250976562e+01
5.129201507568359375e+01
5.534823608398437500e+01
8.500003051757812500e+01
1.156529617309570312e+02
9.071673583984375000e+01
7.015048217773437500e+01
7.100434875488281250e+01
1.061327209472656250e+02
9.228928375244140625e+01
9.589131164550781250e+01
6.758377075195312500e+01
6.047750091552734375e+01
6.211050033569335938e+01
9.483698272705078125e+01
8.358762359619140625e+01
5.519961547851562500e+01
8.524827575683593750e+01
5.495503234863281250e+01
5.390282821655273438e+01
5.982393646240234375e+01
7.181773376464843750e+01
6.431753540039062500e+01
6.335349273681640625e+01
6.664234924316406250e+01
7.936631774902343750e+01
6.206628417968750000e+01
7.898855590820312500e+01
8.256330871582031250e+01
1.101778106689453125e+02
9.428540802001953125e+01
7.273913574218750000e+01
9.291237640380859375e+01
6.449900054931640625e+01
7.931821441650390625e+01
9.381687164306640625e+01
9.499029541015625000e+01
1.028484039306640625e+02
8.785302734375000000e+01
6.810866546630859375e+01
6.934748077392578125e+01
5.435064697265625000e+01
4.072174835205078125e+01
5.209352111816406250e+01
3.232644653320312500e+01
3.133186149597167969e+01
3.763815307617187500e+01
4.881507492065429688e+01
5.899504089355468750e+01
8.375261688232421875e+01
1.029744873046875000e+02
1.025501861572265625e+02
9.217020416259765625e+01
1.039604949951171875e+02
8.453591156005859375e+01
9.605605316162109375e+01
8.591311645507812500e+01
8.364688110351562500e+01
8.475424957275390625e+01
6.701063537597656250e+01
9.664353942871093750e+01
8.455636596679687500e+01
6.779367065429687500e+01
9.008574676513671875e+01
8.487817382812500000e+01
6.538429260253906250e+01
7.210269927978515625e+01
5.516116333007812500e+01
6.326205062866210938e+01
5.821377944946289062e+01
5.999478149414062500e+01
6.627328491210937500e+01
6.536567687988281250e+01
6.582227325439453125e+01
1.029450607299804688e+02
1.110912704467773438e+02
9.100315093994140625e+01
7.924499511718750000e+01
8.531470489501953125e+01
8.613587951660156250e+01
1.073176651000976562e+02
8.248228454589843750e+01
7.475376129150390625e+01
7.074923706054687500e+01
7.693386840820312500e+01
8.132392883300781250e+01
9.806742095947265625e+01
9.157308959960937500e+01
8.488028717041015625e+01
6.422251129150390625e+01
7.674414825439453125e+01
4.443557357788085938e+01
6.910474395751953125e+01
5.052066040039062500e+01
4.617807769775390625e+01
5.584434127807617188e+01
6.271615600585937500e+01
6.887010192871093750e+01
8.696869659423828125e+01
9.563646697998046875e+01
9.414862823486328125e+01
8.721279907226562500e+01
1.089203491210937500e+02
1.006542434692382812e+02
7.846794128417968750e+01
6.114373016357421875e+01
4.934319686889648438e+01
4.636000061035156250e+01
3.453025817871093750e+01
4.035107421875000000e+01
6.945220947265625000e+01
7.365912628173828125e+01
7.295267486572265625e+01
5.924599075317382812e+01
6.256072998046875000e+01
6.727100372314453125e+01
5.610400009155273438e+01
4.328345870971679688e+01
4.869856262207031250e+01
5.230880737304687500e+01
5.497483825683593750e+01
5.539498901367187500e+01
5.633750534057617188e+01
5.437028884887695312e+01
5.874356079101562500e+01
5.127577972412109375e+01
3.668515014648437500e+01
5.896182250976562500e+01
6.375062561035156250e+01
7.339945983886718750e+01
8.259398651123046875e+01
7.712431335449218750e+01
6.612001037597656250e+01
8.000136566162109375e+01
8.298293304443359375e+01
8.504291534423828125e+01
1.106820602416992188e+02
8.766165161132812500e+01
6.688257598876953125e+01
5.840473937988281250e+01
5.076175689697265625e+01
3.093766212463378906e+01
4.213299179077148438e+01
3.485769271850585938e+01
3.904977798461914062e+01
5.085386657714843750e+01
5.124182510375976562e+01
8.133316040039062500e+01
7.493350982666015625e+01
9.202982330322265625e+01
6.135509109497070312e+01
5.785637283325195312e+01
9.364876556396484375e+01
1.006321868896484375e+02
1.080717468261718750e+02
7.555238342285156250e+01
4.551231765747070312e+01
4.439218902587890625e+01
5.110454177856445312e+01
5.120346450805664062e+01
9.051834106445312500e+01
7.220568847656250000e+01
6.307712173461914062e+01
5.832250976562500000e+01
5.643324661254882812e+01
3.923550796508789062e+01
2.278701591491699219e+01
2.243783760070800781e+01
3.138897132873535156e+01
4.076227951049804688e+01
5.187499618530273438e+01
5.811208343505859375e+01
9.353167724609375000e+01
7.827414703369140625e+01
4.812662887573242188e+01
4.316733932495117188e+01
4.828761291503906250e+01
4.939444732666015625e+01
5.316256713867187500e+01
5.657491683959960938e+01
5.463202667236328125e+01
5.675394058227539062e+01
5.855359268188476562e+01
9.116339111328125000e+01
9.860717010498046875e+01
9.958116912841796875e+01
7.634958648681640625e+01
7.023622894287109375e+01
6.544505310058593750e+01
6.330718994140625000e+01
9.314807128906250000e+01
5.767073440551757812e+01
5.226035690307617188e+01
5.419326400756835938e+01
8.413613128662109375e+01
5.254665756225585938e+01
4.989668655395507812e+01
4.877298355102539062e+01
5.132461166381835938e+01
5.565437316894531250e+01
5.228967666625976562e+01
5.745446777343750000e+01
5.382338714599609375e+01
5.463104248046875000e+01
5.756966781616210938e+01
9.746208953857421875e+01
1.085896835327148438e+02
8.515682983398437500e+01
6.444227600097656250e+01
5.146423339843750000e+01
5.289752197265625000e+01
4.265935897827148438e+01
2.491201019287109375e+01
2.108027839660644531e+01
2.893711280822753906e+01
4.096755981445312500e+01
4.839782333374023438e+01
7.641957092285156250e+01
6.098077774047851562e+01
5.331862640380859375e+01
5.172634887695312500e+01
6.414885711669921875e+01
5.827025604248046875e+01
5.276077270507812500e+01
6.703560638427734375e+01
6.876242065429687500e+01
8.797605895996093750e+01
8.152631378173828125e+01
9.720059204101562500e+01
9.250654602050781250e+01
8.507865905761718750e+01
5.012707519531250000e+01
5.426335525512695312e+01
6.971991729736328125e+01
6.585794830322265625e+01
4.122182083129882812e+01
3.214479827880859375e+01
5.133497619628906250e+01
8.684817504882812500e+01
5.182837677001953125e+01
5.339039993286132812e+01
7.986846160888671875e+01
5.433206176757812500e+01
5.307909393310546875e+01
6.070877075195312500e+01
9.432061767578125000e+01
7.265195465087890625e+01
5.816401672363281250e+01
5.644019699096679688e+01
5.773198699951171875e+01
5.611519622802734375e+01
5.554939270019531250e+01
7.774707031250000000e+01
1.033859100341796875e+02
9.749937438964843750e+01
1.008890838623046875e+02
7.964643096923828125e+01
6.931451416015625000e+01
6.743901062011718750e+01
6.684487152099609375e+01
6.969106292724609375e+01
3.789520645141601562e+01
2.763084793090820312e+01
3.670118331909179688e+01
4.235593414306640625e+01
5.278858184814453125e+01
6.882821655273437500e+01
7.436157989501953125e+01
5.976497650146484375e+01
5.742071533203125000e+01
5.666973495483398438e+01
5.585348510742187500e+01
9.588063049316406250e+01
9.571929931640625000e+01
8.042087554931640625e+01
8.187960052490234375e+01
4.964720153808593750e+01
3.226290512084960938e+01
5.311845016479492188e+01
8.353941345214843750e+01
6.863154602050781250e+01
9.348646545410156250e+01
8.639420318603515625e+01
7.835818481445312500e+01
6.401487731933593750e+01
4.968798828125000000e+01
3.932721328735351562e+01
3.421406936645507812e+01
3.487728118896484375e+01
2.232633399963378906e+01
2.127150154113769531e+01
5.327124404907226562e+01
4.004020690917968750e+01
4.719798278808593750e+01
5.220742797851562500e+01
5.631622695922851562e+01
5.820670318603515625e+01
1.019808502197265625e+02
5.821035003662109375e+01
5.089528274536132812e+01
5.469574737548828125e+01
5.622950363159179688e+01
5.829998016357421875e+01
6.248335647583007812e+01
9.725589752197265625e+01
8.392091369628906250e+01
5.264942932128906250e+01
4.735484695434570312e+01
8.417639160156250000e+01
7.144189453125000000e+01
7.723101043701171875e+01
8.206796264648437500e+01
7.872178649902343750e+01
4.267955398559570312e+01
3.464553833007812500e+01
5.410413742065429688e+01
8.966553497314453125e+01
5.753322982788085938e+01
4.722948074340820312e+01
8.040773773193359375e+01
1.019927139282226562e+02
6.694401550292968750e+01
7.129489135742187500e+01
6.263346481323242188e+01
5.477869033813476562e+01
5.786363601684570312e+01
9.722739410400390625e+01
9.376890563964843750e+01
1.036995315551757812e+02
8.615457916259765625e+01
7.086632537841796875e+01
6.520758056640625000e+01
6.438585662841796875e+01
4.416881179809570312e+01
3.488140106201171875e+01
4.096254348754882812e+01
4.644267272949218750e+01
5.575080490112304688e+01
7.559297943115234375e+01
6.317821502685546875e+01
5.886696624755859375e+01
5.649065780639648438e+01
5.810850143432617188e+01
9.404226684570312500e+01
1.052125625610351562e+02
6.032213592529296875e+01
4.966374206542968750e+01
5.151707077026367188e+01
5.633806610107421875e+01
7.247555541992187500e+01
7.711501312255859375e+01
9.911245727539062500e+01
8.710751342773437500e+01
7.240330505371093750e+01
5.817356109619140625e+01
4.952843475341796875e+01
5.122791671752929688e+01
3.994748306274414062e+01
2.302881240844726562e+01
2.340566253662109375e+01
3.341519927978515625e+01
6.267225265502929688e+01
6.505360412597656250e+01
5.610879516601562500e+01
5.419157028198242188e+01
9.693624114990234375e+01
1.076388320922851562e+02
9.141740417480468750e+01
5.518044662475585938e+01
4.176648330688476562e+01
4.508109664916992188e+01
5.330015182495117188e+01
5.413969421386718750e+01
5.719297790527343750e+01
9.390615081787109375e+01
1.029975204467773438e+02
1.004641647338867188e+02
9.829801940917968750e+01
9.889251708984375000e+01
5.321648788452148438e+01
4.517145156860351562e+01
4.439905548095703125e+01
5.224440383911132812e+01
5.446267318725585938e+01
5.588527679443359375e+01
5.480144119262695312e+01
6.009442520141601562e+01
7.453388214111328125e+01
4.995568847656250000e+01
6.327965164184570312e+01
9.796794891357421875e+01
7.381744384765625000e+01
5.730802536010742188e+01
5.274053192138671875e+01
5.520487594604492188e+01
5.768847656250000000e+01
5.493298339843750000e+01
5.994219970703125000e+01
5.871021270751953125e+01
5.821618652343750000e+01
8.031662750244140625e+01
6.831680297851562500e+01
6.274147796630859375e+01
6.193289947509765625e+01
5.790177917480468750e+01
6.666119384765625000e+01
3.887033462524414062e+01
2.622768783569335938e+01
3.061338233947753906e+01
4.275103759765625000e+01
4.799036026000976562e+01
5.046221160888671875e+01
9.324263000488281250e+01
8.517444610595703125e+01
8.411491394042968750e+01
9.819506072998046875e+01
8.201862335205078125e+01
5.681153106689453125e+01
8.383222198486328125e+01
5.210177612304687500e+01
4.801840591430664062e+01
5.345164489746093750e+01
5.216305541992187500e+01
5.546935653686523438e+01
9.260808563232421875e+01
7.606134033203125000e+01
6.169068908691406250e+01
5.385633468627929688e+01
5.838880538940429688e+01
5.915321731567382812e+01
3.297056961059570312e+01
2.700345993041992188e+01
3.331570816040039062e+01
5.269013595581054688e+01
9.565203857421875000e+01
6.724057006835937500e+01
6.434793090820312500e+01
4.120693588256835938e+01
4.072160339355468750e+01
4.838133239746093750e+01
5.194403076171875000e+01
5.113957214355468750e+01
5.674715042114257812e+01
5.611869430541992188e+01
5.541268157958984375e+01
5.859231948852539062e+01
7.179280853271484375e+01
7.275205993652343750e+01
5.852254867553710938e+01
5.900513839721679688e+01
5.462971496582031250e+01
5.825920486450195312e+01
5.838863372802734375e+01
5.644902801513671875e+01
5.812162780761718750e+01
5.846982192993164062e+01
5.725996398925781250e+01
5.525503921508789062e+01
9.002867126464843750e+01
5.431813430786132812e+01
4.873683929443359375e+01
5.143126296997070312e+01
5.066743850708007812e+01
5.409971618652343750e+01
5.652359390258789062e+01
5.613201522827148438e+01
5.428625869750976562e+01
5.935023880004882812e+01
5.498762893676757812e+01
6.448932647705078125e+01
8.833811187744140625e+01
5.549628829956054688e+01
5.030042648315429688e+01
5.393436431884765625e+01
5.414656448364257812e+01
5.340230941772460938e+01
5.865391159057617188e+01
5.476247406005859375e+01
5.605442047119140625e+01
5.728047180175781250e+01
5.729788970947265625e+01
5.753852844238281250e+01
8.760651397705078125e+01
7.833576202392578125e+01
5.690280532836914062e+01
5.513764572143554688e+01
5.278945922851562500e+01
5.400687026977539062e+01
5.436099243164062500e+01
5.462984085083007812e+01
5.458918762207031250e+01
5.911112976074218750e+01
8.620294952392578125e+01
5.405667495727539062e+01
5.068944549560546875e+01
5.023785400390625000e+01
5.249158096313476562e+01
5.747210693359375000e+01
5.453396224975585938e+01
5.500860595703125000e+01
5.857934188842773438e+01
5.532322311401367188e+01
5.651029968261718750e+01
6.677933502197265625e+01
8.306553649902343750e+01
5.669785690307617188e+01
5.508617782592773438e+01
5.290866851806640625e+01
5.318334960937500000e+01
5.622763061523437500e+01
5.417089843750000000e+01
5.555314254760742188e+01
5.818368911743164062e+01
5.627150344848632812e+01
5.619758224487304688e+01
7.292156982421875000e+01
7.830875396728515625e+01
5.545843505859375000e+01
5.848815536499023438e+01
5.535117340087890625e+01
5.579528045654296875e+01
5.865019226074218750e+01
5.742708587646484375e+01
5.604756546020507812e+01
5.780640411376953125e+01
5.911413192749023438e+01
5.462743377685546875e+01
7.110613250732421875e+01
8.075881195068359375e+01
5.634223556518554688e+01
5.242510986328125000e+01
5.538227081298828125e+01
5.508847427368164062e+01
5.530647277832031250e+01
5.905455017089843750e+01
5.404549026489257812e+01
5.765745544433593750e+01
5.802542877197265625e+01
5.595439910888671875e+01
7.118379211425781250e+01
7.976837158203125000e+01
5.701597976684570312e+01
5.397825622558593750e+01
5.792303085327148438e+01
5.664989471435546875e+01
5.522539138793945312e+01
5.897497940063476562e+01
5.606748580932617188e+01
5.455046081542968750e+01
5.869512176513671875e+01
5.629127502441406250e+01
7.133860778808593750e+01
7.826061248779296875e+01
5.788064193725585938e+01
5.237980270385742188e+01
5.546886444091796875e+01
5.699712371826171875e+01
5.357485961914062500e+01
5.888551330566406250e+01
5.629534912109375000e+01
5.684643554687500000e+01
5.776221084594726562e+01
5.892753601074218750e+01
7.409323120117187500e+01
7.152362823486328125e+01
5.892380905151367188e+01
5.546055984497070312e+01
5.800495910644531250e+01
5.822011947631835938e+01
5.558247756958007812e+01
5.710931777954101562e+01
5.730216598510742188e+01
5.541471099853515625e+01
5.689823532104492188e+01
5.779116058349609375e+01
7.885185241699218750e+01
6.444664764404296875e+01
5.607062149047851562e+01
5.176683425903320312e+01
6.400366973876953125e+01
7.408868408203125000e+01
7.570098114013671875e+01
7.756060028076171875e+01
7.749680328369140625e+01
7.787429809570312500e+01
7.905259704589843750e+01
8.021202850341796875e+01
1.059551162719726562e+02
7.042251586914062500e+01
6.532897949218750000e+01
7.031505584716796875e+01
6.796883392333984375e+01
5.779332733154296875e+01
5.701713562011718750e+01
5.701433181762695312e+01
5.704987716674804688e+01
5.463173294067382812e+01
5.898955154418945312e+01
5.871829223632812500e+01
8.489363098144531250e+01
5.565193176269531250e+01
4.802038192749023438e+01
5.121125411987304688e+01
5.850717544555664062e+01
5.449517059326171875e+01
5.477334976196289062e+01
5.718872833251953125e+01
5.510778427124023438e+01
5.505630874633789062e+01
5.758301544189453125e+01
6.712807464599609375e+01
8.051398468017578125e+01
5.756354522705078125e+01
5.283444976806640625e+01
5.336589813232421875e+01
5.874008560180664062e+01
5.500004959106445312e+01
5.566672897338867188e+01
5.680104827880859375e+01
5.567186737060546875e+01
5.509625244140625000e+01
5.762974929809570312e+01
7.157340240478515625e+01
7.549124145507812500e+01
5.753435516357421875e+01
5.162475204467773438e+01
5.223956298828125000e+01
5.682747268676757812e+01
5.667445755004882812e+01
5.476048660278320312e+01
5.733137893676757812e+01
5.390664672851562500e+01
5.598181533813476562e+01
5.701269531250000000e+01
8.033705902099609375e+01
6.168983840942382812e+01
5.422869110107421875e+01
5.326246261596679688e+01
5.448781967163085938e+01
5.875551605224609375e+01
5.274201965332031250e+01
5.640967941284179688e+01
5.801906585693359375e+01
5.458479690551757812e+01
5.609770584106445312e+01
5.617528533935546875e+01
8.703849792480468750e+01
5.293483734130859375e+01
4.759595870971679688e+01
4.848767852783203125e+01
5.023532485961914062e+01
5.400017166137695312e+01
5.301596069335937500e+01
5.422377395629882812e+01
5.632105255126953125e+01
5.143074035644531250e+01
5.703870773315429688e+01
6.668913269042968750e+01
7.761079406738281250e+01
5.573522186279296875e+01
5.254226684570312500e+01
5.279946517944335938e+01
5.492052841186523438e+01
5.676416015625000000e+01
5.366553115844726562e+01
5.829747390747070312e+01
5.603261184692382812e+01
5.437507247924804688e+01
5.566479110717773438e+01
7.762252807617187500e+01
6.620116424560546875e+01
5.599245834350585938e+01
5.221423339843750000e+01
5.097735977172851562e+01
5.530821228027343750e+01
5.655034637451171875e+01
5.555019378662109375e+01
5.447883605957031250e+01
5.524504470825195312e+01
5.327272033691406250e+01
5.906193923950195312e+01
7.623583984375000000e+01
6.407951354980468750e+01
5.581800079345703125e+01
5.208589172363281250e+01
5.420170593261718750e+01
5.966028594970703125e+01
5.340050125122070312e+01
5.576395034790039062e+01
5.746018981933593750e+01
5.433629608154296875e+01
5.714744949340820312e+01
5.639351272583007812e+01
8.644606018066406250e+01
5.446261596679687500e+01
4.963718032836914062e+01
4.943450546264648438e+01
5.355564498901367188e+01
5.383539581298828125e+01
5.279710769653320312e+01
5.681122589111328125e+01
5.742560958862304688e+01
5.489014053344726562e+01
5.359321594238281250e+01
6.473959350585937500e+01
8.003966522216796875e+01
5.568744659423828125e+01
4.979782867431640625e+01
4.985221099853515625e+01
5.487483978271484375e+01
5.756029129028320312e+01
5.260029220581054688e+01
5.845398712158203125e+01
5.527090835571289062e+01
5.584640884399414062e+01
5.679861450195312500e+01
7.734470367431640625e+01
6.765798187255859375e+01
5.641551208496093750e+01
5.454322814941406250e+01
5.223707199096679688e+01
5.715060043334960938e+01
5.574314498901367188e+01
5.403815078735351562e+01
5.785882186889648438e+01
5.537717819213867188e+01
5.440120315551757812e+01
5.880554199218750000e+01
8.408156585693359375e+01
5.485143280029296875e+01
5.010164642333984375e+01
5.186829757690429688e+01
5.147335433959960938e+01
5.672167205810546875e+01
5.594736099243164062e+01
5.490740203857421875e+01
5.928125000000000000e+01
5.754324340820312500e+01
5.568119812011718750e+01
6.047700500488281250e+01
8.925109100341796875e+01
5.345709609985351562e+01
4.730265045166015625e+01
5.137899398803710938e+01
5.229808425903320312e+01
5.415478515625000000e+01
5.775307464599609375e+01
5.292515182495117188e+01
5.813618850708007812e+01
5.561352920532226562e+01
5.500257873535156250e+01
6.231167221069335938e+01
8.776986694335937500e+01
5.455887603759765625e+01
4.918567657470703125e+01
5.417988967895507812e+01
5.230756759643554688e+01
5.578258514404296875e+01
5.806398010253906250e+01
5.516375732421875000e+01
5.622106170654296875e+01
5.871075439453125000e+01
5.639490509033203125e+01
6.101613998413085938e+01
8.735126495361328125e+01
5.457308578491210938e+01
4.689532470703125000e+01
5.325450515747070312e+01
5.176841735839843750e+01
5.204626846313476562e+01
5.739904785156250000e+01
5.511643600463867188e+01
5.654629516601562500e+01
5.629319381713867188e+01
5.773307800292968750e+01
6.289191818237304688e+01
8.262574005126953125e+01
5.632743835449218750e+01
5.000593185424804688e+01
5.302565383911132812e+01
5.632878494262695312e+01
5.388248062133789062e+01
5.792278671264648438e+01
5.633049392700195312e+01
5.631958389282226562e+01
5.680664443969726562e+01
5.792700576782226562e+01
6.794375610351562500e+01
7.831332397460937500e+01
5.631412887573242188e+01
5.099887847900390625e+01
5.216211318969726562e+01
5.544804763793945312e+01
5.511380004882812500e+01
5.433491134643554688e+01
5.545495223999023438e+01
5.712954711914062500e+01
5.436516952514648438e+01
5.769696426391601562e+01
7.452558898925781250e+01
6.944447326660156250e+01
5.640648269653320312e+01
5.428445816040039062e+01
5.321391677856445312e+01
5.495660400390625000e+01
5.560563278198242188e+01
5.581358718872070312e+01
5.766140365600585938e+01
5.909547805786132812e+01
5.403501892089843750e+01
5.505020904541015625e+01
8.270729827880859375e+01
6.054011535644531250e+01
5.204758071899414062e+01
5.123301696777343750e+01
5.326800155639648438e+01
5.198351669311523438e+01
5.790380859375000000e+01
5.385231018066406250e+01
5.443588638305664062e+01
5.816036605834960938e+01
5.490620803833007812e+01
5.542537307739257812e+01
8.683463287353515625e+01
5.332813644409179688e+01
4.481091690063476562e+01
5.166611480712890625e+01
5.145567703247070312e+01
4.997959136962890625e+01
5.617548370361328125e+01
5.464301300048828125e+01
5.519331741333007812e+01
5.635730743408203125e+01
5.636251831054687500e+01
5.999636077880859375e+01
8.631169128417968750e+01
5.330742645263671875e+01
4.729220962524414062e+01
5.085908126831054688e+01
5.414570236206054688e+01
4.960852050781250000e+01
5.547597503662109375e+01
5.402824783325195312e+01
5.540320587158203125e+01
5.255171585083007812e+01
5.695307922363281250e+01
7.085898590087890625e+01
7.098893737792968750e+01
5.671695327758789062e+01
5.135990524291992188e+01
5.370026397705078125e+01
5.269317245483398438e+01
5.375652313232421875e+01
5.474312210083007812e+01
5.713569259643554688e+01
5.537891387939453125e+01
5.494200515747070312e+01
5.796175765991210938e+01
7.994105529785156250e+01
5.868737411499023438e+01
5.459935760498046875e+01
5.051001739501953125e+01
5.104967880249023438e+01
5.455368804931640625e+01
5.506513977050781250e+01
5.383074569702148438e+01
5.499024200439453125e+01
5.530786895751953125e+01
5.512452316284179688e+01
5.972875213623046875e+01
8.796184539794921875e+01
5.235127258300781250e+01
5.050497436523437500e+01
9.144792938232421875e+01
7.469766235351562500e+01
9.600916290283203125e+01
6.980947113037109375e+01
1.047391662597656250e+02
9.359356689453125000e+01
7.173282623291015625e+01
5.948531341552734375e+01
6.521260070800781250e+01
4.030627822875976562e+01
2.434670066833496094e+01
2.845667457580566406e+01
3.926282882690429688e+01
4.525939941406250000e+01
5.376694488525390625e+01
5.636861419677734375e+01
5.662388610839843750e+01
9.739062500000000000e+01
1.059376754760742188e+02
7.847679138183593750e+01
7.838017272949218750e+01
4.292663955688476562e+01
6.443744659423828125e+01
7.401657867431640625e+01
8.242988586425781250e+01
4.625023651123046875e+01
5.607373809814453125e+01
6.069548034667968750e+01
6.813417816162109375e+01
8.486527252197265625e+01
8.489997863769531250e+01
6.788221740722656250e+01
5.933713150024414062e+01
4.411137008666992188e+01
4.964818572998046875e+01
5.518773651123046875e+01
5.539797973632812500e+01
5.565553665161132812e+01
5.620070648193359375e+01
5.637517929077148438e+01
5.588647842407226562e+01
5.914195251464843750e+01
4.788709259033203125e+01
6.832103729248046875e+01
4.787837219238281250e+01
6.581051635742187500e+01
3.788744735717773438e+01
4.725560760498046875e+01
5.181326293945312500e+01
5.243933105468750000e+01
7.306752777099609375e+01
5.605390167236328125e+01
5.323323822021484375e+01
6.267224121093750000e+01
9.543019866943359375e+01
5.045985794067382812e+01
2.910385513305664062e+01
2.168763732910156250e+01
1.996407508850097656e+01
1.976334762573242188e+01
1.992930221557617188e+01
2.000557136535644531e+01
2.004542922973632812e+01
2.008095932006835938e+01
2.039201736450195312e+01
2.039174842834472656e+01
2.039174842834472656e+01
2.039174842834472656e+01
2.039174842834472656e+01
2.039174842834472656e+01
2.039174842834472656e+01
2.039174842834472656e+01
2.039174842834472656e+01
2.039174842834472656e+01
2.039174842834472656e+01
2.039174842834472656e+01
2.039174842834472656e+01
2.039174842834472656e+01
2.039174842834472656e+01
2.039174842834472656e+01
2.039174842834472656e+01
2.039174842834472656e+01
2.039174842834472656e+01
2.039174842834472656e+01
2.039174842834472656e+01
2.039174842834472656e+01
2.039174842834472656e+01
2.039174842834472656e+01
2.039174842834472656e+01
2.039174842834472656e+01
2.039174842834472656e+01
2.039174842834472656e+01
2.039174842834472656e+01
2.039174842834472656e+01
2.039174842834472656e+01
2.039174842834472656e+01
2.039174842834472656e+01
2.039174842834472656e+01
2.039174842834472656e+01
2.039174842834472656e+01
2.039174842834472656e+01
2.039174842834472656e+01
2.039174842834472656e+01
2.039174842834472656e+01
2.039174842834472656e+01
2.039174842834472656e+01
2.039174842834472656e+01
2.039174842834472656e+01
2.039174842834472656e+01
2.039174842834472656e+01
2.039174842834472656e+01
2.039174842834472656e+01
2.039174842834472656e+01
2.039174842834472656e+01
2.039174842834472656e+01
2.039174842834472656e+01
2.039174842834472656e+01
2.039174842834472656e+01
2.039174842834472656e+01
2.039174842834472656e+01
2.039174842834472656e+01
2.039174842834472656e+01
2.039174842834472656e+01
2.039174842834472656e+01
2.039174842834472656e+01
2.039174842834472656e+01
2.039174842834472656e+01
2.039174842834472656e+01
2.039174842834472656e+01
2.039174842834472656e+01
2.039174842834472656e+01
2.039174842834472656e+01
2.039174842834472656e+01
2.039174842834472656e+01
2.039174842834472656e+01
2.039174842834472656e+01
2.039174842834472656e+01
2.039174842834472656e+01
2.039174842834472656e+01
2.039174842834472656e+01
2.039174842834472656e+01
2.039174842834472656e+01
2.039174842834472656e+01
2.039174842834472656e+01
2.039174842834472656e+01
2.039174842834472656e+01
2.039174842834472656e+01
2.039174842834472656e+01
2.039174842834472656e+01
2.039174842834472656e+01
2.039174842834472656e+01
2.039174842834472656e+01
2.039174842834472656e+01
2.039174842834472656e+01
2.039174842834472656e+01
2.039174842834472656e+01
2.039174842834472656e+01
2.039174842834472656e+01
2.039174842834472656e+01
2.039174842834472656e+01
2.039174842834472656e+01
2.039174842834472656e+01
2.039174842834472656e+01
2.039174842834472656e+01
2.039174842834472656e+01
2.039174842834472656e+01
2.039174842834472656e+01
2.039174842834472656e+01
2.039174842834472656e+01
2.039174842834472656e+01
2.039174842834472656e+01
2.039174842834472656e+01
2.039174842834472656e+01
2.039174842834472656e+01
2.039174842834472656e+01
5.792369079589843750e+01
9.294663238525390625e+01
5.450799942016601562e+01
4.997270584106445312e+01
5.339409637451171875e+01
5.956471633911132812e+01
7.668540954589843750e+01
7.395389556884765625e+01
6.253744888305664062e+01
6.249005889892578125e+01
1.015510559082031250e+02
8.497689819335937500e+01
5.658653259277343750e+01
4.964378356933593750e+01
5.371481704711914062e+01
5.806333923339843750e+01
5.972235107421875000e+01
6.095407867431640625e+01
6.382574081420898438e+01
6.178324127197265625e+01
6.660060119628906250e+01
8.874658203125000000e+01
7.518782806396484375e+01
9.329208374023437500e+01
1.017143325805664062e+02
7.920825195312500000e+01
6.087075805664062500e+01
6.109098052978515625e+01
6.016015243530273438e+01
6.141267776489257812e+01
6.005273818969726562e+01
6.390954589843750000e+01
7.318470001220703125e+01
7.620252990722656250e+01
9.915233612060546875e+01
9.525843811035156250e+01
6.638037872314453125e+01
5.418181610107421875e+01
5.601617050170898438e+01
5.917149734497070312e+01
6.323149490356445312e+01
6.147673797607421875e+01
6.430261230468750000e+01
6.316515731811523438e+01
6.647454833984375000e+01
8.928329467773437500e+01
6.564649200439453125e+01
6.378594970703125000e+01
6.685232543945312500e+01
9.919692993164062500e+01
6.194997024536132812e+01
5.494413757324218750e+01
5.821137237548828125e+01
6.121772766113281250e+01
6.145274734497070312e+01
8.269610595703125000e+01
7.000907135009765625e+01
6.298884201049804688e+01
1.004233322143554688e+02
9.457427978515625000e+01
9.430787658691406250e+01
5.083677291870117188e+01
3.875140380859375000e+01
4.546324920654296875e+01
4.993616867065429688e+01
5.547977828979492188e+01
5.828483963012695312e+01
5.684287643432617188e+01
6.142665100097656250e+01
8.361373901367187500e+01
6.126006317138671875e+01
9.807764434814453125e+01
9.842751312255859375e+01
7.692610931396484375e+01
5.818841934204101562e+01
7.181687927246093750e+01
5.143299484252929688e+01
5.113013839721679688e+01
5.535618972778320312e+01
5.834064483642578125e+01
5.866761779785156250e+01
5.992541503906250000e+01
1.015682983398437500e+02
7.928673553466796875e+01
5.836384963989257812e+01
5.036081695556640625e+01
5.537726211547851562e+01
8.371321105957031250e+01
6.358943176269531250e+01
6.085144042968750000e+01
5.923144149780273438e+01
6.227978515625000000e+01
6.344610214233398438e+01
9.016429901123046875e+01
8.265354156494140625e+01
7.662335968017578125e+01
1.000811309814453125e+02
6.455702972412109375e+01
8.738287353515625000e+01
6.351256179809570312e+01
5.342271041870117188e+01
5.164139556884765625e+01
5.703764724731445312e+01
8.510958099365234375e+01
5.592515182495117188e+01
5.350877380371093750e+01
8.461561584472656250e+01
1.063292541503906250e+02
1.007676391601562500e+02
9.779132080078125000e+01
9.701917266845703125e+01
1.030342788696289062e+02
9.306051635742187500e+01
7.668733978271484375e+01
8.699394989013671875e+01
5.828480529785156250e+01
8.539576721191406250e+01
1.044584426879882812e+02
1.015731735229492188e+02
8.927463531494140625e+01
8.275930786132812500e+01
5.956244277954101562e+01
5.268350601196289062e+01
3.628525161743164062e+01
2.481456184387207031e+01
3.284806060791015625e+01
4.509480285644531250e+01
5.226851654052734375e+01
8.180965423583984375e+01
5.914266204833984375e+01
5.865594482421875000e+01
7.946638488769531250e+01
1.004115982055664062e+02
9.501889038085937500e+01
1.040447769165039062e+02
9.932195281982421875e+01
9.243372344970703125e+01
9.074591827392578125e+01
9.162241363525390625e+01
9.426442718505859375e+01
8.781159973144531250e+01
5.888725280761718750e+01
5.430030059814453125e+01
4.001425170898437500e+01
3.574027633666992188e+01
4.241696929931640625e+01
5.450409698486328125e+01
9.282694244384765625e+01
6.214192581176757812e+01
5.312583160400390625e+01
6.100068664550781250e+01
5.762531280517578125e+01
8.792237854003906250e+01
5.598812866210937500e+01
5.411727523803710938e+01
8.308240509033203125e+01
7.497767639160156250e+01
9.853819274902343750e+01
1.115900268554687500e+02
9.676914215087890625e+01
8.674840545654296875e+01
9.125939178466796875e+01
8.751235198974609375e+01
5.065867614746093750e+01
7.397560882568359375e+01
9.886531066894531250e+01
9.695288848876953125e+01
7.849565124511718750e+01
5.647898483276367188e+01
6.392128753662109375e+01
5.374470138549804688e+01
4.914612197875976562e+01
4.814232635498046875e+01
3.785359573364257812e+01
4.151458740234375000e+01
4.933515930175781250e+01
5.339492034912109375e+01
5.841183471679687500e+01
9.717868041992187500e+01
1.010109939575195312e+02
7.590613555908203125e+01
8.197747802734375000e+01
1.021056594848632812e+02
9.977783203125000000e+01
8.385639953613281250e+01
6.888896179199218750e+01
7.903752899169921875e+01
7.811291503906250000e+01
4.435415267944335938e+01
3.652239990234375000e+01
7.894000244140625000e+01
7.625566864013671875e+01
6.492160034179687500e+01
6.081412887573242188e+01
4.632940673828125000e+01
3.515011596679687500e+01
3.623886489868164062e+01
4.492350769042968750e+01
4.865186691284179688e+01
7.909136199951171875e+01
5.294923400878906250e+01
5.085998153686523438e+01
8.680709075927734375e+01
1.079574813842773438e+02
1.010641784667968750e+02
1.003850173950195312e+02
9.522713470458984375e+01
8.156431579589843750e+01
7.686197662353515625e+01
6.506375885009765625e+01
7.034321594238281250e+01
7.646905517578125000e+01
7.626259613037109375e+01
8.177226257324218750e+01
9.341368865966796875e+01
8.095722961425781250e+01
6.693358612060546875e+01
5.666718292236328125e+01
4.834295654296875000e+01
3.258452606201171875e+01
2.689073944091796875e+01
3.827067184448242188e+01
4.646071243286132812e+01
7.006344604492187500e+01
5.505870437622070312e+01
7.700823211669921875e+01
9.855550384521484375e+01
1.044991683959960938e+02
7.427360534667968750e+01
8.449340057373046875e+01
9.124800872802734375e+01
1.094648971557617188e+02
9.187116241455078125e+01
7.226901245117187500e+01
7.480495452880859375e+01
7.327978515625000000e+01
7.306881713867187500e+01
4.554408264160156250e+01
6.688677978515625000e+01
7.156370544433593750e+01
4.195313262939453125e+01
7.169233703613281250e+01
4.139258956909179688e+01
3.265169525146484375e+01
3.802645492553710938e+01
5.008166503906250000e+01
5.249725723266601562e+01
5.729737091064453125e+01
5.801207733154296875e+01
8.466359710693359375e+01
1.004645156860351562e+02
1.097963562011718750e+02
9.867374420166015625e+01
9.156294250488281250e+01
8.493737792968750000e+01
6.845688629150390625e+01
5.019678115844726562e+01
5.063512420654296875e+01
4.049908828735351562e+01
3.222572708129882812e+01
7.113932037353515625e+01
9.224186706542968750e+01
8.995629882812500000e+01
6.332046127319335938e+01
5.524203872680664062e+01
7.329069519042968750e+01
6.232125854492187500e+01
3.852362823486328125e+01
3.609047317504882812e+01
4.066008758544921875e+01
6.509939575195312500e+01
8.922465515136718750e+01
9.276267242431640625e+01
9.827841949462890625e+01
8.606742858886718750e+01
7.104924011230468750e+01
6.076337051391601562e+01
5.290718841552734375e+01
5.501904296875000000e+01
7.837187957763671875e+01
4.907360076904296875e+01
3.770465850830078125e+01
4.964246368408203125e+01
5.118611907958984375e+01
5.607591629028320312e+01
7.351055145263671875e+01
9.099525451660156250e+01
7.505141448974609375e+01
8.104824066162109375e+01
4.954460525512695312e+01
6.003426361083984375e+01
4.210704803466796875e+01
2.681932067871093750e+01
3.159139060974121094e+01
3.951358795166015625e+01
7.458348846435546875e+01
4.840172958374023438e+01
6.740384674072265625e+01
9.079940795898437500e+01
7.177210235595703125e+01
4.958541870117187500e+01
7.970884704589843750e+01
8.528256225585937500e+01
8.989340972900390625e+01
8.657728576660156250e+01
8.476587677001953125e+01
8.443264770507812500e+01
7.843066406250000000e+01
5.618952178955078125e+01
8.512970733642578125e+01
8.037791442871093750e+01
6.816587829589843750e+01
6.518846130371093750e+01
5.404560852050781250e+01
5.100159835815429688e+01
4.731877517700195312e+01
3.648932647705078125e+01
4.312726974487304688e+01
3.235188674926757812e+01
3.745527267456054688e+01
4.793958663940429688e+01
5.396760177612304688e+01
5.515914154052734375e+01
9.966619110107421875e+01
6.394758987426757812e+01
9.724974060058593750e+01
9.613665771484375000e+01
6.263128280639648438e+01
7.435923004150390625e+01
7.629365539550781250e+01
8.425592041015625000e+01
6.134624862670898438e+01
8.037220001220703125e+01
8.395403289794921875e+01
9.884367370605468750e+01
9.731345367431640625e+01
7.655345916748046875e+01
5.725124740600585938e+01
4.230183410644531250e+01
2.700538444519042969e+01
3.060439109802246094e+01
3.846384429931640625e+01
4.385881042480468750e+01
5.314242172241210938e+01
5.116102218627929688e+01
9.752603149414062500e+01
9.536895751953125000e+01
8.005194091796875000e+01
6.863066864013671875e+01
4.684239578247070312e+01
3.805904006958007812e+01
5.664331436157226562e+01
7.463519287109375000e+01
4.434943008422851562e+01
7.246269989013671875e+01
7.832881164550781250e+01
7.679457092285156250e+01
7.757392120361328125e+01
7.538365936279296875e+01
6.916735839843750000e+01
5.318959808349609375e+01
7.303461456298828125e+01
4.528242492675781250e+01
4.083300018310546875e+01
4.980097961425781250e+01
4.481833267211914062e+01
4.845145416259765625e+01
5.159065246582031250e+01
5.639015579223632812e+01
7.354915618896484375e+01
1.041933364868164062e+02
7.912772369384765625e+01
7.103679656982421875e+01
4.690036392211914062e+01
7.317903137207031250e+01
5.304241180419921875e+01
4.864503860473632812e+01
4.953831100463867188e+01
5.080700683593750000e+01
7.719689178466796875e+01
5.413453674316406250e+01
8.158571624755859375e+01
7.714759063720703125e+01
7.708740234375000000e+01
6.502873229980468750e+01
6.197396087646484375e+01
8.035425567626953125e+01
4.609697341918945312e+01
3.448065185546875000e+01
6.109068298339843750e+01
5.294409561157226562e+01
5.765306854248046875e+01
5.803740310668945312e+01
9.290245819091796875e+01
1.038236389160156250e+02
9.235348510742187500e+01
7.210063171386718750e+01
4.662182998657226562e+01
4.208843231201171875e+01
8.326917266845703125e+01
6.982380676269531250e+01
7.723023223876953125e+01
8.582093811035156250e+01
9.531719207763671875e+01
1.022959213256835938e+02
9.042017364501953125e+01
7.080958557128906250e+01
7.693002319335937500e+01
8.034804534912109375e+01
6.109736633300781250e+01
5.139062881469726562e+01
5.055877304077148438e+01
4.701739883422851562e+01
2.895808982849121094e+01
1.876419448852539062e+01
2.377549552917480469e+01
5.264361190795898438e+01
6.838609313964843750e+01
9.108547210693359375e+01
7.146379852294921875e+01
5.805109405517578125e+01
5.368933486938476562e+01
6.784798431396484375e+01
9.471463012695312500e+01
9.456217956542968750e+01
5.512915039062500000e+01
7.003421783447265625e+01
4.059294128417968750e+01
5.729781341552734375e+01
7.837190246582031250e+01
9.881359100341796875e+01
9.014623260498046875e+01
8.205780029296875000e+01
7.656271362304687500e+01
4.604802322387695312e+01
3.419284439086914062e+01
5.289306640625000000e+01
4.844379806518554688e+01
5.057131576538085938e+01
5.115155792236328125e+01
5.129913711547851562e+01
9.465011596679687500e+01
1.083244171142578125e+02
5.832550048828125000e+01
4.557171249389648438e+01
5.510546493530273438e+01
7.542902374267578125e+01
5.749539184570312500e+01
6.490195465087890625e+01
8.268238067626953125e+01
6.322878646850585938e+01
8.241902160644531250e+01
1.047414245605468750e+02
9.269287109375000000e+01
9.569379425048828125e+01
7.765532684326171875e+01
7.132728576660156250e+01
5.888926315307617188e+01
4.636154937744140625e+01
4.229309463500976562e+01
4.027074050903320312e+01
2.628273200988769531e+01
1.953969192504882812e+01
2.989183807373046875e+01
4.136848449707031250e+01
7.136408996582031250e+01
1.044037551879882812e+02
8.012525939941406250e+01
7.850274658203125000e+01
9.246960449218750000e+01
5.868450927734375000e+01
8.794108581542968750e+01
8.759073638916015625e+01
8.516473388671875000e+01
6.754581451416015625e+01
5.097455978393554688e+01
8.748693847656250000e+01
6.245363235473632812e+01
5.225276565551757812e+01
8.271443176269531250e+01
8.166619873046875000e+01
8.229342651367187500e+01
8.328711700439453125e+01
8.372596740722656250e+01
7.889271545410156250e+01
6.634729003906250000e+01
5.684997940063476562e+01
7.280105590820312500e+01
4.268658447265625000e+01
2.780398368835449219e+01
3.512220764160156250e+01
4.625260543823242188e+01
6.902513122558593750e+01
5.426051712036132812e+01
7.403002929687500000e+01
7.920267486572265625e+01
1.044906005859375000e+02
1.025540695190429688e+02
9.117727661132812500e+01
7.788821411132812500e+01
5.755927276611328125e+01
5.597384262084960938e+01
5.491976165771484375e+01
7.186869049072265625e+01
6.207607650756835938e+01
6.789551544189453125e+01
7.667850494384765625e+01
7.561844635009765625e+01
4.226860046386718750e+01
4.099998855590820312e+01
3.410700607299804688e+01
3.729422760009765625e+01
4.336998367309570312e+01
7.046348571777343750e+01
9.577967834472656250e+01
7.440380859375000000e+01
4.831911087036132812e+01
4.433667373657226562e+01
4.852037811279296875e+01
5.571770095825195312e+01
9.325929260253906250e+01
5.821784210205078125e+01
4.790782165527343750e+01
5.137690734863281250e+01
5.433823013305664062e+01
6.483226013183593750e+01
7.756018829345703125e+01
6.578269195556640625e+01
6.017499542236328125e+01
5.017953109741210938e+01
3.949091720581054688e+01
2.341643905639648438e+01
2.321420097351074219e+01
3.404196929931640625e+01
4.145647048950195312e+01
4.575625228881835938e+01
4.879242706298828125e+01
7.218279266357421875e+01
1.042688140869140625e+02
7.983512115478515625e+01
7.952080535888671875e+01
5.504768371582031250e+01
6.874071502685546875e+01
6.778865051269531250e+01
6.940917205810546875e+01
7.064755249023437500e+01
5.522087860107421875e+01
6.787371826171875000e+01
7.826596832275390625e+01
1.096250457763671875e+02
9.990641784667968750e+01
7.882051086425781250e+01
6.472301483154296875e+01
7.265312194824218750e+01
7.555417633056640625e+01
4.380602645874023438e+01
3.541719055175781250e+01
4.212632751464843750e+01
4.966052627563476562e+01
5.165309143066406250e+01
5.735367965698242188e+01
8.587264251708984375e+01
9.662034606933593750e+01
7.832263183593750000e+01
5.405541229248046875e+01
3.759511947631835938e+01
3.825872802734375000e+01
6.027490234375000000e+01
5.227171325683593750e+01
5.828413772583007812e+01
6.572174072265625000e+01
6.898514556884765625e+01
6.397503280639648438e+01
8.338379669189453125e+01
5.449427032470703125e+01
9.247090911865234375e+01
8.004837799072265625e+01
7.308053588867187500e+01
5.979644393920898438e+01
4.114954376220703125e+01
2.401851463317871094e+01
2.272983932495117188e+01
5.273952102661132812e+01
3.513504028320312500e+01
3.702671432495117188e+01
6.459865570068359375e+01
9.694940185546875000e+01
7.475542449951171875e+01
5.193766403198242188e+01
4.868637847900390625e+01
7.887502288818359375e+01
7.435299682617187500e+01
7.816865539550781250e+01
4.616249465942382812e+01
3.743294525146484375e+01
3.883935546875000000e+01
4.452445220947265625e+01
8.938375854492187500e+01
7.991999053955078125e+01
3.913146209716796875e+01
5.503713989257812500e+01
6.079045104980468750e+01
5.917536544799804688e+01
4.284403991699218750e+01
2.510530281066894531e+01
3.055958557128906250e+01
4.469029235839843750e+01
3.885775756835937500e+01
4.488516998291015625e+01
7.449932861328125000e+01
9.892469024658203125e+01
7.248314666748046875e+01
5.023669052124023438e+01
3.691712570190429688e+01
4.429819107055664062e+01
8.158279418945312500e+01
6.372256851196289062e+01
6.998212432861328125e+01
1.060972290039062500e+02
1.101905899047851562e+02
8.852613830566406250e+01
6.868414306640625000e+01
8.192325592041015625e+01
6.659190368652343750e+01
5.259695816040039062e+01
5.671097564697265625e+01
7.824991607666015625e+01
5.421293640136718750e+01
4.840031433105468750e+01
6.892829132080078125e+01
5.457393264770507812e+01
5.273537826538085938e+01
4.945782470703125000e+01
7.205623626708984375e+01
1.024265060424804688e+02
6.807012939453125000e+01
6.868959045410156250e+01
6.995690917968750000e+01
7.050955200195312500e+01
5.995239639282226562e+01
7.063075256347656250e+01
7.384688568115234375e+01
7.907067108154296875e+01
5.276548767089843750e+01
6.589775848388671875e+01
7.007495117187500000e+01
9.213938140869140625e+01
8.788018035888671875e+01
7.733003997802734375e+01
7.842108917236328125e+01
5.082010650634765625e+01
4.662485504150390625e+01
5.673441314697265625e+01
6.775919342041015625e+01
7.805970001220703125e+01
5.842207717895507812e+01
5.056748962402343750e+01
4.877031326293945312e+01
7.390018463134765625e+01
9.731908416748046875e+01
8.854023742675781250e+01
6.978760528564453125e+01
5.486046981811523438e+01
5.045245742797851562e+01
7.652556610107421875e+01
6.334392166137695312e+01
5.671597671508789062e+01
5.886366653442382812e+01
6.576113891601562500e+01
1.057438049316406250e+02
1.055137100219726562e+02
8.750523376464843750e+01
6.808480072021484375e+01
5.948120880126953125e+01
3.648339080810546875e+01
2.512115478515625000e+01
2.785795593261718750e+01
5.415638732910156250e+01
4.143130874633789062e+01
3.953061294555664062e+01
4.640661621093750000e+01
6.996788024902343750e+01
8.582503509521484375e+01
7.047660064697265625e+01
6.516635131835937500e+01
7.372585296630859375e+01
6.673003387451171875e+01
8.034788513183593750e+01
8.933952331542968750e+01
8.540400695800781250e+01
6.830011749267578125e+01
6.616181182861328125e+01
7.639953613281250000e+01
9.596888732910156250e+01
1.060807647705078125e+02
9.465832519531250000e+01
7.074909210205078125e+01
4.668495559692382812e+01
4.738542556762695312e+01
3.699874877929687500e+01
3.054813766479492188e+01
3.166008949279785156e+01
3.894236373901367188e+01
4.313824081420898438e+01
6.989221191406250000e+01
6.915232086181640625e+01
9.325393676757812500e+01
6.260308837890625000e+01
6.076586151123046875e+01
8.264934539794921875e+01
8.002711486816406250e+01
6.296580123901367188e+01
4.768704986572265625e+01
4.551018524169921875e+01
5.896173095703125000e+01
6.579519653320312500e+01
5.924018478393554688e+01
6.121524047851562500e+01
9.480834960937500000e+01
8.120463562011718750e+01
7.363341522216796875e+01
5.885184097290039062e+01
4.043646621704101562e+01
2.598810195922851562e+01
2.524937057495117188e+01
3.262812423706054688e+01
3.963195419311523438e+01
6.132315826416015625e+01
5.154336929321289062e+01
6.832668304443359375e+01
9.380920410156250000e+01
9.079878234863281250e+01
9.036991119384765625e+01
9.178011322021484375e+01
5.358066940307617188e+01
7.284160614013671875e+01
9.014970397949218750e+01
5.223643493652343750e+01
7.386353302001953125e+01
7.993114471435546875e+01
7.444802093505859375e+01
6.175323867797851562e+01
6.562078857421875000e+01
5.929224395751953125e+01
5.468447494506835938e+01
5.283770370483398438e+01
4.037811279296875000e+01
2.404314994812011719e+01
2.618706703186035156e+01
4.443729019165039062e+01
4.011208724975585938e+01
4.189711380004882812e+01
4.729042434692382812e+01
8.386148071289062500e+01
7.976171112060546875e+01
8.483167266845703125e+01
6.312894439697265625e+01
7.475241088867187500e+01
4.837263488769531250e+01
8.136601257324218750e+01
7.450222015380859375e+01
5.725141143798828125e+01
3.786592483520507812e+01
4.030788421630859375e+01
6.205387878417968750e+01
8.938919830322265625e+01
8.634550476074218750e+01
7.342654418945312500e+01
6.176370239257812500e+01
4.999374389648437500e+01
4.883093643188476562e+01
4.395424270629882812e+01
2.680704307556152344e+01
1.817554473876953125e+01
2.360325050354003906e+01
3.179230308532714844e+01
5.883346557617187500e+01
6.723221588134765625e+01
8.139963531494140625e+01
7.079941558837890625e+01
6.131068801879882812e+01
5.842044448852539062e+01
4.344535064697265625e+01
7.168994140625000000e+01
7.774663543701171875e+01
8.828900909423828125e+01
4.664139556884765625e+01
5.244922637939453125e+01
6.215375900268554688e+01
7.058123779296875000e+01
5.645999526977539062e+01
6.995262908935546875e+01
6.513340759277343750e+01
5.083438873291015625e+01
4.123474502563476562e+01
2.601341629028320312e+01
3.324854660034179688e+01
2.700290107727050781e+01
3.212794113159179688e+01
2.372719383239746094e+01
2.177386283874511719e+01
2.110089683532714844e+01
2.099687576293945312e+01
2.098613739013671875e+01
2.066685676574707031e+01
2.046262741088867188e+01
2.041380310058593750e+01
2.037693023681640625e+01
2.039174842834472656e+01
2.039174842834472656e+01
2.039174842834472656e+01
2.039174842834472656e+01
2.039174842834472656e+01
2.039174842834472656e+01
2.039174842834472656e+01
2.039174842834472656e+01
2.039174842834472656e+01
2.039174842834472656e+01
2.039174842834472656e+01
2.039174842834472656e+01
2.039174842834472656e+01
2.039174842834472656e+01
2.039174842834472656e+01
2.039174842834472656e+01
2.039174842834472656e+01
2.039174842834472656e+01
2.039174842834472656e+01
2.039174842834472656e+01
2.039174842834472656e+01
2.039174842834472656e+01
2.039174842834472656e+01
2.039174842834472656e+01
2.039174842834472656e+01
2.039174842834472656e+01
2.039174842834472656e+01
2.039174842834472656e+01
2.039174842834472656e+01
2.039174842834472656e+01
2.039174842834472656e+01
2.039174842834472656e+01
2.039174842834472656e+01
2.039174842834472656e+01
2.039174842834472656e+01
2.039174842834472656e+01
2.039174842834472656e+01
2.039174842834472656e+01
2.039174842834472656e+01
2.039174842834472656e+01
2.039174842834472656e+01
2.039174842834472656e+01
2.039174842834472656e+01
2.039174842834472656e+01
2.039174842834472656e+01
2.039174842834472656e+01
2.039174842834472656e+01
2.039174842834472656e+01
2.039174842834472656e+01
2.039174842834472656e+01
2.039174842834472656e+01
2.039174842834472656e+01
2.039174842834472656e+01
2.039174842834472656e+01
2.039174842834472656e+01
2.039174842834472656e+01
2.039174842834472656e+01
2.039174842834472656e+01
2.039174842834472656e+01
2.039174842834472656e+01
2.039174842834472656e+01
2.039174842834472656e+01
2.039174842834472656e+01
2.039174842834472656e+01
2.039174842834472656e+01
2.039174842834472656e+01
2.039174842834472656e+01
2.039174842834472656e+01
2.039174842834472656e+01
2.039174842834472656e+01
2.039174842834472656e+01
2.039174842834472656e+01
2.039174842834472656e+01
2.039174842834472656e+01
2.039174842834472656e+01
2.039174842834472656e+01
2.039174842834472656e+01
2.039174842834472656e+01
5.200825881958007812e+01
3.068123245239257812e+01
1.951799201965332031e+01
3.288194656372070312e+01
3.941096115112304688e+01
4.386642837524414062e+01
5.145387268066406250e+01
4.091502761840820312e+01
2.751240921020507812e+01
2.740447044372558594e+01
4.271268081665039062e+01
8.406827545166015625e+01
7.797921752929687500e+01
8.117642211914062500e+01
7.789764404296875000e+01
7.876652526855468750e+01
7.727907562255859375e+01
9.192548370361328125e+01
5.689299392700195312e+01
8.104470825195312500e+01
9.283717346191406250e+01
7.673679351806640625e+01
7.304364013671875000e+01
7.426988983154296875e+01
7.270649719238281250e+01
5.436872100830078125e+01
6.263729095458984375e+01
7.603984832763671875e+01
6.528031921386718750e+01
5.153359222412109375e+01
5.722317504882812500e+01
7.073001861572265625e+01
7.936636352539062500e+01
8.667652130126953125e+01
8.869258880615234375e+01
1.085377502441406250e+02
9.122048187255859375e+01
8.753795623779296875e+01
6.308359527587890625e+01
6.573862457275390625e+01
5.383808898925781250e+01
5.885854721069335938e+01
7.370870971679687500e+01
9.361242675781250000e+01
8.641550445556640625e+01
7.206468963623046875e+01
9.305879211425781250e+01
8.725962066650390625e+01
7.386245727539062500e+01
4.535491180419921875e+01
4.523908615112304688e+01
6.736883544921875000e+01
9.058000183105468750e+01
5.923122024536132812e+01
6.136991500854492188e+01
6.179017257690429688e+01
9.227670288085937500e+01
6.050203323364257812e+01
5.999227905273437500e+01
8.803487396240234375e+01
7.845578002929687500e+01
6.943101501464843750e+01
4.628034210205078125e+01
5.139580917358398438e+01
9.211421966552734375e+01
9.467685699462890625e+01
1.119168853759765625e+02
7.882668304443359375e+01
7.775572967529296875e+01
7.428851318359375000e+01
4.639052581787109375e+01
5.013600921630859375e+01
6.596957397460937500e+01
6.332860565185546875e+01
6.948786163330078125e+01
5.598485946655273438e+01
7.402698516845703125e+01
4.311716842651367188e+01
7.140337371826171875e+01
4.253025436401367188e+01
5.762509536743164062e+01
4.806074142456054688e+01
5.866931533813476562e+01
9.132934570312500000e+01
7.981259918212890625e+01
8.345916748046875000e+01
5.076585388183593750e+01
4.353180694580078125e+01
7.193949127197265625e+01
7.254468536376953125e+01
9.701588439941406250e+01
9.669582366943359375e+01
8.682423400878906250e+01
8.786369323730468750e+01
7.894406890869140625e+01
7.183089447021484375e+01
6.329840850830078125e+01
6.607782745361328125e+01
6.497177124023437500e+01
6.852767181396484375e+01
7.295666503906250000e+01
4.339106750488281250e+01
4.114854812622070312e+01
5.314461517333984375e+01
6.296664047241210938e+01
6.691278839111328125e+01
7.400177001953125000e+01
7.046015930175781250e+01
9.862457275390625000e+01
1.049848175048828125e+02
1.050025634765625000e+02
7.084561920166015625e+01
9.330487060546875000e+01
8.632551574707031250e+01
5.409145736694335938e+01
6.965805816650390625e+01
7.046754455566406250e+01
7.849689483642578125e+01
5.483982467651367188e+01
7.831858062744140625e+01
7.573461151123046875e+01
1.040402297973632812e+02
9.327098083496093750e+01
8.055441284179687500e+01
6.665069580078125000e+01
5.879724884033203125e+01
5.601996231079101562e+01
5.460994720458984375e+01
5.476106643676757812e+01
5.573931503295898438e+01
5.649258422851562500e+01
5.606887054443359375e+01
7.070810699462890625e+01
6.347443771362304688e+01
5.905309677124023438e+01
5.723390579223632812e+01
5.530197525024414062e+01
5.532477569580078125e+01
5.299950408935546875e+01
4.108804321289062500e+01
4.265904235839843750e+01
5.637572479248046875e+01
6.915740966796875000e+01
8.082157897949218750e+01
7.418812561035156250e+01
8.988747406005859375e+01
4.775685119628906250e+01
4.409936141967773438e+01
3.654690933227539062e+01
4.472985839843750000e+01
4.530099868774414062e+01
5.023565673828125000e+01
5.834097290039062500e+01
6.773902893066406250e+01
7.120766448974609375e+01
9.455523681640625000e+01
9.858635711669921875e+01
8.740360260009765625e+01
8.647412109375000000e+01
8.096462249755859375e+01
7.692538452148437500e+01
7.663930511474609375e+01
6.075371932983398438e+01
8.360324096679687500e+01
7.506350708007812500e+01
6.465853118896484375e+01
8.146807861328125000e+01
9.597214508056640625e+01
8.312348937988281250e+01
7.994184875488281250e+01
8.205311584472656250e+01
6.660797119140625000e+01
5.362586975097656250e+01
5.329715728759765625e+01
5.243465423583984375e+01
4.074578094482421875e+01
2.816612052917480469e+01
3.024537467956542969e+01
4.454177474975585938e+01
8.132849884033203125e+01
8.037042999267578125e+01
8.898316192626953125e+01
7.654377746582031250e+01
6.029953765869140625e+01
6.541163635253906250e+01
7.749665832519531250e+01
5.993278121948242188e+01
7.135763549804687500e+01
4.631700515747070312e+01
8.007744598388671875e+01
7.178178405761718750e+01
9.175693511962890625e+01
7.356562042236328125e+01
5.142071914672851562e+01
8.357965850830078125e+01
7.403183746337890625e+01
6.161710739135742188e+01
5.119147491455078125e+01
3.953886032104492188e+01
2.776700019836425781e+01
2.889970588684082031e+01
4.216158676147460938e+01
5.724927139282226562e+01
9.510659790039062500e+01
8.404382324218750000e+01
8.096019744873046875e+01
5.941237640380859375e+01
3.825441741943359375e+01
7.717857360839843750e+01
8.565463256835937500e+01
1.109441452026367188e+02
9.030535125732421875e+01
8.334840393066406250e+01
5.941720962524414062e+01
5.303492355346679688e+01
8.558698272705078125e+01
7.854845428466796875e+01
7.801271820068359375e+01
7.706332397460937500e+01
6.213307189941406250e+01
5.661864471435546875e+01
5.112134933471679688e+01
3.238382339477539062e+01
2.819236183166503906e+01
3.950238037109375000e+01
5.362777328491210938e+01
8.187453460693359375e+01
9.842770385742187500e+01
8.322215270996093750e+01
6.658200836181640625e+01
6.606475067138671875e+01
6.020359039306640625e+01
5.992612838745117188e+01
8.121975708007812500e+01
6.301299667358398438e+01
7.437921142578125000e+01
7.741358184814453125e+01
7.631011199951171875e+01
1.000821533203125000e+02
9.477603912353515625e+01
8.412439727783203125e+01
6.420994567871093750e+01
4.168201065063476562e+01
3.715828704833984375e+01
3.802736282348632812e+01
5.180047607421875000e+01
6.503199768066406250e+01
6.740870666503906250e+01
7.021286773681640625e+01
7.100376129150390625e+01
7.551506805419921875e+01
1.050014495849609375e+02
8.805607604980468750e+01
8.788542175292968750e+01
6.090295791625976562e+01
4.571092987060546875e+01
8.017134857177734375e+01
6.990794372558593750e+01
1.021849288940429688e+02
8.929127502441406250e+01
7.623811340332031250e+01
8.063933563232421875e+01
7.395323181152343750e+01
7.988627624511718750e+01
7.743564605712890625e+01
7.336178588867187500e+01
7.559568786621093750e+01
6.975703430175781250e+01
5.662455749511718750e+01
6.963217926025390625e+01
4.696656036376953125e+01
4.959584045410156250e+01
6.098252487182617188e+01
8.345613098144531250e+01
7.604170989990234375e+01
7.932950592041015625e+01
9.327365112304687500e+01
1.078526687622070312e+02
1.031645050048828125e+02
8.151386260986328125e+01
6.926383972167968750e+01
6.952200317382812500e+01
8.006787872314453125e+01
6.211122894287109375e+01
6.071390533447265625e+01
7.315666961669921875e+01
6.983530426025390625e+01
7.437968444824218750e+01
7.696911621093750000e+01
4.408105850219726562e+01
7.156415557861328125e+01
3.704007339477539062e+01
3.961169815063476562e+01
4.164657211303710938e+01
3.294940567016601562e+01
3.415839004516601562e+01
4.613386917114257812e+01
6.582492828369140625e+01
8.929930877685546875e+01
1.013365402221679688e+02
8.502079010009765625e+01
8.935947418212890625e+01
7.731862640380859375e+01
5.970503234863281250e+01
4.658249664306640625e+01
7.965406799316406250e+01
8.054697418212890625e+01
9.516613769531250000e+01
8.288652801513671875e+01
7.851824188232421875e+01
9.846633911132812500e+01
1.043003845214843750e+02
9.900701141357421875e+01
8.296441650390625000e+01
5.885712051391601562e+01
8.097794342041015625e+01
5.197622680664062500e+01
4.948355865478515625e+01
6.555720520019531250e+01
7.180118560791015625e+01
7.050707244873046875e+01
7.245353698730468750e+01
7.939927673339843750e+01
1.086832962036132812e+02
8.850510406494140625e+01
9.115875244140625000e+01
8.834075164794921875e+01
7.918052673339843750e+01
6.668386077880859375e+01
7.614176940917968750e+01
5.123261260986328125e+01
4.340801620483398438e+01
6.221316528320312500e+01
7.035665893554687500e+01
7.935983276367187500e+01
8.929406738281250000e+01
8.815678405761718750e+01
7.399530792236328125e+01
6.307987213134765625e+01
4.813380432128906250e+01
5.000860977172851562e+01
4.059447860717773438e+01
2.918546676635742188e+01
2.791608810424804688e+01
4.137813568115234375e+01
7.603032684326171875e+01
6.254566192626953125e+01
9.633666229248046875e+01
9.009157562255859375e+01
7.071795654296875000e+01
7.476593017578125000e+01
8.363806915283203125e+01
7.829502105712890625e+01
8.227443695068359375e+01
7.188673400878906250e+01
7.867881774902343750e+01
8.052638244628906250e+01
7.511719512939453125e+01
6.740139770507812500e+01
6.991634368896484375e+01
6.411614990234375000e+01
7.660154724121093750e+01
8.229632568359375000e+01
6.544863128662109375e+01
4.742283630371093750e+01
3.537533569335937500e+01
4.502022171020507812e+01
5.214989089965820312e+01
6.163961029052734375e+01
6.927008819580078125e+01
7.662822723388671875e+01
1.053558654785156250e+02
9.518321990966796875e+01
9.776069641113281250e+01
1.091630325317382812e+02
8.619152069091796875e+01
5.863731002807617188e+01
7.185659027099609375e+01
8.455364227294921875e+01
8.310678100585937500e+01
6.395311355590820312e+01
6.551008605957031250e+01
5.944205474853515625e+01
7.741498565673828125e+01
7.925855255126953125e+01
8.175437927246093750e+01
7.089767456054687500e+01
7.156621551513671875e+01
5.284792327880859375e+01
4.022290802001953125e+01
4.798789215087890625e+01
6.120875549316406250e+01
6.428855133056640625e+01
6.968533325195312500e+01
7.477514648437500000e+01
1.066738433837890625e+02
9.071960449218750000e+01
8.312261962890625000e+01
7.697686767578125000e+01
6.934502410888671875e+01
7.537115478515625000e+01
8.453387451171875000e+01
9.027122497558593750e+01
7.524622344970703125e+01
5.437936401367187500e+01
5.987954711914062500e+01
7.640013122558593750e+01
7.041826629638671875e+01
7.557041931152343750e+01
6.017988204956054688e+01
5.526416015625000000e+01
5.519980621337890625e+01
3.843014526367187500e+01
2.720337295532226562e+01
3.239811706542968750e+01
5.042931365966796875e+01
5.958790588378906250e+01
6.666730499267578125e+01
7.115648651123046875e+01
9.655385589599609375e+01
8.533582305908203125e+01
8.516008758544921875e+01
6.451812744140625000e+01
7.956357574462890625e+01
5.781357574462890625e+01
4.166846847534179688e+01
3.989656829833984375e+01
5.535099411010742188e+01
6.246301651000976562e+01
6.731285095214843750e+01
7.304132843017578125e+01
7.278421020507812500e+01
7.267923736572265625e+01
9.381719970703125000e+01
7.422133636474609375e+01
7.322186279296875000e+01
7.208683776855468750e+01
7.195522308349609375e+01
7.285750579833984375e+01
7.602708435058593750e+01
7.346221160888671875e+01
7.396478271484375000e+01
7.367144012451171875e+01
9.847690582275390625e+01
6.926525115966796875e+01
6.870808410644531250e+01
6.933959197998046875e+01
7.135160827636718750e+01
7.027053833007812500e+01
7.244564056396484375e+01
7.337181854248046875e+01
8.047332763671875000e+01
8.409785461425781250e+01
1.086312332153320312e+02
7.738439941406250000e+01
9.037330627441406250e+01
5.694941711425781250e+01
6.292381286621093750e+01
5.975784301757812500e+01
5.342483520507812500e+01
4.929014968872070312e+01
3.452941894531250000e+01
3.110394668579101562e+01
4.152017974853515625e+01
5.517384719848632812e+01
6.722295379638671875e+01
6.873345184326171875e+01
9.562364959716796875e+01
8.339673614501953125e+01
8.541091156005859375e+01
1.033348541259765625e+02
8.074214172363281250e+01
9.418233489990234375e+01
8.975758361816406250e+01
8.556855010986328125e+01
8.193897247314453125e+01
5.536714935302734375e+01
5.708851623535156250e+01
8.882445526123046875e+01
8.491265869140625000e+01
9.335485076904296875e+01
7.427701568603515625e+01
6.026284027099609375e+01
6.651292419433593750e+01
7.049520111083984375e+01
6.088719940185546875e+01
4.052830505371093750e+01
3.308477401733398438e+01
4.257397460937500000e+01
6.025246810913085938e+01
6.739724731445312500e+01
1.017679138183593750e+02
9.294428253173828125e+01
1.013073272705078125e+02
9.071057891845703125e+01
5.693787384033203125e+01
7.596241760253906250e+01
6.800080108642578125e+01
4.815325927734375000e+01
3.727237319946289062e+01
4.826012802124023438e+01
7.262531280517578125e+01
9.829200744628906250e+01
9.074168395996093750e+01
8.827925872802734375e+01
8.877278137207031250e+01
6.825333404541015625e+01
5.420446395874023438e+01
4.986117172241210938e+01
3.924074554443359375e+01
2.896923446655273438e+01
3.674732589721679688e+01
5.490213394165039062e+01
6.057030105590820312e+01
6.541562652587890625e+01
1.010786590576171875e+02
9.260852050781250000e+01
8.670582580566406250e+01
7.736635589599609375e+01
7.158134460449218750e+01
6.714662170410156250e+01
6.224491500854492188e+01
4.447544860839843750e+01
4.230809020996093750e+01
4.740037536621093750e+01
5.028596878051757812e+01
6.058064651489257812e+01
8.210045623779296875e+01
7.343812561035156250e+01
6.695975494384765625e+01
3.193279266357421875e+01
3.260551071166992188e+01
4.541947174072265625e+01
3.456573486328125000e+01
4.576062393188476562e+01
4.267575836181640625e+01
4.810599517822265625e+01
5.973979187011718750e+01
9.172623443603515625e+01
9.074650573730468750e+01
7.727691650390625000e+01
5.981409454345703125e+01
3.770097732543945312e+01
3.915585327148437500e+01
5.376463317871093750e+01
7.820076751708984375e+01
7.030447387695312500e+01
7.634323883056640625e+01
7.405432128906250000e+01
9.490056610107421875e+01
7.741210937500000000e+01
9.528902435302734375e+01
8.753161621093750000e+01
8.362552642822265625e+01
8.536266326904296875e+01
6.897805786132812500e+01
5.929446411132812500e+01
4.905603027343750000e+01
4.845616531372070312e+01
