7.446129608154296875e+01
6.928277587890625000e+01
7.904455566406250000e+01
7.670553588867187500e+01
7.115505981445312500e+01
8.009099578857421875e+01
7.054748535156250000e+01
5.180198287963867188e+01
5.785733413696289062e+01
6.614454650878906250e+01
9.774885559082031250e+01
9.416404724121093750e+01
1.042773818969726562e+02
1.004281158447265625e+02
5.717046737670898438e+01
9.413066101074218750e+01
6.452954864501953125e+01
3.921632766723632812e+01
4.231511306762695312e+01
4.894336700439453125e+01
7.899500274658203125e+01
1.104955520629882812e+02
8.510728454589843750e+01
6.329703903198242188e+01
7.527420043945312500e+01
8.397762298583984375e+01
6.477273559570312500e+01
6.732119750976562500e+01
4.793291091918945312e+01
7.470062255859375000e+01
6.643764495849609375e+01
6.186141967773437500e+01
6.740103149414062500e+01
6.859691619873046875e+01
9.507902526855468750e+01
9.596852874755859375e+01
8.907515716552734375e+01
4.685748291015625000e+01
8.310964965820312500e+01
4.393881607055664062e+01
4.825458145141601562e+01
6.342491149902343750e+01
4.590528488159179688e+01
5.460059356689453125e+01
1.035839385986328125e+02
1.080773925781250000e+02
8.018365478515625000e+01
9.832946777343750000e+01
6.924559783935546875e+01
6.804998016357421875e+01
1.035423431396484375e+02
7.502216339111328125e+01
7.448744964599609375e+01
8.163317871093750000e+01
5.392606735229492188e+01
5.255261611938476562e+01
7.014575195312500000e+01
1.051290359497070312e+02
6.902748870849609375e+01
9.694773864746093750e+01
9.745587921142578125e+01
7.180606842041015625e+01
5.753063583374023438e+01
7.267464447021484375e+01
4.951036834716796875e+01
4.457569503784179688e+01
5.280841445922851562e+01
5.337922668457031250e+01
1.057319946289062500e+02
1.011131057739257812e+02
8.547863006591796875e+01
7.425471496582031250e+01
9.427944946289062500e+01
6.920343017578125000e+01
7.185705566406250000e+01
7.617587280273437500e+01
7.201239776611328125e+01
8.786882781982421875e+01
9.296440124511718750e+01
6.838794708251953125e+01
8.395664978027343750e+01
7.362419891357421875e+01
7.658020782470703125e+01
1.126181259155273438e+02
1.189608688354492188e+02
9.329941558837890625e+01
9.113320159912109375e+01
4.816258239746093750e+01
3.239906692504882812e+01
3.266527938842773438e+01
3.648712539672851562e+01
4.156838226318359375e+01
7.187197113037109375e+01
1.084672393798828125e+02
1.058410491943359375e+02
9.086512756347656250e+01
6.292866516113281250e+01
8.392500305175781250e+01
8.268367767333984375e+01
8.024847412109375000e+01
8.392835235595703125e+01
9.210034942626953125e+01
1.145061569213867188e+02
9.078730010986328125e+01
1.068356933593750000e+02
1.013576278686523438e+02
1.089033355712890625e+02
1.043106689453125000e+02
1.009225311279296875e+02
1.116691741943359375e+02
1.013970870971679688e+02
1.003813552856445312e+02
5.006124114990234375e+01
4.528634262084960938e+01
5.128699874877929688e+01
5.456278991699218750e+01
4.594240188598632812e+01
7.543460083007812500e+01
8.299654388427734375e+01
1.061970291137695312e+02
1.033290328979492188e+02
6.720392608642578125e+01
8.939112854003906250e+01
8.983720397949218750e+01
8.276417541503906250e+01
7.473320770263671875e+01
9.226413726806640625e+01
9.828466796875000000e+01
7.456147003173828125e+01
4.603595352172851562e+01
5.883375930786132812e+01
9.743147277832031250e+01
7.913824462890625000e+01
6.507416534423828125e+01
3.180107116699218750e+01
2.787340164184570312e+01
3.111818695068359375e+01
3.410745620727539062e+01
3.635931396484375000e+01
4.214517974853515625e+01
1.078418197631835938e+02
1.126011428833007812e+02
9.973717498779296875e+01
7.380301666259765625e+01
6.783807373046875000e+01
5.572842407226562500e+01
7.054436492919921875e+01
6.164723968505859375e+01
5.193609619140625000e+01
6.567385101318359375e+01
6.898642730712890625e+01
9.186688232421875000e+01
9.289596557617187500e+01
9.735827636718750000e+01
8.149437713623046875e+01
1.037204437255859375e+02
9.015073394775390625e+01
4.421300888061523438e+01
3.705463790893554688e+01
4.570605087280273438e+01
4.533076477050781250e+01
4.057714462280273438e+01
4.887051010131835938e+01
5.465960311889648438e+01
9.992116546630859375e+01
1.175614547729492188e+02
8.832846069335937500e+01
9.459747314453125000e+01
9.361966705322265625e+01
7.479812622070312500e+01
6.869235992431640625e+01
6.528437805175781250e+01
4.173332595825195312e+01
5.607447052001953125e+01
9.961982727050781250e+01
9.804028320312500000e+01
6.991197967529296875e+01
1.103998260498046875e+02
1.083775558471679688e+02
1.145840682983398438e+02
9.221228790283203125e+01
7.447636413574218750e+01
4.621556472778320312e+01
4.988017654418945312e+01
4.886251449584960938e+01
5.009444808959960938e+01
5.037198257446289062e+01
6.660005187988281250e+01
1.101715850830078125e+02
1.104191665649414062e+02
8.298624420166015625e+01
6.367501831054687500e+01
7.193639373779296875e+01
7.881484222412109375e+01
7.895677947998046875e+01
8.107040405273437500e+01
6.506813049316406250e+01
8.558248901367187500e+01
9.042395782470703125e+01
8.844442749023437500e+01
9.382485961914062500e+01
1.136598587036132812e+02
1.216544647216796875e+02
1.157116470336914062e+02
1.058656768798828125e+02
7.134473419189453125e+01
3.560920333862304688e+01
2.835608100891113281e+01
3.348255157470703125e+01
3.672822952270507812e+01
5.713073348999023438e+01
6.570408630371093750e+01
9.836202239990234375e+01
1.138024139404296875e+02
1.133572998046875000e+02
7.269979858398437500e+01
6.900943756103515625e+01
6.376239395141601562e+01
6.331579971313476562e+01
5.887611007690429688e+01
4.351720809936523438e+01
4.424298477172851562e+01
5.811415100097656250e+01
9.211112976074218750e+01
1.043426513671875000e+02
1.069089355468750000e+02
1.032029495239257812e+02
9.387477874755859375e+01
5.989486312866210938e+01
3.081903839111328125e+01
2.763776588439941406e+01
4.693574523925781250e+01
3.568748474121093750e+01
4.430010223388671875e+01
7.102194976806640625e+01
6.761325073242187500e+01
1.110962905883789062e+02
9.921842193603515625e+01
8.382481384277343750e+01
8.085169219970703125e+01
8.132991027832031250e+01
7.021762084960937500e+01
8.222732543945312500e+01
7.909854125976562500e+01
6.364551162719726562e+01
7.306578826904296875e+01
8.434577941894531250e+01
9.245780944824218750e+01
8.084297180175781250e+01
1.139374160766601562e+02
8.202660369873046875e+01
9.706661987304687500e+01
1.066532058715820312e+02
9.955400085449218750e+01
8.994653320312500000e+01
5.544996261596679688e+01
5.711703109741210938e+01
4.964041900634765625e+01
5.306388854980468750e+01
5.380068206787109375e+01
7.838373565673828125e+01
1.089579391479492188e+02
1.146076126098632812e+02
7.722711181640625000e+01
6.577408599853515625e+01
8.885810852050781250e+01
8.513346862792968750e+01
8.159958648681640625e+01
7.949913024902343750e+01
8.656163787841796875e+01
1.102648315429687500e+02
1.038104934692382812e+02
9.400485992431640625e+01
1.031508941650390625e+02
9.889396667480468750e+01
1.093067398071289062e+02
9.664065551757812500e+01
6.019871902465820312e+01
5.297371292114257812e+01
3.476259994506835938e+01
3.979566574096679688e+01
3.218552017211914062e+01
4.059876251220703125e+01
3.539201354980468750e+01
4.436544418334960938e+01
1.006484832763671875e+02
1.036700286865234375e+02
1.091692428588867188e+02
8.561522674560546875e+01
1.142101745605468750e+02
8.572076416015625000e+01
1.085945816040039062e+02
7.864634704589843750e+01
7.354753875732421875e+01
7.277161407470703125e+01
8.529175567626953125e+01
9.158232879638671875e+01
1.054382781982421875e+02
1.161759948730468750e+02
1.143119201660156250e+02
1.092033386230468750e+02
5.459106445312500000e+01
6.777288818359375000e+01
4.110691452026367188e+01
5.153275299072265625e+01
4.232088088989257812e+01
4.396866226196289062e+01
5.574483489990234375e+01
1.018367233276367188e+02
1.099481430053710938e+02
7.755906677246093750e+01
8.610591125488281250e+01
7.000647735595703125e+01
7.488600921630859375e+01
8.429091644287109375e+01
6.895523834228515625e+01
4.537771606445312500e+01
3.869212722778320312e+01
4.641495132446289062e+01
4.914716339111328125e+01
6.732595825195312500e+01
1.032213592529296875e+02
1.081378784179687500e+02
1.217324829101562500e+02
1.127827682495117188e+02
8.585049438476562500e+01
5.089473724365234375e+01
3.310693740844726562e+01
3.827715301513671875e+01
4.160360717773437500e+01
6.220588302612304688e+01
6.620114898681640625e+01
9.496534729003906250e+01
1.004818725585937500e+02
9.280364990234375000e+01
8.862575531005859375e+01
6.312762451171875000e+01
7.925084686279296875e+01
7.057737731933593750e+01
8.697362518310546875e+01
7.355407714843750000e+01
4.975825500488281250e+01
4.202709197998046875e+01
5.116824340820312500e+01
6.526583099365234375e+01
9.512162780761718750e+01
1.123620758056640625e+02
9.364484405517578125e+01
7.406256866455078125e+01
6.569227600097656250e+01
6.620872497558593750e+01
6.486332702636718750e+01
7.121492767333984375e+01
6.897582244873046875e+01
7.497377777099609375e+01
8.652406311035156250e+01
9.765183258056640625e+01
7.116140747070312500e+01
8.365740203857421875e+01
1.022427902221679688e+02
1.023819580078125000e+02
9.175182342529296875e+01
9.338837432861328125e+01
8.837483978271484375e+01
7.853985595703125000e+01
8.446263122558593750e+01
6.260689926147460938e+01
6.237988281250000000e+01
5.808776092529296875e+01
5.757886123657226562e+01
1.024711761474609375e+02
1.174322204589843750e+02
1.091708679199218750e+02
8.881957244873046875e+01
4.097216033935546875e+01
3.139179420471191406e+01
2.984189224243164062e+01
3.434394454956054688e+01
3.783290481567382812e+01
5.685453033447265625e+01
1.016784744262695312e+02
1.056825561523437500e+02
9.787162017822265625e+01
5.837274932861328125e+01
7.432343292236328125e+01
7.485615539550781250e+01
7.099010467529296875e+01
8.249933624267578125e+01
6.045650863647460938e+01
5.083632278442382812e+01
4.972845840454101562e+01
5.236898040771484375e+01
5.026018905639648438e+01
5.790682983398437500e+01
1.078364257812500000e+02
1.055331497192382812e+02
1.010255661010742188e+02
8.108220672607421875e+01
4.767316818237304688e+01
4.216746139526367188e+01
3.367500305175781250e+01
3.509997558593750000e+01
3.484349060058593750e+01
5.450171279907226562e+01
1.010543289184570312e+02
1.091804428100585938e+02
1.119796829223632812e+02
9.537453460693359375e+01
9.137296295166015625e+01
7.851516723632812500e+01
7.663230133056640625e+01
7.137373352050781250e+01
7.489715576171875000e+01
4.575923919677734375e+01
7.133376312255859375e+01
7.153823852539062500e+01
6.280950927734375000e+01
9.887045288085937500e+01
1.097301940917968750e+02
1.038210067749023438e+02
9.541455078125000000e+01
4.467708206176757812e+01
6.460321807861328125e+01
4.898574829101562500e+01
4.381917572021484375e+01
4.031832122802734375e+01
4.917863464355468750e+01
6.214044952392578125e+01
8.245559692382812500e+01
1.059185638427734375e+02
7.367948913574218750e+01
1.098018493652343750e+02
9.925016784667968750e+01
8.647131347656250000e+01
7.413285064697265625e+01
8.188993072509765625e+01
7.603039550781250000e+01
7.644023895263671875e+01
1.038993988037109375e+02
9.601355743408203125e+01
8.522068023681640625e+01
8.033334350585937500e+01
1.051070327758789062e+02
9.537835693359375000e+01
1.099480590820312500e+02
9.158627319335937500e+01
4.988795089721679688e+01
3.946298980712890625e+01
3.848604583740234375e+01
3.930932235717773438e+01
3.784270858764648438e+01
5.691224670410156250e+01
4.997566604614257812e+01
9.147150421142578125e+01
1.012075653076171875e+02
9.145771026611328125e+01
8.009060668945312500e+01
7.526184082031250000e+01
8.389556884765625000e+01
7.312561798095703125e+01
6.798783874511718750e+01
4.908938217163085938e+01
5.243623733520507812e+01
8.199582672119140625e+01
8.768301391601562500e+01
9.923442077636718750e+01
1.076835937500000000e+02
9.221633148193359375e+01
9.699124908447265625e+01
9.301588439941406250e+01
3.804143905639648438e+01
3.016073989868164062e+01
4.319822692871093750e+01
3.716970443725585938e+01
3.929700851440429688e+01
4.908386230468750000e+01
8.926889038085937500e+01
1.116406784057617188e+02
9.507050323486328125e+01
7.382279968261718750e+01
6.642821502685546875e+01
7.972776031494140625e+01
7.642899322509765625e+01
6.704288482666015625e+01
8.187124633789062500e+01
7.321149444580078125e+01
4.826488113403320312e+01
7.157735443115234375e+01
9.930169677734375000e+01
1.098873901367187500e+02
1.179860000610351562e+02
1.131029129028320312e+02
9.938793182373046875e+01
7.558428955078125000e+01
3.573206710815429688e+01
2.079099273681640625e+01
2.636161994934082031e+01
3.527730560302734375e+01
3.924235153198242188e+01
4.598714447021484375e+01
9.311734008789062500e+01
1.151316528320312500e+02
1.003871383666992188e+02
7.697836303710937500e+01
7.363843536376953125e+01
7.321222686767578125e+01
5.898928451538085938e+01
7.157447052001953125e+01
6.623469543457031250e+01
6.295563888549804688e+01
9.851853179931640625e+01
9.060687255859375000e+01
6.604059600830078125e+01
7.594177246093750000e+01
1.016880950927734375e+02
9.813171386718750000e+01
1.171238784790039062e+02
9.789662933349609375e+01
4.355838775634765625e+01
2.814574813842773438e+01
3.363948440551757812e+01
3.652973556518554688e+01
4.045732498168945312e+01
4.629362869262695312e+01
6.817587280273437500e+01
1.119268646240234375e+02
9.820782470703125000e+01
7.061428070068359375e+01
7.179293060302734375e+01
6.762934875488281250e+01
6.622020721435546875e+01
4.356458663940429688e+01
4.546636581420898438e+01
4.903174591064453125e+01
6.045010757446289062e+01
7.668688201904296875e+01
1.032705841064453125e+02
1.117271804809570312e+02
1.082060928344726562e+02
1.120898056030273438e+02
7.563892364501953125e+01
5.457725906372070312e+01
4.184955978393554688e+01
4.374066925048828125e+01
5.099765777587890625e+01
7.260346221923828125e+01
8.424707031250000000e+01
6.162781143188476562e+01
8.957873535156250000e+01
1.128145675659179688e+02
7.267863464355468750e+01
7.425498199462890625e+01
6.503939056396484375e+01
5.140489959716796875e+01
5.763353347778320312e+01
6.645239257812500000e+01
5.485873031616210938e+01
5.856581497192382812e+01
7.579895019531250000e+01
8.589572143554687500e+01
9.662702941894531250e+01
1.061587295532226562e+02
8.418476867675781250e+01
9.053672027587890625e+01
9.725003051757812500e+01
5.954034423828125000e+01
2.894841194152832031e+01
2.819793510437011719e+01
3.282313156127929688e+01
4.102278900146484375e+01
5.233805084228515625e+01
5.097504043579101562e+01
1.077894287109375000e+02
1.109861297607421875e+02
8.006599426269531250e+01
7.390187835693359375e+01
6.790149688720703125e+01
7.725344848632812500e+01
8.319926452636718750e+01
4.763574218750000000e+01
2.538959693908691406e+01
3.489421844482421875e+01
3.912349700927734375e+01
4.747517013549804688e+01
5.363962173461914062e+01
6.280878448486328125e+01
6.404734802246093750e+01
1.147330398559570312e+02
1.081306533813476562e+02
4.853787231445312500e+01
3.172949981689453125e+01
3.645759582519531250e+01
4.248771667480468750e+01
4.502751159667968750e+01
4.984297180175781250e+01
6.182184600830078125e+01
7.601509857177734375e+01
1.033349304199218750e+02
6.037037277221679688e+01
7.426464080810546875e+01
7.342247772216796875e+01
7.199761962890625000e+01
7.378524780273437500e+01
7.438236236572265625e+01
8.498961639404296875e+01
6.381886291503906250e+01
8.361133575439453125e+01
7.665158843994140625e+01
9.383493041992187500e+01
5.020600509643554688e+01
4.626742553710937500e+01
5.413932037353515625e+01
6.215605163574218750e+01
7.654499816894531250e+01
5.877355575561523438e+01
8.686691284179687500e+01
8.747951507568359375e+01
6.929132080078125000e+01
5.418488693237304688e+01
5.325990676879882812e+01
5.244504547119140625e+01
7.001411437988281250e+01
6.603096008300781250e+01
7.426464843750000000e+01
9.673464202880859375e+01
9.369556427001953125e+01
7.525762176513671875e+01
7.762268066406250000e+01
7.698001098632812500e+01
7.285757446289062500e+01
8.796533203125000000e+01
7.039775848388671875e+01
8.723269653320312500e+01
6.952203369140625000e+01
7.500647735595703125e+01
1.070783004760742188e+02
1.198674240112304688e+02
9.980726623535156250e+01
5.280751800537109375e+01
4.839994430541992188e+01
7.821141815185546875e+01
7.320129394531250000e+01
5.444562149047851562e+01
5.693616867065429688e+01
1.051879577636718750e+02
1.064107666015625000e+02
8.800260925292968750e+01
7.038477325439453125e+01
5.085611724853515625e+01
7.431007385253906250e+01
6.119961166381835938e+01
7.435066223144531250e+01
7.567910003662109375e+01
1.097675323486328125e+02
9.982065582275390625e+01
1.012423324584960938e+02
1.017162857055664062e+02
7.838016510009765625e+01
9.464035034179687500e+01
8.834790802001953125e+01
7.022888946533203125e+01
5.627416992187500000e+01
5.914242172241210938e+01
4.427626419067382812e+01
2.883261680603027344e+01
2.881442832946777344e+01
3.230952835083007812e+01
3.589229583740234375e+01
8.109054565429687500e+01
1.034116668701171875e+02
1.070997772216796875e+02
1.134965896606445312e+02
1.123239364624023438e+02
8.207241058349609375e+01
6.714077758789062500e+01
7.366312408447265625e+01
7.785733795166015625e+01
6.391310119628906250e+01
8.931971740722656250e+01
1.096888961791992188e+02
9.744795227050781250e+01
1.017813186645507812e+02
1.013118743896484375e+02
1.029416961669921875e+02
1.154082183837890625e+02
7.140775299072265625e+01
3.482018661499023438e+01
4.456412506103515625e+01
9.324359893798828125e+01
5.004962539672851562e+01
4.290290069580078125e+01
6.227052688598632812e+01
8.031694793701171875e+01
1.077586288452148438e+02
7.563803863525390625e+01
5.285892105102539062e+01
5.409873962402343750e+01
1.009360656738281250e+02
8.333969879150390625e+01
8.288972473144531250e+01
8.634282684326171875e+01
6.773197937011718750e+01
4.987663269042968750e+01
7.340025329589843750e+01
6.207566833496093750e+01
4.947346878051757812e+01
5.207637405395507812e+01
5.309838104248046875e+01
5.337226104736328125e+01
4.431143188476562500e+01
4.043817520141601562e+01
4.509907150268554688e+01
3.146627426147460938e+01
3.303556823730468750e+01
4.086742019653320312e+01
4.269944381713867188e+01
7.951161193847656250e+01
8.806577301025390625e+01
9.515915679931640625e+01
1.007874832153320312e+02
1.100917510986328125e+02
8.147731018066406250e+01
8.101497650146484375e+01
8.756887054443359375e+01
8.726522064208984375e+01
8.445433807373046875e+01
7.384503173828125000e+01
6.552083587646484375e+01
5.824048614501953125e+01
3.969264984130859375e+01
3.936923980712890625e+01
7.516429901123046875e+01
1.021943359375000000e+02
1.005477752685546875e+02
1.011386642456054688e+02
7.689444732666015625e+01
5.261473083496093750e+01
1.058689346313476562e+02
9.521383666992187500e+01
5.236173629760742188e+01
3.684999465942382812e+01
4.679241180419921875e+01
5.745837020874023438e+01
7.122299957275390625e+01
6.876463317871093750e+01
7.805631256103515625e+01
1.036310424804687500e+02
1.086499938964843750e+02
9.194026947021484375e+01
7.902173614501953125e+01
8.838092041015625000e+01
6.345041656494140625e+01
6.927496337890625000e+01
8.965204620361328125e+01
7.390537261962890625e+01
5.395786666870117188e+01
4.268222427368164062e+01
5.214374923706054688e+01
5.813002014160156250e+01
9.594733428955078125e+01
8.440008544921875000e+01
8.479663848876953125e+01
5.849895095825195312e+01
4.561201858520507812e+01
4.972529602050781250e+01
6.669906616210937500e+01
5.543805313110351562e+01
5.893209075927734375e+01
5.936393737792968750e+01
1.074389877319335938e+02
1.130341186523437500e+02
6.722199249267578125e+01
5.876290130615234375e+01
5.907496261596679688e+01
7.333171081542968750e+01
7.014679718017578125e+01
8.376171875000000000e+01
8.361582946777343750e+01
1.088091278076171875e+02
1.155095443725585938e+02
9.161720275878906250e+01
7.251119995117187500e+01
6.345755386352539062e+01
5.187037277221679688e+01
5.550003433227539062e+01
5.522147750854492188e+01
5.547769927978515625e+01
5.368255615234375000e+01
5.131596755981445312e+01
6.734641265869140625e+01
7.547479248046875000e+01
8.288976287841796875e+01
7.892575836181640625e+01
6.819696807861328125e+01
4.251905059814453125e+01
5.114400100708007812e+01
6.041280746459960938e+01
7.493227386474609375e+01
8.312905883789062500e+01
6.913484954833984375e+01
7.858758544921875000e+01
7.186117553710937500e+01
7.833311462402343750e+01
7.358309936523437500e+01
7.601858520507812500e+01
8.052105712890625000e+01
6.227510833740234375e+01
4.644969558715820312e+01
4.806146240234375000e+01
5.278176498413085938e+01
5.452002334594726562e+01
5.282112884521484375e+01
6.274340438842773438e+01
7.447441101074218750e+01
1.030567932128906250e+02
5.835988616943359375e+01
5.677237319946289062e+01
5.615504455566406250e+01
7.434289550781250000e+01
7.693241882324218750e+01
7.477603912353515625e+01
7.097406005859375000e+01
7.559509277343750000e+01
5.409393692016601562e+01
5.102399826049804688e+01
7.873908233642578125e+01
8.232289123535156250e+01
1.163544158935546875e+02
9.363601684570312500e+01
6.317958068847656250e+01
5.865779495239257812e+01
3.044285964965820312e+01
2.127889823913574219e+01
2.231444358825683594e+01
2.990728187561035156e+01
3.745454788208007812e+01
4.521771240234375000e+01
1.034100646972656250e+02
1.022716522216796875e+02
7.983432769775390625e+01
7.321848297119140625e+01
4.676553726196289062e+01
4.544203948974609375e+01
7.215522766113281250e+01
7.944498443603515625e+01
7.171337890625000000e+01
9.757892608642578125e+01
8.641424560546875000e+01
9.597952270507812500e+01
1.027506866455078125e+02
7.059700012207031250e+01
5.203711318969726562e+01
4.677446746826171875e+01
7.271839141845703125e+01
5.887014389038085938e+01
1.030782775878906250e+02
4.960403442382812500e+01
5.246337127685546875e+01
5.709977722167968750e+01
6.444216918945312500e+01
7.459688568115234375e+01
5.270769500732421875e+01
8.096949768066406250e+01
5.222449874877929688e+01
6.341411590576171875e+01
6.210948562622070312e+01
7.148300170898437500e+01
6.986231231689453125e+01
7.458799743652343750e+01
7.789238739013671875e+01
4.958653259277343750e+01
6.044590759277343750e+01
5.725995635986328125e+01
7.237829589843750000e+01
8.098661041259765625e+01
7.694953918457031250e+01
9.568502044677734375e+01
8.496508026123046875e+01
6.946468353271484375e+01
6.796555328369140625e+01
6.115494155883789062e+01
5.553025817871093750e+01
6.646591186523437500e+01
6.335272216796875000e+01
6.176995849609375000e+01
9.092223358154296875e+01
6.760493469238281250e+01
5.146720123291015625e+01
7.627635955810546875e+01
4.907451248168945312e+01
5.231353378295898438e+01
6.928575134277343750e+01
7.404671478271484375e+01
8.241480255126953125e+01
1.082887268066406250e+02
6.607592773437500000e+01
6.836638641357421875e+01
9.123660278320312500e+01
8.019760131835937500e+01
8.557890319824218750e+01
9.869429779052734375e+01
7.001023864746093750e+01
5.259427261352539062e+01
4.123102951049804688e+01
2.797966575622558594e+01
3.129173088073730469e+01
3.938971328735351562e+01
5.462041854858398438e+01
1.027403106689453125e+02
1.056798629760742188e+02
8.703078460693359375e+01
1.064976272583007812e+02
9.297811889648437500e+01
7.104180908203125000e+01
7.586846923828125000e+01
8.918216705322265625e+01
9.130030822753906250e+01
9.052378845214843750e+01
9.445439910888671875e+01
6.943249511718750000e+01
8.413984680175781250e+01
8.227877807617187500e+01
8.006607818603515625e+01
9.292299652099609375e+01
9.392701721191406250e+01
8.095456695556640625e+01
5.783942031860351562e+01
3.496301651000976562e+01
3.040740203857421875e+01
4.590257644653320312e+01
3.400187301635742188e+01
4.007091140747070312e+01
4.378041076660156250e+01
8.357696533203125000e+01
1.046021804809570312e+02
1.047660903930664062e+02
8.336896514892578125e+01
7.128007507324218750e+01
8.316010284423828125e+01
8.363539123535156250e+01
8.356849670410156250e+01
7.896234893798828125e+01
7.607537078857421875e+01
7.757907104492187500e+01
8.644884490966796875e+01
1.044028472900390625e+02
8.250165557861328125e+01
5.708729171752929688e+01
9.947478485107421875e+01
5.626972198486328125e+01
4.985400009155273438e+01
5.909361267089843750e+01
7.396798706054687500e+01
5.815341186523437500e+01
7.389658355712890625e+01
7.173186492919921875e+01
6.938115692138671875e+01
6.969760131835937500e+01
6.849707031250000000e+01
7.042878723144531250e+01
8.030231475830078125e+01
8.327066040039062500e+01
7.241782379150390625e+01
7.976857757568359375e+01
6.606373596191406250e+01
8.081425476074218750e+01
7.459887695312500000e+01
8.552633666992187500e+01
9.112670135498046875e+01
1.048847732543945312e+02
8.037900543212890625e+01
8.972693634033203125e+01
8.959030151367187500e+01
8.687502288818359375e+01
6.252712631225585938e+01
3.291635894775390625e+01
2.952414321899414062e+01
3.125819969177246094e+01
4.153150939941406250e+01
4.504380035400390625e+01
9.459670257568359375e+01
1.087516403198242188e+02
1.093352508544921875e+02
1.013775634765625000e+02
8.670292663574218750e+01
7.901000213623046875e+01
7.881327056884765625e+01
7.446500396728515625e+01
7.142253112792968750e+01
7.463209533691406250e+01
5.829204940795898438e+01
8.652292633056640625e+01
8.741841888427734375e+01
9.094276428222656250e+01
1.079728317260742188e+02
1.182712631225585938e+02
1.189061355590820312e+02
9.235862731933593750e+01
5.282164001464843750e+01
4.868352890014648438e+01
5.113920593261718750e+01
4.723887634277343750e+01
5.670275497436523438e+01
5.941175079345703125e+01
6.921248626708984375e+01
1.121567840576171875e+02
1.072793273925781250e+02
7.995805358886718750e+01
8.150626373291015625e+01
7.609674072265625000e+01
7.334772491455078125e+01
8.793757629394531250e+01
7.729890441894531250e+01
7.095646667480468750e+01
8.680915069580078125e+01
8.927919769287109375e+01
1.016068115234375000e+02
1.139835281372070312e+02
1.169364395141601562e+02
1.150138244628906250e+02
1.260802307128906250e+02
1.058972167968750000e+02
4.952005386352539062e+01
7.412299346923828125e+01
4.723953247070312500e+01
3.944265747070312500e+01
4.474848556518554688e+01
5.622075653076171875e+01
6.717646026611328125e+01
9.012270355224609375e+01
1.101605529785156250e+02
8.255269622802734375e+01
9.322987365722656250e+01
9.301598358154296875e+01
8.634214782714843750e+01
8.672222137451171875e+01
7.953484344482421875e+01
7.061587524414062500e+01
4.801579284667968750e+01
3.459002304077148438e+01
4.544200134277343750e+01
7.930303955078125000e+01
8.805789947509765625e+01
1.104099349975585938e+02
9.046802520751953125e+01
7.160769653320312500e+01
5.014619445800781250e+01
4.631618118286132812e+01
4.550242614746093750e+01
5.159508895874023438e+01
5.852349472045898438e+01
6.576939392089843750e+01
7.541572570800781250e+01
9.789402770996093750e+01
1.031151885986328125e+02
1.021329345703125000e+02
9.055837249755859375e+01
3.895243072509765625e+01
5.968072128295898438e+01
5.928940963745117188e+01
9.857274627685546875e+01
1.157911605834960938e+02
1.139815216064453125e+02
1.067581253051757812e+02
1.044735641479492188e+02
8.845751190185546875e+01
7.547724914550781250e+01
1.060532684326171875e+02
9.194248199462890625e+01
7.093173980712890625e+01
6.224177932739257812e+01
5.115521621704101562e+01
3.087643814086914062e+01
4.063006591796875000e+01
3.029012489318847656e+01
3.035798263549804688e+01
4.211980819702148438e+01
6.474160003662109375e+01
9.761344146728515625e+01
8.266808319091796875e+01
9.933914184570312500e+01
5.358309936523437500e+01
5.724363327026367188e+01
7.299046325683593750e+01
7.565044403076171875e+01
8.176152038574218750e+01
7.292735290527343750e+01
4.300621032714843750e+01
4.182514572143554688e+01
4.821499633789062500e+01
4.555464553833007812e+01
7.774305725097656250e+01
9.695309448242187500e+01
8.978401184082031250e+01
8.555110168457031250e+01
8.613896942138671875e+01
4.251996231079101562e+01
2.371273231506347656e+01
2.354754638671875000e+01
2.495261001586914062e+01
3.780252075195312500e+01
7.488023376464843750e+01
6.666796112060546875e+01
9.596682739257812500e+01
9.587373352050781250e+01
5.750418853759765625e+01
4.576871109008789062e+01
4.957120513916015625e+01
4.514731597900390625e+01
4.905223846435546875e+01
5.156473541259765625e+01
4.991040420532226562e+01
6.649314880371093750e+01
6.818788909912109375e+01
7.349301910400390625e+01
7.365699005126953125e+01
7.739057922363281250e+01
7.013957214355468750e+01
6.370888137817382812e+01
5.535225677490234375e+01
5.369525146484375000e+01
7.202428436279296875e+01
4.420128631591796875e+01
4.829920196533203125e+01
5.633345413208007812e+01
8.429753875732421875e+01
5.339150619506835938e+01
5.460223388671875000e+01
4.918879699707031250e+01
4.922715377807617188e+01
5.940644836425781250e+01
4.743967056274414062e+01
5.263557052612304688e+01
4.983781814575195312e+01
6.177099227905273438e+01
5.314069366455078125e+01
7.394203186035156250e+01
7.414590454101562500e+01
8.023764038085937500e+01
8.229592132568359375e+01
7.910076904296875000e+01
6.812516784667968750e+01
3.440779495239257812e+01
1.903695869445800781e+01
1.904622268676757812e+01
2.839411163330078125e+01
3.464028549194335938e+01
5.550891876220703125e+01
8.389544677734375000e+01
8.134503936767578125e+01
9.229496765136718750e+01
5.062665176391601562e+01
5.975221633911132812e+01
5.060083389282226562e+01
4.877158737182617188e+01
5.955690383911132812e+01
6.036826324462890625e+01
9.064186859130859375e+01
7.439898681640625000e+01
7.003661346435546875e+01
6.821899414062500000e+01
7.371936798095703125e+01
4.995132064819335938e+01
5.559966278076171875e+01
8.083081817626953125e+01
8.567046356201171875e+01
4.571981048583984375e+01
3.586153793334960938e+01
5.440700531005859375e+01
9.825286865234375000e+01
4.979677963256835938e+01
4.535069274902343750e+01
6.110920715332031250e+01
8.137628173828125000e+01
7.783866882324218750e+01
6.020461273193359375e+01
7.791616821289062500e+01
7.184288787841796875e+01
7.408990478515625000e+01
5.425249099731445312e+01
5.647509384155273438e+01
5.987387847900390625e+01
5.141733169555664062e+01
6.630584716796875000e+01
8.018489074707031250e+01
1.037713317871093750e+02
1.038330154418945312e+02
8.256510925292968750e+01
7.645137786865234375e+01
8.192561340332031250e+01
4.290538024902343750e+01
3.864143371582031250e+01
3.909144210815429688e+01
5.413161849975585938e+01
5.954570388793945312e+01
7.363068389892578125e+01
7.285473632812500000e+01
8.263137817382812500e+01
9.760383605957031250e+01
5.676190567016601562e+01
5.604336166381835938e+01
5.229495239257812500e+01
5.239908981323242188e+01
7.691763305664062500e+01
7.886376953125000000e+01
8.085558319091796875e+01
9.487138366699218750e+01
6.107894515991210938e+01
3.287742614746093750e+01
5.919995880126953125e+01
7.472871398925781250e+01
7.026497650146484375e+01
1.164969177246093750e+02
9.910625457763671875e+01
6.518341064453125000e+01
5.491062927246093750e+01
4.680731582641601562e+01
4.466135787963867188e+01
4.247624969482421875e+01
3.247108840942382812e+01
1.748967361450195312e+01
2.527352142333984375e+01
4.733547973632812500e+01
3.948772811889648438e+01
5.887198257446289062e+01
7.549472808837890625e+01
8.430925750732421875e+01
9.072029113769531250e+01
8.089758300781250000e+01
5.117232894897460938e+01
5.006619262695312500e+01
6.424021911621093750e+01
5.336347198486328125e+01
5.418536758422851562e+01
5.639533996582031250e+01
7.531626892089843750e+01
7.992862701416015625e+01
6.585397338867187500e+01
4.800503540039062500e+01
6.838437652587890625e+01
6.856352233886718750e+01
7.869210052490234375e+01
7.434382629394531250e+01
6.302574157714843750e+01
5.241112518310546875e+01
7.399359130859375000e+01
6.126465988159179688e+01
7.900308990478515625e+01
7.533689117431640625e+01
5.468201828002929688e+01
1.063097000122070312e+02
1.004054565429687500e+02
6.242409896850585938e+01
5.835306167602539062e+01
5.592002487182617188e+01
5.315502548217773438e+01
6.589921569824218750e+01
7.675910186767578125e+01
7.046476745605468750e+01
9.836835479736328125e+01
1.112486038208007812e+02
8.471239471435546875e+01
9.259285736083984375e+01
8.057128906250000000e+01
5.318686294555664062e+01
3.304415893554687500e+01
4.151033782958984375e+01
4.307736968994140625e+01
5.392717742919921875e+01
7.628134918212890625e+01
6.744157409667968750e+01
6.810489654541015625e+01
6.425824737548828125e+01
5.502434921264648438e+01
7.135147857666015625e+01
7.589958190917968750e+01
5.150525665283203125e+01
4.215442657470703125e+01
5.511641311645507812e+01
5.434105300903320312e+01
6.152509689331054688e+01
6.271806335449218750e+01
7.247174835205078125e+01
8.634951782226562500e+01
9.288877868652343750e+01
7.948813629150390625e+01
7.192547607421875000e+01
6.388169097900390625e+01
2.506904029846191406e+01
1.865872955322265625e+01
2.529119682312011719e+01
3.159713363647460938e+01
7.953482818603515625e+01
8.006355285644531250e+01
7.435449981689453125e+01
7.580481719970703125e+01
1.061515350341796875e+02
7.582810974121093750e+01
7.192154693603515625e+01
5.571817016601562500e+01
4.252485656738281250e+01
4.797233963012695312e+01
5.223692703247070312e+01
4.597802734375000000e+01
4.878361892700195312e+01
9.874594116210937500e+01
1.090370712280273438e+02
1.082270126342773438e+02
9.600570678710937500e+01
6.914029693603515625e+01
3.220368957519531250e+01
3.257406997680664062e+01
3.367185592651367188e+01
4.089142608642578125e+01
4.840930175781250000e+01
5.565982055664062500e+01
6.031281661987304688e+01
6.795460510253906250e+01
6.792295074462890625e+01
4.206211853027343750e+01
5.700500869750976562e+01
7.312109375000000000e+01
6.969901275634765625e+01
5.485958099365234375e+01
4.795796966552734375e+01
5.077619934082031250e+01
5.076283264160156250e+01
6.097339248657226562e+01
5.388314819335937500e+01
5.912044525146484375e+01
6.437357330322265625e+01
8.922332763671875000e+01
8.234636688232421875e+01
6.790180206298828125e+01
5.301118469238281250e+01
4.462973022460937500e+01
2.766052055358886719e+01
1.669901657104492188e+01
1.517865657806396484e+01
1.793151283264160156e+01
3.700638198852539062e+01
6.135160827636718750e+01
7.775550079345703125e+01
1.037397994995117188e+02
1.091639251708984375e+02
7.858371734619140625e+01
7.763051605224609375e+01
6.894525909423828125e+01
4.494539642333984375e+01
6.447110748291015625e+01
4.300867080688476562e+01
4.477035140991210938e+01
5.741294097900390625e+01
5.495194244384765625e+01
5.555584335327148438e+01
1.039322204589843750e+02
9.396076965332031250e+01
7.719419097900390625e+01
6.188984298706054688e+01
5.028439712524414062e+01
2.300915718078613281e+01
1.977593040466308594e+01
2.132870101928710938e+01
2.429951858520507812e+01
5.683683776855468750e+01
1.030067520141601562e+02
9.780390930175781250e+01
9.798316955566406250e+01
5.511581039428710938e+01
4.206450653076171875e+01
4.761559677124023438e+01
4.727325439453125000e+01
4.573665618896484375e+01
5.371736526489257812e+01
6.298854827880859375e+01
6.530699157714843750e+01
6.723737335205078125e+01
6.189177703857421875e+01
6.073826217651367188e+01
5.612210845947265625e+01
5.561721420288085938e+01
5.092419052124023438e+01
5.357790756225585938e+01
5.275189971923828125e+01
5.104122543334960938e+01
5.259354400634765625e+01
5.899445724487304688e+01
5.743806076049804688e+01
5.107982635498046875e+01
6.920718383789062500e+01
5.122453308105468750e+01
5.024166107177734375e+01
5.255773925781250000e+01
4.754716491699218750e+01
5.084011077880859375e+01
5.186730194091796875e+01
5.116008377075195312e+01
4.978829574584960938e+01
6.827976989746093750e+01
5.012253570556640625e+01
5.719590377807617188e+01
6.802378845214843750e+01
5.054691696166992188e+01
5.224306488037109375e+01
5.246636962890625000e+01
5.181184768676757812e+01
4.874553298950195312e+01
5.465113449096679688e+01
4.912637329101562500e+01
5.289188385009765625e+01
6.507602691650390625e+01
5.158491516113281250e+01
5.231397247314453125e+01
6.775745391845703125e+01
7.004283142089843750e+01
5.142594909667968750e+01
5.308226776123046875e+01
4.787220382690429688e+01
5.055044937133789062e+01
4.946473312377929688e+01
5.006215286254882812e+01
4.975288772583007812e+01
6.733695983886718750e+01
7.609965515136718750e+01
5.105761337280273438e+01
5.321805572509765625e+01
4.880319976806640625e+01
5.048276519775390625e+01
5.201793289184570312e+01
5.018696594238281250e+01
4.979532623291015625e+01
5.473434066772460938e+01
6.211052703857421875e+01
5.235857009887695312e+01
5.792375183105468750e+01
6.470633697509765625e+01
5.357549285888671875e+01
5.498606491088867188e+01
5.111149597167968750e+01
4.934425735473632812e+01
5.310718154907226562e+01
4.783749771118164062e+01
5.149616241455078125e+01
5.556979751586914062e+01
6.308951950073242188e+01
5.052145767211914062e+01
6.290265655517578125e+01
6.353937149047851562e+01
5.224923324584960938e+01
5.687507629394531250e+01
5.117670059204101562e+01
5.212742614746093750e+01
5.315833663940429688e+01
5.259798049926757812e+01
5.008082199096679688e+01
5.990353012084960938e+01
6.255151748657226562e+01
4.986699295043945312e+01
6.167997360229492188e+01
6.494458770751953125e+01
5.267986679077148438e+01
5.283754348754882812e+01
5.289994812011718750e+01
5.036442947387695312e+01
5.121644210815429688e+01
5.339103317260742188e+01
4.926182937622070312e+01
5.701938247680664062e+01
6.443816375732421875e+01
4.972644042968750000e+01
6.096972274780273438e+01
6.458936309814453125e+01
5.385765838623046875e+01
5.300477218627929688e+01
5.524169158935546875e+01
5.193100738525390625e+01
5.003759002685546875e+01
5.441847610473632812e+01
4.978493499755859375e+01
5.593363571166992188e+01
6.301454162597656250e+01
5.120465850830078125e+01
6.006338882446289062e+01
6.576247406005859375e+01
5.439300155639648438e+01
5.163597488403320312e+01
5.322671890258789062e+01
5.213563919067382812e+01
4.891061401367187500e+01
5.343582534790039062e+01
5.151235198974609375e+01
5.700955200195312500e+01
6.300814819335937500e+01
5.278826904296875000e+01
6.194042968750000000e+01
6.139973068237304688e+01
5.670838546752929688e+01
5.296843719482421875e+01
5.442683410644531250e+01
5.335926055908203125e+01
4.950959777832031250e+01
5.283718490600585938e+01
5.120497131347656250e+01
5.826154327392578125e+01
5.779438400268554688e+01
5.344808959960937500e+01
6.327876281738281250e+01
5.899963378906250000e+01
5.499469757080078125e+01
4.989272689819335938e+01
5.956631469726562500e+01
6.334033584594726562e+01
6.387934875488281250e+01
6.439936828613281250e+01
6.504618835449218750e+01
7.844243621826171875e+01
7.184644317626953125e+01
6.501316070556640625e+01
7.084358978271484375e+01
6.804553222656250000e+01
6.551170349121093750e+01
6.616738891601562500e+01
6.046476745605468750e+01
5.130256271362304688e+01
5.064999389648437500e+01
5.284424972534179688e+01
5.120538330078125000e+01
6.184793090820312500e+01
5.534671783447265625e+01
5.388659667968750000e+01
7.037397003173828125e+01
5.430720520019531250e+01
4.943987655639648438e+01
5.030189895629882812e+01
5.589691543579101562e+01
4.857536697387695312e+01
5.106493377685546875e+01
5.190561294555664062e+01
5.150956344604492188e+01
6.254823303222656250e+01
5.292327117919921875e+01
5.728845214843750000e+01
6.441984558105468750e+01
5.563591766357421875e+01
5.210568618774414062e+01
5.179138183593750000e+01
5.415202713012695312e+01
5.026166534423828125e+01
5.000538253784179688e+01
5.286084365844726562e+01
5.296448516845703125e+01
6.168566131591796875e+01
5.185741424560546875e+01
6.076543807983398438e+01
6.275249099731445312e+01
5.528183364868164062e+01
5.110835266113281250e+01
4.877819824218750000e+01
5.300041198730468750e+01
5.045067214965820312e+01
5.035121917724609375e+01
5.240493392944335938e+01
5.471373367309570312e+01
5.942531967163085938e+01
5.240735626220703125e+01
6.280932617187500000e+01
5.635682678222656250e+01
5.450916290283203125e+01
5.155669784545898438e+01
5.188349914550781250e+01
5.312882232666015625e+01
4.839403915405273438e+01
5.083324050903320312e+01
5.329039764404296875e+01
5.817287826538085938e+01
5.531495666503906250e+01
5.060551071166992188e+01
6.616411590576171875e+01
4.951232147216796875e+01
5.005100631713867188e+01
4.836060333251953125e+01
4.822398376464843750e+01
5.118200302124023438e+01
4.766530609130859375e+01
5.076140213012695312e+01
5.104389572143554688e+01
5.999740600585937500e+01
5.167348098754882812e+01
5.806139755249023438e+01
6.289994812011718750e+01
5.308272933959960938e+01
5.135585403442382812e+01
5.048575210571289062e+01
5.113528823852539062e+01
5.195560836791992188e+01
4.819139099121093750e+01
5.276330184936523438e+01
5.592601013183593750e+01
5.806451416015625000e+01
5.186335754394531250e+01
6.214826202392578125e+01
5.923204803466796875e+01
5.464338684082031250e+01
5.068755340576171875e+01
4.851605987548828125e+01
5.103744506835937500e+01
5.151045989990234375e+01
4.961990737915039062e+01
5.041591262817382812e+01
5.869218063354492188e+01
5.467296218872070312e+01
5.344651031494140625e+01
6.227529907226562500e+01
5.634638595581054688e+01
5.565029907226562500e+01
4.948461532592773438e+01
5.186481475830078125e+01
5.371335220336914062e+01
4.820238494873046875e+01
5.062356567382812500e+01
5.218793487548828125e+01
5.825515747070312500e+01
5.640174102783203125e+01
5.181292343139648438e+01
6.514991760253906250e+01
5.196302032470703125e+01
5.106167602539062500e+01
4.936308670043945312e+01
5.052003097534179688e+01
5.075471496582031250e+01
4.798843765258789062e+01
5.285038757324218750e+01
5.148773193359375000e+01
6.297665023803710938e+01
4.941256713867187500e+01
5.684775161743164062e+01
6.360507583618164062e+01
5.302348327636718750e+01
5.068392562866210938e+01
4.703061294555664062e+01
5.230788803100585938e+01
5.188849258422851562e+01
4.868619918823242188e+01
5.234360885620117188e+01
5.347732925415039062e+01
6.181168746948242188e+01
5.252582168579101562e+01
6.195680999755859375e+01
5.938823318481445312e+01
5.462646865844726562e+01
5.320547866821289062e+01
4.838217926025390625e+01
5.310684585571289062e+01
5.052762603759765625e+01
4.921478271484375000e+01
5.292512512207031250e+01
5.728375625610351562e+01
5.563767623901367188e+01
5.316846847534179688e+01
6.576297760009765625e+01
5.068412399291992188e+01
5.277521133422851562e+01
5.051359939575195312e+01
4.920032119750976562e+01
5.277106857299804688e+01
5.152011489868164062e+01
4.912862014770507812e+01
5.490962600708007812e+01
6.401860809326171875e+01
5.143758392333984375e+01
5.489497756958007812e+01
6.693130493164062500e+01
4.983781051635742188e+01
4.900212097167968750e+01
5.154495239257812500e+01
4.865185928344726562e+01
5.145869064331054688e+01
5.254581451416015625e+01
4.866407012939453125e+01
5.353078079223632812e+01
6.504824829101562500e+01
4.961986541748046875e+01
5.527185821533203125e+01
6.740550231933593750e+01
5.090491867065429688e+01
5.054239273071289062e+01
5.346061325073242188e+01
4.922853088378906250e+01
5.174446868896484375e+01
5.394020843505859375e+01
4.855520248413085938e+01
5.397176742553710938e+01
6.588961029052734375e+01
5.150720214843750000e+01
5.384610748291015625e+01
6.834912872314453125e+01
5.073677825927734375e+01
4.882732772827148438e+01
5.282136535644531250e+01
4.928009414672851562e+01
4.826505661010742188e+01
5.287487792968750000e+01
5.042998886108398438e+01
5.267317581176757812e+01
6.522986602783203125e+01
5.190794372558593750e+01
5.590345764160156250e+01
6.597522735595703125e+01
5.349877929687500000e+01
4.920515060424804688e+01
5.249818038940429688e+01
5.198115921020507812e+01
4.946351242065429688e+01
5.310401153564453125e+01
5.148035430908203125e+01
5.383503341674804688e+01
6.242692947387695312e+01
5.316711807250976562e+01
5.757482528686523438e+01
6.434597778320312500e+01
5.409413146972656250e+01
5.095495223999023438e+01
4.947144699096679688e+01
5.205174255371093750e+01
4.954110336303710938e+01
5.003020477294921875e+01
5.112409210205078125e+01
5.600342178344726562e+01
5.969623947143554688e+01
5.189474868774414062e+01
6.221330642700195312e+01
5.929727172851562500e+01
5.539084625244140625e+01
5.182456970214843750e+01
5.078983306884765625e+01
4.984018707275390625e+01
5.167572021484375000e+01
4.951482009887695312e+01
5.257748413085937500e+01
6.129341125488281250e+01
5.471959304809570312e+01
5.096038055419921875e+01
6.474316406250000000e+01
5.607919311523437500e+01
5.206663513183593750e+01
5.157266998291015625e+01
4.947358703613281250e+01
4.858555221557617188e+01
5.292443466186523438e+01
4.857830429077148438e+01
4.995112609863281250e+01
6.435802459716796875e+01
5.326102447509765625e+01
4.998885345458984375e+01
6.624028015136718750e+01
4.915774154663085938e+01
4.742375564575195312e+01
5.187621307373046875e+01
4.980303955078125000e+01
4.584424209594726562e+01
5.270323944091796875e+01
4.922175979614257812e+01
5.079635620117187500e+01
6.557384490966796875e+01
5.071975326538085938e+01
5.364393234252929688e+01
6.675714874267578125e+01
5.068204116821289062e+01
4.726305770874023438e+01
5.125145721435546875e+01
5.055592727661132812e+01
4.655595397949218750e+01
5.039314270019531250e+01
4.983345413208007812e+01
5.166281127929687500e+01
6.126190567016601562e+01
5.086056900024414062e+01
5.956103515625000000e+01
6.096237945556640625e+01
5.480791091918945312e+01
4.907246017456054688e+01
5.119734954833984375e+01
4.893119430541992188e+01
4.879412460327148438e+01
4.954286956787109375e+01
5.223913955688476562e+01
5.713593292236328125e+01
5.617434692382812500e+01
5.363030624389648438e+01
6.230611801147460938e+01
5.506867599487304688e+01
5.381997299194335938e+01
4.955264282226562500e+01
4.817016601562500000e+01
5.066230392456054688e+01
4.931491851806640625e+01
4.971899032592773438e+01
5.045151901245117188e+01
6.187322616577148438e+01
5.223707962036132812e+01
5.423566055297851562e+01
6.582472991943359375e+01
4.723205184936523438e+01
5.341098785400390625e+01
6.982507324218750000e+01
6.756925201416015625e+01
7.047271728515625000e+01
6.947663116455078125e+01
7.195036315917968750e+01
8.155289459228515625e+01
1.006001358032226562e+02
7.980318450927734375e+01
7.484459686279296875e+01
3.491603469848632812e+01
2.504522132873535156e+01
3.076441764831542969e+01
3.471485519409179688e+01
3.899105072021484375e+01
5.564432525634765625e+01
8.436135864257812500e+01
7.727496337890625000e+01
1.077287902832031250e+02
8.365850067138671875e+01
7.084865570068359375e+01
7.104727172851562500e+01
4.054897689819335938e+01
6.271801376342773438e+01
6.670877075195312500e+01
6.966838836669921875e+01
5.886141967773437500e+01
8.484601593017578125e+01
8.711787414550781250e+01
8.712367248535156250e+01
1.092138748168945312e+02
7.828075408935546875e+01
9.378618621826171875e+01
7.111394500732421875e+01
5.385837173461914062e+01
5.877249145507812500e+01
6.408469390869140625e+01
6.784883117675781250e+01
7.165461730957031250e+01
6.631060791015625000e+01
9.539414215087890625e+01
9.498816680908203125e+01
1.006062698364257812e+02
8.177373504638671875e+01
7.675514221191406250e+01
6.244082260131835938e+01
7.110903930664062500e+01
7.001804351806640625e+01
8.818963623046875000e+01
8.050531768798828125e+01
7.054556274414062500e+01
9.120288848876953125e+01
6.348008346557617188e+01
6.882939147949218750e+01
7.063971710205078125e+01
8.442321777343750000e+01
3.034041404724121094e+01
1.933965873718261719e+01
1.738835906982421875e+01
1.741990852355957031e+01
2.331957817077636719e+01
1.819492149353027344e+01
1.798938751220703125e+01
1.929578971862792969e+01
2.641176795959472656e+01
1.629343795776367188e+01
1.623530578613281250e+01
1.623530578613281250e+01
1.623530578613281250e+01
1.623530578613281250e+01
1.623530578613281250e+01
1.623530578613281250e+01
1.623530578613281250e+01
1.623530578613281250e+01
1.623530578613281250e+01
1.623530578613281250e+01
1.623530578613281250e+01
1.623530578613281250e+01
1.623530578613281250e+01
1.623530578613281250e+01
1.623530578613281250e+01
1.623530578613281250e+01
1.623530578613281250e+01
1.623530578613281250e+01
1.623530578613281250e+01
1.623530578613281250e+01
1.623530578613281250e+01
1.623530578613281250e+01
1.623530578613281250e+01
1.623530578613281250e+01
1.623530578613281250e+01
1.623530578613281250e+01
1.623530578613281250e+01
1.623530578613281250e+01
1.623530578613281250e+01
1.623530578613281250e+01
1.623530578613281250e+01
1.623530578613281250e+01
1.623530578613281250e+01
1.623530578613281250e+01
1.623530578613281250e+01
1.623530578613281250e+01
1.623530578613281250e+01
1.623530578613281250e+01
1.623530578613281250e+01
1.623530578613281250e+01
1.623530578613281250e+01
1.623530578613281250e+01
1.623530578613281250e+01
1.623530578613281250e+01
1.623530578613281250e+01
1.623530578613281250e+01
1.623530578613281250e+01
1.623530578613281250e+01
1.623530578613281250e+01
1.623530578613281250e+01
1.623530578613281250e+01
1.623530578613281250e+01
1.623530578613281250e+01
1.623530578613281250e+01
1.623530578613281250e+01
1.623530578613281250e+01
1.623530578613281250e+01
1.623530578613281250e+01
1.623530578613281250e+01
1.623530578613281250e+01
1.623530578613281250e+01
1.623530578613281250e+01
1.623530578613281250e+01
1.623530578613281250e+01
1.623530578613281250e+01
1.623530578613281250e+01
1.623530578613281250e+01
1.623530578613281250e+01
1.623530578613281250e+01
1.623530578613281250e+01
1.623530578613281250e+01
1.623530578613281250e+01
1.623530578613281250e+01
1.623530578613281250e+01
1.623530578613281250e+01
1.623530578613281250e+01
1.623530578613281250e+01
1.623530578613281250e+01
1.623530578613281250e+01
1.623530578613281250e+01
1.623530578613281250e+01
1.623530578613281250e+01
1.623530578613281250e+01
1.623530578613281250e+01
1.623530578613281250e+01
1.623530578613281250e+01
1.623530578613281250e+01
1.623530578613281250e+01
1.623530578613281250e+01
1.623530578613281250e+01
1.623530578613281250e+01
1.623530578613281250e+01
1.623530578613281250e+01
1.623530578613281250e+01
1.623530578613281250e+01
1.623530578613281250e+01
1.623530578613281250e+01
1.623530578613281250e+01
1.623530578613281250e+01
1.623530578613281250e+01
1.623530578613281250e+01
1.623530578613281250e+01
1.623530578613281250e+01
1.623530578613281250e+01
1.623530578613281250e+01
1.623530578613281250e+01
1.623530578613281250e+01
1.623530578613281250e+01
1.623530578613281250e+01
1.623530578613281250e+01
5.105426788330078125e+01
5.893574523925781250e+01
5.039888000488281250e+01
5.020187759399414062e+01
5.247520065307617188e+01
5.439490127563476562e+01
5.759964752197265625e+01
5.717779159545898438e+01
5.573261642456054688e+01
5.985174560546875000e+01
1.129762268066406250e+02
7.313715362548828125e+01
5.709446334838867188e+01
5.086119842529296875e+01
5.249507522583007812e+01
5.916508865356445312e+01
5.823759460449218750e+01
5.535792541503906250e+01
5.621666717529296875e+01
6.945188140869140625e+01
7.601871490478515625e+01
7.794425201416015625e+01
6.820678710937500000e+01
7.534893035888671875e+01
7.842679595947265625e+01
6.866269683837890625e+01
5.116252899169921875e+01
5.301053237915039062e+01
5.269127273559570312e+01
5.329974365234375000e+01
6.323783874511718750e+01
5.886575698852539062e+01
7.259388732910156250e+01
8.124494171142578125e+01
8.825784301757812500e+01
7.260446166992187500e+01
6.486356353759765625e+01
5.665387725830078125e+01
5.476330566406250000e+01
5.515914154052734375e+01
5.644763565063476562e+01
6.084018707275390625e+01
6.304937744140625000e+01
6.733973693847656250e+01
7.462872314453125000e+01
8.308100891113281250e+01
6.060271072387695312e+01
6.124474716186523438e+01
6.133569717407226562e+01
7.902416229248046875e+01
5.543177032470703125e+01
4.987874984741210938e+01
5.464009857177734375e+01
5.566083145141601562e+01
6.719193267822265625e+01
6.872848510742187500e+01
6.385322189331054688e+01
6.012583541870117188e+01
1.108129196166992188e+02
7.722248077392578125e+01
7.444348907470703125e+01
6.022489547729492188e+01
5.352167892456054688e+01
5.449733352661132812e+01
5.881890106201171875e+01
5.798588562011718750e+01
5.372077178955078125e+01
6.571288299560546875e+01
7.421917724609375000e+01
8.529130554199218750e+01
5.686128234863281250e+01
7.616775512695312500e+01
7.788484954833984375e+01
7.149573516845703125e+01
6.289376068115234375e+01
7.022295379638671875e+01
4.451557159423828125e+01
4.133959197998046875e+01
5.308840942382812500e+01
4.869773101806640625e+01
6.576440429687500000e+01
6.509352874755859375e+01
1.083838577270507812e+02
8.233310699462890625e+01
6.442210388183593750e+01
5.127059555053710938e+01
5.419518280029296875e+01
7.073167419433593750e+01
5.405588912963867188e+01
5.400556182861328125e+01
5.217115020751953125e+01
7.120397949218750000e+01
7.205146026611328125e+01
8.333379364013671875e+01
7.149883270263671875e+01
6.856507110595703125e+01
9.449116516113281250e+01
5.595610427856445312e+01
8.007068634033203125e+01
6.757294464111328125e+01
5.182080459594726562e+01
4.600952911376953125e+01
5.685082626342773438e+01
7.232458496093750000e+01
5.305191421508789062e+01
6.044693374633789062e+01
7.325662231445312500e+01
1.124242095947265625e+02
8.864942932128906250e+01
8.086814880371093750e+01
7.943341827392578125e+01
8.223017120361328125e+01
1.058011856079101562e+02
8.438019561767578125e+01
8.183528137207031250e+01
7.775928497314453125e+01
9.827302551269531250e+01
1.175631713867187500e+02
1.245805511474609375e+02
1.167110137939453125e+02
9.138687896728515625e+01
6.291670989990234375e+01
5.373239898681640625e+01
3.375152587890625000e+01
2.438689994812011719e+01
3.162674140930175781e+01
3.558399581909179688e+01
4.128900909423828125e+01
7.285562133789062500e+01
8.581192016601562500e+01
8.758635711669921875e+01
8.634976959228515625e+01
8.609156036376953125e+01
7.718515777587890625e+01
7.499243164062500000e+01
8.499586486816406250e+01
8.565331268310546875e+01
1.107050704956054688e+02
8.140856933593750000e+01
8.612369537353515625e+01
9.162883758544921875e+01
6.433298492431640625e+01
5.619914627075195312e+01
4.481363296508789062e+01
4.062357330322265625e+01
4.272347259521484375e+01
5.122801208496093750e+01
9.904566955566406250e+01
7.427326965332031250e+01
5.765357589721679688e+01
6.946589660644531250e+01
6.567060852050781250e+01
8.077937316894531250e+01
5.345161437988281250e+01
5.413056945800781250e+01
7.380991363525390625e+01
8.337065887451171875e+01
7.980959320068359375e+01
7.559070587158203125e+01
8.635112762451171875e+01
8.041907501220703125e+01
1.021469650268554688e+02
7.819162750244140625e+01
5.128399276733398438e+01
9.720037841796875000e+01
9.319065093994140625e+01
1.019024276733398438e+02
9.248792266845703125e+01
5.585633087158203125e+01
5.772920227050781250e+01
4.772884368896484375e+01
4.752575302124023438e+01
4.213581466674804688e+01
3.390097808837890625e+01
3.458384704589843750e+01
3.934130477905273438e+01
6.356875991821289062e+01
8.534059143066406250e+01
1.022060165405273438e+02
9.559708404541015625e+01
8.233602142333984375e+01
8.577462005615234375e+01
7.657682800292968750e+01
7.976898956298828125e+01
7.973426818847656250e+01
8.318878173828125000e+01
8.663035583496093750e+01
8.816421508789062500e+01
3.862820053100585938e+01
3.422140502929687500e+01
9.251485443115234375e+01
9.630258178710937500e+01
9.542278289794921875e+01
7.736509704589843750e+01
4.998048400878906250e+01
4.118552017211914062e+01
3.701280593872070312e+01
3.321998214721679688e+01
3.318445968627929688e+01
6.221434402465820312e+01
4.926438903808593750e+01
7.394761657714843750e+01
9.657233428955078125e+01
9.477993774414062500e+01
8.208924865722656250e+01
8.052898406982421875e+01
8.474523162841796875e+01
8.041967773437500000e+01
1.039537124633789062e+02
7.502672576904296875e+01
7.628276824951171875e+01
9.466989898681640625e+01
8.648362731933593750e+01
1.015798950195312500e+02
1.165720672607421875e+02
1.138119201660156250e+02
9.166744232177734375e+01
6.115239334106445312e+01
5.157257080078125000e+01
3.755009841918945312e+01
3.233994293212890625e+01
3.477323532104492188e+01
3.734624481201171875e+01
4.567296981811523438e+01
6.780004119873046875e+01
9.758780670166015625e+01
9.992765808105468750e+01
9.709336090087890625e+01
7.351868438720703125e+01
7.438402557373046875e+01
7.796153259277343750e+01
8.181671142578125000e+01
9.584505462646484375e+01
6.568827819824218750e+01
7.225454711914062500e+01
8.203550720214843750e+01
8.572805023193359375e+01
5.519080352783203125e+01
7.741875457763671875e+01
8.190462493896484375e+01
8.251239013671875000e+01
6.860617065429687500e+01
3.435750579833984375e+01
2.769347572326660156e+01
2.918418884277343750e+01
3.589115524291992188e+01
3.524969100952148438e+01
4.524536514282226562e+01
8.968683624267578125e+01
1.018668518066406250e+02
1.005307312011718750e+02
8.369335937500000000e+01
8.049671173095703125e+01
7.983268737792968750e+01
8.278092193603515625e+01
7.018620300292968750e+01
5.636005020141601562e+01
5.382848358154296875e+01
4.931624221801757812e+01
3.802887725830078125e+01
8.101311492919921875e+01
1.007687683105468750e+02
1.012789306640625000e+02
1.189206008911132812e+02
1.147832336425781250e+02
9.870590972900390625e+01
7.659022521972656250e+01
3.852418136596679688e+01
2.763720130920410156e+01
3.418792724609375000e+01
5.435559082031250000e+01
8.359188842773437500e+01
9.563234710693359375e+01
1.102487411499023438e+02
1.132757949829101562e+02
8.657361602783203125e+01
6.623340606689453125e+01
6.002184677124023438e+01
5.989763259887695312e+01
8.564517211914062500e+01
5.443748855590820312e+01
4.470803833007812500e+01
6.121616744995117188e+01
5.729158401489257812e+01
5.703509902954101562e+01
8.027210998535156250e+01
9.512721252441406250e+01
1.130721588134765625e+02
9.066078186035156250e+01
8.197529602050781250e+01
6.772369384765625000e+01
3.890622711181640625e+01
2.116119194030761719e+01
2.116926002502441406e+01
2.605072784423828125e+01
4.589332580566406250e+01
5.447422409057617188e+01
9.414827728271484375e+01
1.115062866210937500e+02
9.398757171630859375e+01
5.293121337890625000e+01
7.858449554443359375e+01
8.176867675781250000e+01
7.901835632324218750e+01
1.117449645996093750e+02
8.356249237060546875e+01
9.693834686279296875e+01
9.382940673828125000e+01
9.110855865478515625e+01
1.033058700561523438e+02
1.094025650024414062e+02
9.975085449218750000e+01
6.525718688964843750e+01
5.650973510742187500e+01
5.604678726196289062e+01
4.557089996337890625e+01
3.215322494506835938e+01
4.515888214111328125e+01
3.593334197998046875e+01
3.520622253417968750e+01
5.214556503295898438e+01
7.135391998291015625e+01
6.744421386718750000e+01
1.114881744384765625e+02
7.327299499511718750e+01
9.658226013183593750e+01
9.868166351318359375e+01
5.736911010742187500e+01
7.059323120117187500e+01
7.180370330810546875e+01
7.805445861816406250e+01
6.073178482055664062e+01
9.879069519042968750e+01
7.549481201171875000e+01
1.153613357543945312e+02
1.105632095336914062e+02
9.062787628173828125e+01
5.999287414550781250e+01
4.396350097656250000e+01
2.910401916503906250e+01
2.556897163391113281e+01
3.058553886413574219e+01
3.331473159790039062e+01
4.084956359863281250e+01
6.950288391113281250e+01
1.121136703491210938e+02
1.133197326660156250e+02
8.189636993408203125e+01
7.033704376220703125e+01
5.107524490356445312e+01
3.782635116577148438e+01
6.619069671630859375e+01
7.327278900146484375e+01
6.061329650878906250e+01
1.038455505371093750e+02
9.996315765380859375e+01
1.150782699584960938e+02
9.491336822509765625e+01
9.867253112792968750e+01
8.632913970947265625e+01
9.117554473876953125e+01
8.532929992675781250e+01
4.255793762207031250e+01
3.984388351440429688e+01
4.029700469970703125e+01
3.637354660034179688e+01
3.417866516113281250e+01
4.007967758178710938e+01
7.655230712890625000e+01
9.759954071044921875e+01
1.076179733276367188e+02
7.994071197509765625e+01
7.456560516357421875e+01
4.264743423461914062e+01
7.631023406982421875e+01
6.283887100219726562e+01
5.083267211914062500e+01
4.549346923828125000e+01
4.375367355346679688e+01
7.825623321533203125e+01
5.674255752563476562e+01
9.066582489013671875e+01
7.747538757324218750e+01
1.122370605468750000e+02
8.177378845214843750e+01
6.763211822509765625e+01
4.768762588500976562e+01
2.638724708557128906e+01
2.907292366027832031e+01
4.137178421020507812e+01
3.799276351928710938e+01
4.851972198486328125e+01
7.131690979003906250e+01
1.074159698486328125e+02
1.154684906005859375e+02
9.065874481201171875e+01
7.243800354003906250e+01
4.883231735229492188e+01
4.343446731567382812e+01
7.415951538085937500e+01
6.501848602294921875e+01
6.449671936035156250e+01
8.110257720947265625e+01
1.019287261962890625e+02
1.086061553955078125e+02
1.087252883911132812e+02
8.363150024414062500e+01
7.104117584228515625e+01
7.024339294433593750e+01
6.030087280273437500e+01
5.560089111328125000e+01
5.788814163208007812e+01
3.851721572875976562e+01
2.476354789733886719e+01
2.615967178344726562e+01
2.873634910583496094e+01
6.441783905029296875e+01
8.064225006103515625e+01
1.086762466430664062e+02
9.542164611816406250e+01
7.922835540771484375e+01
6.256560897827148438e+01
5.986595916748046875e+01
7.572113037109375000e+01
6.959506225585937500e+01
6.911221313476562500e+01
8.108197784423828125e+01
7.342455291748046875e+01
7.741926574707031250e+01
9.210033416748046875e+01
8.445712280273437500e+01
1.094221267700195312e+02
1.092518997192382812e+02
8.498550415039062500e+01
4.115691375732421875e+01
2.780795478820800781e+01
3.199112701416015625e+01
3.070915794372558594e+01
3.608208465576171875e+01
4.230897140502929688e+01
4.688538360595703125e+01
1.092785263061523438e+02
1.150559234619140625e+02
5.237728118896484375e+01
4.351889038085937500e+01
6.062165069580078125e+01
6.878663635253906250e+01
4.937010192871093750e+01
5.703124237060546875e+01
6.622984313964843750e+01
6.277847671508789062e+01
8.781304931640625000e+01
7.928618621826171875e+01
8.114630889892578125e+01
8.793915557861328125e+01
1.063259811401367188e+02
8.561430358886718750e+01
7.435643768310546875e+01
5.575363159179687500e+01
5.696099472045898438e+01
3.575850677490234375e+01
2.546495819091796875e+01
2.606750679016113281e+01
3.185223197937011719e+01
3.994968795776367188e+01
7.790316772460937500e+01
1.088419876098632812e+02
1.020111236572265625e+02
1.069256362915039062e+02
8.463289642333984375e+01
6.151496887207031250e+01
7.111507415771484375e+01
7.443629455566406250e+01
7.407862091064453125e+01
8.825086975097656250e+01
9.251199340820312500e+01
1.056297531127929688e+02
8.506920623779296875e+01
7.158319091796875000e+01
8.764952087402343750e+01
7.818213653564453125e+01
7.371913146972656250e+01
7.193835449218750000e+01
6.266429138183593750e+01
5.459043502807617188e+01
5.170646286010742188e+01
5.348218917846679688e+01
3.863644027709960938e+01
2.432281875610351562e+01
2.518371772766113281e+01
3.178822708129882812e+01
4.567817687988281250e+01
8.719616699218750000e+01
8.037866973876953125e+01
9.688626861572265625e+01
1.138755493164062500e+02
1.032064819335937500e+02
7.815152740478515625e+01
7.562042999267578125e+01
7.488716888427734375e+01
6.411313629150390625e+01
5.728280258178710938e+01
5.053276443481445312e+01
9.286545562744140625e+01
9.098156738281250000e+01
7.155727386474609375e+01
6.522994995117187500e+01
3.117525863647460938e+01
2.137156295776367188e+01
3.011987686157226562e+01
2.342342376708984375e+01
2.383860588073730469e+01
5.706483459472656250e+01
9.086167144775390625e+01
1.083707275390625000e+02
8.528237915039062500e+01
4.532569885253906250e+01
4.226182556152343750e+01
5.156523513793945312e+01
5.243082046508789062e+01
6.753565979003906250e+01
5.518222045898437500e+01
4.980838012695312500e+01
6.514067077636718750e+01
6.149675750732421875e+01
6.675431060791015625e+01
7.582508850097656250e+01
7.933287811279296875e+01
7.349655914306640625e+01
5.814660263061523438e+01
3.587548446655273438e+01
1.910060691833496094e+01
1.803881835937500000e+01
2.119966125488281250e+01
2.524405670166015625e+01
3.857307052612304688e+01
8.161650848388671875e+01
9.870734405517578125e+01
1.154131164550781250e+02
7.639897918701171875e+01
6.824389648437500000e+01
5.384488296508789062e+01
7.177211761474609375e+01
6.978956604003906250e+01
6.751310729980468750e+01
5.890628051757812500e+01
5.549364852905273438e+01
7.989990997314453125e+01
8.240895843505859375e+01
1.054333496093750000e+02
8.921236419677734375e+01
1.006031036376953125e+02
7.995299530029296875e+01
7.151283264160156250e+01
4.172429275512695312e+01
2.336107254028320312e+01
2.646341133117675781e+01
2.951368141174316406e+01
4.076970291137695312e+01
5.321735763549804688e+01
7.384798431396484375e+01
1.034228057861328125e+02
1.128515243530273438e+02
7.678803253173828125e+01
5.280241775512695312e+01
3.584307479858398438e+01
3.659586334228515625e+01
5.581242370605468750e+01
4.326671981811523438e+01
5.088825988769531250e+01
6.504555511474609375e+01
8.680532836914062500e+01
7.105604553222656250e+01
8.537590789794921875e+01
5.043738174438476562e+01
7.275922393798828125e+01
8.028593444824218750e+01
7.221875762939453125e+01
6.920203399658203125e+01
3.251093673706054688e+01
1.880506134033203125e+01
1.764498329162597656e+01
3.649093627929687500e+01
2.277494430541992188e+01
3.534854888916015625e+01
8.929585266113281250e+01
1.082351837158203125e+02
9.980525970458984375e+01
5.558148956298828125e+01
4.858869552612304688e+01
6.216152191162109375e+01
7.904473114013671875e+01
6.738387298583984375e+01
4.153342819213867188e+01
3.729423522949218750e+01
4.686270904541015625e+01
4.967728424072265625e+01
8.842021942138671875e+01
9.237775421142578125e+01
9.172299957275390625e+01
5.306469726562500000e+01
5.023569869995117188e+01
5.370614242553710938e+01
3.222290039062500000e+01
1.762162971496582031e+01
2.085606956481933594e+01
3.278038024902343750e+01
3.412322616577148438e+01
5.862504196166992188e+01
9.636677551269531250e+01
1.137919082641601562e+02
9.142419433593750000e+01
5.156857299804687500e+01
3.723606109619140625e+01
4.582062911987304688e+01
7.976951599121093750e+01
5.406926727294921875e+01
5.246702194213867188e+01
8.587292480468750000e+01
9.830190277099609375e+01
9.349134063720703125e+01
1.000674591064453125e+02
7.399070739746093750e+01
8.284604644775390625e+01
8.451611328125000000e+01
5.904262924194335938e+01
7.354768371582031250e+01
5.001974868774414062e+01
4.526184082031250000e+01
6.085313796997070312e+01
5.140596771240234375e+01
5.343419647216796875e+01
4.501126480102539062e+01
7.187018585205078125e+01
9.609729003906250000e+01
7.771234893798828125e+01
6.728846740722656250e+01
6.505526733398437500e+01
7.437563323974609375e+01
5.121929931640625000e+01
6.801860046386718750e+01
6.500954437255859375e+01
8.043009185791015625e+01
9.266153717041015625e+01
9.266661071777343750e+01
9.658564758300781250e+01
1.007804031372070312e+02
9.387584686279296875e+01
7.857498931884765625e+01
8.554129791259765625e+01
6.477571105957031250e+01
5.213722229003906250e+01
5.710044097900390625e+01
6.405490875244140625e+01
6.926207733154296875e+01
5.180275726318359375e+01
4.891979217529296875e+01
4.958007431030273438e+01
8.138498687744140625e+01
8.725268554687500000e+01
8.065493011474609375e+01
6.697897338867187500e+01
5.505188369750976562e+01
5.158691024780273438e+01
6.452564239501953125e+01
5.277184295654296875e+01
5.008747863769531250e+01
5.836503219604492188e+01
7.029745483398437500e+01
9.522835540771484375e+01
9.373252868652343750e+01
8.199659729003906250e+01
6.950463104248046875e+01
6.348096466064453125e+01
2.541042900085449219e+01
1.874833679199218750e+01
1.883439636230468750e+01
3.100146484375000000e+01
3.495289230346679688e+01
3.804207992553710938e+01
7.653809356689453125e+01
9.693273925781250000e+01
1.125932159423828125e+02
6.715021514892578125e+01
6.325143051147460938e+01
6.841425323486328125e+01
8.198273468017578125e+01
7.473967742919921875e+01
6.895265960693359375e+01
7.360232543945312500e+01
7.528858184814453125e+01
9.239325714111328125e+01
9.010698699951171875e+01
1.036639404296875000e+02
1.144873733520507812e+02
9.706871032714843750e+01
6.099411773681640625e+01
4.761037063598632812e+01
4.742392349243164062e+01
3.324759292602539062e+01
2.633777236938476562e+01
2.497128486633300781e+01
2.694245529174804688e+01
3.194312667846679688e+01
8.201517486572265625e+01
9.458637237548828125e+01
1.126064758300781250e+02
7.663733673095703125e+01
6.203429031372070312e+01
7.776774597167968750e+01
7.315252685546875000e+01
6.534690093994140625e+01
4.546752929687500000e+01
4.727753448486328125e+01
5.233078765869140625e+01
7.628166198730468750e+01
6.190748596191406250e+01
6.503962707519531250e+01
1.027251510620117188e+02
1.037863311767578125e+02
7.773266601562500000e+01
6.139199066162109375e+01
3.378953933715820312e+01
2.184941101074218750e+01
1.981914901733398438e+01
2.025170898437500000e+01
2.426031494140625000e+01
4.697478103637695312e+01
7.455975341796875000e+01
9.707823944091796875e+01
1.154594879150390625e+02
7.644338989257812500e+01
7.414488983154296875e+01
7.091255950927734375e+01
6.563117218017578125e+01
6.893537139892578125e+01
8.890051269531250000e+01
5.509373474121093750e+01
7.542163848876953125e+01
9.476780700683593750e+01
8.669129943847656250e+01
1.094590301513671875e+02
1.137194366455078125e+02
8.770098876953125000e+01
5.667766571044921875e+01
6.062012863159179688e+01
3.115278244018554688e+01
2.441262435913085938e+01
2.882438278198242188e+01
3.582077789306640625e+01
3.465105819702148438e+01
3.711714553833007812e+01
7.670075225830078125e+01
1.025242919921875000e+02
9.661818695068359375e+01
7.189279174804687500e+01
5.545759582519531250e+01
6.075448989868164062e+01
6.059331130981445312e+01
7.088954925537109375e+01
6.952699279785156250e+01
6.249523544311523438e+01
4.707281494140625000e+01
7.774280548095703125e+01
7.659011077880859375e+01
9.702304077148437500e+01
1.075701217651367188e+02
9.570716094970703125e+01
8.986267852783203125e+01
7.050157928466796875e+01
6.531819152832031250e+01
3.896507644653320312e+01
1.969093322753906250e+01
1.985925292968750000e+01
2.729289817810058594e+01
3.752610778808593750e+01
5.837537002563476562e+01
8.372722625732421875e+01
1.122365493774414062e+02
9.541824340820312500e+01
6.553806304931640625e+01
6.058903503417968750e+01
5.017920303344726562e+01
6.661203765869140625e+01
5.612606430053710938e+01
9.165716552734375000e+01
5.947660446166992188e+01
9.632397460937500000e+01
8.473350524902343750e+01
9.788181304931640625e+01
1.080385360717773438e+02
8.250457000732421875e+01
6.898179626464843750e+01
5.752904891967773438e+01
3.671637344360351562e+01
2.137342834472656250e+01
3.099925422668457031e+01
2.494164276123046875e+01
2.412863731384277344e+01
2.352307891845703125e+01
2.485566139221191406e+01
3.320253372192382812e+01
2.706023025512695312e+01
2.249311637878417969e+01
1.959891128540039062e+01
2.606136322021484375e+01
1.821752929687500000e+01
1.799008941650390625e+01
1.623530578613281250e+01
1.623530578613281250e+01
1.623530578613281250e+01
1.623530578613281250e+01
1.623530578613281250e+01
1.623530578613281250e+01
1.623530578613281250e+01
1.623530578613281250e+01
1.623530578613281250e+01
1.623530578613281250e+01
1.623530578613281250e+01
1.623530578613281250e+01
1.623530578613281250e+01
1.623530578613281250e+01
1.623530578613281250e+01
1.623530578613281250e+01
1.623530578613281250e+01
1.623530578613281250e+01
1.623530578613281250e+01
1.623530578613281250e+01
1.623530578613281250e+01
1.623530578613281250e+01
1.623530578613281250e+01
1.623530578613281250e+01
1.623530578613281250e+01
1.623530578613281250e+01
1.623530578613281250e+01
1.623530578613281250e+01
1.623530578613281250e+01
1.623530578613281250e+01
1.623530578613281250e+01
1.623530578613281250e+01
1.623530578613281250e+01
1.623530578613281250e+01
1.623530578613281250e+01
1.623530578613281250e+01
1.623530578613281250e+01
1.623530578613281250e+01
1.623530578613281250e+01
1.623530578613281250e+01
1.623530578613281250e+01
1.623530578613281250e+01
1.623530578613281250e+01
1.623530578613281250e+01
1.623530578613281250e+01
1.623530578613281250e+01
1.623530578613281250e+01
1.623530578613281250e+01
1.623530578613281250e+01
1.623530578613281250e+01
1.623530578613281250e+01
1.623530578613281250e+01
1.623530578613281250e+01
1.623530578613281250e+01
1.623530578613281250e+01
1.623530578613281250e+01
1.623530578613281250e+01
1.623530578613281250e+01
1.623530578613281250e+01
1.623530578613281250e+01
1.623530578613281250e+01
1.623530578613281250e+01
1.623530578613281250e+01
1.623530578613281250e+01
1.623530578613281250e+01
1.623530578613281250e+01
1.623530578613281250e+01
1.623530578613281250e+01
1.623530578613281250e+01
1.623530578613281250e+01
1.623530578613281250e+01
1.623530578613281250e+01
1.623530578613281250e+01
1.623530578613281250e+01
1.623530578613281250e+01
1.623530578613281250e+01
1.623530578613281250e+01
1.623530578613281250e+01
6.244408035278320312e+01
6.789333343505859375e+01
7.066486358642578125e+01
6.646750640869140625e+01
6.294604873657226562e+01
6.343825149536132812e+01
5.794945907592773438e+01
3.216632461547851562e+01
2.383535385131835938e+01
4.572728347778320312e+01
6.447136688232421875e+01
1.012386016845703125e+02
9.257294464111328125e+01
7.978964233398437500e+01
7.367515563964843750e+01
7.069086456298828125e+01
7.156977081298828125e+01
6.976506805419921875e+01
6.165939331054687500e+01
7.750524139404296875e+01
9.633422088623046875e+01
1.036345062255859375e+02
8.906456756591796875e+01
9.485312652587890625e+01
1.037101440429687500e+02
1.002105941772460938e+02
7.131928253173828125e+01
7.166234588623046875e+01
5.905297851562500000e+01
5.037556457519531250e+01
5.596966934204101562e+01
6.507227325439453125e+01
7.182221984863281250e+01
8.924105834960937500e+01
9.798846435546875000e+01
1.072384109497070312e+02
8.085508728027343750e+01
7.380337524414062500e+01
5.382939147949218750e+01
5.289778518676757812e+01
4.763805389404296875e+01
5.782456970214843750e+01
6.927363586425781250e+01
9.312585449218750000e+01
9.434703063964843750e+01
9.603874206542968750e+01
9.552684783935546875e+01
1.061581268310546875e+02
9.015695953369140625e+01
4.486549758911132812e+01
4.049134826660156250e+01
5.940507507324218750e+01
1.037790451049804688e+02
6.168332290649414062e+01
5.472922515869140625e+01
5.461502456665039062e+01
9.902374267578125000e+01
6.950911712646484375e+01
6.000695037841796875e+01
7.631163024902343750e+01
9.278992462158203125e+01
7.853743743896484375e+01
3.824713897705078125e+01
3.910778045654296875e+01
6.603447723388671875e+01
1.053548049926757812e+02
8.576504516601562500e+01
7.334139251708984375e+01
9.674353790283203125e+01
1.080181427001953125e+02
4.709471893310546875e+01
4.985593414306640625e+01
8.702033996582031250e+01
9.250651550292968750e+01
9.301994323730468750e+01
4.792493057250976562e+01
4.391178512573242188e+01
5.344866180419921875e+01
1.076533279418945312e+02
5.035521316528320312e+01
6.456825256347656250e+01
7.795701599121093750e+01
7.906381988525390625e+01
1.091936340332031250e+02
8.918412780761718750e+01
8.589016723632812500e+01
4.205598068237304688e+01
3.903318405151367188e+01
5.042639541625976562e+01
5.955199432373046875e+01
8.201354217529296875e+01
8.787067413330078125e+01
1.027755203247070312e+02
1.109155883789062500e+02
1.064260787963867188e+02
9.175835418701171875e+01
8.096901702880859375e+01
1.035040054321289062e+02
1.040582504272460938e+02
8.600581359863281250e+01
7.954054260253906250e+01
3.793340301513671875e+01
3.813319015502929688e+01
4.029011154174804688e+01
4.748060607910156250e+01
8.493713378906250000e+01
7.137290954589843750e+01
7.554687500000000000e+01
1.017072525024414062e+02
1.030418777465820312e+02
8.679621124267578125e+01
1.003058090209960938e+02
1.006201477050781250e+02
8.944504547119140625e+01
6.603794860839843750e+01
8.150938415527343750e+01
7.645841217041015625e+01
1.040215606689453125e+02
9.945584869384765625e+01
1.079078674316406250e+02
9.380307006835937500e+01
8.145266723632812500e+01
6.012121582031250000e+01
7.577104949951171875e+01
6.705596923828125000e+01
6.161896896362304688e+01
5.723361968994140625e+01
6.732761383056640625e+01
7.379640197753906250e+01
9.588241577148437500e+01
7.767289733886718750e+01
9.100980377197265625e+01
8.441718292236328125e+01
6.668480682373046875e+01
6.195858383178710938e+01
6.442701721191406250e+01
6.274263763427734375e+01
1.013925476074218750e+02
8.429188537597656250e+01
5.578499603271484375e+01
5.564922714233398438e+01
7.416939544677734375e+01
7.099925994873046875e+01
1.085541992187500000e+02
8.507109069824218750e+01
5.913890838623046875e+01
4.740524291992187500e+01
4.268136215209960938e+01
3.258443832397460938e+01
3.430385589599609375e+01
3.201966476440429688e+01
3.391556549072265625e+01
6.324952697753906250e+01
8.773204803466796875e+01
8.799257659912109375e+01
1.061755142211914062e+02
1.075665969848632812e+02
8.617137908935546875e+01
9.798210906982421875e+01
8.929810333251953125e+01
8.289528656005859375e+01
7.950733947753906250e+01
6.088373565673828125e+01
7.741450500488281250e+01
8.490025329589843750e+01
8.981739807128906250e+01
9.615437316894531250e+01
1.102375030517578125e+02
8.983345794677734375e+01
7.469870758056640625e+01
6.404498291015625000e+01
5.142432022094726562e+01
5.327332305908203125e+01
5.436970138549804688e+01
4.964340591430664062e+01
3.878168869018554688e+01
3.428820800781250000e+01
6.037561035156250000e+01
6.150364685058593750e+01
9.663186645507812500e+01
9.703582000732421875e+01
8.424227142333984375e+01
7.011682128906250000e+01
5.092273712158203125e+01
6.250854492187500000e+01
6.285877609252929688e+01
6.636787414550781250e+01
7.506526947021484375e+01
8.273207092285156250e+01
1.112875671386718750e+02
1.023983535766601562e+02
1.090881652832031250e+02
9.585556030273437500e+01
6.100716400146484375e+01
7.970917510986328125e+01
8.471993255615234375e+01
7.496333312988281250e+01
6.365556716918945312e+01
3.661821746826171875e+01
2.864138412475585938e+01
3.135473251342773438e+01
3.699767684936523438e+01
4.015539932250976562e+01
1.004775314331054688e+02
1.069626464843750000e+02
9.862291717529296875e+01
7.645901489257812500e+01
3.583792877197265625e+01
8.556105041503906250e+01
9.110247802734375000e+01
8.829267883300781250e+01
7.651451873779296875e+01
7.829602813720703125e+01
6.802869415283203125e+01
5.307693862915039062e+01
1.048116378784179688e+02
8.243524169921875000e+01
6.491328430175781250e+01
6.297392272949218750e+01
5.594780731201171875e+01
5.661910629272460938e+01
4.929451370239257812e+01
3.156435394287109375e+01
2.814328193664550781e+01
3.563092041015625000e+01
7.449546051025390625e+01
8.816921997070312500e+01
1.120071182250976562e+02
9.835572052001953125e+01
7.136660003662109375e+01
5.814543914794921875e+01
4.939367675781250000e+01
4.937944793701171875e+01
6.116589355468750000e+01
5.814251708984375000e+01
8.066989135742187500e+01
9.093561553955078125e+01
9.653223419189453125e+01
9.658940887451171875e+01
1.077500610351562500e+02
8.573736572265625000e+01
6.352527618408203125e+01
6.271699523925781250e+01
4.594729614257812500e+01
3.520680999755859375e+01
3.806318283081054688e+01
4.220178604125976562e+01
4.525443649291992188e+01
6.491127777099609375e+01
9.005271911621093750e+01
9.689781951904296875e+01
1.121099014282226562e+02
9.976769256591796875e+01
8.149115753173828125e+01
5.319384002685546875e+01
3.738529586791992188e+01
7.154691314697265625e+01
5.725950241088867188e+01
8.393058013916015625e+01
8.722125244140625000e+01
1.016138381958007812e+02
1.063905105590820312e+02
9.177275085449218750e+01
1.098686447143554688e+02
9.153947448730468750e+01
9.170051574707031250e+01
8.082140350341796875e+01
8.364622497558593750e+01
7.263946533203125000e+01
1.061172027587890625e+02
6.038078308105468750e+01
4.950200271606445312e+01
5.806522750854492188e+01
8.820714569091796875e+01
7.662334442138671875e+01
8.159231567382812500e+01
9.446675872802734375e+01
1.032601318359375000e+02
1.161844100952148438e+02
8.760536956787109375e+01
1.033717346191406250e+02
1.030133590698242188e+02
9.232148742675781250e+01
6.661197662353515625e+01
6.868791961669921875e+01
9.459785461425781250e+01
7.799160766601562500e+01
6.022857666015625000e+01
4.980403137207031250e+01
4.491520690917968750e+01
4.768296051025390625e+01
4.237108612060546875e+01
4.773204803466796875e+01
3.642212677001953125e+01
3.121458816528320312e+01
6.280902099609375000e+01
7.766979217529296875e+01
8.323519897460937500e+01
9.941208648681640625e+01
1.065935058593750000e+02
1.065309143066406250e+02
9.712243652343750000e+01
6.898155212402343750e+01
5.262945175170898438e+01
4.048140716552734375e+01
7.265478515625000000e+01
7.257830047607421875e+01
8.903338623046875000e+01
8.376525878906250000e+01
9.918070220947265625e+01
9.938757324218750000e+01
1.081272430419921875e+02
1.126612091064453125e+02
9.801056671142578125e+01
1.215854568481445312e+02
1.034870986938476562e+02
6.164931106567382812e+01
5.173168182373046875e+01
5.882451629638671875e+01
5.823733520507812500e+01
5.701202392578125000e+01
5.478970718383789062e+01
9.341884613037109375e+01
1.083510589599609375e+02
9.116373443603515625e+01
7.697167968750000000e+01
7.474213409423828125e+01
8.324864959716796875e+01
7.096384429931640625e+01
7.254730987548828125e+01
4.693115234375000000e+01
4.339838409423828125e+01
5.915295791625976562e+01
8.786637115478515625e+01
7.637210083007812500e+01
1.149796752929687500e+02
9.610536956787109375e+01
6.635524749755859375e+01
5.659055328369140625e+01
5.152015686035156250e+01
5.250116729736328125e+01
3.334454345703125000e+01
2.999977493286132812e+01
3.100729942321777344e+01
3.665103149414062500e+01
9.017856597900390625e+01
8.788236999511718750e+01
1.123914413452148438e+02
1.030679779052734375e+02
7.873044586181640625e+01
6.444883728027343750e+01
6.486085510253906250e+01
6.596146392822265625e+01
7.596556854248046875e+01
7.230210113525390625e+01
7.410300445556640625e+01
1.019454116821289062e+02
1.103137283325195312e+02
1.084377975463867188e+02
1.082587738037109375e+02
9.281198883056640625e+01
7.306266784667968750e+01
6.682750701904296875e+01
5.413900375366210938e+01
4.580045700073242188e+01
3.402020263671875000e+01
3.642881774902343750e+01
3.798997497558593750e+01
4.433742904663085938e+01
8.239198303222656250e+01
9.058396148681640625e+01
1.069111328125000000e+02
1.030329895019531250e+02
7.990319824218750000e+01
9.351221466064453125e+01
8.406554412841796875e+01
5.806661987304687500e+01
7.164564514160156250e+01
8.539418792724609375e+01
9.434159851074218750e+01
9.055206298828125000e+01
9.887142181396484375e+01
7.733098602294921875e+01
1.142098464965820312e+02
9.486370086669921875e+01
8.383380126953125000e+01
6.732790374755859375e+01
6.461830902099609375e+01
4.840382003784179688e+01
3.700409317016601562e+01
3.699458694458007812e+01
3.989215850830078125e+01
4.243466949462890625e+01
4.223294830322265625e+01
8.738043212890625000e+01
1.110914764404296875e+02
1.075804748535156250e+02
9.335524749755859375e+01
7.632456970214843750e+01
6.393256378173828125e+01
8.336045837402343750e+01
8.791318511962890625e+01
8.650925445556640625e+01
7.409657287597656250e+01
6.344157028198242188e+01
7.839443969726562500e+01
8.175736999511718750e+01
8.423139953613281250e+01
7.276545715332031250e+01
6.871573638916015625e+01
5.768379211425781250e+01
5.939760589599609375e+01
3.318995666503906250e+01
2.895391845703125000e+01
3.132195091247558594e+01
3.891822814941406250e+01
8.127211761474609375e+01
8.569698333740234375e+01
9.656164550781250000e+01
1.075264892578125000e+02
1.081967468261718750e+02
8.916664123535156250e+01
6.454911041259765625e+01
8.068078613281250000e+01
5.878148269653320312e+01
3.881464767456054688e+01
3.437951660156250000e+01
3.992692947387695312e+01
4.967236709594726562e+01
8.282367706298828125e+01
7.823694610595703125e+01
7.271284484863281250e+01
7.963493347167968750e+01
9.486306762695312500e+01
7.556159973144531250e+01
6.659122467041015625e+01
6.625399017333984375e+01
6.258081817626953125e+01
6.423685455322265625e+01
6.715101623535156250e+01
6.440052032470703125e+01
6.262651443481445312e+01
7.236247253417968750e+01
7.875701904296875000e+01
6.659716796875000000e+01
6.509912872314453125e+01
6.205336380004882812e+01
6.404888916015625000e+01
6.380569458007812500e+01
6.358886337280273438e+01
6.205681610107421875e+01
6.658271026611328125e+01
8.737219238281250000e+01
8.284362030029296875e+01
7.380372619628906250e+01
7.688550567626953125e+01
8.425556182861328125e+01
7.558865356445312500e+01
6.596382141113281250e+01
6.013692855834960938e+01
4.709655380249023438e+01
3.090721893310546875e+01
3.277567672729492188e+01
3.326184082031250000e+01
4.186326599121093750e+01
8.395951843261718750e+01
9.179189300537109375e+01
1.048390731811523438e+02
1.047740402221679688e+02
1.020492248535156250e+02
9.390409851074218750e+01
6.910682678222656250e+01
7.477112579345703125e+01
7.583283233642578125e+01
8.093840789794921875e+01
7.242934417724609375e+01
5.722418975830078125e+01
8.112871551513671875e+01
1.017251739501953125e+02
8.796533203125000000e+01
7.775715637207031250e+01
7.598185729980468750e+01
4.888999176025390625e+01
5.406687164306640625e+01
5.632472229003906250e+01
5.030442047119140625e+01
3.382631683349609375e+01
3.306822204589843750e+01
4.585267639160156250e+01
4.447202301025390625e+01
7.514160156250000000e+01
1.115785980224609375e+02
1.032375411987304688e+02
8.639933776855468750e+01
8.539894866943359375e+01
4.749658966064453125e+01
7.896943664550781250e+01
8.071710205078125000e+01
4.796716308593750000e+01
3.719268798828125000e+01
5.214400100708007812e+01
9.180620574951171875e+01
9.932769012451171875e+01
1.107868576049804688e+02
9.971496582031250000e+01
7.226338958740234375e+01
5.062258529663085938e+01
4.710487747192382812e+01
4.538474655151367188e+01
3.553473663330078125e+01
2.924166679382324219e+01
3.377795028686523438e+01
4.462096786499023438e+01
5.755392074584960938e+01
8.573775482177734375e+01
1.083846206665039062e+02
1.034507827758789062e+02
8.035600280761718750e+01
7.213755798339843750e+01
6.840575408935546875e+01
6.892471313476562500e+01
7.028182983398437500e+01
3.363652038574218750e+01
3.868707275390625000e+01
4.739525222778320312e+01
6.372885894775390625e+01
6.045691299438476562e+01
1.128886566162109375e+02
9.864585113525390625e+01
7.565287017822265625e+01
5.151710891723632812e+01
4.852673721313476562e+01
5.158259582519531250e+01
3.157408523559570312e+01
3.903142166137695312e+01
3.408581542968750000e+01
3.986732482910156250e+01
8.342332458496093750e+01
9.840490722656250000e+01
1.120345916748046875e+02
8.114611816406250000e+01
6.695301818847656250e+01
3.300129318237304688e+01
3.245676803588867188e+01
3.345299530029296875e+01
5.673950195312500000e+01
4.786070632934570312e+01
6.643540191650390625e+01
9.166371154785156250e+01
1.056884002685546875e+02
8.723090362548828125e+01
8.723667144775390625e+01
9.017778778076171875e+01
7.959696960449218750e+01
7.217801666259765625e+01
7.099547576904296875e+01
6.289230728149414062e+01
4.496926879882812500e+01
5.154449462890625000e+01
