6.139398574829101562e+01
7.491429901123046875e+01
8.718119049072265625e+01
7.940874481201171875e+01
6.434066772460937500e+01
5.946269989013671875e+01
5.427259063720703125e+01
4.408573913574218750e+01
4.116919326782226562e+01
3.685953903198242188e+01
6.346665954589843750e+01
6.876086425781250000e+01
9.146562194824218750e+01
9.147816467285156250e+01
6.092376708984375000e+01
8.474639129638671875e+01
7.195439910888671875e+01
7.124443817138671875e+01
6.827116394042968750e+01
6.159458541870117188e+01
7.125742340087890625e+01
1.000106582641601562e+02
7.923858642578125000e+01
6.031691360473632812e+01
5.604621887207031250e+01
6.622077178955078125e+01
5.706000900268554688e+01
4.998514556884765625e+01
3.673302459716796875e+01
4.305846023559570312e+01
5.880685806274414062e+01
6.543727874755859375e+01
6.469999694824218750e+01
5.994120407104492188e+01
8.970387268066406250e+01
1.065909042358398438e+02
9.809865570068359375e+01
6.057794570922851562e+01
6.555981445312500000e+01
4.794571304321289062e+01
4.372732925415039062e+01
5.526512908935546875e+01
7.071994781494140625e+01
7.806841278076171875e+01
9.642409515380859375e+01
9.778195953369140625e+01
1.060385360717773438e+02
7.444437408447265625e+01
6.220080566406250000e+01
7.904962921142578125e+01
9.936960601806640625e+01
1.072797622680664062e+02
6.453666687011718750e+01
6.593821716308593750e+01
7.856538391113281250e+01
8.071408843994140625e+01
7.145185089111328125e+01
8.971611022949218750e+01
6.913084411621093750e+01
9.015016937255859375e+01
9.986804199218750000e+01
8.109168243408203125e+01
5.807268905639648438e+01
7.527539062500000000e+01
7.634926605224609375e+01
6.796572875976562500e+01
5.753087234497070312e+01
5.558843231201171875e+01
9.354275512695312500e+01
1.027211837768554688e+02
8.744497680664062500e+01
8.715616607666015625e+01
6.858454895019531250e+01
7.408437347412109375e+01
8.116664886474609375e+01
7.964884948730468750e+01
5.197280502319335938e+01
4.729208374023437500e+01
6.227962112426757812e+01
5.432181930541992188e+01
5.635615921020507812e+01
4.644220733642578125e+01
4.193966293334960938e+01
1.059530868530273438e+02
1.026804504394531250e+02
9.723076629638671875e+01
6.759483337402343750e+01
4.616466903686523438e+01
3.478033065795898438e+01
3.278976440429687500e+01
4.184023284912109375e+01
5.728191757202148438e+01
8.872541046142578125e+01
1.034908065795898438e+02
9.388233184814453125e+01
7.692672729492187500e+01
6.882428741455078125e+01
9.577115631103515625e+01
9.652423858642578125e+01
7.257159423828125000e+01
9.601788330078125000e+01
9.578323364257812500e+01
1.007988510131835938e+02
9.566654205322265625e+01
1.031588211059570312e+02
1.000277023315429688e+02
9.692792510986328125e+01
9.568505859375000000e+01
1.329471893310546875e+02
8.559924316406250000e+01
7.953663635253906250e+01
7.627703094482421875e+01
6.928828430175781250e+01
7.101882171630859375e+01
6.584460449218750000e+01
6.772411346435546875e+01
6.247873687744140625e+01
7.184039306640625000e+01
7.734451293945312500e+01
9.395960998535156250e+01
8.133053588867187500e+01
6.562161254882812500e+01
1.142663269042968750e+02
9.483116149902343750e+01
8.473499298095703125e+01
8.448458099365234375e+01
1.146989364624023438e+02
9.787998199462890625e+01
7.749279022216796875e+01
7.229824829101562500e+01
8.324475097656250000e+01
1.091043930053710938e+02
1.011467819213867188e+02
6.076775360107421875e+01
3.365169143676757812e+01
2.574135208129882812e+01
2.322437095642089844e+01
3.157051277160644531e+01
4.464925765991210938e+01
6.465438079833984375e+01
1.006682510375976562e+02
1.010931091308593750e+02
8.507816314697265625e+01
7.991416931152343750e+01
6.452443695068359375e+01
6.101090240478515625e+01
7.546810150146484375e+01
7.239930725097656250e+01
6.115991973876953125e+01
5.852197647094726562e+01
5.401648712158203125e+01
6.562609863281250000e+01
8.870044708251953125e+01
1.126288452148437500e+02
1.148372421264648438e+02
1.005352096557617188e+02
9.038558959960937500e+01
5.599275970458984375e+01
5.171285247802734375e+01
6.306222152709960938e+01
8.091511535644531250e+01
8.509206390380859375e+01
7.835915374755859375e+01
6.819807434082031250e+01
7.711861419677734375e+01
1.030093536376953125e+02
1.079934234619140625e+02
7.862590026855468750e+01
6.709116363525390625e+01
8.732001495361328125e+01
8.424485015869140625e+01
7.365283966064453125e+01
5.842871856689453125e+01
5.319867324829101562e+01
6.591899108886718750e+01
6.692437744140625000e+01
5.977878570556640625e+01
1.162408447265625000e+02
8.631220245361328125e+01
1.086705017089843750e+02
8.878601837158203125e+01
8.461455535888671875e+01
5.983140563964843750e+01
5.563389968872070312e+01
5.347212982177734375e+01
5.912294387817382812e+01
6.523790740966796875e+01
7.735987091064453125e+01
9.913920593261718750e+01
1.020608673095703125e+02
6.615743255615234375e+01
5.492744064331054688e+01
6.396913528442382812e+01
9.124209594726562500e+01
6.906716918945312500e+01
7.641056060791015625e+01
7.259013366699218750e+01
8.600108337402343750e+01
7.350743103027343750e+01
9.498426055908203125e+01
9.960543823242187500e+01
1.086784439086914062e+02
1.131090011596679688e+02
9.808403778076171875e+01
8.079132843017578125e+01
4.807563018798828125e+01
3.488440322875976562e+01
3.002582359313964844e+01
3.831351852416992188e+01
5.258147811889648438e+01
8.053265380859375000e+01
9.739841461181640625e+01
1.057920303344726562e+02
9.948583984375000000e+01
9.177294921875000000e+01
5.615428924560546875e+01
5.602835464477539062e+01
5.392560577392578125e+01
5.399983215332031250e+01
4.999486541748046875e+01
4.335094451904296875e+01
3.822747039794921875e+01
3.502918243408203125e+01
4.592776489257812500e+01
7.606186676025390625e+01
1.060824661254882812e+02
8.860752105712890625e+01
7.887393951416015625e+01
5.349550247192382812e+01
3.612132644653320312e+01
3.265451431274414062e+01
4.766954040527343750e+01
5.274918365478515625e+01
6.506053161621093750e+01
7.247116088867187500e+01
7.146009826660156250e+01
9.537223815917968750e+01
1.021112060546875000e+02
1.017239913940429688e+02
8.514495086669921875e+01
6.201699447631835938e+01
7.548844909667968750e+01
8.659694671630859375e+01
8.930664825439453125e+01
5.466363525390625000e+01
4.655969238281250000e+01
6.571685791015625000e+01
8.350450897216796875e+01
7.106779479980468750e+01
1.000816955566406250e+02
7.013292694091796875e+01
7.961002349853515625e+01
1.199420013427734375e+02
1.217508468627929688e+02
7.169914245605468750e+01
5.553669357299804688e+01
5.785035705566406250e+01
5.937111282348632812e+01
6.770013427734375000e+01
8.098925781250000000e+01
9.143309783935546875e+01
1.010236206054687500e+02
9.153511047363281250e+01
6.695267486572265625e+01
5.357749557495117188e+01
7.595626831054687500e+01
1.094761886596679688e+02
8.720946502685546875e+01
9.730029296875000000e+01
9.482664489746093750e+01
9.505999755859375000e+01
9.221423339843750000e+01
9.734515380859375000e+01
1.029311981201171875e+02
9.873805999755859375e+01
9.598506927490234375e+01
9.576309204101562500e+01
9.191461944580078125e+01
8.815252685546875000e+01
4.112911224365234375e+01
4.100444412231445312e+01
2.790522193908691406e+01
3.691364669799804688e+01
5.506502532958984375e+01
7.438599395751953125e+01
9.823607635498046875e+01
9.319873046875000000e+01
8.686846160888671875e+01
1.019493713378906250e+02
9.856665802001953125e+01
9.480978393554687500e+01
1.157163619995117188e+02
9.543803405761718750e+01
8.121729278564453125e+01
8.232764434814453125e+01
9.989768218994140625e+01
1.044642181396484375e+02
1.104889831542968750e+02
1.123385543823242188e+02
1.121770553588867188e+02
7.828711700439453125e+01
3.742591476440429688e+01
3.947174453735351562e+01
3.268334579467773438e+01
4.414994812011718750e+01
6.371035385131835938e+01
8.449610900878906250e+01
8.988636016845703125e+01
9.641893005371093750e+01
9.035329437255859375e+01
8.509107208251953125e+01
6.669866180419921875e+01
5.656806182861328125e+01
5.366032028198242188e+01
6.872159576416015625e+01
5.400679397583007812e+01
4.452225875854492188e+01
3.529152679443359375e+01
3.016580390930175781e+01
2.950494766235351562e+01
4.042150115966796875e+01
8.681913757324218750e+01
1.061569442749023438e+02
1.217571105957031250e+02
9.423636627197265625e+01
7.769199371337890625e+01
5.879321289062500000e+01
4.880743026733398438e+01
5.324337005615234375e+01
6.024052047729492188e+01
7.918772125244140625e+01
9.508872985839843750e+01
1.061950378417968750e+02
9.272158050537109375e+01
7.144956970214843750e+01
8.171035766601562500e+01
5.748953247070312500e+01
6.961184692382812500e+01
5.424522018432617188e+01
5.771138381958007812e+01
5.377161407470703125e+01
4.515772247314453125e+01
3.753987503051757812e+01
3.431196212768554688e+01
3.237950897216796875e+01
7.687776947021484375e+01
9.586872863769531250e+01
9.660636138916015625e+01
7.834961700439453125e+01
5.025666809082031250e+01
4.971762084960937500e+01
4.919088363647460938e+01
6.289403915405273438e+01
8.304938507080078125e+01
9.006908416748046875e+01
8.646914672851562500e+01
8.326045227050781250e+01
6.346784973144531250e+01
8.321494293212890625e+01
1.049445724487304688e+02
8.664797973632812500e+01
7.850242614746093750e+01
8.079543304443359375e+01
7.392449188232421875e+01
6.584900665283203125e+01
8.653221130371093750e+01
8.762609100341796875e+01
8.305003356933593750e+01
8.380670928955078125e+01
7.494771575927734375e+01
1.118508377075195312e+02
1.160061950683593750e+02
9.542651367187500000e+01
4.743963241577148438e+01
3.090348243713378906e+01
2.254393196105957031e+01
2.313641357421875000e+01
3.440557098388671875e+01
5.253358078002929688e+01
7.509643554687500000e+01
9.741556549072265625e+01
9.935150909423828125e+01
8.261859130859375000e+01
6.469178009033203125e+01
6.141419219970703125e+01
5.922145462036132812e+01
5.780767822265625000e+01
6.425060272216796875e+01
5.054771804809570312e+01
4.160681915283203125e+01
3.234696578979492188e+01
2.984291648864746094e+01
3.194085311889648438e+01
3.865450286865234375e+01
1.021307601928710938e+02
9.901515197753906250e+01
8.385995483398437500e+01
5.620803070068359375e+01
3.850499343872070312e+01
3.705305862426757812e+01
4.345850753784179688e+01
5.804341506958007812e+01
7.319441223144531250e+01
7.487423706054687500e+01
9.112757110595703125e+01
9.477645874023437500e+01
1.040634460449218750e+02
7.875547027587890625e+01
8.272705078125000000e+01
9.205425262451171875e+01
8.073872375488281250e+01
6.801489257812500000e+01
7.017392730712890625e+01
4.494757843017578125e+01
4.617840957641601562e+01
3.932157135009765625e+01
4.379071044921875000e+01
8.104836273193359375e+01
8.962220001220703125e+01
9.066349792480468750e+01
7.731929779052734375e+01
3.842265701293945312e+01
4.473347473144531250e+01
4.219148635864257812e+01
5.005234146118164062e+01
6.502173614501953125e+01
7.812734222412109375e+01
7.725814056396484375e+01
6.848969268798828125e+01
8.203907012939453125e+01
7.737763214111328125e+01
9.617861175537109375e+01
9.849811553955078125e+01
8.301825714111328125e+01
6.531788635253906250e+01
8.058152008056640625e+01
8.814319610595703125e+01
8.939403533935546875e+01
1.079310150146484375e+02
7.043928527832031250e+01
6.196903610229492188e+01
6.784008789062500000e+01
1.039449310302734375e+02
1.212715682983398438e+02
1.187179565429687500e+02
5.636915206909179688e+01
3.174704933166503906e+01
2.448867034912109375e+01
2.599027252197265625e+01
3.937270355224609375e+01
5.249618530273437500e+01
7.579423522949218750e+01
8.511486816406250000e+01
7.751905822753906250e+01
8.400305938720703125e+01
1.042793960571289062e+02
9.112534332275390625e+01
7.382981109619140625e+01
7.737177276611328125e+01
6.181051254272460938e+01
5.484919357299804688e+01
4.944847106933593750e+01
4.568463897705078125e+01
6.192196273803710938e+01
8.232532501220703125e+01
8.643730926513671875e+01
9.201184082031250000e+01
1.013853759765625000e+02
8.343962860107421875e+01
4.003495407104492188e+01
2.194492912292480469e+01
1.502419567108154297e+01
1.702287292480468750e+01
3.219228363037109375e+01
5.112889862060546875e+01
7.831870269775390625e+01
8.834584045410156250e+01
1.028943710327148438e+02
9.269211578369140625e+01
8.102134704589843750e+01
6.091191101074218750e+01
5.652599716186523438e+01
5.931073379516601562e+01
6.067010498046875000e+01
7.683705902099609375e+01
8.434553527832031250e+01
6.873512268066406250e+01
9.605953216552734375e+01
1.154847564697265625e+02
1.056593551635742188e+02
1.052619094848632812e+02
1.184891357421875000e+02
1.172561416625976562e+02
6.304534912109375000e+01
4.015976333618164062e+01
2.891291809082031250e+01
2.799693489074707031e+01
3.810436630249023438e+01
5.188895034790039062e+01
6.509948730468750000e+01
9.010728454589843750e+01
1.067004318237304688e+02
9.182799530029296875e+01
8.877980041503906250e+01
8.073424530029296875e+01
6.467635345458984375e+01
4.903713607788085938e+01
6.660955047607421875e+01
8.174148559570312500e+01
7.449667358398437500e+01
7.895645904541015625e+01
9.396684265136718750e+01
8.000103759765625000e+01
7.960826873779296875e+01
1.057516632080078125e+02
1.242796096801757812e+02
1.147654113769531250e+02
7.384262847900390625e+01
3.730997848510742188e+01
2.395236396789550781e+01
2.102121925354003906e+01
2.744155883789062500e+01
4.187253189086914062e+01
6.158549499511718750e+01
9.147988891601562500e+01
1.020995483398437500e+02
8.391641998291015625e+01
6.728599548339843750e+01
8.345652008056640625e+01
6.541053771972656250e+01
5.934852218627929688e+01
4.728459167480468750e+01
4.154396438598632812e+01
3.573052978515625000e+01
3.713516616821289062e+01
5.309170150756835938e+01
9.934273529052734375e+01
1.135596847534179688e+02
9.690716552734375000e+01
1.104306640625000000e+02
9.839718627929687500e+01
6.460473632812500000e+01
5.876067352294921875e+01
5.485666275024414062e+01
5.792621612548828125e+01
6.447193145751953125e+01
7.525331878662109375e+01
8.474095916748046875e+01
8.913183593750000000e+01
1.021408691406250000e+02
7.958102416992187500e+01
7.038961029052734375e+01
5.762481307983398438e+01
4.705262374877929688e+01
4.099861145019531250e+01
3.688971328735351562e+01
3.658911514282226562e+01
4.041576004028320312e+01
4.800823974609375000e+01
6.542072296142578125e+01
8.192282867431640625e+01
1.031850967407226562e+02
1.143932647705078125e+02
9.847897338867187500e+01
7.776789855957031250e+01
3.986074066162109375e+01
2.788126945495605469e+01
2.598759269714355469e+01
3.494727706909179688e+01
5.381171035766601562e+01
7.726179504394531250e+01
8.761111450195312500e+01
1.028945770263671875e+02
9.928428649902343750e+01
8.280157470703125000e+01
7.131552886962890625e+01
5.635782241821289062e+01
6.312356567382812500e+01
7.085618591308593750e+01
4.626850509643554688e+01
3.521280670166015625e+01
2.966127586364746094e+01
2.760711479187011719e+01
3.330783081054687500e+01
3.942999267578125000e+01
5.023315811157226562e+01
6.052119827270507812e+01
1.069076004028320312e+02
1.058035659790039062e+02
5.127751159667968750e+01
3.954585647583007812e+01
3.418179702758789062e+01
3.617914581298828125e+01
4.199617004394531250e+01
5.179226303100585938e+01
7.451609039306640625e+01
8.938216400146484375e+01
9.428173065185546875e+01
7.035026550292968750e+01
8.346965789794921875e+01
1.089876098632812500e+02
7.882405853271484375e+01
9.402259063720703125e+01
8.689912414550781250e+01
8.830609893798828125e+01
8.421187591552734375e+01
9.378785705566406250e+01
9.553081512451171875e+01
8.869317626953125000e+01
6.413848114013671875e+01
4.965736770629882812e+01
3.394303131103515625e+01
3.324593353271484375e+01
5.598432159423828125e+01
5.575944900512695312e+01
7.351600646972656250e+01
7.564626312255859375e+01
6.830965423583984375e+01
5.824924087524414062e+01
5.257262039184570312e+01
5.019018554687500000e+01
6.819286346435546875e+01
6.261611175537109375e+01
8.782396697998046875e+01
9.741740417480468750e+01
8.538291168212890625e+01
9.287559509277343750e+01
9.962291717529296875e+01
9.663017272949218750e+01
9.414270019531250000e+01
7.186965179443359375e+01
5.847307205200195312e+01
6.352260589599609375e+01
7.316353607177734375e+01
8.247726440429687500e+01
1.112994537353515625e+02
1.162722549438476562e+02
6.377223205566406250e+01
4.738103103637695312e+01
4.385413360595703125e+01
6.385057830810546875e+01
7.818802642822265625e+01
6.989434051513671875e+01
6.540437316894531250e+01
8.844199371337890625e+01
9.642308807373046875e+01
9.256864166259765625e+01
6.401221466064453125e+01
4.643896484375000000e+01
4.639844131469726562e+01
4.116303634643554688e+01
6.016674423217773438e+01
5.664750289916992188e+01
8.046363067626953125e+01
7.349318695068359375e+01
6.603520202636718750e+01
7.492983245849609375e+01
6.846229553222656250e+01
7.995681762695312500e+01
8.771913146972656250e+01
9.387532806396484375e+01
8.155801391601562500e+01
5.270705795288085938e+01
3.687445068359375000e+01
2.643254089355468750e+01
2.538793182373046875e+01
3.701376342773437500e+01
5.627226638793945312e+01
8.748072814941406250e+01
1.015280303955078125e+02
1.002497940063476562e+02
9.351230621337890625e+01
9.897483825683593750e+01
8.339798736572265625e+01
5.745384216308593750e+01
6.141437149047851562e+01
8.684393310546875000e+01
7.934623718261718750e+01
8.679437255859375000e+01
1.017224044799804688e+02
9.709188079833984375e+01
8.894844055175781250e+01
8.502111816406250000e+01
1.167450790405273438e+02
1.173789520263671875e+02
4.940747833251953125e+01
3.277377700805664062e+01
3.336212158203125000e+01
6.428907012939453125e+01
6.272937774658203125e+01
6.194674301147460938e+01
7.648167419433593750e+01
1.008679504394531250e+02
9.607732391357421875e+01
8.312909698486328125e+01
7.142318725585937500e+01
5.837425231933593750e+01
8.671187591552734375e+01
1.074011154174804688e+02
8.803330993652343750e+01
8.874613189697265625e+01
6.116471481323242188e+01
4.090848159790039062e+01
8.947305297851562500e+01
8.641987609863281250e+01
6.944815826416015625e+01
5.061742401123046875e+01
7.195284271240234375e+01
7.846221160888671875e+01
7.315692138671875000e+01
7.534014129638671875e+01
3.561820983886718750e+01
2.210432052612304688e+01
1.336792659759521484e+01
1.205052852630615234e+01
1.816455459594726562e+01
3.580338668823242188e+01
6.402888488769531250e+01
9.085368347167968750e+01
8.380220031738281250e+01
8.639292907714843750e+01
8.830084991455078125e+01
7.275845336914062500e+01
8.136511230468750000e+01
8.709622955322265625e+01
8.446276855468750000e+01
7.272838592529296875e+01
4.859292221069335938e+01
4.131350326538085938e+01
4.026942443847656250e+01
4.904479980468750000e+01
8.465746307373046875e+01
1.094525604248046875e+02
9.873649597167968750e+01
8.253101348876953125e+01
5.913707733154296875e+01
6.020716476440429688e+01
1.185938034057617188e+02
1.000016250610351562e+02
4.893214035034179688e+01
3.282828521728515625e+01
3.330120086669921875e+01
4.530095672607421875e+01
6.948839569091796875e+01
9.211663818359375000e+01
9.844635009765625000e+01
9.960980224609375000e+01
9.449857330322265625e+01
1.061789321899414062e+02
8.401087951660156250e+01
1.101056137084960938e+02
6.058121871948242188e+01
5.979732131958007812e+01
1.060758666992187500e+02
6.758456420898437500e+01
6.421987915039062500e+01
6.376071548461914062e+01
5.733578872680664062e+01
5.494582748413085938e+01
6.138759994506835938e+01
1.110878219604492188e+02
7.650625610351562500e+01
4.341436386108398438e+01
4.048542404174804688e+01
4.631179428100585938e+01
7.366151428222656250e+01
9.299218750000000000e+01
9.156484222412109375e+01
8.036392211914062500e+01
9.856383514404296875e+01
1.036544036865234375e+02
7.162463378906250000e+01
6.094506454467773438e+01
5.716862487792968750e+01
5.999267578125000000e+01
6.980941009521484375e+01
9.517439270019531250e+01
1.047522735595703125e+02
9.832246398925781250e+01
9.471643066406250000e+01
9.859476470947265625e+01
9.286499023437500000e+01
8.403764343261718750e+01
6.389225769042968750e+01
6.690876770019531250e+01
6.343207931518554688e+01
6.123702239990234375e+01
5.798493194580078125e+01
5.720261383056640625e+01
7.671859741210937500e+01
3.825988388061523438e+01
3.265597915649414062e+01
2.317093276977539062e+01
2.250174331665039062e+01
2.597306251525878906e+01
3.153044128417968750e+01
4.872430419921875000e+01
6.727515411376953125e+01
4.924874114990234375e+01
5.073159027099609375e+01
6.114877319335937500e+01
6.104828643798828125e+01
6.046260452270507812e+01
1.031527786254882812e+02
8.151613616943359375e+01
1.129666137695312500e+02
7.747469329833984375e+01
6.110717391967773438e+01
5.290166473388671875e+01
5.305351257324218750e+01
5.907063674926757812e+01
5.977626419067382812e+01
5.987622451782226562e+01
7.915039825439453125e+01
8.765354919433593750e+01
8.010137176513671875e+01
6.824242401123046875e+01
5.909108734130859375e+01
7.871807098388671875e+01
8.755915832519531250e+01
8.724397277832031250e+01
7.599877929687500000e+01
7.130218505859375000e+01
5.392357635498046875e+01
4.143022155761718750e+01
8.886452484130859375e+01
9.230989837646484375e+01
9.290129852294921875e+01
1.103361892700195312e+02
8.039783477783203125e+01
3.872844314575195312e+01
2.257957458496093750e+01
1.548853969573974609e+01
1.645950698852539062e+01
2.428098869323730469e+01
4.123393630981445312e+01
6.548958587646484375e+01
9.821122741699218750e+01
9.125229644775390625e+01
7.120896148681640625e+01
6.171191787719726562e+01
4.511146163940429688e+01
4.117136764526367188e+01
6.681149291992187500e+01
7.934004211425781250e+01
6.221849822998046875e+01
7.387676239013671875e+01
7.155517578125000000e+01
8.355498504638671875e+01
8.921260070800781250e+01
8.461688232421875000e+01
7.617066192626953125e+01
5.887975692749023438e+01
5.599048233032226562e+01
4.466457748413085938e+01
7.950956726074218750e+01
5.319526290893554688e+01
4.948101043701171875e+01
4.572777557373046875e+01
4.609784698486328125e+01
6.002970123291015625e+01
7.280040740966796875e+01
9.361663055419921875e+01
8.051131439208984375e+01
6.718942260742187500e+01
6.102029800415039062e+01
7.073456573486328125e+01
7.601634216308593750e+01
8.545075988769531250e+01
8.231161499023437500e+01
7.066566467285156250e+01
5.964836120605468750e+01
5.219922256469726562e+01
8.104347991943359375e+01
9.636664581298828125e+01
7.059226226806640625e+01
9.836741638183593750e+01
6.973709106445312500e+01
6.224517822265625000e+01
7.165312194824218750e+01
6.926858520507812500e+01
6.258817291259765625e+01
5.924122238159179688e+01
5.511171722412109375e+01
5.594190979003906250e+01
8.917163848876953125e+01
8.856571197509765625e+01
6.781825256347656250e+01
6.649011230468750000e+01
4.721989822387695312e+01
3.965053176879882812e+01
4.913054656982421875e+01
8.640422821044921875e+01
8.527644348144531250e+01
8.284142303466796875e+01
5.994418334960937500e+01
6.350720596313476562e+01
7.294710540771484375e+01
1.105047073364257812e+02
1.042815093994140625e+02
8.224131011962890625e+01
6.307578277587890625e+01
6.020579910278320312e+01
3.303915786743164062e+01
2.512582015991210938e+01
2.588515090942382812e+01
3.984117126464843750e+01
6.704315185546875000e+01
9.946618652343750000e+01
1.039236679077148438e+02
8.069661712646484375e+01
9.017901611328125000e+01
1.009792556762695312e+02
6.462892913818359375e+01
6.440296936035156250e+01
8.341242218017578125e+01
9.794651794433593750e+01
9.272095489501953125e+01
8.627828216552734375e+01
7.019491577148437500e+01
7.263579559326171875e+01
7.141593170166015625e+01
8.196900177001953125e+01
1.022315979003906250e+02
1.096142272949218750e+02
9.170516967773437500e+01
4.408568572998046875e+01
2.712821769714355469e+01
2.214253044128417969e+01
3.463693237304687500e+01
6.073386001586914062e+01
8.079727172851562500e+01
8.118682098388671875e+01
7.107958984375000000e+01
7.889473724365234375e+01
9.623630523681640625e+01
1.031775207519531250e+02
8.799138641357421875e+01
7.144992828369140625e+01
9.171620941162109375e+01
1.023895492553710938e+02
8.287132263183593750e+01
7.297976684570312500e+01
7.546428680419921875e+01
9.137902069091796875e+01
1.111201858520507812e+02
9.025212097167968750e+01
7.115073394775390625e+01
8.772235870361328125e+01
6.007783126831054688e+01
5.074950790405273438e+01
4.809497451782226562e+01
6.022531127929687500e+01
6.372013473510742188e+01
6.470784759521484375e+01
6.233410644531250000e+01
6.893779754638671875e+01
7.178629302978515625e+01
7.925420379638671875e+01
7.771420288085937500e+01
8.293125152587890625e+01
7.823323822021484375e+01
7.233960723876953125e+01
7.568092346191406250e+01
4.920402908325195312e+01
4.871833419799804688e+01
6.429481506347656250e+01
7.897555541992187500e+01
9.719625854492187500e+01
1.007394790649414062e+02
7.110052490234375000e+01
8.444477844238281250e+01
1.015638504028320312e+02
7.928717803955078125e+01
5.062741470336914062e+01
3.529370117187500000e+01
3.204315567016601562e+01
3.939917755126953125e+01
5.575699234008789062e+01
8.642424774169921875e+01
1.033507919311523438e+02
1.058156890869140625e+02
9.804454803466796875e+01
9.504624938964843750e+01
1.010172729492187500e+02
7.791306304931640625e+01
8.182857513427734375e+01
7.779225158691406250e+01
7.651057434082031250e+01
7.849472045898437500e+01
6.704283905029296875e+01
7.788842010498046875e+01
1.035750503540039062e+02
9.406046295166015625e+01
1.025002365112304688e+02
9.937435150146484375e+01
1.263304519653320312e+02
7.804380035400390625e+01
6.402875518798828125e+01
6.128458786010742188e+01
5.778696441650390625e+01
6.292631149291992188e+01
7.501806640625000000e+01
7.744784545898437500e+01
7.881753540039062500e+01
1.000492172241210938e+02
9.996929168701171875e+01
8.292994689941406250e+01
7.824630737304687500e+01
6.882474517822265625e+01
5.845301818847656250e+01
8.044079589843750000e+01
9.427758789062500000e+01
8.492397308349609375e+01
7.291932678222656250e+01
7.469069671630859375e+01
1.012530593872070312e+02
1.141429824829101562e+02
1.047314758300781250e+02
1.030482940673828125e+02
1.257963714599609375e+02
9.353894042968750000e+01
6.684228515625000000e+01
7.950537872314453125e+01
7.251280212402343750e+01
6.954282379150390625e+01
7.360754394531250000e+01
8.323210906982421875e+01
8.603288269042968750e+01
8.527796173095703125e+01
1.035211868286132812e+02
9.995333862304687500e+01
8.182868194580078125e+01
1.019477996826171875e+02
9.498706054687500000e+01
1.071819076538085938e+02
9.367942810058593750e+01
5.544135284423828125e+01
3.627648544311523438e+01
2.811907768249511719e+01
3.644038009643554688e+01
7.602208709716796875e+01
9.722493743896484375e+01
1.066457366943359375e+02
1.124517440795898438e+02
1.079655761718750000e+02
9.197412109375000000e+01
5.709171676635742188e+01
4.521442794799804688e+01
3.644126892089843750e+01
3.767164611816406250e+01
4.563572692871093750e+01
6.569782257080078125e+01
8.840970611572265625e+01
9.812985229492187500e+01
9.384076690673828125e+01
8.891381835937500000e+01
6.955966186523437500e+01
7.964197540283203125e+01
8.342290496826171875e+01
1.024258346557617188e+02
1.055535888671875000e+02
8.774828338623046875e+01
8.805517578125000000e+01
1.004008026123046875e+02
9.915058135986328125e+01
8.969270324707031250e+01
9.763099670410156250e+01
1.029778289794921875e+02
9.019169616699218750e+01
5.957997894287109375e+01
4.706369018554687500e+01
3.161970329284667969e+01
3.816790390014648438e+01
3.963219070434570312e+01
4.875556945800781250e+01
6.877262115478515625e+01
7.981249237060546875e+01
8.728248596191406250e+01
8.808979797363281250e+01
1.007399215698242188e+02
7.234870910644531250e+01
5.824956130981445312e+01
8.395508575439453125e+01
9.909999847412109375e+01
9.971385192871093750e+01
8.387184906005859375e+01
5.246986389160156250e+01
4.200658035278320312e+01
4.104731369018554688e+01
4.120629882812500000e+01
1.020305404663085938e+02
1.138249435424804688e+02
8.678562164306640625e+01
6.938372802734375000e+01
7.334346008300781250e+01
4.621939086914062500e+01
4.044797134399414062e+01
4.855768966674804688e+01
6.399388122558593750e+01
7.357642364501953125e+01
7.913156127929687500e+01
7.678794860839843750e+01
8.386636352539062500e+01
8.436848449707031250e+01
6.952161407470703125e+01
5.068369674682617188e+01
4.224647521972656250e+01
3.622391128540039062e+01
3.597745513916015625e+01
4.171281051635742188e+01
4.864420318603515625e+01
5.620010375976562500e+01
5.545450210571289062e+01
7.414955902099609375e+01
1.058063049316406250e+02
1.089507675170898438e+02
7.999909210205078125e+01
6.378862380981445312e+01
5.476366806030273438e+01
5.004648971557617188e+01
7.962279510498046875e+01
6.413623046875000000e+01
5.774786376953125000e+01
5.422446060180664062e+01
6.571177673339843750e+01
7.668404388427734375e+01
7.807718658447265625e+01
6.502518463134765625e+01
5.398163604736328125e+01
5.029424667358398438e+01
4.569055175781250000e+01
4.926062774658203125e+01
5.073355484008789062e+01
5.224584579467773438e+01
5.320927047729492188e+01
8.939371490478515625e+01
1.076389541625976562e+02
1.081284942626953125e+02
8.744566345214843750e+01
6.850449371337890625e+01
8.121375274658203125e+01
3.510647964477539062e+01
1.985861206054687500e+01
1.439693737030029297e+01
1.624178695678710938e+01
2.803514480590820312e+01
4.856866836547851562e+01
7.890036010742187500e+01
9.309973144531250000e+01
8.806666564941406250e+01
6.553977203369140625e+01
6.206221389770507812e+01
5.296707916259765625e+01
4.593126678466796875e+01
5.202502822875976562e+01
5.714979553222656250e+01
7.773520660400390625e+01
7.415710449218750000e+01
7.413243103027343750e+01
7.512152099609375000e+01
7.392794036865234375e+01
5.400537490844726562e+01
4.767473220825195312e+01
9.638314819335937500e+01
7.991519165039062500e+01
3.943791580200195312e+01
2.670840263366699219e+01
3.201856231689453125e+01
7.469066619873046875e+01
6.625605010986328125e+01
6.348151397705078125e+01
7.527965545654296875e+01
8.417182922363281250e+01
7.655090332031250000e+01
6.714729309082031250e+01
7.734574127197265625e+01
8.247116851806640625e+01
7.547171020507812500e+01
6.283135986328125000e+01
5.229009628295898438e+01
4.679584884643554688e+01
4.476079177856445312e+01
5.962805557250976562e+01
9.944163513183593750e+01
1.042582550048828125e+02
1.058073425292968750e+02
7.848628234863281250e+01
6.563011169433593750e+01
8.848391723632812500e+01
5.251255798339843750e+01
5.095645904541015625e+01
4.542247390747070312e+01
4.769415283203125000e+01
5.545370864868164062e+01
6.418105316162109375e+01
6.213844299316406250e+01
7.248924255371093750e+01
8.045520782470703125e+01
7.664569854736328125e+01
6.790914154052734375e+01
5.879565048217773438e+01
5.069565582275390625e+01
9.560701751708984375e+01
1.124108886718750000e+02
9.331361389160156250e+01
9.138272857666015625e+01
5.836920166015625000e+01
4.338680267333984375e+01
6.788770294189453125e+01
1.017952575683593750e+02
8.836302185058593750e+01
1.134570770263671875e+02
1.088324813842773438e+02
1.045412750244140625e+02
9.710225677490234375e+01
7.514735412597656250e+01
6.209676742553710938e+01
5.880869293212890625e+01
3.182768440246582031e+01
1.940805053710937500e+01
1.609410858154296875e+01
3.024719810485839844e+01
5.158959579467773438e+01
7.579192352294921875e+01
8.346588897705078125e+01
7.243565368652343750e+01
5.840243148803710938e+01
9.206159210205078125e+01
7.950886535644531250e+01
6.735147857666015625e+01
5.740241241455078125e+01
5.225318527221679688e+01
5.097691345214843750e+01
5.425845336914062500e+01
1.095882797241210938e+02
1.174136734008789062e+02
6.381659317016601562e+01
5.126685714721679688e+01
6.657923126220703125e+01
9.479053497314453125e+01
1.166344528198242188e+02
8.022148132324218750e+01
5.740384292602539062e+01
4.559408569335937500e+01
4.463086318969726562e+01
5.131554031372070312e+01
8.793387603759765625e+01
1.002615737915039062e+02
8.498076629638671875e+01
9.142954254150390625e+01
1.042948684692382812e+02
6.873702239990234375e+01
6.051335525512695312e+01
6.236522293090820312e+01
6.654673767089843750e+01
6.712479400634765625e+01
8.227069091796875000e+01
9.084004211425781250e+01
8.175521850585937500e+01
8.338015747070312500e+01
7.210763549804687500e+01
6.694202423095703125e+01
6.819837951660156250e+01
5.542740631103515625e+01
4.786706542968750000e+01
5.037738037109375000e+01
6.077364730834960938e+01
7.584847259521484375e+01
8.433633422851562500e+01
8.997298431396484375e+01
8.378564453125000000e+01
6.756357574462890625e+01
5.672434234619140625e+01
8.529286193847656250e+01
1.069295043945312500e+02
6.537708282470703125e+01
5.125569534301757812e+01
4.658428192138671875e+01
4.837635421752929688e+01
5.906300354003906250e+01
8.063486480712890625e+01
1.089777832031250000e+02
1.090294647216796875e+02
7.611035156250000000e+01
5.766723251342773438e+01
5.517655181884765625e+01
4.708607482910156250e+01
3.322431945800781250e+01
2.895475769042968750e+01
3.878370285034179688e+01
5.594955825805664062e+01
8.362264251708984375e+01
9.587923431396484375e+01
9.272173309326171875e+01
7.906735229492187500e+01
8.089929962158203125e+01
9.023817443847656250e+01
7.571964263916015625e+01
5.367147064208984375e+01
4.301412582397460938e+01
3.668164443969726562e+01
3.584385299682617188e+01
3.759826660156250000e+01
4.520354080200195312e+01
9.164759063720703125e+01
1.065226287841796875e+02
1.013040008544921875e+02
9.264712524414062500e+01
7.788356781005859375e+01
4.997982406616210938e+01
4.786969375610351562e+01
4.838718795776367188e+01
5.789876556396484375e+01
6.201266479492187500e+01
6.219964599609375000e+01
5.796020126342773438e+01
5.657107162475585938e+01
9.038832855224609375e+01
6.732153320312500000e+01
6.873896789550781250e+01
1.008229522705078125e+02
9.613891601562500000e+01
6.935709381103515625e+01
5.400088500976562500e+01
4.719522094726562500e+01
4.602429962158203125e+01
4.425362777709960938e+01
5.055616378784179688e+01
5.861510086059570312e+01
6.023165512084960938e+01
1.160928573608398438e+02
1.071618576049804688e+02
8.802698516845703125e+01
6.845132446289062500e+01
4.372691726684570312e+01
2.286687278747558594e+01
1.460194683074951172e+01
1.100927639007568359e+01
1.225395107269287109e+01
2.237017631530761719e+01
4.017244338989257812e+01
6.529703521728515625e+01
1.006237792968750000e+02
1.046595687866210938e+02
9.701690673828125000e+01
9.601567840576171875e+01
7.356500244140625000e+01
4.945938491821289062e+01
5.514931106567382812e+01
5.935152816772460938e+01
6.877791595458984375e+01
7.105892944335937500e+01
5.927619934082031250e+01
5.306542968750000000e+01
1.053209762573242188e+02
1.158710784912109375e+02
9.724775695800781250e+01
7.702342987060546875e+01
3.305858230590820312e+01
2.519241142272949219e+01
2.245412445068359375e+01
2.707296180725097656e+01
4.103481292724609375e+01
6.909287261962890625e+01
9.909083557128906250e+01
9.451779937744140625e+01
7.797321319580078125e+01
5.484157562255859375e+01
4.148360824584960938e+01
3.223266601562500000e+01
2.945649147033691406e+01
3.020166206359863281e+01
3.915514755249023438e+01
4.942523193359375000e+01
5.562912368774414062e+01
5.467844009399414062e+01
6.056340789794921875e+01
6.951133728027343750e+01
7.242826080322265625e+01
6.764443206787109375e+01
5.620070648193359375e+01
5.237805175781250000e+01
4.932127380371093750e+01
4.788656234741210938e+01
5.067657089233398438e+01
5.387859725952148438e+01
5.366833877563476562e+01
5.184733963012695312e+01
6.891131591796875000e+01
7.631009674072265625e+01
7.153061676025390625e+01
6.140483093261718750e+01
5.209628677368164062e+01
4.801136779785156250e+01
4.762269210815429688e+01
4.870372390747070312e+01
5.072546386718750000e+01
5.586326217651367188e+01
5.322728729248046875e+01
5.815819168090820312e+01
7.097708129882812500e+01
7.568151855468750000e+01
6.942817687988281250e+01
6.113132095336914062e+01
5.234089660644531250e+01
4.788687515258789062e+01
4.867654037475585938e+01
4.842464065551757812e+01
5.165898895263671875e+01
5.385823440551757812e+01
5.381662368774414062e+01
5.343188476562500000e+01
6.930358886718750000e+01
9.456830596923828125e+01
7.628662109375000000e+01
6.141915893554687500e+01
5.107848739624023438e+01
4.626614761352539062e+01
4.559659194946289062e+01
4.602002716064453125e+01
5.032896804809570312e+01
5.727895736694335938e+01
6.804931640625000000e+01
7.748005676269531250e+01
7.462246704101562500e+01
6.210014724731445312e+01
5.264310073852539062e+01
5.041151428222656250e+01
4.684907150268554688e+01
4.826566314697265625e+01
5.305992889404296875e+01
5.371479415893554688e+01
5.345411300659179688e+01
5.860886001586914062e+01
7.074001312255859375e+01
7.750579071044921875e+01
7.219620513916015625e+01
5.966478729248046875e+01
5.176666641235351562e+01
4.831450271606445312e+01
4.600037765502929688e+01
4.703892898559570312e+01
5.261040878295898438e+01
5.365422821044921875e+01
5.410396194458007812e+01
6.175320053100585938e+01
7.435482788085937500e+01
7.579950714111328125e+01
7.214044189453125000e+01
5.968655776977539062e+01
5.192189407348632812e+01
4.946475601196289062e+01
4.766894912719726562e+01
4.905021667480468750e+01
5.286260604858398438e+01
5.467751693725585938e+01
5.166744613647460938e+01
5.993489456176757812e+01
7.165558624267578125e+01
7.681726837158203125e+01
6.927413940429687500e+01
6.015190124511718750e+01
5.176209640502929688e+01
4.738336563110351562e+01
4.869896697998046875e+01
4.798036193847656250e+01
5.350502777099609375e+01
5.455511474609375000e+01
5.330285644531250000e+01
5.987785339355468750e+01
7.349471282958984375e+01
7.700308227539062500e+01
6.947618865966796875e+01
6.105841064453125000e+01
5.277814865112304688e+01
4.788130950927734375e+01
4.826565933227539062e+01
4.919496536254882812e+01
5.075470352172851562e+01
5.353312683105468750e+01
5.178629302978515625e+01
5.914847564697265625e+01
7.353072357177734375e+01
7.860858917236328125e+01
6.868702697753906250e+01
5.990822219848632812e+01
5.310132598876953125e+01
4.697785568237304688e+01
4.866811370849609375e+01
4.931415557861328125e+01
5.304051208496093750e+01
5.375296401977539062e+01
5.461913299560546875e+01
6.093272018432617188e+01
7.244601440429687500e+01
7.635668945312500000e+01
6.738688659667968750e+01
5.907951354980468750e+01
5.236393356323242188e+01
4.778427505493164062e+01
4.712902069091796875e+01
4.979490661621093750e+01
5.173246383666992188e+01
5.311613464355468750e+01
5.362788009643554688e+01
6.328342437744140625e+01
7.421640014648437500e+01
7.521871185302734375e+01
6.362973022460937500e+01
6.138880920410156250e+01
6.266045379638671875e+01
6.121956253051757812e+01
6.316775512695312500e+01
6.291093826293945312e+01
6.253877639770507812e+01
6.185004806518554688e+01
6.419976806640625000e+01
7.881719970703125000e+01
8.995569610595703125e+01
8.177239990234375000e+01
6.859991455078125000e+01
5.740391540527343750e+01
4.685503768920898438e+01
4.515232086181640625e+01
4.615863037109375000e+01
5.133122634887695312e+01
5.475983810424804688e+01
5.709824752807617188e+01
5.614359664916992188e+01
6.670368194580078125e+01
7.765936279296875000e+01
7.038925933837890625e+01
6.107241821289062500e+01
5.595340728759765625e+01
4.965731811523437500e+01
4.712595367431640625e+01
4.930035400390625000e+01
5.040473556518554688e+01
5.190352249145507812e+01
5.244908523559570312e+01
5.731768798828125000e+01
7.013702392578125000e+01
7.950962066650390625e+01
7.154358673095703125e+01
6.040408325195312500e+01
5.517953109741210938e+01
4.826336669921875000e+01
4.722933959960937500e+01
4.852482223510742188e+01
5.049291992187500000e+01
5.055601501464843750e+01
5.309130859375000000e+01
6.048396301269531250e+01
7.349842071533203125e+01
7.857032775878906250e+01
6.880752563476562500e+01
5.773964309692382812e+01
5.180445861816406250e+01
4.844947814941406250e+01
4.633449935913085938e+01
5.047062301635742188e+01
5.057834243774414062e+01
5.165436172485351562e+01
5.269483184814453125e+01
6.405567169189453125e+01
7.569308471679687500e+01
7.579957580566406250e+01
6.559887695312500000e+01
5.612802505493164062e+01
5.247375869750976562e+01
4.604284667968750000e+01
4.687908172607421875e+01
4.947286224365234375e+01
5.100333404541015625e+01
5.235958099365234375e+01
5.378279113769531250e+01
6.649958801269531250e+01
7.665447235107421875e+01
7.244999694824218750e+01
6.093654251098632812e+01
5.255059814453125000e+01
4.875552749633789062e+01
4.630252456665039062e+01
4.683180618286132812e+01
5.133093261718750000e+01
5.049085617065429688e+01
5.346353530883789062e+01
5.771315383911132812e+01
7.133815765380859375e+01
7.735661315917968750e+01
7.004109191894531250e+01
5.905062484741210938e+01
5.242164993286132812e+01
4.945278549194335938e+01
4.583205413818359375e+01
4.936742782592773438e+01
5.134864807128906250e+01
5.162242126464843750e+01
5.284033203125000000e+01
6.199219894409179688e+01
7.391821289062500000e+01
7.814969635009765625e+01
6.724413299560546875e+01
5.625818634033203125e+01
5.086807250976562500e+01
4.770583724975585938e+01
4.679056549072265625e+01
4.843307113647460938e+01
5.164029693603515625e+01
5.037339019775390625e+01
5.448699951171875000e+01
6.265254974365234375e+01
7.433158874511718750e+01
7.634941864013671875e+01
6.578302764892578125e+01
5.639561843872070312e+01
5.349225997924804688e+01
4.685658264160156250e+01
4.666544723510742188e+01
4.934532546997070312e+01
5.062768936157226562e+01
5.329458999633789062e+01
5.383516311645507812e+01
6.720891571044921875e+01
7.642082214355468750e+01
7.278195953369140625e+01
6.074795532226562500e+01
5.413787460327148438e+01
4.864556884765625000e+01
4.651808166503906250e+01
4.782899856567382812e+01
5.136966705322265625e+01
5.178084564208984375e+01
5.181341171264648438e+01
5.624951171875000000e+01
6.779372406005859375e+01
7.811414337158203125e+01
7.111530303955078125e+01
5.907878494262695312e+01
5.252395248413085938e+01
5.017746353149414062e+01
4.617442321777343750e+01
4.991630554199218750e+01
5.070095825195312500e+01
5.207861709594726562e+01
5.308255386352539062e+01
6.356413269042968750e+01
7.403244781494140625e+01
7.633618927001953125e+01
6.690156555175781250e+01
5.581983566284179688e+01
5.157977294921875000e+01
4.776533508300781250e+01
4.656195449829101562e+01
4.968043899536132812e+01
5.120007705688476562e+01
5.082543563842773438e+01
5.452586746215820312e+01
6.584891510009765625e+01
7.578588104248046875e+01
7.334792327880859375e+01
6.365515518188476562e+01
5.311698532104492188e+01
5.110563659667968750e+01
4.755858612060546875e+01
4.721372222900390625e+01
5.137813186645507812e+01
5.382626724243164062e+01
5.278341674804687500e+01
5.576897811889648438e+01
6.869937133789062500e+01
7.660617828369140625e+01
7.174986267089843750e+01
6.109739303588867188e+01
5.241605758666992188e+01
4.799091339111328125e+01
4.897420883178710938e+01
4.748971939086914062e+01
5.315022659301757812e+01
5.303763580322265625e+01
5.261312866210937500e+01
5.476801681518554688e+01
6.985902404785156250e+01
7.723759460449218750e+01
7.140823364257812500e+01
6.276023101806640625e+01
5.252658081054687500e+01
4.946579742431640625e+01
4.892333221435546875e+01
4.821275329589843750e+01
5.005671310424804688e+01
5.317549514770507812e+01
5.253138732910156250e+01
5.565115356445312500e+01
7.014974212646484375e+01
7.802305603027343750e+01
6.980077362060546875e+01
6.224297714233398438e+01
5.239992523193359375e+01
4.716433334350585938e+01
4.762304306030273438e+01
4.778684997558593750e+01
5.200867462158203125e+01
5.381513214111328125e+01
5.478807830810546875e+01
5.648944854736328125e+01
6.943289184570312500e+01
7.651348876953125000e+01
6.890585327148437500e+01
5.956011962890625000e+01
5.383323669433593750e+01
4.792587661743164062e+01
4.874503326416015625e+01
4.957778930664062500e+01
5.122862243652343750e+01
5.193193054199218750e+01
5.294654464721679688e+01
5.859051132202148438e+01
7.015761566162109375e+01
7.863217926025390625e+01
6.862358093261718750e+01
5.837949752807617188e+01
5.176721572875976562e+01
4.831995010375976562e+01
4.655850219726562500e+01
4.925119781494140625e+01
5.229750823974609375e+01
5.114698028564453125e+01
5.336247634887695312e+01
6.177630233764648438e+01
7.265180206298828125e+01
7.610535430908203125e+01
6.786679840087890625e+01
5.686122894287109375e+01
5.127970504760742188e+01
4.746514129638671875e+01
4.676262664794921875e+01
4.930997085571289062e+01
5.420148468017578125e+01
5.219024276733398438e+01
5.213124847412109375e+01
6.415071868896484375e+01
7.482542419433593750e+01
7.563959503173828125e+01
6.574031066894531250e+01
5.611362075805664062e+01
4.816137695312500000e+01
4.835008239746093750e+01
4.617466735839843750e+01
4.954585647583007812e+01
5.390974426269531250e+01
5.195662689208984375e+01
5.237506103515625000e+01
6.703527069091796875e+01
7.679015350341796875e+01
7.047831726074218750e+01
6.340006637573242188e+01
5.335047149658203125e+01
4.757668685913085938e+01
4.727529144287109375e+01
4.739032745361328125e+01
5.020628356933593750e+01
5.384994125366210938e+01
5.338095474243164062e+01
5.434290695190429688e+01
6.885577392578125000e+01
7.691652679443359375e+01
6.967730712890625000e+01
5.988761520385742188e+01
5.353791046142578125e+01
4.623494338989257812e+01
4.716411972045898438e+01
4.695474624633789062e+01
5.098366546630859375e+01
5.100568008422851562e+01
5.393457412719726562e+01
5.935513687133789062e+01
7.244026184082031250e+01
7.728777313232421875e+01
6.729027557373046875e+01
5.818085479736328125e+01
5.072097396850585938e+01
4.682334518432617188e+01
4.586386489868164062e+01
4.975479507446289062e+01
5.178917312622070312e+01
5.200325012207031250e+01
5.386268615722656250e+01
6.364538955688476562e+01
7.467531585693359375e+01
7.660498046875000000e+01
6.387869644165039062e+01
5.473242568969726562e+01
4.921537780761718750e+01
4.699645996093750000e+01
4.579977035522460938e+01
4.988570404052734375e+01
5.202820968627929688e+01
5.241955566406250000e+01
5.524132919311523438e+01
6.836570739746093750e+01
7.635077667236328125e+01
7.463750457763671875e+01
1.006567382812500000e+02
7.451777648925781250e+01
9.898774719238281250e+01
8.263729858398437500e+01
8.503739166259765625e+01
1.116357345581054688e+02
1.117457275390625000e+02
7.460812377929687500e+01
5.599959564208984375e+01
3.557036209106445312e+01
2.932461929321289062e+01
3.504557800292968750e+01
4.813268280029296875e+01
6.370771408081054688e+01
7.985493469238281250e+01
7.832378387451171875e+01
6.573379516601562500e+01
9.021542358398437500e+01
9.582714080810546875e+01
7.694650268554687500e+01
6.384756469726562500e+01
4.392588043212890625e+01
5.090270996093750000e+01
5.399472427368164062e+01
6.285216903686523438e+01
5.203586959838867188e+01
6.073790740966796875e+01
7.466895294189453125e+01
8.887072753906250000e+01
1.181901016235351562e+02
1.173825531005859375e+02
9.629504394531250000e+01
8.601952362060546875e+01
5.565496444702148438e+01
3.883746337890625000e+01
3.893729019165039062e+01
4.575854110717773438e+01
6.278138732910156250e+01
8.264138031005859375e+01
9.046995544433593750e+01
8.990372467041015625e+01
8.741783142089843750e+01
6.606287384033203125e+01
8.526799774169921875e+01
9.001245117187500000e+01
1.003909683227539062e+02
7.370287322998046875e+01
7.012626647949218750e+01
6.227279281616210938e+01
5.668400955200195312e+01
6.509935760498046875e+01
6.859452056884765625e+01
6.332508468627929688e+01
6.016073226928710938e+01
1.084959945678710938e+02
5.400843811035156250e+01
3.544490051269531250e+01
2.805287170410156250e+01
2.591096878051757812e+01
2.498547935485839844e+01
2.484283447265625000e+01
2.602063179016113281e+01
2.796095275878906250e+01
2.818103408813476562e+01
3.518623352050781250e+01
3.492179107666015625e+01
3.492179107666015625e+01
3.492179107666015625e+01
3.492179107666015625e+01
3.492179107666015625e+01
3.492179107666015625e+01
3.492179107666015625e+01
3.492179107666015625e+01
3.492179107666015625e+01
3.492179107666015625e+01
3.492179107666015625e+01
3.492179107666015625e+01
3.492179107666015625e+01
3.492179107666015625e+01
3.492179107666015625e+01
3.492179107666015625e+01
3.492179107666015625e+01
3.492179107666015625e+01
3.492179107666015625e+01
3.492179107666015625e+01
3.492179107666015625e+01
3.492179107666015625e+01
3.492179107666015625e+01
3.492179107666015625e+01
3.492179107666015625e+01
3.492179107666015625e+01
3.492179107666015625e+01
3.492179107666015625e+01
3.492179107666015625e+01
3.492179107666015625e+01
3.492179107666015625e+01
3.492179107666015625e+01
3.492179107666015625e+01
3.492179107666015625e+01
3.492179107666015625e+01
3.492179107666015625e+01
3.492179107666015625e+01
3.492179107666015625e+01
3.492179107666015625e+01
3.492179107666015625e+01
3.492179107666015625e+01
3.492179107666015625e+01
3.492179107666015625e+01
3.492179107666015625e+01
3.492179107666015625e+01
3.492179107666015625e+01
3.492179107666015625e+01
3.492179107666015625e+01
3.492179107666015625e+01
3.492179107666015625e+01
3.492179107666015625e+01
3.492179107666015625e+01
3.492179107666015625e+01
3.492179107666015625e+01
3.492179107666015625e+01
3.492179107666015625e+01
3.492179107666015625e+01
3.492179107666015625e+01
3.492179107666015625e+01
3.492179107666015625e+01
3.492179107666015625e+01
3.492179107666015625e+01
3.492179107666015625e+01
3.492179107666015625e+01
3.492179107666015625e+01
3.492179107666015625e+01
3.492179107666015625e+01
3.492179107666015625e+01
3.492179107666015625e+01
3.492179107666015625e+01
3.492179107666015625e+01
3.492179107666015625e+01
3.492179107666015625e+01
3.492179107666015625e+01
3.492179107666015625e+01
3.492179107666015625e+01
3.492179107666015625e+01
3.492179107666015625e+01
3.492179107666015625e+01
3.492179107666015625e+01
3.492179107666015625e+01
3.492179107666015625e+01
3.492179107666015625e+01
3.492179107666015625e+01
3.492179107666015625e+01
3.492179107666015625e+01
3.492179107666015625e+01
3.492179107666015625e+01
3.492179107666015625e+01
3.492179107666015625e+01
3.492179107666015625e+01
3.492179107666015625e+01
3.492179107666015625e+01
3.492179107666015625e+01
3.492179107666015625e+01
3.492179107666015625e+01
3.492179107666015625e+01
3.492179107666015625e+01
3.492179107666015625e+01
3.492179107666015625e+01
3.492179107666015625e+01
3.492179107666015625e+01
3.492179107666015625e+01
3.492179107666015625e+01
3.492179107666015625e+01
3.492179107666015625e+01
3.492179107666015625e+01
3.492179107666015625e+01
3.492179107666015625e+01
3.492179107666015625e+01
6.573740386962890625e+01
1.100529937744140625e+02
8.526403045654296875e+01
6.842989349365234375e+01
5.615755462646484375e+01
5.220446014404296875e+01
5.879914855957031250e+01
7.545572662353515625e+01
8.445262145996093750e+01
7.697355651855468750e+01
9.068627166748046875e+01
7.341054534912109375e+01
6.118330383300781250e+01
4.691802215576171875e+01
3.739604187011718750e+01
3.394382858276367188e+01
3.651420593261718750e+01
4.223482894897460938e+01
5.240404510498046875e+01
5.880157852172851562e+01
6.005223846435546875e+01
6.876821136474609375e+01
8.513143920898437500e+01
9.658330535888671875e+01
9.787190246582031250e+01
7.243404388427734375e+01
5.313980102539062500e+01
4.838969039916992188e+01
4.678499603271484375e+01
5.150305938720703125e+01
5.938789749145507812e+01
6.864898681640625000e+01
7.072113800048828125e+01
7.735106658935546875e+01
9.540522766113281250e+01
8.209485626220703125e+01
6.360803222656250000e+01
5.021129226684570312e+01
4.128199768066406250e+01
3.458588027954101562e+01
3.580305099487304688e+01
3.850604629516601562e+01
5.001081085205078125e+01
5.647675323486328125e+01
5.861089706420898438e+01
6.878474426269531250e+01
7.658787536621093750e+01
7.338728332519531250e+01
6.584063720703125000e+01
9.911299133300781250e+01
6.492345428466796875e+01
5.211728668212890625e+01
4.813029861450195312e+01
4.985791778564453125e+01
5.184362030029296875e+01
6.711684417724609375e+01
8.387818908691406250e+01
8.226779937744140625e+01
9.415467071533203125e+01
8.920403289794921875e+01
8.000579833984375000e+01
5.521320724487304688e+01
5.034236145019531250e+01
5.183945083618164062e+01
5.391394805908203125e+01
5.748296356201171875e+01
6.131504821777343750e+01
5.753492355346679688e+01
5.398568344116210938e+01
6.101780319213867188e+01
7.334494018554687500e+01
1.083671569824218750e+02
8.710108947753906250e+01
6.280330657958984375e+01
5.707561111450195312e+01
6.011823272705078125e+01
3.978832626342773438e+01
3.115780067443847656e+01
2.969239807128906250e+01
3.455842208862304688e+01
4.253491592407226562e+01
5.375799179077148438e+01
9.935787963867187500e+01
8.865611267089843750e+01
6.922174072265625000e+01
5.472339630126953125e+01
4.510832977294921875e+01
5.693771362304687500e+01
4.390492630004882812e+01
4.281900024414062500e+01
4.616889190673828125e+01
5.428435134887695312e+01
5.589486694335937500e+01
7.210155487060546875e+01
9.441927337646484375e+01
8.506288146972656250e+01
9.546656036376953125e+01
6.194931411743164062e+01
1.110693893432617188e+02
7.102846527099609375e+01
5.411787033081054688e+01
4.647850418090820312e+01
4.859379196166992188e+01
6.594638824462890625e+01
8.491242218017578125e+01
8.653018188476562500e+01
9.504714202880859375e+01
9.530117797851562500e+01
8.139197540283203125e+01
8.035943603515625000e+01
7.154703521728515625e+01
7.288597106933593750e+01
6.788034057617187500e+01
9.259186553955078125e+01
1.094661407470703125e+02
8.436555480957031250e+01
9.560350799560546875e+01
1.069596328735351562e+02
1.073423767089843750e+02
1.026093368530273438e+02
9.980355834960937500e+01
4.588679885864257812e+01
3.343297195434570312e+01
2.362026596069335938e+01
1.864738273620605469e+01
2.343313789367675781e+01
3.877028656005859375e+01
6.173766708374023438e+01
9.085176849365234375e+01
9.285823822021484375e+01
8.085728454589843750e+01
7.719258117675781250e+01
9.128527832031250000e+01
8.431646728515625000e+01
7.288482666015625000e+01
1.153136825561523438e+02
9.310207366943359375e+01
8.274022674560546875e+01
8.823825836181640625e+01
1.128738021850585938e+02
9.509030914306640625e+01
6.807982635498046875e+01
7.760431671142578125e+01
9.140054321289062500e+01
9.033715820312500000e+01
5.588283538818359375e+01
3.703219604492187500e+01
6.965237426757812500e+01
5.383646392822265625e+01
4.637929534912109375e+01
5.028393173217773438e+01
4.894823837280273438e+01
6.302336502075195312e+01
7.530975341796875000e+01
7.859320068359375000e+01
8.807416534423828125e+01
7.393917846679687500e+01
8.512232971191406250e+01
8.377130126953125000e+01
1.150402069091796875e+02
8.659565734863281250e+01
6.968023681640625000e+01
8.746248626708984375e+01
8.126717376708984375e+01
1.004030151367187500e+02
1.026126861572265625e+02
9.500487518310546875e+01
1.053334808349609375e+02
1.109598999023437500e+02
8.450680541992187500e+01
6.572193908691406250e+01
7.007014465332031250e+01
7.893968200683593750e+01
7.209848022460937500e+01
6.468205261230468750e+01
6.521187591552734375e+01
7.207006835937500000e+01
6.959558105468750000e+01
8.809555816650390625e+01
9.758807373046875000e+01
8.330900573730468750e+01
7.115325927734375000e+01
6.293738174438476562e+01
6.861374664306640625e+01
8.483848571777343750e+01
1.003888854980468750e+02
8.918051910400390625e+01
7.624370574951171875e+01
4.928641891479492188e+01
4.521845626831054688e+01
1.062194595336914062e+02
1.085692520141601562e+02
1.094695587158203125e+02
7.012852478027343750e+01
4.825893020629882812e+01
4.464988327026367188e+01
4.438699340820312500e+01
5.203741836547851562e+01
6.583147430419921875e+01
8.498536682128906250e+01
8.937521362304687500e+01
8.099573516845703125e+01
9.158333587646484375e+01
8.403329467773437500e+01
1.021630630493164062e+02
1.080271682739257812e+02
9.857174682617187500e+01
9.145380401611328125e+01
1.050497970581054688e+02
9.103451538085937500e+01
9.562997436523437500e+01
9.994177246093750000e+01
8.103347778320312500e+01
1.160491714477539062e+02
1.167411117553710938e+02
1.046963424682617188e+02
7.921778869628906250e+01
5.172779083251953125e+01
4.855726623535156250e+01
4.673019409179687500e+01
4.971396636962890625e+01
6.273687744140625000e+01
7.668571472167968750e+01
8.920215606689453125e+01
9.153101348876953125e+01
9.495879364013671875e+01
8.994356536865234375e+01
8.189501953125000000e+01
7.420703887939453125e+01
9.773379516601562500e+01
9.254063415527343750e+01
8.214904785156250000e+01
8.427024841308593750e+01
8.488943481445312500e+01
8.180621337890625000e+01
6.817560577392578125e+01
6.363625335693359375e+01
5.339890670776367188e+01
5.945832443237304688e+01
9.937123107910156250e+01
1.060615158081054688e+02
5.304935073852539062e+01
2.999276351928710938e+01
2.147172164916992188e+01
1.969717597961425781e+01
2.900547981262207031e+01
4.551309967041015625e+01
6.350987625122070312e+01
8.216075897216796875e+01
8.778340148925781250e+01
1.048757934570312500e+02
9.589344024658203125e+01
8.037567901611328125e+01
7.264662933349609375e+01
6.987081146240234375e+01
5.804284286499023438e+01
5.111690139770507812e+01
5.218557739257812500e+01
4.750160980224609375e+01
3.977391052246093750e+01
5.357913970947265625e+01
6.992296600341796875e+01
6.788421630859375000e+01
1.129304046630859375e+02
9.049417877197265625e+01
5.859290695190429688e+01
4.676492309570312500e+01
3.712130737304687500e+01
3.758607101440429688e+01
4.803651428222656250e+01
7.617371368408203125e+01
1.017920532226562500e+02
1.006439285278320312e+02
1.122609405517578125e+02
9.907310485839843750e+01
6.029073715209960938e+01
5.020941543579101562e+01
5.409038925170898438e+01
5.493212509155273438e+01
6.185988235473632812e+01
4.974248123168945312e+01
4.182911682128906250e+01
3.908596801757812500e+01
2.994087791442871094e+01
3.136121749877929688e+01
4.591413879394531250e+01
7.395224761962890625e+01
1.123304519653320312e+02
1.024176864624023438e+02
5.511760330200195312e+01
3.795355987548828125e+01
2.961411476135253906e+01
2.067969512939453125e+01
2.067656135559082031e+01
2.871162796020507812e+01
5.365575027465820312e+01
7.987089538574218750e+01
9.629689025878906250e+01
9.868989562988281250e+01
6.203631591796875000e+01
4.720722961425781250e+01
8.214832305908203125e+01
8.168246459960937500e+01
9.601296234130859375e+01
8.445626068115234375e+01
1.003600616455078125e+02
8.963181304931640625e+01
8.487226104736328125e+01
8.801562500000000000e+01
1.113445358276367188e+02
9.937722778320312500e+01
1.058915405273437500e+02
1.030982894897460938e+02
9.400609588623046875e+01
7.820600891113281250e+01
5.027525711059570312e+01
3.787727737426757812e+01
4.403459167480468750e+01
3.949867630004882812e+01
4.384022521972656250e+01
6.193878936767578125e+01
7.577242279052734375e+01
7.598565673828125000e+01
9.841785430908203125e+01
9.339077758789062500e+01
9.952104187011718750e+01
8.106192779541015625e+01
7.284124755859375000e+01
8.750242614746093750e+01
8.048342895507812500e+01
9.323151397705078125e+01
8.182608795166015625e+01
9.035353851318359375e+01
8.906980895996093750e+01
1.258778381347656250e+02
1.206038894653320312e+02
1.068217468261718750e+02
7.751853179931640625e+01
3.552178192138671875e+01
2.215144348144531250e+01
1.858625984191894531e+01
2.392884826660156250e+01
3.623042297363281250e+01
5.701723480224609375e+01
7.375194549560546875e+01
1.049707565307617188e+02
9.937659454345703125e+01
7.216259002685546875e+01
6.101038742065429688e+01
5.524570083618164062e+01
4.076619720458984375e+01
6.393653106689453125e+01
8.160989379882812500e+01
6.301446533203125000e+01
7.861457824707031250e+01
9.361026763916015625e+01
1.129367446899414062e+02
6.569900512695312500e+01
1.124487380981445312e+02
1.083879318237304688e+02
9.559233856201171875e+01
4.427082824707031250e+01
2.788243675231933594e+01
2.375320816040039062e+01
2.735507583618164062e+01
3.457904052734375000e+01
5.142980957031250000e+01
7.140837860107421875e+01
8.907543945312500000e+01
8.392311096191406250e+01
1.045715713500976562e+02
8.283545684814453125e+01
6.189955139160156250e+01
6.421393585205078125e+01
9.610131835937500000e+01
5.459402847290039062e+01
4.135186767578125000e+01
3.480028152465820312e+01
3.665375900268554688e+01
5.459512329101562500e+01
7.787602233886718750e+01
9.698329925537109375e+01
1.140488662719726562e+02
1.033300628662109375e+02
1.016687240600585938e+02
1.017099761962890625e+02
6.787188720703125000e+01
4.901127624511718750e+01
4.662318038940429688e+01
6.144707107543945312e+01
6.822824859619140625e+01
7.825761413574218750e+01
7.596461486816406250e+01
9.561370086669921875e+01
1.045667343139648438e+02
8.637218475341796875e+01
6.223598480224609375e+01
5.335751342773437500e+01
4.160477066040039062e+01
6.643472290039062500e+01
5.358536529541015625e+01
5.447422790527343750e+01
6.466318511962890625e+01
8.197326660156250000e+01
1.088687438964843750e+02
9.960046386718750000e+01
8.020051574707031250e+01
9.841896820068359375e+01
9.769272613525390625e+01
5.403225708007812500e+01
4.022543334960937500e+01
4.008386611938476562e+01
3.303613662719726562e+01
2.653058433532714844e+01
2.795353889465332031e+01
3.800066375732421875e+01
6.001919174194335938e+01
8.968114471435546875e+01
9.861159515380859375e+01
7.004479980468750000e+01
5.581667709350585938e+01
5.131092453002929688e+01
4.120330047607421875e+01
7.161576843261718750e+01
7.243122100830078125e+01
4.831306457519531250e+01
6.311217117309570312e+01
5.070654296875000000e+01
6.525294494628906250e+01
8.011694335937500000e+01
1.081412429809570312e+02
1.244627304077148438e+02
1.088174972534179688e+02
5.909495162963867188e+01
3.560408782958984375e+01
2.492400741577148438e+01
2.776329803466796875e+01
4.464191436767578125e+01
6.995841217041015625e+01
8.388365936279296875e+01
8.078890991210937500e+01
1.020779647827148438e+02
9.973464202880859375e+01
6.434716033935546875e+01
4.856649398803710938e+01
4.378995895385742188e+01
5.515292358398437500e+01
4.646717071533203125e+01
5.068471527099609375e+01
7.068421936035156250e+01
6.405588531494140625e+01
6.597126007080078125e+01
1.000270385742187500e+02
1.084350891113281250e+02
8.501052856445312500e+01
1.094114761352539062e+02
9.975308990478515625e+01
1.019789047241210938e+02
9.324153137207031250e+01
7.273619842529296875e+01
3.806468963623046875e+01
2.409370994567871094e+01
2.059973907470703125e+01
2.557052421569824219e+01
4.023704910278320312e+01
6.921982574462890625e+01
9.753334808349609375e+01
8.623889923095703125e+01
7.336373138427734375e+01
6.063678359985351562e+01
5.176689147949218750e+01
8.100993347167968750e+01
8.106275939941406250e+01
8.110952758789062500e+01
8.955849456787109375e+01
8.577767944335937500e+01
1.006176681518554688e+02
9.936450958251953125e+01
8.598300933837890625e+01
1.175773391723632812e+02
1.029735717773437500e+02
7.942211914062500000e+01
6.914268493652343750e+01
6.607737731933593750e+01
6.171212768554687500e+01
6.426222229003906250e+01
4.769263839721679688e+01
2.905314254760742188e+01
2.025713920593261719e+01
1.796603202819824219e+01
2.038911056518554688e+01
3.315449523925781250e+01
6.834650421142578125e+01
8.664051818847656250e+01
7.703086853027343750e+01
1.130888290405273438e+02
1.010583953857421875e+02
9.137834167480468750e+01
8.855099487304687500e+01
8.030775451660156250e+01
5.807887268066406250e+01
4.554098892211914062e+01
3.940817260742187500e+01
1.061293792724609375e+02
1.007504043579101562e+02
8.965238189697265625e+01
4.680649566650390625e+01
2.643808746337890625e+01
1.855676269531250000e+01
2.443225288391113281e+01
3.755813598632812500e+01
5.568836593627929688e+01
7.576662445068359375e+01
9.463121795654296875e+01
1.025694580078125000e+02
7.412232208251953125e+01
5.425830841064453125e+01
4.421794509887695312e+01
3.916042327880859375e+01
3.933029556274414062e+01
5.319026184082031250e+01
6.809323120117187500e+01
6.393267440795898438e+01
5.738714218139648438e+01
5.085684585571289062e+01
6.451775360107421875e+01
1.160599517822265625e+02
1.216854782104492188e+02
9.626565551757812500e+01
4.955620956420898438e+01
2.993478584289550781e+01
1.769911766052246094e+01
1.308359050750732422e+01
1.663581085205078125e+01
2.835968017578125000e+01
4.461967468261718750e+01
6.850692749023437500e+01
9.046033477783203125e+01
1.024087829589843750e+02
8.075028228759765625e+01
8.704450225830078125e+01
9.633853149414062500e+01
1.043499984741210938e+02
9.176931762695312500e+01
8.333076477050781250e+01
7.419653320312500000e+01
7.287114715576171875e+01
8.341576385498046875e+01
8.497359466552734375e+01
9.774349212646484375e+01
1.013112411499023438e+02
9.640418243408203125e+01
9.193853759765625000e+01
9.083760833740234375e+01
5.175803375244140625e+01
3.037149620056152344e+01
2.963653564453125000e+01
3.737144088745117188e+01
5.129079818725585938e+01
7.046409606933593750e+01
8.471300506591796875e+01
9.496549987792968750e+01
1.043010635375976562e+02
7.589070892333984375e+01
5.244226074218750000e+01
4.498694992065429688e+01
3.669709777832031250e+01
3.890460205078125000e+01
3.226368331909179688e+01
3.740090179443359375e+01
5.120925140380859375e+01
6.398301696777343750e+01
5.999898529052734375e+01
6.388796997070312500e+01
6.499324798583984375e+01
1.078125152587890625e+02
1.075630111694335938e+02
8.314897918701171875e+01
4.443955993652343750e+01
2.907715797424316406e+01
1.775522422790527344e+01
1.367085170745849609e+01
2.249606323242187500e+01
4.203370285034179688e+01
6.450728607177734375e+01
8.776622009277343750e+01
1.003818817138671875e+02
6.794939422607421875e+01
5.376278305053710938e+01
3.922036743164062500e+01
3.894701004028320312e+01
5.432720947265625000e+01
5.606724166870117188e+01
4.537170410156250000e+01
3.740222930908203125e+01
2.977248954772949219e+01
2.375005722045898438e+01
7.557343292236328125e+01
1.037514114379882812e+02
1.129001235961914062e+02
8.679066467285156250e+01
4.262393569946289062e+01
3.460194778442382812e+01
2.796141815185546875e+01
2.141550636291503906e+01
2.194618606567382812e+01
3.765031051635742188e+01
5.510925292968750000e+01
7.700878143310546875e+01
9.500670623779296875e+01
1.017639846801757812e+02
6.696726226806640625e+01
4.850390243530273438e+01
3.892792892456054688e+01
3.363286590576171875e+01
5.395415496826171875e+01
4.670096588134765625e+01
5.465253448486328125e+01
8.548522186279296875e+01
9.616564941406250000e+01
8.846981048583984375e+01
1.006265335083007812e+02
1.069331893920898438e+02
1.118325881958007812e+02
5.692697143554687500e+01
5.124698257446289062e+01
6.202684783935546875e+01
5.156402969360351562e+01
4.781965255737304688e+01
6.312945938110351562e+01
8.325345611572265625e+01
8.030591583251953125e+01
6.716023254394531250e+01
6.677636718750000000e+01
1.018483963012695312e+02
6.883314514160156250e+01
6.851908874511718750e+01
6.091746520996093750e+01
4.848968124389648438e+01
3.494945526123046875e+01
6.367660522460937500e+01
6.252769470214843750e+01
8.369747924804687500e+01
7.800773620605468750e+01
8.294428253173828125e+01
1.086927032470703125e+02
1.049412231445312500e+02
9.122371673583984375e+01
7.275429534912109375e+01
6.860535430908203125e+01
5.385157775878906250e+01
4.817977905273437500e+01
4.037473678588867188e+01
4.119606399536132812e+01
4.882466506958007812e+01
4.321767807006835938e+01
4.302305603027343750e+01
4.549131774902343750e+01
6.352367019653320312e+01
9.206457519531250000e+01
9.696469879150390625e+01
8.149938964843750000e+01
6.555016326904296875e+01
5.328393936157226562e+01
6.177825927734375000e+01
5.249795150756835938e+01
4.646714782714843750e+01
4.783157348632812500e+01
5.374570083618164062e+01
9.593525695800781250e+01
1.156529846191406250e+02
1.089281082153320312e+02
9.001047515869140625e+01
4.403314590454101562e+01
2.420463562011718750e+01
1.649938964843750000e+01
1.688232421875000000e+01
3.154297256469726562e+01
5.323110198974609375e+01
7.090639495849609375e+01
7.609242248535156250e+01
7.980156707763671875e+01
1.060069503784179688e+02
6.656253051757812500e+01
5.673687744140625000e+01
6.040085983276367188e+01
6.186481475830078125e+01
8.593309783935546875e+01
7.532300567626953125e+01
6.817458343505859375e+01
6.291048812866210938e+01
8.153217315673828125e+01
8.555350494384765625e+01
9.848361968994140625e+01
1.001754760742187500e+02
1.144639816284179688e+02
1.018536071777343750e+02
4.879732513427734375e+01
3.367412948608398438e+01
2.525593757629394531e+01
1.817036437988281250e+01
1.692242050170898438e+01
2.362471389770507812e+01
3.683543014526367188e+01
6.780116271972656250e+01
9.686100006103515625e+01
1.010956268310546875e+02
5.802929687500000000e+01
5.189743423461914062e+01
7.121067810058593750e+01
7.239395141601562500e+01
5.229014968872070312e+01
3.537184524536132812e+01
3.394068145751953125e+01
4.140544509887695312e+01
5.359678649902343750e+01
5.876407623291015625e+01
6.141417312622070312e+01
9.216704559326171875e+01
1.086075744628906250e+02
1.012164154052734375e+02
5.674311065673828125e+01
3.167092514038085938e+01
2.053127098083496094e+01
1.525387477874755859e+01
1.736125946044921875e+01
2.799024963378906250e+01
5.182273864746093750e+01
7.905767822265625000e+01
9.573756408691406250e+01
1.010840072631835938e+02
7.512250518798828125e+01
8.064202117919921875e+01
8.576085662841796875e+01
6.317421722412109375e+01
7.116905212402343750e+01
7.304940795898437500e+01
7.940938568115234375e+01
8.031421661376953125e+01
7.322967529296875000e+01
6.725910949707031250e+01
9.578770446777343750e+01
1.075998611450195312e+02
1.064067535400390625e+02
8.932379913330078125e+01
4.414608001708984375e+01
2.718624305725097656e+01
1.694182968139648438e+01
1.517377376556396484e+01
2.564890670776367188e+01
4.187822723388671875e+01
6.411712646484375000e+01
7.703173828125000000e+01
9.213970184326171875e+01
1.059441070556640625e+02
7.436570739746093750e+01
5.621250915527343750e+01
8.656812286376953125e+01
8.255848693847656250e+01
7.549414825439453125e+01
7.043782806396484375e+01
5.753197479248046875e+01
4.656652450561523438e+01
4.224195861816406250e+01
4.238745117187500000e+01
5.679645919799804688e+01
1.034751129150390625e+02
9.008042144775390625e+01
9.360059356689453125e+01
7.444902801513671875e+01
5.514492416381835938e+01
3.717018508911132812e+01
2.586824035644531250e+01
2.425741577148437500e+01
3.246466445922851562e+01
4.481855392456054688e+01
6.711521148681640625e+01
9.155659484863281250e+01
1.008255157470703125e+02
6.430045318603515625e+01
5.305119705200195312e+01
5.361284637451171875e+01
4.930707550048828125e+01
5.830141067504882812e+01
5.407463455200195312e+01
7.719224548339843750e+01
5.522949218750000000e+01
6.095042419433593750e+01
7.171877288818359375e+01
1.013615188598632812e+02
1.267530441284179688e+02
1.044823379516601562e+02
6.668965148925781250e+01
4.149810409545898438e+01
2.942577552795410156e+01
1.960188293457031250e+01
1.456236553192138672e+01
2.377156066894531250e+01
3.314832687377929688e+01
3.270854568481445312e+01
3.386238098144531250e+01
3.510502624511718750e+01
3.247901153564453125e+01
2.845545005798339844e+01
3.135239219665527344e+01
3.587751007080078125e+01
3.863743209838867188e+01
3.627846145629882812e+01
3.492179107666015625e+01
3.492179107666015625e+01
3.492179107666015625e+01
3.492179107666015625e+01
3.492179107666015625e+01
3.492179107666015625e+01
3.492179107666015625e+01
3.492179107666015625e+01
3.492179107666015625e+01
3.492179107666015625e+01
3.492179107666015625e+01
3.492179107666015625e+01
3.492179107666015625e+01
3.492179107666015625e+01
3.492179107666015625e+01
3.492179107666015625e+01
3.492179107666015625e+01
3.492179107666015625e+01
3.492179107666015625e+01
3.492179107666015625e+01
3.492179107666015625e+01
3.492179107666015625e+01
3.492179107666015625e+01
3.492179107666015625e+01
3.492179107666015625e+01
3.492179107666015625e+01
3.492179107666015625e+01
3.492179107666015625e+01
3.492179107666015625e+01
3.492179107666015625e+01
3.492179107666015625e+01
3.492179107666015625e+01
3.492179107666015625e+01
3.492179107666015625e+01
3.492179107666015625e+01
3.492179107666015625e+01
3.492179107666015625e+01
3.492179107666015625e+01
3.492179107666015625e+01
3.492179107666015625e+01
3.492179107666015625e+01
3.492179107666015625e+01
3.492179107666015625e+01
3.492179107666015625e+01
3.492179107666015625e+01
3.492179107666015625e+01
3.492179107666015625e+01
3.492179107666015625e+01
3.492179107666015625e+01
3.492179107666015625e+01
3.492179107666015625e+01
3.492179107666015625e+01
3.492179107666015625e+01
3.492179107666015625e+01
3.492179107666015625e+01
3.492179107666015625e+01
3.492179107666015625e+01
3.492179107666015625e+01
3.492179107666015625e+01
3.492179107666015625e+01
3.492179107666015625e+01
3.492179107666015625e+01
3.492179107666015625e+01
3.492179107666015625e+01
3.492179107666015625e+01
3.492179107666015625e+01
3.492179107666015625e+01
3.492179107666015625e+01
3.492179107666015625e+01
3.492179107666015625e+01
3.492179107666015625e+01
3.492179107666015625e+01
3.492179107666015625e+01
3.492179107666015625e+01
3.492179107666015625e+01
3.492179107666015625e+01
3.492179107666015625e+01
3.492179107666015625e+01
1.149807052612304688e+02
1.073061447143554688e+02
9.290345001220703125e+01
4.505801391601562500e+01
4.349263000488281250e+01
4.637477874755859375e+01
4.248062133789062500e+01
3.850982284545898438e+01
4.861682510375976562e+01
6.624831390380859375e+01
8.291436767578125000e+01
1.021867828369140625e+02
1.015258636474609375e+02
6.364242935180664062e+01
6.243591690063476562e+01
6.455217742919921875e+01
6.156537246704101562e+01
7.434878540039062500e+01
5.237841796875000000e+01
5.465302658081054688e+01
6.877667999267578125e+01
6.753311920166015625e+01
6.227922058105468750e+01
6.139299774169921875e+01
7.975685119628906250e+01
1.012930374145507812e+02
8.091108703613281250e+01
4.520200347900390625e+01
3.446410369873046875e+01
3.385035324096679688e+01
4.151824188232421875e+01
6.371442794799804688e+01
9.086147308349609375e+01
9.847152709960937500e+01
9.461698913574218750e+01
9.354438018798828125e+01
1.033916702270507812e+02
6.739826965332031250e+01
5.276624679565429688e+01
5.517116928100585938e+01
5.297580718994140625e+01
5.788277053833007812e+01
5.859559631347656250e+01
7.159127044677734375e+01
6.375620269775390625e+01
5.287936782836914062e+01
7.315276336669921875e+01
1.031659622192382812e+02
8.863836669921875000e+01
5.368033981323242188e+01
4.283142471313476562e+01
5.040462493896484375e+01
9.765850067138671875e+01
7.688651275634765625e+01
6.750371551513671875e+01
5.935771179199218750e+01
7.051953887939453125e+01
8.297202301025390625e+01
8.124781799316406250e+01
8.973857879638671875e+01
1.056180343627929688e+02
5.687697601318359375e+01
4.768892669677734375e+01
4.757302093505859375e+01
6.042848587036132812e+01
1.006654052734375000e+02
8.376462554931640625e+01
5.913121795654296875e+01
8.392756652832031250e+01
8.274623870849609375e+01
4.799615859985351562e+01
5.081824111938476562e+01
1.012955093383789062e+02
9.033527374267578125e+01
1.061786575317382812e+02
4.170968246459960938e+01
4.082585906982421875e+01
3.251382064819335938e+01
8.147636413574218750e+01
6.339875411987304688e+01
7.043647766113281250e+01
8.043168640136718750e+01
8.082433319091796875e+01
9.164057922363281250e+01
1.046844253540039062e+02
8.797887420654296875e+01
4.961860656738281250e+01
4.363067245483398438e+01
4.806259918212890625e+01
5.980868148803710938e+01
9.602201080322265625e+01
9.525355529785156250e+01
9.715021514892578125e+01
8.085150146484375000e+01
7.552971649169921875e+01
1.093325729370117188e+02
1.079053802490234375e+02
9.155610656738281250e+01
7.954151153564453125e+01
5.740628051757812500e+01
6.081613540649414062e+01
5.600814056396484375e+01
6.101536941528320312e+01
7.395874786376953125e+01
8.938407897949218750e+01
9.088034057617187500e+01
7.552833557128906250e+01
5.940677642822265625e+01
9.221366882324218750e+01
9.286251068115234375e+01
1.102097167968750000e+02
1.073254776000976562e+02
1.069655990600585938e+02
8.635341644287109375e+01
8.020264434814453125e+01
9.747664642333984375e+01
9.512974548339843750e+01
1.123940658569335938e+02
9.400868225097656250e+01
1.098978042602539062e+02
1.136518554687500000e+02
9.445822143554687500e+01
7.785813903808593750e+01
4.365214920043945312e+01
3.516212081909179688e+01
3.385936355590820312e+01
3.730744552612304688e+01
4.894349288940429688e+01
7.061178588867187500e+01
8.688319396972656250e+01
9.070427703857421875e+01
9.153201293945312500e+01
1.011757583618164062e+02
8.559891510009765625e+01
8.130934143066406250e+01
7.643665313720703125e+01
6.755104827880859375e+01
8.769106292724609375e+01
5.979496765136718750e+01
5.313946914672851562e+01
5.575369644165039062e+01
6.675104522705078125e+01
8.392864227294921875e+01
1.093793334960937500e+02
1.011418685913085938e+02
9.451983642578125000e+01
4.623278045654296875e+01
3.094561958312988281e+01
2.149730110168457031e+01
1.879904937744140625e+01
2.821943664550781250e+01
4.442218399047851562e+01
6.752192687988281250e+01
8.764377593994140625e+01
8.515110778808593750e+01
8.264656829833984375e+01
1.046047744750976562e+02
7.892489624023437500e+01
8.554959106445312500e+01
7.855224609375000000e+01
7.245155334472656250e+01
6.824883270263671875e+01
5.531122589111328125e+01
7.110717773437500000e+01
9.148069763183593750e+01
9.630784606933593750e+01
9.387302398681640625e+01
1.030760116577148438e+02
1.113892745971679688e+02
1.013084869384765625e+02
7.661592102050781250e+01
5.261576080322265625e+01
3.886819458007812500e+01
3.737928390502929688e+01
3.519536209106445312e+01
3.237323760986328125e+01
4.374342727661132812e+01
6.082498931884765625e+01
7.918900299072265625e+01
9.810728454589843750e+01
1.020761032104492188e+02
6.903612518310546875e+01
5.885128784179687500e+01
5.657579803466796875e+01
6.130392456054687500e+01
6.336655044555664062e+01
5.190927886962890625e+01
6.965219116210937500e+01
6.082656478881835938e+01
8.514918518066406250e+01
1.015800628662109375e+02
1.171394424438476562e+02
9.269528198242187500e+01
6.129895782470703125e+01
7.872561645507812500e+01
1.104611816406250000e+02
9.208085632324218750e+01
6.612128448486328125e+01
3.730332565307617188e+01
2.622963905334472656e+01
2.448802566528320312e+01
3.404227828979492188e+01
5.415343856811523438e+01
1.014521789550781250e+02
1.003824462890625000e+02
7.654172515869140625e+01
5.607166671752929688e+01
4.927948379516601562e+01
9.999808502197265625e+01
1.046932678222656250e+02
7.874437713623046875e+01
7.209042358398437500e+01
8.624848937988281250e+01
9.621886444091796875e+01
8.811263275146484375e+01
1.069430847167968750e+02
1.142224731445312500e+02
1.042649765014648438e+02
9.736185455322265625e+01
4.466735076904296875e+01
3.632004547119140625e+01
3.276129913330078125e+01
2.778614234924316406e+01
3.179310417175292969e+01
4.570566558837890625e+01
7.014390563964843750e+01
9.122602844238281250e+01
1.096794052124023438e+02
1.017950668334960938e+02
5.324385070800781250e+01
5.441725921630859375e+01
5.818275833129882812e+01
5.576273727416992188e+01
5.498360443115234375e+01
5.727205657958984375e+01
6.087438964843750000e+01
5.599580001831054688e+01
4.827721023559570312e+01
5.657656478881835938e+01
9.900481414794921875e+01
1.020229721069335938e+02
8.646121978759765625e+01
4.574080276489257812e+01
2.761931991577148438e+01
2.087477111816406250e+01
2.013640594482421875e+01
2.791533279418945312e+01
4.339550781250000000e+01
6.677480316162109375e+01
8.969300079345703125e+01
8.809838104248046875e+01
9.125303649902343750e+01
1.046900711059570312e+02
7.579099273681640625e+01
5.652507019042968750e+01
5.352149200439453125e+01
7.135507202148437500e+01
5.962035751342773438e+01
8.557235717773437500e+01
9.157228088378906250e+01
9.471846771240234375e+01
7.932217407226562500e+01
7.681603240966796875e+01
1.024635009765625000e+02
1.075884017944335938e+02
9.034973144531250000e+01
8.933023071289062500e+01
8.900364685058593750e+01
7.580995178222656250e+01
8.870528411865234375e+01
5.304607772827148438e+01
4.393521499633789062e+01
4.807550048828125000e+01
6.956732177734375000e+01
8.095896148681640625e+01
8.391551971435546875e+01
8.165791320800781250e+01
9.752600097656250000e+01
1.117200469970703125e+02
9.039974975585937500e+01
1.072057952880859375e+02
9.201655578613281250e+01
7.296145629882812500e+01
7.371750640869140625e+01
9.788964080810546875e+01
1.106552658081054688e+02
1.005562515258789062e+02
7.959791564941406250e+01
9.019624328613281250e+01
7.575583648681640625e+01
8.550476074218750000e+01
4.218706130981445312e+01
3.476827239990234375e+01
2.846760749816894531e+01
2.374174690246582031e+01
2.601816940307617188e+01
3.983899307250976562e+01
6.628755187988281250e+01
9.536980438232421875e+01
1.046724014282226562e+02
1.020027389526367188e+02
7.551810455322265625e+01
6.209678268432617188e+01
6.008646392822265625e+01
5.270071792602539062e+01
6.482937622070312500e+01
6.142594909667968750e+01
8.132492828369140625e+01
7.114684295654296875e+01
7.090537261962890625e+01
8.133916473388671875e+01
1.072259597778320312e+02
1.098579711914062500e+02
1.091731567382812500e+02
9.327948760986328125e+01
4.288662719726562500e+01
2.417350006103515625e+01
2.014499282836914062e+01
2.138055801391601562e+01
2.788360977172851562e+01
4.466528701782226562e+01
6.951518249511718750e+01
8.245038604736328125e+01
9.790903472900390625e+01
1.046418609619140625e+02
7.731005859375000000e+01
7.511757659912109375e+01
7.979718780517578125e+01
6.873757171630859375e+01
6.590364837646484375e+01
5.768866348266601562e+01
5.629600906372070312e+01
5.576311874389648438e+01
5.677426910400390625e+01
6.478961181640625000e+01
1.215988006591796875e+02
1.043636169433593750e+02
7.498863983154296875e+01
4.227966690063476562e+01
5.045734786987304688e+01
3.739944839477539062e+01
3.117016410827636719e+01
3.044124412536621094e+01
4.075274276733398438e+01
5.850270462036132812e+01
8.582917022705078125e+01
9.713706970214843750e+01
1.107622909545898438e+02
1.056049652099609375e+02
9.786207580566406250e+01
6.390834045410156250e+01
8.156517028808593750e+01
8.500711822509765625e+01
9.738326263427734375e+01
8.710100555419921875e+01
9.177828216552734375e+01
8.984931182861328125e+01
8.311896514892578125e+01
8.395173645019531250e+01
8.560450744628906250e+01
9.796399688720703125e+01
1.020970993041992188e+02
8.485864257812500000e+01
6.252796554565429688e+01
3.022490310668945312e+01
2.053677940368652344e+01
1.715138816833496094e+01
2.178820610046386719e+01
3.556732177734375000e+01
5.956916046142578125e+01
8.620819854736328125e+01
9.864147949218750000e+01
1.013558731079101562e+02
6.817464447021484375e+01
9.155474090576171875e+01
8.180577087402343750e+01
6.443744659423828125e+01
6.496646118164062500e+01
8.408508300781250000e+01
8.804014587402343750e+01
6.705130004882812500e+01
7.435860443115234375e+01
8.911511230468750000e+01
1.259071884155273438e+02
1.074498062133789062e+02
9.898276519775390625e+01
9.079503631591796875e+01
4.385460281372070312e+01
2.756872367858886719e+01
2.005616378784179688e+01
1.818743133544921875e+01
2.127956008911132812e+01
3.479570007324218750e+01
6.261336898803710938e+01
9.216549682617187500e+01
1.072847442626953125e+02
1.038490753173828125e+02
8.770502471923828125e+01
7.008053588867187500e+01
6.083361816406250000e+01
7.135549163818359375e+01
9.216232299804687500e+01
7.821031951904296875e+01
6.367844772338867188e+01
5.861672592163085938e+01
5.630890274047851562e+01
5.801285552978515625e+01
1.052324752807617188e+02
9.229811096191406250e+01
6.054359054565429688e+01
3.914308166503906250e+01
3.392676925659179688e+01
2.797198486328125000e+01
2.748417663574218750e+01
3.586386489868164062e+01
5.431129074096679688e+01
7.945813751220703125e+01
9.215486907958984375e+01
8.393432617187500000e+01
8.470162200927734375e+01
1.042476730346679688e+02
9.209979248046875000e+01
6.457163238525390625e+01
7.319168853759765625e+01
5.537203979492187500e+01
4.890003585815429688e+01
4.566004562377929688e+01
4.308199310302734375e+01
4.201087188720703125e+01
4.410250854492187500e+01
5.094644165039062500e+01
5.977647781372070312e+01
6.611563873291015625e+01
7.534439849853515625e+01
7.837888336181640625e+01
7.421138763427734375e+01
6.794573974609375000e+01
6.108740234375000000e+01
5.692112731933593750e+01
5.638650131225585938e+01
5.784651184082031250e+01
6.187529373168945312e+01
6.320896530151367188e+01
7.394267272949218750e+01
8.012447357177734375e+01
7.757105255126953125e+01
6.853630828857421875e+01
6.023046493530273438e+01
5.457721328735351562e+01
5.383032608032226562e+01
5.630015563964843750e+01
6.434983062744140625e+01
7.454489898681640625e+01
8.829057312011718750e+01
9.064824676513671875e+01
9.525041198730468750e+01
1.163641967773437500e+02
9.244515991210937500e+01
6.600306701660156250e+01
3.843258666992187500e+01
2.664699554443359375e+01
2.490862083435058594e+01
2.474627494812011719e+01
3.223507308959960938e+01
4.904994964599609375e+01
7.337364959716796875e+01
9.134641265869140625e+01
9.302303314208984375e+01
1.043029937744140625e+02
1.012159118652343750e+02
9.062001037597656250e+01
8.904296875000000000e+01
1.034559860229492188e+02
9.846173095703125000e+01
9.783402252197265625e+01
8.328408050537109375e+01
7.552162933349609375e+01
8.536951446533203125e+01
1.076453933715820312e+02
1.208186264038085938e+02
1.026730575561523438e+02
7.991143798828125000e+01
8.571556091308593750e+01
7.667012023925781250e+01
3.798758697509765625e+01
2.548443222045898438e+01
2.275620460510253906e+01
2.044838905334472656e+01
1.901331710815429688e+01
3.399886703491210938e+01
8.856352233886718750e+01
1.081721572875976562e+02
1.028401260375976562e+02
7.706203460693359375e+01
8.246004486083984375e+01
6.272837448120117188e+01
7.922682189941406250e+01
8.151010131835937500e+01
5.116282653808593750e+01
4.067384338378906250e+01
4.108739852905273438e+01
5.795692443847656250e+01
9.316613006591796875e+01
1.124080581665039062e+02
1.027954788208007812e+02
9.069041442871093750e+01
7.008467102050781250e+01
4.010290145874023438e+01
3.126842498779296875e+01
2.137120819091796875e+01
2.299672698974609375e+01
2.547403907775878906e+01
3.904376602172851562e+01
6.346604537963867188e+01
8.559609985351562500e+01
1.073513107299804688e+02
1.048491439819335938e+02
8.283839416503906250e+01
7.788259887695312500e+01
7.445675659179687500e+01
7.165040588378906250e+01
7.114126586914062500e+01
4.876786422729492188e+01
5.447364425659179688e+01
4.898816299438476562e+01
4.637000656127929688e+01
5.189817810058593750e+01
1.200198669433593750e+02
1.152127151489257812e+02
9.781358337402343750e+01
8.707222747802734375e+01
4.613268661499023438e+01
3.459838104248046875e+01
2.739477348327636719e+01
2.914451599121093750e+01
3.503444290161132812e+01
4.791994857788085938e+01
7.186357879638671875e+01
9.399201965332031250e+01
1.084206848144531250e+02
1.015453643798828125e+02
5.307117080688476562e+01
3.904053115844726562e+01
3.693773269653320312e+01
4.281077957153320312e+01
6.425813293457031250e+01
6.844689941406250000e+01
7.297991943359375000e+01
7.487734985351562500e+01
7.819411468505859375e+01
8.579650878906250000e+01
1.151168823242187500e+02
1.145943984985351562e+02
9.582220458984375000e+01
8.231504058837890625e+01
4.859208297729492188e+01
3.533100509643554688e+01
3.001368713378906250e+01
3.149143791198730469e+01
