2.997500396488987917e+00
3.267500483193831684e+00
2.987499866032123919e+00
3.177499267989670528e+00
2.935000640041209863e+00
2.970000717186426442e+00
2.960000186729558891e+00
3.462500150379813846e+00
3.070000683393633523e+00
3.060000152936765971e+00
2.942499258430043341e+00
2.972500849800642442e+00
2.932500507426993863e+00
3.114999511541896027e+00
2.909999313899046314e+00
3.095000230081978998e+00
2.870000750979219362e+00
2.870000750979219362e+00
2.970000717186426442e+00
3.212499345134883555e+00
2.650500002644860587e+01
5.291000021204097692e+01
6.571500149015342629e+01
6.584249935620937322e+01
2.066499980899517297e+01
4.878000000617487331e+01
6.094749949783082599e+01
6.479250060076060436e+01
5.417249956297524704e+01
5.185749954452417398e+01
3.815999985811641437e+01
4.130250017525462169e+01
4.644000044103545122e+01
7.549999881258056433e+00
3.647499287108928456e+00
3.449999487308730295e+00
3.022499943177336945e+00
3.049999622479901973e+00
2.807499215077623234e+00
2.879999501982265286e+00
2.932500507426993863e+00
2.817499745534487232e+00
2.770000784772008728e+00
3.184999665832322080e+00
3.134750015836485915e+01
6.315249901961782086e+01
5.417999996081789504e+01
6.075249983064484383e+01
2.467499998868311195e+01
4.118499928074790262e+01
5.754750064678577104e+01
6.397500172225725379e+01
8.307749895935573647e+01
7.572750055339906794e+01
5.030250069281093772e+01
8.661750167788927968e+01
9.619250066654667819e+01
3.656749990691683649e+01
3.779999197847132564e+00
3.502500492753458872e+00
3.202500594131837630e+00
3.012499412720469394e+00
2.854999955293919811e+00
2.832500541219786783e+00
3.052499755094117972e+00
2.862500353136567810e+00
2.914999579127478313e+00
3.275000881036479683e+00
6.100249885643595604e+01
1.006024997101206679e+02
9.423999852371117925e+01
9.293499691833523002e+01
1.505000001597934478e+01
2.690000001530452423e+01
3.750249967992692035e+01
3.918750008921796280e+01
4.688000064823792457e+01
4.262999941525087877e+01
4.486500052840847985e+01
4.392750062278418000e+01
4.653250000940001030e+01
4.123750028619262764e+01
4.205000388818127988e+00
3.575000779658104477e+00
3.465000282994029845e+00
3.182499533218106080e+00
3.049999622479901973e+00
3.077499301782463448e+00
3.070000683393633523e+00
3.240000803891266656e+00
3.277499234196877609e+00
3.402500526546251791e+00
5.792249918547243226e+01
9.464249674170041260e+01
8.572749717411983283e+01
9.005500073869376365e+01
2.551249999761011722e+01
4.504499939990915891e+01
5.973500101972707199e+01
7.898500074270287996e+01
5.946249902095419770e+01
5.225249914412457031e+01
4.837249974350339699e+01
5.463999944948028542e+01
8.286249823125601210e+01
1.170999989904094285e+01
4.057499682394624330e+00
3.862500015208642168e+00
3.440000736305680817e+00
3.132500439841411577e+00
3.212499345134883555e+00
3.192500063674970079e+00
3.402500526546251791e+00
3.430000205848816819e+00
3.219999742977535107e+00
3.402500526546251791e+00
7.242249962387897710e+01
1.027524998733025399e+02
9.310749717144707915e+01
1.010525022272338305e+02
2.933749985890039014e+01
4.819749935777732475e+01
9.867500245233497935e+01
9.936249799380671277e+01
9.833499865243207694e+01
6.655250142957051196e+01
7.395249892890387855e+01
1.030950020263658473e+02
1.023375027716960517e+02
1.374250005744299763e+01
3.842500733748728692e+00
3.627500005649014980e+00
3.187499798446538080e+00
3.330000239641609738e+00
3.195000196289186079e+00
3.147499456072893054e+00
3.347499388487307215e+00
3.149999588687109053e+00
3.087499832239330999e+00
3.319999709184742187e+00
6.334249842157537103e+01
5.406499919892539197e+01
4.931249978174190574e+01
6.014749976817316934e+01
3.382999971983589660e+01
5.333499962355815427e+01
9.166500072846595515e+01
9.270749730661825083e+01
9.937000017110318595e+01
4.419999337464023625e+00
3.554999718744369375e+00
3.967500246644284800e+00
3.149999588687109053e+00
3.060000152936765971e+00
2.967500584572206890e+00
2.890000032439132838e+00
2.900000562895996836e+00
2.809999347691839233e+00
2.817499745534487232e+00
2.977499335575256367e+00
2.977499335575256367e+00
2.870000750979219362e+00
2.949999656272691340e+00
2.827500275991354783e+00
7.290250017345510969e+01
9.698499821890786166e+01
8.838000085985959231e+01
9.436500159551437150e+01
1.546249965415234939e+01
4.979000019870380811e+01
5.697249861677705951e+01
4.666750005275243041e+01
4.692499947638619062e+01
4.357499581016249124e+00
3.542500835127107450e+00
3.887499561896991196e+00
3.357499918944171213e+00
2.960000186729558891e+00
2.807499215077623234e+00
2.909999313899046314e+00
3.040000871476852495e+00
2.754999989086709178e+00
2.737500840241011701e+00
2.772499137932410207e+00
2.997500396488987917e+00
2.807499215077623234e+00
2.679999569567851125e+00
2.952499788886910892e+00
3.335500032521511571e+01
5.398500029363191288e+01
5.968750027951077186e+01
5.610500064489700378e+01
2.025000003820795413e+01
3.421749981132055041e+01
5.013000043969908148e+01
5.049750035999691988e+01
5.953500108731265783e+01
5.258749911989140458e+01
3.712500011889913054e+01
5.430499947371345115e+01
4.933250084265563373e+01
1.280750028443291733e+01
3.600000326346449953e+00
3.367500449401038765e+00
3.382499465632520241e+00
2.997500396488987917e+00
3.114999511541896027e+00
2.877499369368049287e+00
2.887499899824916838e+00
2.995000263874771917e+00
2.842499292222836260e+00
3.184999665832322080e+00
3.711499958844225944e+01
6.586250041712310122e+01
5.427999992702510212e+01
6.484749995936573441e+01
1.568750002298201984e+01
4.021999969582103773e+01
5.699749994291921951e+01
8.655250178882728562e+01
1.027999970546111967e+02
8.163750086953500329e+01
6.113749889978837615e+01
7.942499917045154234e+01
6.076750062633013982e+01
1.232000022674105288e+01
3.492499962296594873e+00
3.295000162496396712e+00
3.257499952736964133e+00
3.079999434396679447e+00
2.765000519543576729e+00
2.787499933617706205e+00
2.914999579127478313e+00
2.779999535775058206e+00
2.954999921501126892e+00
2.925000109584345864e+00
5.227000007242408230e+01
5.887000140100741419e+01
5.959000044591778078e+01
6.312250098715486502e+01
1.908750020861743835e+01
4.222000079941900452e+01
4.694500053729991862e+01
4.155249920104573391e+01
4.880499955286322233e+01
3.966000024095144028e+01
3.459500026207525281e+01
4.346250086889335762e+01
3.978000037834546987e+01
5.047500593463652763e+00
3.630000138263230980e+00
3.025000075791552945e+00
3.035000606248420496e+00
2.970000717186426442e+00
2.987499866032123919e+00
3.157499986529757052e+00
2.972500849800642442e+00
3.170000649600840603e+00
2.944999391044259340e+00
3.284999632039529160e+00
4.269249917169865682e+01
6.473999959531587933e+01
6.090999928807139696e+01
6.435749887933275204e+01
1.565249994583680682e+01
5.320000812782708977e+00
3.914250037134279125e+01
5.124500086366366247e+01
5.487249932642569661e+01
5.019500032876107554e+01
4.964749975750874000e+01
5.056250024905891394e+01
5.403749951962282694e+01
8.675000835679504974e+00
3.797500126146648114e+00
3.032500473634200944e+00
2.700000630481582675e+00
2.782499668389274206e+00
2.772499137932410207e+00
3.012499412720469394e+00
2.932500507426993863e+00
2.942499258430043341e+00
2.790000066231925757e+00
3.040000871476852495e+00
2.989750020349689663e+01
5.598000113200144767e+01
5.610500064489700378e+01
5.375000028407228569e+01
1.562250013392002757e+01
3.791750034044105178e+01
5.229999988434086333e+01
5.350249961144157140e+01
4.982500027584902114e+01
5.027499923405454751e+01
4.587000045570898976e+01
5.345000038545066445e+01
5.798749907453442631e+01
1.384500015626442249e+01
3.932500169499071774e+00
2.825000143377138784e+00
2.647499625036854098e+00
2.672499171725199574e+00
2.744999458629845179e+00
3.040000871476852495e+00
2.819999878148703232e+00
2.754999989086709178e+00
2.700000630481582675e+00
2.967500584572206890e+00
2.523499999963203066e+01
3.747500000062435532e+01
3.782750001496379610e+01
3.734250008988615122e+01
9.127499926499243799e+00
2.429250005121102518e+01
4.418249991380372421e+01
7.774999929161735679e+01
6.886749966856777405e+01
2.925750006388000557e+01
8.910000845239132161e+00
3.114999511541896027e+00
2.927500242198561864e+00
3.140000837684059576e+00
3.107499113699244475e+00
2.790000066231925757e+00
2.860000220522351810e+00
3.077499301782463448e+00
2.977499335575256367e+00
2.952499788886910892e+00
2.832500541219786783e+00
2.827500275991354783e+00
3.177499267989670528e+00
3.087499832239330999e+00
5.704249877106748556e+01
9.556999789632166653e+01
9.127999810041478668e+01
9.095250030194441138e+01
1.235500030388626769e+01
5.989499883031402305e+01
9.469499774714513762e+01
9.512749755650496297e+01
9.044000336674493212e+01
3.201249984467010279e+01
3.613750023017122714e+01
4.556750042447315252e+01
4.434249950384449335e+01
6.345000021543132362e+00
3.952499450958985250e+00
2.977499335575256367e+00
2.909999313899046314e+00
2.890000032439132838e+00
3.077499301782463448e+00
2.944999391044259340e+00
3.049999622479901973e+00
2.827500275991354783e+00
2.962500319343774891e+00
3.114999511541896027e+00
6.280249824816569060e+01
8.993500149102663954e+01
8.409749968234154949e+01
6.090499902284296496e+01
1.729750001275420601e+01
4.013999990080065317e+01
5.658249928240509519e+01
6.308249886532739481e+01
6.640999920892161867e+01
5.358750056141730056e+01
4.216499966136005639e+01
5.982499867602359700e+01
4.989500043013945429e+01
8.975000734301126215e+00
3.702500425167873033e+00
3.602500458960665952e+00
2.870000750979219362e+00
2.987499866032123919e+00
2.970000717186426442e+00
3.195000196289186079e+00
2.925000109584345864e+00
3.132500439841411577e+00
2.917499711741694313e+00
3.070000683393633523e+00
3.786250009210900913e+01
6.742750157874704087e+01
5.463749931686606942e+01
5.563000036054931741e+01
2.186000002798013853e+01
4.278750065213125708e+01
9.395999790654947503e+01
8.012500071335580287e+01
9.398750114475967621e+01
6.833999837877534844e+01
6.404249996447964577e+01
5.191250068258311501e+01
4.671999927874334446e+01
6.027499194621995571e+00
3.697500159939441033e+00
2.727500309784147703e+00
2.890000032439132838e+00
2.717499779327280152e+00
3.114999511541896027e+00
2.872500883593435361e+00
3.005000794331639469e+00
2.772499137932410207e+00
2.737500840241011701e+00
2.905000828124432388e+00
3.163749997139307268e+01
4.979500046393224721e+01
5.266749980463869463e+01
5.846249935888211979e+01
3.427999956776832846e+01
5.200250011833345809e+01
6.102000156418928611e+01
5.426000064556518510e+01
6.149750020169737752e+01
5.607999931875483668e+01
1.658749971884688890e+01
3.409999144935085269e+00
2.907499181284830314e+00
2.897500430281780837e+00
3.052499755094117972e+00
2.772499137932410207e+00
3.005000794331639469e+00
2.917499711741694313e+00
3.005000794331639469e+00
3.177499267989670528e+00
2.917499711741694313e+00
2.727500309784147703e+00
2.672499171725199574e+00
3.087499832239330999e+00
4.246249942736746164e+01
6.390749992112722566e+01
5.455750041157259034e+01
7.920249982396299515e+01
3.434500034655723510e+01
5.919500084631738446e+01
8.780500238875850982e+01
8.076499907351887941e+01
9.163749749025575397e+01
7.354749879884660402e+01
6.730000015378344358e+01
6.326750156096414912e+01
5.670000017691181426e+01
4.106500003308077851e+01
1.318499984546070714e+01
3.807500656603515665e+00
3.157499986529757052e+00
2.842499292222836260e+00
2.852499822679700259e+00
2.872500883593435361e+00
3.249999554894316134e+00
2.779999535775058206e+00
2.782499668389274206e+00
2.970000717186426442e+00
3.368750016836773398e+01
5.853749977840097785e+01
5.471249973638492747e+01
6.180249858609361269e+01
1.849499991948993483e+01
3.937250011567398644e+01
5.610500064489700378e+01
6.244999912355315530e+01
7.305250101249282579e+01
6.452250051405576414e+01
4.224500034610735355e+01
8.327749889177015064e+01
7.075750027550165555e+01
1.076250035268668803e+01
3.814999274992345590e+00
3.117499644156112026e+00
3.140000837684059576e+00
3.022499943177336945e+00
3.475000813450897397e+00
3.340000770098473737e+00
3.277499234196877609e+00
3.395000128703603792e+00
3.357499918944171213e+00
3.522499774213372348e+00
2.527249998695973332e+01
4.165000081409253596e+01
4.400999966069187508e+01
4.165999956509558899e+01
5.902499681726439462e+00
2.599250000500890678e+01
3.729750037201097967e+01
4.334499997438663854e+01
4.460499919270668556e+01
6.067499536995640597e+00
3.395000128703603792e+00
3.347499388487307215e+00
2.944999391044259340e+00
3.140000837684059576e+00
2.925000109584345864e+00
2.837500806448222335e+00
2.914999579127478313e+00
2.890000032439132838e+00
3.114999511541896027e+00
2.862500353136567810e+00
2.872500883593435361e+00
2.807499215077623234e+00
2.927500242198561864e+00
2.942499258430043341e+00
2.719999911941496151e+00
2.882499634596481286e+00
2.952499788886910892e+00
2.782499668389274206e+00
3.049999622479901973e+00
2.860000220522351810e+00
3.070000683393633523e+00
2.997500396488987917e+00
2.962500319343774891e+00
2.952499788886910892e+00
2.987499866032123919e+00
3.509999111142292350e+00
3.077499301782463448e+00
3.114999511541896027e+00
3.070000683393633523e+00
2.907499181284830314e+00
2.914999579127478313e+00
3.430000205848816819e+00
2.944999391044259340e+00
2.905000828124432388e+00
2.890000032439132838e+00
2.925000109584345864e+00
2.787499933617706205e+00
3.517499508984940348e+00
3.671000034811190460e+01
6.148749967124051352e+01
5.201000051617610609e+01
5.993749930530188408e+01
1.744249969683658463e+01
4.297499992147458414e+01
6.020000077361789437e+01
6.163250024504979763e+01
6.279250127661645564e+01
5.832000069714086976e+01
6.713250016590002645e+01
9.025000040587974581e+01
7.606750079439434842e+01
1.283249983112126458e+01
3.717499441399354509e+00
2.870000750979219362e+00
3.052499755094117972e+00
2.882499634596481286e+00
3.072500816007849522e+00
2.987499866032123919e+00
2.944999391044259340e+00
3.149999588687109053e+00
2.952499788886910892e+00
3.347499388487307215e+00
5.084250086622061815e+01
9.103500289875974261e+01
9.489749959162759296e+01
9.990750199135246135e+01
3.033749996583591724e+01
5.867000146859300003e+01
6.685249954873832223e+01
6.095750002828768999e+01
5.603500049060657773e+01
4.578249937311904461e+01
4.868250017258188223e+01
5.449500065512481228e+01
4.987749950183993519e+01
1.140249960257667006e+01
3.644999154494712457e+00
3.060000152936765971e+00
2.987499866032123919e+00
3.005000794331639469e+00
3.005000794331639469e+00
3.167500516986624604e+00
3.230000273434402658e+00
3.157499986529757052e+00
3.427500073234600819e+00
3.565000249201236926e+00
3.210499985789811461e+01
5.587999938634042252e+01
4.839499915757752291e+01
5.345999913645371038e+01
1.397750006700262659e+01
3.372250024551294700e+01
5.738500092413078590e+01
5.451499993658472931e+01
7.446750133507902092e+01
7.605999861709787524e+01
6.899500109353135713e+01
8.766999878649843936e+01
9.330249683863306132e+01
5.555000822342339717e+00
3.375000847243686763e+00
2.779999535775058206e+00
2.682499702182067125e+00
3.022499943177336945e+00
3.492499962296594873e+00
3.349999521101523214e+00
3.184999665832322080e+00
3.125000041998760025e+00
3.097500362696194998e+00
3.265000350579615684e+00
5.685249936910993540e+01
7.534750174948396761e+01
4.345250033843649362e+01
4.912250037978435557e+01
1.887249992538117738e+01
3.560250032198997872e+01
4.718500081208798491e+01
5.285749920659624479e+01
5.641999955975011005e+01
4.471249955675654064e+01
4.042750002607809989e+01
5.853500142524057992e+01
4.999500039634666138e+01
5.167499841130773319e+00
3.817499407606561590e+00
2.807499215077623234e+00
2.807499215077623234e+00
2.849999690065484259e+00
3.005000794331639469e+00
2.890000032439132838e+00
3.125000041998760025e+00
2.832500541219786783e+00
2.960000186729558891e+00
3.519999641599156348e+00
3.721500044437637911e+01
5.687999904841250043e+01
5.776250137488548830e+01
5.287500013489576389e+01
1.556249962035955647e+01
3.111499983655599522e+01
5.344249998760801645e+01
4.662999984299300138e+01
5.313499969114374011e+01
4.319250078218851741e+01
3.847499966269643323e+01
5.695999973315979048e+01
3.884499971560848053e+01
7.687500057224692540e+00
3.412499277549301269e+00
2.879999501982265286e+00
2.817499745534487232e+00
3.257499952736964133e+00
3.465000282994029845e+00
3.744999120701919537e+00
3.457499885151378294e+00
3.322499841798958187e+00
3.247499422280100134e+00
4.480000740751403754e+00
2.961750003119864516e+01
3.939250028686080896e+01
4.333249931131555144e+01
5.693499840701762338e+01
1.035000071451368342e+01
3.340000004309028725e+01
5.640250041090440902e+01
4.516250029441588509e+01
4.610500046526861695e+01
1.024000021784961056e+01
3.582499398046934402e+00
3.212499345134883555e+00
2.879999501982265286e+00
2.844999424837052260e+00
2.737500840241011701e+00
2.797500464074573756e+00
2.672499171725199574e+00
2.887499899824916838e+00
2.690000100024718677e+00
2.709999381484632153e+00
2.860000220522351810e+00
2.700000630481582675e+00
2.725000177169931703e+00
2.925000109584345864e+00
2.253500002231051980e+01
3.476749962546018935e+01
3.290500003241922400e+01
3.430750013679779897e+01
5.382500569230487031e+00
2.054500011646459967e+01
3.407999963535391430e+01
3.268750006143220332e+01
3.358500006954631090e+01
3.707500690396308585e+00
2.897500430281780837e+00
3.197500328903405631e+00
2.995000263874771917e+00
3.195000196289186079e+00
2.852499822679700259e+00
2.932500507426993863e+00
2.672499171725199574e+00
2.737500840241011701e+00
2.960000186729558891e+00
2.779999535775058206e+00
2.754999989086709178e+00
2.817499745534487232e+00
2.754999989086709178e+00
3.032500473634200944e+00
3.743000028274918378e+01
5.920249946470622149e+01
5.170500035232605285e+01
4.994999978874457724e+01
1.304000016137833029e+01
3.799750013546143634e+01
5.280249984799112184e+01
7.736500022247382446e+01
8.789250169189463691e+01
6.760750045024772703e+01
5.290249981419832892e+01
7.356749985976034623e+01
6.906500124782178318e+01
8.719999663827763925e+00
2.949999656272691340e+00
2.765000519543576729e+00
3.122499909384544026e+00
2.887499899824916838e+00
3.057500020322549972e+00
3.005000794331639469e+00
3.135000572455627577e+00
3.247499422280100134e+00
3.087499832239330999e+00
3.682499364254141483e+00
6.408000017423907479e+01
6.668250120769450007e+01
6.551000129251058013e+01
7.759750009941923565e+01
1.914250001208602114e+01
5.943499934165163268e+01
4.524499933232357307e+01
4.658499923539092435e+01
3.174499989057947502e+01
7.452500047665065352e+00
3.787499595689784115e+00
2.944999391044259340e+00
2.952499788886910892e+00
3.005000794331639469e+00
2.907499181284830314e+00
3.022499943177336945e+00
2.779999535775058206e+00
2.672499171725199574e+00
2.690000100024718677e+00
2.727500309784147703e+00
2.977499335575256367e+00
2.752499856472493178e+00
2.679999569567851125e+00
2.700000630481582675e+00
2.717499779327280152e+00
2.817499745534487232e+00
2.979999468189472367e+00
2.627500343576940622e+00
2.797500464074573756e+00
2.765000519543576729e+00
2.842499292222836260e+00
2.727500309784147703e+00
2.925000109584345864e+00
2.707499248870416153e+00
2.770000784772008728e+00
2.942499258430043341e+00
2.862500353136567810e+00
2.879999501982265286e+00
2.997500396488987917e+00
2.662500420722153649e+00
2.697500497867366676e+00
2.852499822679700259e+00
2.719999911941496151e+00
2.735000707626795702e+00
2.977499335575256367e+00
2.862500353136567810e+00
2.679999569567851125e+00
2.655000022879502097e+00
2.609999415277425072e+00
2.744999458629845179e+00
3.240000803891266656e+00
2.637500874033804621e+00
2.762500386929360729e+00
2.854999955293919811e+00
2.932500507426993863e+00
2.970000717186426442e+00
3.042499224637250421e+00
3.070000683393633523e+00
2.890000032439132838e+00
2.949999656272691340e+00
3.160000119143973052e+00
3.140000837684059576e+00
2.997500396488987917e+00
2.817499745534487232e+00
2.997500396488987917e+00
2.887499899824916838e+00
3.032500473634200944e+00
2.842499292222836260e+00
2.839999159608620261e+00
2.979999468189472367e+00
2.842499292222836260e+00
2.932500507426993863e+00
2.897500430281780837e+00
3.195000196289186079e+00
2.860000220522351810e+00
2.762500386929360729e+00
2.952499788886910892e+00
3.212499345134883555e+00
3.052499755094117972e+00
3.022499943177336945e+00
3.149999588687109053e+00
2.970000717186426442e+00
2.900000562895996836e+00
2.962500319343774891e+00
3.195000196289186079e+00
3.230000273434402658e+00
2.879999501982265286e+00
2.747499591244061179e+00
2.744999458629845179e+00
3.022499943177336945e+00
3.032500473634200944e+00
2.842499292222836260e+00
2.832500541219786783e+00
2.860000220522351810e+00
2.925000109584345864e+00
2.977499335575256367e+00
2.825000143377138784e+00
2.817499745534487232e+00
2.800000596688789756e+00
2.737500840241011701e+00
2.754999989086709178e+00
2.782499668389274206e+00
3.035000606248420496e+00
2.942499258430043341e+00
2.765000519543576729e+00
2.730000442398363703e+00
2.754999989086709178e+00
2.870000750979219362e+00
3.070000683393633523e+00
2.970000717186426442e+00
3.035000606248420496e+00
2.730000442398363703e+00
2.900000562895996836e+00
2.779999535775058206e+00
2.800000596688789756e+00
2.842499292222836260e+00
3.105000760538846549e+00
2.960000186729558891e+00
2.800000596688789756e+00
2.744999458629845179e+00
2.754999989086709178e+00
3.042499224637250421e+00
3.437500603691464818e+00
2.860000220522351810e+00
2.925000109584345864e+00
2.954999921501126892e+00
3.025000075791552945e+00
3.149999588687109053e+00
3.382499465632520241e+00
3.295000162496396712e+00
2.892500165053348837e+00
3.079999434396679447e+00
3.097500362696194998e+00
3.132500439841411577e+00
3.219999742977535107e+00
2.827500275991354783e+00
2.707499248870416153e+00
2.679999569567851125e+00
2.844999424837052260e+00
2.647499625036854098e+00
2.827500275991354783e+00
2.665000553336369649e+00
2.582499735974860045e+00
3.717499441399354509e+00
4.199249940824820726e+01
9.152999712620589889e+01
6.701499927139330737e+01
8.741500305438654550e+01
3.072750018993479415e+01
6.402749916879434977e+01
5.855750083931471295e+01
4.401750005853452308e+01
5.215499931053157923e+01
6.831249869947278341e+01
6.140749898649321636e+01
9.898249918989161245e+01
8.321500091477619776e+01
1.517500041860180993e+01
3.647499287108928456e+00
2.887499899824916838e+00
2.832500541219786783e+00
2.900000562895996836e+00
2.979999468189472367e+00
3.372500714629470764e+00
3.402500526546251791e+00
3.337500637484257737e+00
3.177499267989670528e+00
3.427500073234600819e+00
6.127000058998039833e+01
7.425999922536814779e+01
1.013824983788645966e+02
9.048750054805358900e+01
2.920750008077640203e+01
6.800499840300851417e+01
5.292999949350088684e+01
4.972500030964181406e+01
5.572750019414230849e+01
7.362749948359390828e+01
5.774499866713215113e+01
5.015750011900164651e+01
4.905750049072236152e+01
1.905250013147222532e+01
3.610000856803317504e+00
2.862500353136567810e+00
3.014999545334685394e+00
3.195000196289186079e+00
3.202500594131837630e+00
3.330000239641609738e+00
3.160000119143973052e+00
3.160000119143973052e+00
3.384999598246736241e+00
3.894999959739639195e+00
3.946499968403854552e+01
6.597000078117297051e+01
9.317500253148475053e+01
9.865500139142125136e+01
2.820500006365838175e+01
6.454749828129030220e+01
9.828750147112342006e+01
9.450750025725562864e+01
4.991249957898514822e+01
4.208500075606658442e+01
4.189749970726943218e+01
5.369250079285293964e+01
8.242249980350736394e+01
9.307500577453744484e+00
3.375000847243686763e+00
2.592500266431727596e+00
2.842499292222836260e+00
2.754999989086709178e+00
2.925000109584345864e+00
2.772499137932410207e+00
2.790000066231925757e+00
2.997500396488987917e+00
2.882499634596481286e+00
3.547499320901721376e+00
7.034500152705555820e+01
9.310499881828668833e+01
1.057125002965989324e+02
9.916499997346033979e+01
2.958500008666764813e+01
5.873249944558696001e+01
7.267749891489852132e+01
4.916000058954378460e+01
5.688250096048052740e+01
4.412750055519859416e+01
4.309250081598131032e+01
5.083250033576375415e+01
4.728500077829519199e+01
9.394999880589871566e+00
3.627500005649014980e+00
2.790000066231925757e+00
2.690000100024718677e+00
2.690000100024718677e+00
2.842499292222836260e+00
2.835000673834002782e+00
2.584999868589076044e+00
2.574999338132208493e+00
2.590000133817508043e+00
4.022499605249411303e+00
3.734250008988615122e+01
5.127999916135505742e+01
4.982500027584902114e+01
9.033250300269507704e+01
3.387500032743797362e+01
6.604249928862378738e+01
9.717250282661265715e+01
1.042999983271731281e+02
1.072949970481609228e+02
6.736749839600582845e+01
6.807750046936698141e+01
9.597500158528656300e+01
9.476250310718280900e+01
1.931250013258365783e+01
3.465000282994029845e+00
2.700000630481582675e+00
2.727500309784147703e+00
2.890000032439132838e+00
2.754999989086709178e+00
2.925000109584345864e+00
2.779999535775058206e+00
2.757500121700928730e+00
2.765000519543576729e+00
3.232500406048618657e+00
6.586999903551193825e+01
9.970500014687002022e+01
8.478750069478894602e+01
9.028749705673153869e+01
1.718999964870435093e+01
5.526750070547991101e+01
1.001350016030694405e+02
8.532749730929100451e+01
9.199750235107238439e+01
7.237499319565351641e+00
2.914999579127478313e+00
3.040000871476852495e+00
3.107499113699244475e+00
3.135000572455627577e+00
3.087499832239330999e+00
2.914999579127478313e+00
2.730000442398363703e+00
2.709999381484632153e+00
2.852499822679700259e+00
2.860000220522351810e+00
2.779999535775058206e+00
2.970000717186426442e+00
2.854999955293919811e+00
2.744999458629845179e+00
2.637500874033804621e+00
3.032500473634200944e+00
3.214999477749103107e+00
3.022499943177336945e+00
2.942499258430043341e+00
3.079999434396679447e+00
3.022499943177336945e+00
3.205000726746053630e+00
3.042499224637250421e+00
3.244999289665880582e+00
2.844999424837052260e+00
3.022499943177336945e+00
3.205000726746053630e+00
3.130000307227192025e+00
2.935000640041209863e+00
2.890000032439132838e+00
2.925000109584345864e+00
2.772499137932410207e+00
2.797500464074573756e+00
2.727500309784147703e+00
3.007499147492037395e+00
2.970000717186426442e+00
2.672499171725199574e+00
3.240000803891266656e+00
5.120000025606158545e+01
1.030599966108591730e+02
9.430250005961278248e+01
9.628249832284319609e+01
3.860000006531889483e+01
6.578000137921542034e+01
1.028974968882041878e+02
7.110999940011419085e+01
8.897500039187440279e+01
8.545499873425458759e+01
7.260000014221925824e+01
9.173750279482440817e+01
9.516500132517202815e+01
2.084500001508622091e+01
3.814999274992345590e+00
3.284999632039529160e+00
3.025000075791552945e+00
2.852499822679700259e+00
3.012499412720469394e+00
3.102500627924630550e+00
3.070000683393633523e+00
2.909999313899046314e+00
3.025000075791552945e+00
3.222499875591751106e+00
5.527749945648295693e+01
8.126000041878029378e+01
1.004150022202311590e+02
6.174000060909965271e+01
2.495750001555592235e+01
4.835500059465769596e+01
7.947999852905667240e+01
8.937000355038242105e+01
9.264500288853193410e+01
7.309749984064109185e+01
7.224250075237830515e+01
9.070250127615331337e+01
9.647250128370838240e+01
1.850500000508334608e+01
3.202500594131837630e+00
2.747499591244061179e+00
2.719999911941496151e+00
2.619999945734289071e+00
2.967500584572206890e+00
2.655000022879502097e+00
2.672499171725199574e+00
2.637500874033804621e+00
2.807499215077623234e+00
2.997500396488987917e+00
3.582000029297699939e+01
7.550249929484249378e+01
9.890999712353315942e+01
9.454750237908308463e+01
2.304750007155418245e+01
5.706999845037005059e+01
9.452750131816935664e+01
7.306250154294968979e+01
8.707250090132323805e+01
8.017499767763094809e+00
3.042499224637250421e+00
3.149999588687109053e+00
3.177499267989670528e+00
3.230000273434402658e+00
3.187499798446538080e+00
3.032500473634200944e+00
2.779999535775058206e+00
2.700000630481582675e+00
2.725000177169931703e+00
2.862500353136567810e+00
2.727500309784147703e+00
2.925000109584345864e+00
2.719999911941496151e+00
3.230000273434402658e+00
6.055000154507003174e+01
1.017624971827796969e+02
8.978250229882853262e+01
4.973500084009868516e+01
1.279499962136183555e+01
6.157750088644466757e+01
4.987749950183993519e+01
5.264250025795035270e+01
4.608249927174066585e+01
4.593500034477098382e+01
4.023250035889211773e+01
5.054249918814517173e+01
4.707000005019547473e+01
6.499999346355469498e+00
3.544999188287505376e+00
2.979999468189472367e+00
2.887499899824916838e+00
2.779999535775058206e+00
2.754999989086709178e+00
2.970000717186426442e+00
3.114999511541896027e+00
2.790000066231925757e+00
2.772499137932410207e+00
3.017499677948904946e+00
3.566750021105197277e+01
4.555749989401628142e+01
4.368500021538190481e+01
4.823999983276518577e+01
1.260999959490581013e+01
5.024749955475198249e+01
8.141500152304645610e+01
7.191999966022872570e+01
8.575250205916962898e+01
6.335000059887183710e+01
4.363999960777982778e+01
5.578249955274743144e+01
5.717500046125950064e+01
1.763750025374947583e+01
3.430000205848816819e+00
2.612499547891641072e+00
2.682499702182067125e+00
2.644999492422638099e+00
2.665000553336369649e+00
2.707499248870416153e+00
2.547499658829647018e+00
2.530000509983949541e+00
2.772499137932410207e+00
4.102500289996704907e+00
7.324250041445037596e+01
7.636500056040175366e+01
8.628250170212244541e+01
6.170499875250062161e+01
9.512500775096594197e+00
3.051000021894776992e+01
4.987749950183993519e+01
5.209999995192644917e+01
8.048750036842520217e+01
8.919999596242181639e+00
3.319999709184742187e+00
2.914999579127478313e+00
2.814999612920271232e+00
2.835000673834002782e+00
2.914999579127478313e+00
2.837500806448222335e+00
2.617499813120073071e+00
2.617499813120073071e+00
2.692500232638934676e+00
2.879999501982265286e+00
2.862500353136567810e+00
2.665000553336369649e+00
2.637500874033804621e+00
2.625000210962724623e+00
3.014999545334685394e+00
2.914999579127478313e+00
3.617499475192147429e+00
3.940000567341719773e+00
3.897500092353855194e+00
4.105000422610920907e+00
3.309999178727874636e+00
2.782499668389274206e+00
3.042499224637250421e+00
2.754999989086709178e+00
2.672499171725199574e+00
2.754999989086709178e+00
3.177499267989670528e+00
2.835000673834002782e+00
2.727500309784147703e+00
2.655000022879502097e+00
2.707499248870416153e+00
3.112499378927676474e+00
2.700000630481582675e+00
2.660000288107937649e+00
2.682499702182067125e+00
2.817499745534487232e+00
2.747499591244061179e+00
3.022499943177336945e+00
6.090499902284296496e+01
9.895500306949668357e+01
9.443749654405756644e+01
9.546249753227179724e+01
1.566999998440941333e+01
4.067000043348038218e+01
4.878000000617487331e+01
5.626750036755198892e+01
7.982499903528037066e+01
8.558000180605777985e+01
4.120250020904741461e+01
4.797750014390299356e+01
4.864499996282245320e+01
6.795000759202476814e+00
3.254999820122748133e+00
2.574999338132208493e+00
2.754999989086709178e+00
2.700000630481582675e+00
2.935000640041209863e+00
2.737500840241011701e+00
2.765000519543576729e+00
2.872500883593435361e+00
2.692500232638934676e+00
3.049999622479901973e+00
4.868750043781031422e+01
5.512500026428484290e+01
5.631249919570024787e+01
5.296499957064610697e+01
1.221249986269119603e+01
3.348750023595331982e+01
4.522500005086366315e+01
5.390249947627040683e+01
5.414499988367268202e+01
4.411750002474173016e+01
4.291250016502680609e+01
5.232749956364342836e+01
5.604249910899540765e+01
1.147750002209552989e+01
3.537500569898671898e+00
2.619999945734289071e+00
2.719999911941496151e+00
2.600000664274375595e+00
2.609999415277425072e+00
3.042499224637250421e+00
2.592500266431727596e+00
2.637500874033804621e+00
2.582499735974860045e+00
3.132500439841411577e+00
3.899749979753350715e+01
5.700750047337608351e+01
5.326999973449616022e+01
5.760000165223050317e+01
1.344500029143559239e+01
3.730750001274093819e+01
6.050750107008217071e+01
5.276749977084590171e+01
5.489000025472520861e+01
4.942750054363440881e+01
6.965000879700109948e+00
3.267500483193831684e+00
2.879999501982265286e+00
2.952499788886910892e+00
2.862500353136567810e+00
2.952499788886910892e+00
3.072500816007849522e+00
2.982499600803688367e+00
3.157499986529757052e+00
4.537500231970749809e+00
4.445000663606190727e+00
3.167500516986624604e+00
3.149999588687109053e+00
3.284999632039529160e+00
4.275750084021447606e+01
5.624249904140982181e+01
6.758249912410555282e+01
7.269500162265185850e+01
3.375750032265816003e+01
3.876249978797387996e+01
4.064500088679203316e+01
4.368500021538190481e+01
5.133500029941400555e+01
4.366000066869355578e+01
3.800000026807565234e+01
4.204000014846450028e+01
4.865250036066510120e+01
9.145000854798759349e+00
3.977500777101148799e+00
3.025000075791552945e+00
2.900000562895996836e+00
2.919999844355913865e+00
2.914999579127478313e+00
3.409999144935085269e+00
3.007499147492037395e+00
2.925000109584345864e+00
2.890000032439132838e+00
3.365000316786822765e+00
4.132749972194297072e+01
5.951749837955932065e+01
5.765249909876759205e+01
5.806249949405329147e+01
1.469750000163990222e+01
3.580250025440439288e+01
5.076000004885911210e+01
4.605249945982389193e+01
5.421750017057732407e+01
4.673750020704285646e+01
4.483750084910591482e+01
5.531499966624238596e+01
5.311750054229804618e+01
7.974999292775233783e+00
3.060000152936765971e+00
2.854999955293919811e+00
2.684999834796283125e+00
2.754999989086709178e+00
2.970000717186426442e+00
3.014999545334685394e+00
2.814999612920271232e+00
2.774999270546626207e+00
2.817499745534487232e+00
3.067500550779417523e+00
4.337500299556332095e+00
5.445000325678265085e+00
4.510000552668184781e+00
5.022499267321485661e+00
3.509999111142292350e+00
4.247500863805992566e+00
5.599999650490602221e+00
5.704999881926241301e+00
6.020000576233162093e+00
3.662500082794228007e+00
3.430000205848816819e+00
2.987499866032123919e+00
3.014999545334685394e+00
2.997500396488987917e+00
2.762500386929360729e+00
2.754999989086709178e+00
2.682499702182067125e+00
2.617499813120073071e+00
2.844999424837052260e+00
2.592500266431727596e+00
2.782499668389274206e+00
2.635000741419588621e+00
2.727500309784147703e+00
2.754999989086709178e+00
5.694999351469373750e+00
5.545000291885472166e+00
5.655000788549546797e+00
5.067499874923566239e+00
3.507500757981894424e+00
4.319999371256816545e+00
5.572499971188037193e+00
6.757500549443044235e+00
7.012499840462588452e+00
4.212500786660779539e+00
3.592499928503801954e+00
3.105000760538846549e+00
3.097500362696194998e+00
3.105000760538846549e+00
2.989999998646339918e+00
3.409999144935085269e+00
2.887499899824916838e+00
2.952499788886910892e+00
3.007499147492037395e+00
3.072500816007849522e+00
2.925000109584345864e+00
3.087499832239330999e+00
2.860000220522351810e+00
3.292500029882177159e+00
3.255999997105897847e+01
5.804249843313955637e+01
5.797749854407756231e+01
5.238999932009120641e+01
2.979999992504045281e+01
4.431499982454192832e+01
5.215499931053157923e+01
5.201999926717915912e+01
5.228999935388399933e+01
5.292000074249784802e+01
1.061750066860430941e+01
3.440000736305680817e+00
3.257499952736964133e+00
2.842499292222836260e+00
2.707499248870416153e+00
2.752499856472493178e+00
2.790000066231925757e+00
2.737500840241011701e+00
2.582499735974860045e+00
2.555000056672295017e+00
2.567500719743378568e+00
2.817499745534487232e+00
2.674999304339419126e+00
2.842499292222836260e+00
3.445249982088017759e+01
5.634999940545968400e+01
5.562250174216048038e+01
5.947000119825066378e+01
1.360750001409057752e+01
3.615500026874383366e+01
4.819749935777732475e+01
4.647500051818066424e+01
4.468499987745397561e+01
3.784500005353640262e+01
3.455249978708738468e+01
3.792749998117100318e+01
4.976000038678702708e+01
9.957499468073685023e+00
3.492499962296594873e+00
2.890000032439132838e+00
2.800000596688789756e+00
2.735000707626795702e+00
2.735000707626795702e+00
2.737500840241011701e+00
2.977499335575256367e+00
2.932500507426993863e+00
2.737500840241011701e+00
3.095000230081978998e+00
3.712750025151334654e+01
5.409999927607060499e+01
4.023749973439364425e+01
5.374750015145806969e+01
1.629999959356943862e+01
3.758250036467421040e+01
4.659249963323357235e+01
4.832000051751248293e+01
5.529750051739669203e+01
4.503500064890611299e+01
4.407249941713965313e+01
4.724250030330732386e+01
4.480250077196070180e+01
7.065000845907317029e+00
3.554999718744369375e+00
2.925000109584345864e+00
2.872500883593435361e+00
2.800000596688789756e+00
2.660000288107937649e+00
2.805000861917225308e+00
2.790000066231925757e+00
2.590000133817508043e+00
2.555000056672295017e+00
3.219999742977535107e+00
3.319249971283321798e+01
5.163250006542141080e+01
4.639499983343337419e+01
5.165249934688132782e+01
1.498500012691735250e+01
3.458749986423259770e+01
5.757249841402030199e+01
5.421750017057732407e+01
5.256749983843148755e+01
4.162749962056459196e+01
6.632000155262510077e+01
3.967250001429561479e+01
3.456999982565999119e+01
9.079999186282947221e+00
3.340000770098473737e+00
2.870000750979219362e+00
2.772499137932410207e+00
2.709999381484632153e+00
2.800000596688789756e+00
2.872500883593435361e+00
2.987499866032123919e+00
2.754999989086709178e+00
2.719999911941496151e+00
3.275000881036479683e+00
3.335500032521511571e+01
9.225750190732036060e+01
5.231750081264038243e+01
5.802999954952229444e+01
1.593000043038429858e+01
3.590250022061159996e+01
5.715750131241380672e+01
4.711500065779755886e+01
5.552750026172788722e+01
4.373000082298398183e+01
3.532499983744248340e+01
4.116750013190220159e+01
4.292999931387250712e+01
7.944999480858452756e+00
3.735000369698870060e+00
3.392499996089384240e+00
3.209999212520667555e+00
2.995000263874771917e+00
3.005000794331639469e+00
3.312499311342094188e+00
3.130000307227192025e+00
3.067500550779417523e+00
3.157499986529757052e+00
3.105000760538846549e+00
2.125000014514348123e+01
4.003999993459344608e+01
4.501749972060659388e+01
2.814250008477887732e+01
2.543500000155636087e+01
2.669500004009340444e+01
2.702749999446188767e+01
2.657500001391523625e+01
2.618999999943686419e+01
2.581249999354562163e+01
1.500250016548995902e+01
3.489999829682375321e+00
2.954999921501126892e+00
2.917499711741694313e+00
2.717499779327280152e+00
2.942499258430043341e+00
2.665000553336369649e+00
2.674999304339419126e+00
2.662500420722153649e+00
2.637500874033804621e+00
2.860000220522351810e+00
2.879999501982265286e+00
2.577499470746428045e+00
2.644999492422638099e+00
3.035500000440852730e+01
4.232499925140082553e+01
4.187750042580951515e+01
4.416999925073264421e+01
7.830000498419764199e+00
2.558000000017110054e+01
4.440749939290648740e+01
3.697250003697409682e+01
4.482500873365619753e+00
3.602500458960665952e+00
3.337500637484257737e+00
2.890000032439132838e+00
3.197500328903405631e+00
2.944999391044259340e+00
2.790000066231925757e+00
2.709999381484632153e+00
2.882499634596481286e+00
2.747499591244061179e+00
2.989999998646339918e+00
2.737500840241011701e+00
2.862500353136567810e+00
2.682499702182067125e+00
2.662500420722153649e+00
3.419999675391949268e+00
2.451499995377889007e+01
5.640499876406480695e+01
4.057999921827622103e+01
4.572750001451392166e+01
1.143999981233610086e+01
3.452500010778482675e+01
5.431750013678453115e+01
6.364999871803964737e+01
9.466999997991061377e+01
7.750000026582624457e+01
5.930999982875607657e+01
2.815249994794056221e+01
2.578499999449745061e+01
4.219999405049609464e+00
3.375000847243686763e+00
2.690000100024718677e+00
2.644999492422638099e+00
2.690000100024718677e+00
2.842499292222836260e+00
2.927500242198561864e+00
2.627500343576940622e+00
2.625000210962724623e+00
2.819999878148703232e+00
2.717499779327280152e+00
3.916000040991539777e+01
6.534999992301598581e+01
9.396750008384594821e+01
1.100875010424815343e+02
2.854999990258690445e+01
6.256750001805988148e+01
1.021524965171516612e+02
9.710249911341459494e+01
9.848749784463019807e+01
8.273749871836047021e+01
6.232499961065759919e+01
7.611249962254260026e+01
7.829999999548391543e+01
5.712500279768889300e+00
3.140000837684059576e+00
2.527500377369733542e+00
2.582499735974860045e+00
2.507499316455998439e+00
3.032500473634200944e+00
2.500000698067168514e+00
2.537499128372779467e+00
2.530000509983949541e+00
2.770000784772008728e+00
2.907499181284830314e+00
5.916499925494678536e+01
1.033374988748604864e+02
5.660999896170766021e+01
5.786249956163887731e+01
1.767749970639621182e+01
4.383000078919118891e+01
5.917499978540365646e+01
5.473749928307327650e+01
5.816750150494274862e+01
5.097500077695882226e+01
4.496500049461568693e+01
5.211250061499752917e+01
5.115749978107372442e+01
1.108000028988091756e+01
3.607500724189101504e+00
3.752499518544571089e+00
2.942499258430043341e+00
2.825000143377138784e+00
2.862500353136567810e+00
3.057500020322549972e+00
3.230000273434402658e+00
2.954999921501126892e+00
2.935000640041209863e+00
3.052499755094117972e+00
3.696250039624414541e+01
5.856250110454314495e+01
5.402500063600555791e+01
5.659249981286195919e+01
1.802749958812144015e+01
3.872749971082866693e+01
5.469250045492501044e+01
5.244250032553593854e+01
5.598749975039027760e+01
5.234500049194294746e+01
4.878000000617487331e+01
5.564749950939501133e+01
6.288249893291298065e+01
1.980750014325471398e+01
3.582499398046934402e+00
3.877500810893941718e+00
3.689999762096793035e+00
3.402500526546251791e+00
2.925000109584345864e+00
2.979999468189472367e+00
3.112499378927676474e+00
3.097500362696194998e+00
3.182499533218106080e+00
3.067500550779417523e+00
5.714750078195693561e+01
9.753499892277442029e+01
9.611750024702780593e+01
9.810749904071509775e+01
2.700750004570679152e+01
6.733499845147483143e+01
1.060475002723657667e+02
4.940749948272068082e+01
9.293499691833523002e+01
7.372250096402649433e+01
5.217250023883109122e+01
6.916499943457517929e+01
1.023200000639427145e+02
2.403749998168043689e+01
3.935000302113287773e+00
3.727499971856222061e+00
3.214999477749103107e+00
3.079999434396679447e+00
3.077499301782463448e+00
3.277499234196877609e+00
3.160000119143973052e+00
3.400000393932035792e+00
3.157499986529757052e+00
3.384999598246736241e+00
2.349749991948661787e+01
3.669250030953929809e+01
3.987750021193846095e+01
4.129249964479775770e+01
6.892500592795467895e+00
2.423750002531071601e+01
4.249000088612385184e+01
3.945249991069437101e+01
3.916749991803114028e+01
7.362500611914722271e+00
3.509999111142292350e+00
3.444999222080298296e+00
3.060000152936765971e+00
2.997500396488987917e+00
2.897500430281780837e+00
2.967500584572206890e+00
2.939999125815827341e+00
2.790000066231925757e+00
2.832500541219786783e+00
3.012499412720469394e+00
3.067500550779417523e+00
2.890000032439132838e+00
2.987499866032123919e+00
2.927500242198561864e+00
5.272500072566415952e+00
1.079999967271920802e+01
9.945000584456421322e+00
1.913500005910682589e+01
4.077500743308355879e+00
1.451500010779809458e+01
2.796250010111955930e+01
2.408250003320319976e+01
7.909999403713239730e+00
4.354999448402029572e+00
3.537500569898671898e+00
2.970000717186426442e+00
2.970000717186426442e+00
2.987499866032123919e+00
3.372500714629470764e+00
2.790000066231925757e+00
2.744999458629845179e+00
2.797500464074573756e+00
2.979999468189472367e+00
3.087499832239330999e+00
2.814999612920271232e+00
2.970000717186426442e+00
2.790000066231925757e+00
2.917499711741694313e+00
3.928249979019673788e+01
5.307249993469596205e+01
5.169499982186918885e+01
5.482750049827743766e+01
1.809000023429612725e+01
6.498999862110699155e+01
9.802750191487544384e+01
9.374499717844976487e+01
1.056949975888455953e+02
1.081249983691891856e+02
1.750749958589857869e+01
3.484999564453943321e+00
3.465000282994029845e+00
3.662500082794228007e+00
3.212499345134883555e+00
2.609999415277425072e+00
2.674999304339419126e+00
2.772499137932410207e+00
2.817499745534487232e+00
2.672499171725199574e+00
2.592500266431727596e+00
2.584999868589076044e+00
2.790000066231925757e+00
2.844999424837052260e+00
6.612249997337107743e+01
9.592000222668143294e+01
9.611250354070701007e+01
1.072699992809263989e+02
3.416499969560273087e+01
7.040749950404952529e+01
7.829750164232351040e+01
6.110999922048581112e+01
9.863999703682831921e+01
9.496000112752918199e+01
3.384000025029276060e+01
3.685249989958006722e+01
3.550499959867007504e+01
7.282499927167428666e+00
3.800000258760864114e+00
3.700000292553657033e+00
3.035000606248420496e+00
2.935000640041209863e+00
2.935000640041209863e+00
3.357499918944171213e+00
3.060000152936765971e+00
2.909999313899046314e+00
2.900000562895996836e+00
3.012499412720469394e+00
6.924500011932246935e+01
5.081499940746423505e+01
5.058749979574725586e+01
5.903250112366239932e+01
1.461500007400530166e+01
4.249499937189845866e+01
7.522000032452038454e+01
1.032375006881070902e+02
6.428749872504232599e+01
4.734000013690031494e+01
4.458249977863255253e+01
4.918500013623213363e+01
4.307499988768179122e+01
6.704999543998315659e+00
3.492499962296594873e+00
3.340000770098473737e+00
3.205000726746053630e+00
2.752499856472493178e+00
3.005000794331639469e+00
2.737500840241011701e+00
3.042499224637250421e+00
2.814999612920271232e+00
2.772499137932410207e+00
2.979999468189472367e+00
3.527249972172466386e+01
9.113500108551313872e+01
9.260749911986486893e+01
5.284750045559319886e+01
1.808249983645347569e+01
4.099750001140456845e+01
5.975999878696160295e+01
8.615749863031925315e+01
8.694250112319924995e+01
5.087749916391201310e+01
4.253499971427210369e+01
5.195749951073138106e+01
5.192999983142881604e+01
8.702500514982066449e+00
4.535000099356530257e+00
4.289999559340035518e+00
3.770000446844086639e+00
3.602500458960665952e+00
3.319999709184742187e+00
3.287499764653745160e+00
3.644999154494712457e+00
3.412499277549301269e+00
3.624999873034798981e+00
3.430000205848816819e+00
3.815999985811641437e+01
5.093000016935674523e+01
4.700750029374769667e+01
5.658249928240509519e+01
2.145499989792287820e+01
4.352500062534113567e+01
6.335749921726067413e+01
5.919500084631738446e+01
8.544499820379772359e+01
5.205749947693858815e+01
3.019499996950430187e+01
1.589500035323908556e+01
3.897500092353855194e+00
3.644999154494712457e+00
3.257499952736964133e+00
2.670000818564801648e+00
2.655000022879502097e+00
2.917499711741694313e+00
2.672499171725199574e+00
2.647499625036854098e+00
2.870000750979219362e+00
2.655000022879502097e+00
2.647499625036854098e+00
2.882499634596481286e+00
2.845499997917640300e+01
3.818000002930324399e+01
3.684500039146433181e+01
3.872749971082866693e+01
7.209999640262786613e+00
2.846749997495230389e+01
3.760249964613412743e+01
4.075249947138807016e+01
3.828500026073888307e+01
4.149999250759183411e+00
3.482499431839727322e+00
3.637500536105878979e+00
2.972500849800642442e+00
3.222499875591751106e+00
2.814999612920271232e+00
2.849999690065484259e+00
2.737500840241011701e+00
2.709999381484632153e+00
2.952499788886910892e+00
2.997500396488987917e+00
2.747499591244061179e+00
2.709999381484632153e+00
2.825000143377138784e+00
2.742499326015629180e+00
2.817499745534487232e+00
2.952499788886910892e+00
2.849999690065484259e+00
2.835000673834002782e+00
3.012499412720469394e+00
2.825000143377138784e+00
3.025000075791552945e+00
3.067500550779417523e+00
2.860000220522351810e+00
2.870000750979219362e+00
2.825000143377138784e+00
3.184999665832322080e+00
3.160000119143973052e+00
2.944999391044259340e+00
2.844999424837052260e+00
2.709999381484632153e+00
2.935000640041209863e+00
3.052499755094117972e+00
2.852499822679700259e+00
2.779999535775058206e+00
2.757500121700928730e+00
2.914999579127478313e+00
2.779999535775058206e+00
2.925000109584345864e+00
3.444500031276444219e+01
5.278500069914542792e+01
4.928500010243934071e+01
5.445000004752273526e+01
1.561499973607737779e+01
6.162500162666096770e+01
1.049599977482499327e+02
1.058400017215625297e+02
1.096374985253683718e+02
5.898500038344610630e+01
3.951000029164062965e+01
5.268000046770978173e+01
5.050749911099995870e+01
6.507499744198117497e+00
3.700000292553657033e+00
3.977500777101148799e+00
3.400000393932035792e+00
2.949999656272691340e+00
2.960000186729558891e+00
2.970000717186426442e+00
3.277499234196877609e+00
2.942499258430043341e+00
2.887499899824916838e+00
3.302500560339044711e+00
3.695499999840149030e+01
5.583500055819216357e+01
5.568499971915444036e+01
5.809499943858428850e+01
2.195250004120815390e+01
3.928499992281095388e+01
5.974999825650473184e+01
5.233249982887186036e+01
4.867249964212501823e+01
4.447749954719691345e+01
4.323499947772256036e+01
4.614250067502804598e+01
4.812500085032650077e+01
1.954750014214328502e+01
3.409999144935085269e+00
3.705000557782092585e+00
2.744999458629845179e+00
2.690000100024718677e+00
2.754999989086709178e+00
2.765000519543576729e+00
3.295000162496396712e+00
2.747499591244061179e+00
2.690000100024718677e+00
3.212499345134883555e+00
3.160750015947629166e+01
4.618000088478747500e+01
3.917500031587378828e+01
4.435250003430135735e+01
1.334500032522838531e+01
3.012250012746311256e+01
4.260750000117675285e+01
4.175999953130279607e+01
4.715999948594581781e+01
5.060750085666099096e+01
1.200749966504834809e+01
3.627500005649014980e+00
3.647499287108928456e+00
3.617499475192147429e+00
3.017499677948904946e+00
2.754999989086709178e+00
3.060000152936765971e+00
2.707499248870416153e+00
2.709999381484632153e+00
3.017499677948904946e+00
2.900000562895996836e+00
2.687499967410499124e+00
2.662500420722153649e+00
2.690000100024718677e+00
3.213749980242911164e+01
4.103250008854978148e+01
4.385750046849375394e+01
5.359499917980613048e+01
1.884499980121515961e+01
4.030000038056832778e+01
5.410749967391325299e+01
5.643000009020697405e+01
5.477999975806113753e+01
4.647750065079488024e+01
4.004999957532340460e+01
5.013999919070212741e+01
4.692499947638619062e+01
6.245000055335925282e+00
3.554999718744369375e+00
3.437500603691464818e+00
2.835000673834002782e+00
2.979999468189472367e+00
2.872500883593435361e+00
2.839999159608620261e+00
3.067500550779417523e+00
2.809999347691839233e+00
3.005000794331639469e+00
2.944999391044259340e+00
3.521750036311953380e+01
5.015750011900164651e+01
4.510749915635693696e+01
3.149000015469647451e+01
1.199499989170417535e+01
2.006000019138695123e+01
2.212000002909157104e+01
7.849999779879677675e+00
3.762500049001435087e+00
3.365000316786822765e+00
3.437500603691464818e+00
3.149999588687109053e+00
2.737500840241011701e+00
2.707499248870416153e+00
2.572499205517992493e+00
2.942499258430043341e+00
2.647499625036854098e+00
2.539999260986995466e+00
2.762500386929360729e+00
2.674999304339419126e+00
2.717499779327280152e+00
2.590000133817508043e+00
2.844999424837052260e+00
2.519999979527081990e+00
3.014999545334685394e+00
3.160000119143973052e+00
3.270000615808047684e+00
3.249999554894316134e+00
2.989999998646339918e+00
2.935000640041209863e+00
3.305000692953260710e+00
3.030000341019984944e+00
2.887499899824916838e+00
2.790000066231925757e+00
3.014999545334685394e+00
2.932500507426993863e+00
3.084999699625114999e+00
2.900000562895996836e+00
2.742499326015629180e+00
2.877499369368049287e+00
2.574999338132208493e+00
2.574999338132208493e+00
2.600000664274375595e+00
2.772499137932410207e+00
2.709999381484632153e+00
2.547499658829647018e+00
2.519999979527081990e+00
2.707499248870416153e+00
2.752499856472493178e+00
2.727500309784147703e+00
2.727500309784147703e+00
2.744999458629845179e+00
2.952499788886910892e+00
2.979999468189472367e+00
2.817499745534487232e+00
2.800000596688789756e+00
2.995000263874771917e+00
2.800000596688789756e+00
2.979999468189472367e+00
2.827500275991354783e+00
2.977499335575256367e+00
2.854999955293919811e+00
2.682499702182067125e+00
3.232500406048618657e+00
2.647499625036854098e+00
2.619999945734289071e+00
2.652499890265286098e+00
2.807499215077623234e+00
2.952499788886910892e+00
2.655000022879502097e+00
2.809999347691839233e+00
2.592500266431727596e+00
2.637500874033804621e+00
2.925000109584345864e+00
3.095000230081978998e+00
2.842499292222836260e+00
2.835000673834002782e+00
2.825000143377138784e+00
3.230000273434402658e+00
2.932500507426993863e+00
2.854999955293919811e+00
2.807499215077623234e+00
2.782499668389274206e+00
3.365000316786822765e+00
2.837500806448222335e+00
2.854999955293919811e+00
2.725000177169931703e+00
2.735000707626795702e+00
2.887499899824916838e+00
2.619999945734289071e+00
2.852499822679700259e+00
2.627500343576940622e+00
2.617499813120073071e+00
3.005000794331639469e+00
2.630000476191156622e+00
2.574999338132208493e+00
2.555000056672295017e+00
2.852499822679700259e+00
2.962500319343774891e+00
2.652499890265286098e+00
2.642499359808422099e+00
2.870000750979219362e+00
2.652499890265286098e+00
2.692500232638934676e+00
2.825000143377138784e+00
2.977499335575256367e+00
2.574999338132208493e+00
2.725000177169931703e+00
2.962500319343774891e+00
2.762500386929360729e+00
2.872500883593435361e+00
2.737500840241011701e+00
2.582499735974860045e+00
2.617499813120073071e+00
2.644999492422638099e+00
2.935000640041209863e+00
2.665000553336369649e+00
2.595000399045943595e+00
2.519999979527081990e+00
2.557500189286511016e+00
2.842499292222836260e+00
2.627500343576940622e+00
2.657500155493721650e+00
2.895000297667564837e+00
2.872500883593435361e+00
2.737500840241011701e+00
2.590000133817508043e+00
2.814999612920271232e+00
2.565000587129162568e+00
2.752499856472493178e+00
2.860000220522351810e+00
2.690000100024718677e+00
2.672499171725199574e+00
2.882499634596481286e+00
2.774999270546626207e+00
2.512499581684433991e+00
2.597500531660159595e+00
2.730000442398363703e+00
2.530000509983949541e+00
2.807499215077623234e+00
2.530000509983949541e+00
2.727500309784147703e+00
2.465000620921955488e+00
3.940000567341719773e+00
3.573750036534239882e+01
4.738500074450239907e+01
5.651000077495426410e+01
5.063250040334933999e+01
1.626250027353691863e+01
3.594749993848677150e+01
9.521000015332029420e+01
1.084399972840422777e+02
6.326999991412454705e+01
4.945500022293697384e+01
3.414500041414281384e+01
3.442500014157761257e+01
3.730499988012672219e+01
8.892499916939616611e+00
3.547499320901721376e+00
3.067500550779417523e+00
2.887499899824916838e+00
2.942499258430043341e+00
3.409999144935085269e+00
2.960000186729558891e+00
2.949999656272691340e+00
2.952499788886910892e+00
3.384999598246736241e+00
3.005000794331639469e+00
3.139999982921922594e+01
5.820249980263414358e+01
5.056500038167312994e+01
5.436000061177239218e+01
1.537500035101622409e+01
3.236499985900954357e+01
4.984249942469472217e+01
5.175749957831696690e+01
4.474749963390175367e+01
4.747500018025274215e+01
3.318999958021900198e+01
3.575999977941653185e+01
3.134750015836485915e+01
5.299999751868977427e+00
3.284999632039529160e+00
3.125000041998760025e+00
2.547499658829647018e+00
2.817499745534487232e+00
2.527500377369733542e+00
2.572499205517992493e+00
2.762500386929360729e+00
2.574999338132208493e+00
2.557500189286511016e+00
2.887499899824916838e+00
2.946499994927361499e+01
4.524999959755201218e+01
4.310249956698435625e+01
4.644999919203850425e+01
1.063749995006422466e+01
2.977000011312367178e+01
4.102249955809291748e+01
3.904250040513558417e+01
3.674000016002868563e+01
3.879999164054339644e+00
3.402500526546251791e+00
3.465000282994029845e+00
3.447499354694514295e+00
2.809999347691839233e+00
2.952499788886910892e+00
2.565000587129162568e+00
2.800000596688789756e+00
2.567500719743378568e+00
2.577499470746428045e+00
2.727500309784147703e+00
2.879999501982265286e+00
2.600000664274375595e+00
2.539999260986995466e+00
2.752499856472493178e+00
2.574999338132208493e+00
3.007499147492037395e+00
2.747499591244061179e+00
2.719999911941496151e+00
2.977499335575256367e+00
2.717499779327280152e+00
2.952499788886910892e+00
2.762500386929360729e+00
2.914999579127478313e+00
2.700000630481582675e+00
2.700000630481582675e+00
3.014999545334685394e+00
2.917499711741694313e+00
2.762500386929360729e+00
2.835000673834002782e+00
2.565000587129162568e+00
2.779999535775058206e+00
2.602500796888591594e+00
2.817499745534487232e+00
2.619999945734289071e+00
2.637500874033804621e+00
3.152499721301325053e+00
2.492500300224516963e+00
2.782499668389274206e+00
2.800000008844726196e+01
4.730500005975510192e+01
4.737750034665975107e+01
5.255250082220000962e+01
1.579250025441766070e+01
3.057500010800976398e+01
4.945500022293697384e+01
4.493500068269890590e+01
5.036250031664449267e+01
4.591000079808263479e+01
3.257000005665238973e+01
3.652000005642744895e+01
3.408249976796813030e+01
6.317500342240567335e+00
3.319999709184742187e+00
3.042499224637250421e+00
2.765000519543576729e+00
2.557500189286511016e+00
2.935000640041209863e+00
2.690000100024718677e+00
2.574999338132208493e+00
2.637500874033804621e+00
2.887499899824916838e+00
2.879999501982265286e+00
3.494750027641469359e+01
5.779000105418804623e+01
4.932000017958455373e+01
5.640250041090440902e+01
1.813499995217129879e+01
4.185749936489578715e+01
5.730249832731546178e+01
5.459250048871780336e+01
6.029999896037128337e+01
5.016750064945851051e+01
6.720250032019045250e+01
1.034449992389103414e+02
9.913499838208973358e+01
1.951250006499807199e+01
3.519999641599156348e+00
3.877500810893941718e+00
3.209999212520667555e+00
3.672500613251095558e+00
3.552499586130153375e+00
3.114999511541896027e+00
2.919999844355913865e+00
2.954999921501126892e+00
3.330000239641609738e+00
2.917499711741694313e+00
5.160500038611884577e+01
6.435000026094391501e+01
5.389999934365619083e+01
5.885249869325408412e+01
1.232999986747101140e+01
3.745749996205174881e+01
5.641999955975011005e+01
6.056999904707612359e+01
5.948250008186792570e+01
6.957500481857461949e+00
3.570000514429668925e+00
3.887499561896991196e+00
3.582499398046934402e+00
2.917499711741694313e+00
2.800000596688789756e+00
3.012499412720469394e+00
3.375000847243686763e+00
2.772499137932410207e+00
2.757500121700928730e+00
2.772499137932410207e+00
2.970000717186426442e+00
2.952499788886910892e+00
2.735000707626795702e+00
3.140000837684059576e+00
3.444250018015022619e+01
6.670749897492902392e+01
5.962499874360918284e+01
6.376500125938596852e+01
2.040499980788374401e+01
4.463250065146306866e+01
6.408749879262791183e+01
5.499000022093241569e+01
6.520499934920670171e+01
4.995249992135879324e+01
5.218000063667374633e+01
6.364750036487924945e+01
6.121000096614683628e+01
1.081749971129181631e+01
3.519999641599156348e+00
3.472500680836677844e+00
3.472500680836677844e+00
3.457499885151378294e+00
2.807499215077623234e+00
2.817499745534487232e+00
3.102500627924630550e+00
2.957500054115342891e+00
2.842499292222836260e+00
2.972500849800642442e+00
3.269750014702561458e+01
5.445000004752273526e+01
5.366499933409655654e+01
5.655750151517055713e+01
1.568499989036780384e+01
3.818500029453167599e+01
5.500000075138928679e+01
4.508249960966858794e+01
4.914749992647270460e+01
4.124000041880684364e+01
4.000499985744823306e+01
4.883999963000843536e+01
5.472000013422757547e+01
1.089750039603910814e+01
3.644999154494712457e+00
3.457499885151378294e+00
3.322499841798958187e+00
3.067500550779417523e+00
2.935000640041209863e+00
3.074999169168247448e+00
3.152499721301325053e+00
2.965000451957990890e+00
2.989999998646339918e+00
3.177499267989670528e+00
3.664000019382147855e+01
5.452000020181316131e+01
5.149750002206899069e+01
4.280249966836273501e+01
2.912499993071007509e+01
5.940000104396023772e+01
9.599249717522462788e+01
1.051025035278064621e+02
9.693750103759920478e+01
4.311750036266965935e+01
4.199749967347663926e+01
4.606249999028075592e+01
4.114750085044228456e+01
4.445000663606190727e+00
3.267500483193831684e+00
3.589999795889585954e+00
2.644999492422638099e+00
2.549999791443863018e+00
2.549999791443863018e+00
2.717499779327280152e+00
2.790000066231925757e+00
2.557500189286511016e+00
2.657500155493721650e+00
2.600000664274375595e+00
2.527500377369733542e+00
2.954999921501126892e+00
2.872500883593435361e+00
2.637500874033804621e+00
2.744999458629845179e+00
2.709999381484632153e+00
2.887499899824916838e+00
2.987499866032123919e+00
2.679999569567851125e+00
2.914999579127478313e+00
2.735000707626795702e+00
3.114999511541896027e+00
3.014999545334685394e+00
2.997500396488987917e+00
2.662500420722153649e+00
2.547499658829647018e+00
3.079999434396679447e+00
2.717499779327280152e+00
2.619999945734289071e+00
2.637500874033804621e+00
2.844999424837052260e+00
2.852499822679700259e+00
2.547499658829647018e+00
2.879999501982265286e+00
5.124500086366366247e+01
9.748750174146574921e+01
9.477999869712087389e+01
9.941250064609104697e+01
2.808000010589937290e+01
6.512250031129900663e+01
1.076474997316810942e+02
9.590499787208850080e+01
1.003850006288605528e+02
7.711249928461468528e+01
4.461249959054933356e+01
5.776250137488548830e+01
5.523250062833469798e+01
1.058250059145909638e+01
3.544999188287505376e+00
3.270000615808047684e+00
3.437500603691464818e+00
3.330000239641609738e+00
2.627500343576940622e+00
2.617499813120073071e+00
2.635000741419588621e+00
3.277499234196877609e+00
2.665000553336369649e+00
3.062500285550981971e+00
3.546750027863755861e+01
5.582749838089569039e+01
5.548499978674002620e+01
6.039500044080387653e+01
1.768500010423886337e+01
3.682750035289171819e+01
6.335249895203224213e+01
8.308000087142377765e+01
9.733500254926764228e+01
8.619999910530711418e+01
9.449999239194998069e+00
4.157499648601831410e+00
3.672500613251095558e+00
3.689999762096793035e+00
3.512499243756508349e+00
2.962500319343774891e+00
3.067500550779417523e+00
2.835000673834002782e+00
3.035000606248420496e+00
2.832500541219786783e+00
3.035000606248420496e+00
2.997500396488987917e+00
2.847499557451268259e+00
3.222499875591751106e+00
4.376749925328959989e+01
7.957749836264966348e+01
9.700250092666119883e+01
1.064499984903550001e+02
1.281499979254865806e+01
6.306999998171013289e+01
7.611249962254260026e+01
7.118250146647265808e+01
9.315999817689181839e+01
8.323250006362189879e+01
7.441249841756626893e+01
8.134249945668798887e+01
8.793249669590682061e+01
4.493000041747047391e+01
7.152500149043444111e+00
4.057499682394624330e+00
3.527500039441807900e+00
3.565000249201236926e+00
3.627500005649014980e+00
3.457499885151378294e+00
3.230000273434402658e+00
3.014999545334685394e+00
3.132500439841411577e+00
3.437500603691464818e+00
7.345999949571049115e+01
1.126974971354181605e+02
9.908750120078107670e+01
1.061024996309708968e+02
3.465750001852303086e+01
4.026500030342311476e+01
4.510749915635693696e+01
5.055499985121625883e+01
5.597000060154458367e+01
6.102249991734968404e+01
6.532499859687382582e+01
9.215749660275170640e+01
9.362000122446184491e+01
2.335499992315500251e+01
3.770000446844086639e+00
3.959999848801633249e+00
3.552499586130153375e+00
3.600000326346449953e+00
3.607500724189101504e+00
3.717499441399354509e+00
2.979999468189472367e+00
3.052499755094117972e+00
3.140000837684059576e+00
3.600000326346449953e+00
4.683500004063584754e+01
8.094000123869876973e+01
5.469250045492501044e+01
5.302000070870505510e+01
1.524749981577954472e+01
3.878750022438913447e+01
4.976250051940125019e+01
5.002250007564922640e+01
4.667500045059507841e+01
4.579249990357591571e+01
4.981499974539215714e+01
5.545000148904863124e+01
5.699749994291921951e+01
1.219499982411858952e+01
3.597500193732233953e+00
4.014999207406763304e+00
3.354999786329955214e+00
3.610000856803317504e+00
3.562500116587020926e+00
2.870000750979219362e+00
3.122499909384544026e+00
2.817499745534487232e+00
3.030000341019984944e+00
2.914999579127478313e+00
3.901499983610611366e+01
4.890749965168464541e+01
4.235250071015720863e+01
4.128999951218354170e+01
1.328249967905369822e+01
2.962750011679205642e+01
5.153500023182841971e+01
7.792249954472920592e+01
3.953749997094318758e+01
4.347500830013199646e+00
3.570000514429668925e+00
3.607500724189101504e+00
3.589999795889585954e+00
3.975000644486932799e+00
3.417499542777733268e+00
2.700000630481582675e+00
2.737500840241011701e+00
2.995000263874771917e+00
2.942499258430043341e+00
2.772499137932410207e+00
2.754999989086709178e+00
3.465000282994029845e+00
2.747499591244061179e+00
2.717499779327280152e+00
2.727500309784147703e+00
2.987499866032123919e+00
3.617499475192147429e+00
2.949999656272691340e+00
3.060000152936765971e+00
3.049999622479901973e+00
3.230000273434402658e+00
3.067500550779417523e+00
3.095000230081978998e+00
3.032500473634200944e+00
3.070000683393633523e+00
2.970000717186426442e+00
3.295000162496396712e+00
3.202500594131837630e+00
2.870000750979219362e+00
2.765000519543576729e+00
3.142499190844457502e+00
3.025000075791552945e+00
2.897500430281780837e+00
2.782499668389274206e+00
2.995000263874771917e+00
2.844999424837052260e+00
2.844999424837052260e+00
3.482499431839727322e+00
5.582749838089569039e+01
1.019600023209413422e+02
1.024749976093012265e+02
1.136699971181876663e+02
2.936499998306640791e+01
7.305499936565321661e+01
1.003850006288605528e+02
1.068650027097767605e+02
9.436500159551437150e+01
8.089250049848246249e+01
6.832000087676925659e+01
8.597750331772621735e+01
5.303999999016496503e+01
1.006249969950932588e+01
3.879999164054339644e+00
3.654999684951580008e+00
4.165000046444482962e+00
3.430000205848816819e+00
3.135000572455627577e+00
3.089999964853546999e+00
3.225000008205967106e+00
3.482499431839727322e+00
3.060000152936765971e+00
3.562500116587020926e+00
5.643249844336737198e+01
1.065425016176271953e+02
1.005550025288120111e+02
6.108249954118324609e+01
1.712000038414083036e+01
4.168000062600931699e+01
6.372750104962653950e+01
6.138999983764752244e+01
6.098499970759025501e+01
5.047250081330857086e+01
4.884499989523686736e+01
6.408000017423907479e+01
5.624249904140982181e+01
9.045000888591552268e+00
3.777500844686734638e+00
3.997500058561065828e+00
3.779999197847132564e+00
3.779999197847132564e+00
4.140000499756133934e+00
3.457499885151378294e+00
3.132500439841411577e+00
3.517499508984940348e+00
3.382499465632520241e+00
3.607500724189101504e+00
4.169499964224080202e+01
9.520249797602382102e+01
9.270749730661825083e+01
1.025200035552647648e+02
1.755749956900218223e+01
3.117499990525301001e+01
6.523249902850926674e+01
6.020249912677829229e+01
5.279499945014846674e+01
4.723249977285045986e+01
3.731250027796937019e+01
4.563000018092093057e+01
3.499249999428986513e+01
4.994999588018924186e+00
3.689999762096793035e+00
3.565000249201236926e+00
3.962499981415849248e+00
3.589999795889585954e+00
3.627500005649014980e+00
3.402500526546251791e+00
3.097500362696194998e+00
3.095000230081978998e+00
3.167500516986624604e+00
3.537500569898671898e+00
2.714249997784335022e+01
4.490000060555369288e+01
4.013250039268491065e+01
5.275749924038903771e+01
1.818750006788911833e+01
5.686249989956679940e+01
6.647250074482322191e+01
7.239749829773680290e+01
7.390249983552718049e+01
5.553999914534514915e+01
3.828500026073888307e+01
6.115249969547367215e+01
5.111999957131429539e+01
5.404499991746547494e+01
4.950000759870661682e+00
3.692499894711009034e+00
2.444500002192019039e+01
3.637500536105878979e+00
3.647499287108928456e+00
3.912500888039154745e+00
3.060000152936765971e+00
3.049999622479901973e+00
3.147499456072893054e+00
3.689999762096793035e+00
6.427750175349308392e+01
9.585999904394023474e+01
5.556749882464771417e+01
5.121749940490728648e+01
1.322999956333587868e+01
3.374999992481551203e+01
5.625749983709512492e+01
6.755750135687102897e+01
8.359250136553089305e+01
4.396500083254360902e+01
4.784250010055057345e+01
5.802499928429386244e+01
5.657249875194822408e+01
5.705249930152434956e+01
6.197250048604506389e+01
5.767999877807015707e+01
3.305000016136506247e+01
5.559999308116953642e+00
3.849999352137558617e+00
3.509999111142292350e+00
3.500000360139242872e+00
3.384999598246736241e+00
3.095000230081978998e+00
3.049999622479901973e+00
2.941249983355579545e+01
5.019500032876107554e+01
5.667250049760924924e+01
6.998500022514656393e+01
1.174499997618615588e+01
5.012250004185643348e+01
7.473499950971583417e+01
8.129999898170012784e+01
8.073749939421631439e+01
3.809499996905442032e+01
2.247250004343101182e+01
4.132500101913485935e+00
3.662500082794228007e+00
3.665000215408444006e+00
3.475000813450897397e+00
3.700000292553657033e+00
2.890000032439132838e+00
2.790000066231925757e+00
2.852499822679700259e+00
3.349999521101523214e+00
2.790000066231925757e+00
2.800000596688789756e+00
2.837500806448222335e+00
2.890000032439132838e+00
3.052499755094117972e+00
3.157499986529757052e+00
3.079999434396679447e+00
2.984999733417907919e+00
3.052499755094117972e+00
3.330000239641609738e+00
3.177499267989670528e+00
5.077500405380433790e+00
1.845750015459395854e+01
3.535000437284455899e+00
2.987499866032123919e+00
3.049999622479901973e+00
3.357499918944171213e+00
3.319999709184742187e+00
2.914999579127478313e+00
2.907499181284830314e+00
3.042499224637250421e+00
2.897500430281780837e+00
3.105000760538846549e+00
3.135000572455627577e+00
2.917499711741694313e+00
2.860000220522351810e+00
3.409999144935085269e+00
3.337500637484257737e+00
2.733250004709607950e+01
5.150500041991163869e+01
4.641999938012172322e+01
7.612250015299946426e+01
3.197999990013910221e+01
5.335250055185767337e+01
9.605749706428662194e+01
5.010250076039651645e+01
5.166750014256662382e+01
4.546000006042329034e+01
6.151250099738267352e+01
8.065749870946902433e+01
6.479999921914944139e+01
7.684999924610476540e+00
3.852499484751778169e+00
4.059999815008840329e+00
3.942500699955935772e+00
3.689999762096793035e+00
4.007500589017929826e+00
3.409999144935085269e+00
3.105000760538846549e+00
3.305000692953260710e+00
3.762500049001435087e+00
3.284999632039529160e+00
5.271250041224077876e+01
6.469000050193918128e+01
4.755000059977160021e+01
5.838500058620286381e+01
2.840250008589030983e+01
5.972500048927020799e+01
8.721000285674369934e+01
6.787999889011295807e+01
5.613250032419956881e+01
5.113750049961380739e+01
7.651749975259986059e+01
6.015000168024120342e+01
5.776250137488548830e+01
3.173499980498606021e+01
6.726750020925244655e+01
3.195000008822232118e+01
4.142500632370349933e+00
3.770000446844086639e+00
3.770000446844086639e+00
3.779999197847132564e+00
3.959999848801633249e+00
3.167500516986624604e+00
3.212499345134883555e+00
4.140000499756133934e+00
4.151749912390052089e+01
5.181500084899012393e+01
8.765749990288118454e+01
8.110750122658218686e+01
1.507499956266769381e+01
3.758250036467421040e+01
5.910250127795283248e+01
5.604249910899540765e+01
5.286749973705311589e+01
5.730249832731546178e+01
1.430999991015524664e+01
3.870000413051293719e+00
4.247500863805992566e+00
3.862500015208642168e+00
3.672500613251095558e+00
3.097500362696194998e+00
3.472500680836677844e+00
3.022499943177336945e+00
3.205000726746053630e+00
3.174999135375454529e+00
3.182499533218106080e+00
3.077499301782463448e+00
3.167500516986624604e+00
3.284999632039529160e+00
4.327249968748199649e+01
6.967999828184269973e+01
6.870749829907317974e+01
7.015499856619038610e+01
1.791749998118427456e+01
3.569499989035453780e+01
5.813999826673254745e+01
5.538749995314703511e+01
6.043499900372370348e+01
4.715000073494277189e+01
5.117999919514785034e+01
5.586250023749472859e+01
6.205499952395275898e+01
2.296750005410207152e+01
3.692499894711009034e+00
3.492499962296594873e+00
3.797500126146648114e+00
3.509999111142292350e+00
3.160000119143973052e+00
2.887499899824916838e+00
2.952499788886910892e+00
3.247499422280100134e+00
2.852499822679700259e+00
3.707500690396308585e+00
5.322499912689407608e+01
1.096025002276769840e+02
8.565249675460097478e+01
6.763500012955029206e+01
1.940500014581166965e+01
4.192999965180042921e+01
6.147749914078364242e+01
5.517749949027574985e+01
5.304750038800762013e+01
4.900249935266342050e+01
4.373999957398703486e+01
5.766249962922445604e+01
5.501749990023498071e+01
1.546249965415234939e+01
3.814999274992345590e+00
3.644999154494712457e+00
3.422499808006165267e+00
3.672500613251095558e+00
3.600000326346449953e+00
3.140000837684059576e+00
3.142499190844457502e+00
3.314999443956310188e+00
3.330000239641609738e+00
3.167500516986624604e+00
3.192249996405630341e+01
4.545749992780907434e+01
4.362500059154834275e+01
4.495499996415881583e+01
9.205000478632321403e+00
2.732249996150266824e+01
4.256999979141732382e+01
4.705999951973861073e+01
4.826749951206775080e+01
5.320000812782708977e+00
3.582499398046934402e+00
3.647499287108928456e+00
3.644999154494712457e+00
4.014999207406763304e+00
3.454999752537162294e+00
3.067500550779417523e+00
2.952499788886910892e+00
2.862500353136567810e+00
2.814999612920271232e+00
3.032500473634200944e+00
2.817499745534487232e+00
3.035000606248420496e+00
2.962500319343774891e+00
2.754999989086709178e+00
2.817499745534487232e+00
3.427500073234600819e+00
3.060000152936765971e+00
3.052499755094117972e+00
3.292500029882177159e+00
3.362500184172606765e+00
3.060000152936765971e+00
3.284999632039529160e+00
3.057500020322549972e+00
3.030000341019984944e+00
3.492499962296594873e+00
3.095000230081978998e+00
2.970000717186426442e+00
2.987499866032123919e+00
3.060000152936765971e+00
2.960000186729558891e+00
3.005000794331639469e+00
3.032500473634200944e+00
3.040000871476852495e+00
2.800000596688789756e+00
2.782499668389274206e+00
3.025000075791552945e+00
2.770000784772008728e+00
3.260000085351180132e+00
3.846500002196647472e+01
9.717250282661265715e+01
9.515500079471516415e+01
9.959500142965976011e+01
2.616249998648671138e+01
6.444750009453690609e+01
9.165500019800909115e+01
9.822499993522181683e+01
1.062175021723172250e+02
5.549249840512885612e+01
5.240750024839071841e+01
5.254250029174314562e+01
5.482000010043478255e+01
1.557000001820220625e+01
3.782499330461348563e+00
4.112500820453572459e+00
3.662500082794228007e+00
3.672500613251095558e+00
3.644999154494712457e+00
2.987499866032123919e+00
3.140000837684059576e+00
2.877499369368049287e+00
2.835000673834002782e+00
3.682499364254141483e+00
3.804499998595081678e+01
6.827999875494178639e+01
6.352999947037252326e+01
6.453750130974106014e+01
1.581250042560448499e+01
4.061999956064986605e+01
6.230750046181190527e+01
5.795999939523186839e+01
6.298999929696283573e+01
4.493000041747047391e+01
4.498249964346138086e+01
5.497249929263290369e+01
8.357750056984559706e+01
1.912499997351341463e+01
3.935000302113287773e+00
3.842500733748728692e+00
3.689999762096793035e+00
3.589999795889585954e+00
4.007500589017929826e+00
3.402500526546251791e+00
2.967500584572206890e+00
3.025000075791552945e+00
3.022499943177336945e+00
3.509999111142292350e+00
5.164999921426711182e+01
9.929000304526351783e+01
9.079249893244983127e+01
1.004124967492554816e+02
2.917000009344869937e+01
5.078499959554745402e+01
8.856749834974910129e+01
5.447499959421108429e+01
5.882250066079112116e+01
6.629500022648294077e+01
6.059749872637868862e+01
1.036800010279237938e+02
9.015250057228675473e+01
1.519249956744750740e+01
4.194999858361263989e+00
3.914999241199552671e+00
4.005000456403713827e+00
4.105000422610920907e+00
3.932500169499071774e+00
3.430000205848816819e+00
3.277499234196877609e+00
3.665000215408444006e+00
3.412499277549301269e+00
3.627500005649014980e+00
6.731249903740071261e+01
6.042750038533487356e+01
6.468500023671074928e+01
1.015649991624333097e+02
2.704999996461533485e+01
7.162999851261014328e+01
9.635250203604125829e+01
5.767999877807015707e+01
5.983999947170889300e+01
4.756499961600307813e+01
1.368999994172517809e+01
3.879999164054339644e+00
4.292499691954255070e+00
3.919999506427988223e+00
3.770000446844086639e+00
3.654999684951580008e+00
3.489999829682375321e+00
3.135000572455627577e+00
3.149999588687109053e+00
3.309999178727874636e+00
3.087499832239330999e+00
3.302500560339044711e+00
3.284999632039529160e+00
3.554999718744369375e+00
3.135500011134405440e+01
6.222749977706460811e+01
5.733750018391448577e+01
6.355749914967508829e+01
1.807250019572352073e+01
4.128499924695510970e+01
6.308000051216699688e+01
6.399999948949177764e+01
6.709499995614059742e+01
5.649250162610856307e+01
4.707500031542390673e+01
6.291750078951201175e+01
7.303499830473948862e+01
1.566999998440941333e+01
3.984999395489982277e+00
3.859999882594426168e+00
4.014999207406763304e+00
3.817499407606561590e+00
3.744999120701919537e+00
3.192500063674970079e+00
3.475000813450897397e+00
3.447499354694514295e+00
3.195000196289186079e+00
3.222499875591751106e+00
2.683999994660750943e+01
4.473750088289870774e+01
8.094500150392720172e+01
8.273000009997163318e+01
1.755749956900218223e+01
4.830249958921296383e+01
5.455500027895837434e+01
3.073500014291398941e+01
2.951750006499143453e+01
9.792499612804483888e+00
4.262499880037474043e+00
3.700000292553657033e+00
3.740000634927305612e+00
3.717499441399354509e+00
3.509999111142292350e+00
3.889999694511207196e+00
2.917499711741694313e+00
2.952499788886910892e+00
3.249999554894316134e+00
3.197500328903405631e+00
3.049999622479901973e+00
2.962500319343774891e+00
3.214999477749103107e+00
2.987499866032123919e+00
2.318249989247487619e+01
5.208250080308075525e+01
7.695250147402774132e+01
8.139500046213272810e+01
1.854750003520775437e+01
5.001249954519235530e+01
8.452999949170137484e+01
8.302749986597903842e+01
8.012749906651620790e+01
5.292499354026329428e+00
4.157499648601831410e+00
3.149999588687109053e+00
3.157499986529757052e+00
3.157499986529757052e+00
3.332500372255825738e+00
3.025000075791552945e+00
3.302500560339044711e+00
3.049999622479901973e+00
3.105000760538846549e+00
3.025000075791552945e+00
3.232500406048618657e+00
2.907499181284830314e+00
3.042499224637250421e+00
4.040000533548926853e+00
4.930999964912768974e+01
7.500499959642067438e+01
6.743749855029626872e+01
6.828499902017021839e+01
1.890000004954719870e+01
4.832000051751248293e+01
5.665249943669552124e+01
5.928250014945351154e+01
5.922999914400877941e+01
4.749499946171265208e+01
4.344249980797962962e+01
5.882999927917995109e+01
5.567250083553717843e+01
5.550500084765376130e+01
4.101999942547869438e+01
4.049999284551976331e+00
3.670000480636876006e+00
3.682499364254141483e+00
4.067500212851491881e+00
3.465000282994029845e+00
3.079999434396679447e+00
3.260000085351180132e+00
3.309999178727874636e+00
3.427500073234600819e+00
3.860250019793311083e+01
7.490000114443884627e+01
6.168500125049452976e+01
7.131499959775703701e+01
1.767499957378199582e+01
4.067250056609459818e+01
5.291000021204097692e+01
5.079750025861854112e+01
5.480999956997791855e+01
4.575749982643070268e+01
4.489250020771104488e+01
5.873500135765499408e+01
4.330999989724142551e+01
5.985000499087949066e+00
3.700000292553657033e+00
3.547499320901721376e+00
2.682499702182067125e+00
3.805000523989299666e+00
2.942499258430043341e+00
2.962500319343774891e+00
3.084999699625114999e+00
3.330000239641609738e+00
2.914999579127478313e+00
3.444999222080298296e+00
3.874499974940127345e+01
5.316249937044630514e+01
5.879500098148855614e+01
4.951749997938475190e+01
1.516499988814494415e+01
3.540499963246286796e+01
5.769999983898389218e+01
5.177750063923069490e+01
5.532250006408504106e+01
5.199999998571924209e+01
4.463999926985189859e+01
5.819500118424531365e+01
5.067999936411181494e+01
5.967499570788433516e+00
4.245000731191776566e+00
3.589999795889585954e+00
3.619999607806363429e+00
3.652499552337360456e+00
3.475000813450897397e+00
3.140000837684059576e+00
3.122499909384544026e+00
3.105000760538846549e+00
3.292500029882177159e+00
3.454999752537162294e+00
3.429000009822519246e+01
5.845500074049328987e+01
6.233500014111446319e+01
5.420749964012046007e+01
1.782749965570702599e+01
4.297499992147458414e+01
5.738249901206275183e+01
5.399000055886034488e+01
7.241500100549015428e+01
5.793249971592930336e+01
5.128999969181192853e+01
8.352750147646889900e+01
8.130750115899660102e+01
1.415499969561600224e+01
3.932500169499071774e+00
4.059999815008840329e+00
3.924999771656420222e+00
2.995000263874771917e+00
2.907499181284830314e+00
3.017499677948904946e+00
3.357499918944171213e+00
2.870000750979219362e+00
2.877499369368049287e+00
3.705000557782092585e+00
5.318000029874582424e+01
1.008724997968255082e+02
6.218999956730517908e+01
6.270499841457269952e+01
1.659500011668954045e+01
4.098749948094769735e+01
5.968750027951077186e+01
5.671749932575751529e+01
6.077499924471897685e+01
5.480999956997791855e+01
4.878000000617487331e+01
5.885249869325408412e+01
5.328750066279567932e+01
1.471500004021250874e+01
5.182500636816072870e+00
4.819999202292855500e+00
4.319999371256816545e+00
4.907500284882797104e+00
4.842500395820803050e+00
3.749999385930351536e+00
3.770000446844086639e+00
3.759999916387219088e+00
4.752499180616645447e+00
3.754999651158787088e+00
3.199499980609749272e+01
5.243249979507906744e+01
5.314750035421482721e+01
5.409250065768176796e+01
1.095499988725845242e+01
3.612000019159862063e+01
5.689499984409779643e+01
5.426000064556518510e+01
4.195749933110299423e+01
4.562499778659095284e+00
4.105000422610920907e+00
3.735000369698870060e+00
3.717499441399354509e+00
3.697500159939441033e+00
3.970000379258500800e+00
3.249999554894316134e+00
2.744999458629845179e+00
2.779999535775058206e+00
3.535000437284455899e+00
2.862500353136567810e+00
2.849999690065484259e+00
2.860000220522351810e+00
3.330000239641609738e+00
2.887499899824916838e+00
2.852499822679700259e+00
3.249999554894316134e+00
3.032500473634200944e+00
2.967500584572206890e+00
3.249999554894316134e+00
3.319999709184742187e+00
2.887499899824916838e+00
2.917499711741694313e+00
3.357499918944171213e+00
3.302500560339044711e+00
2.905000828124432388e+00
2.952499788886910892e+00
3.174999135375454529e+00
3.095000230081978998e+00
3.062500285550981971e+00
2.672499171725199574e+00
3.589999795889585954e+00
2.787499933617706205e+00
2.797500464074573756e+00
3.265000350579615684e+00
2.882499634596481286e+00
2.690000100024718677e+00
2.655000022879502097e+00
4.240000465963341014e+00
3.294750006254363228e+01
6.168000098526609065e+01
5.999249866390701413e+01
6.128249947359766026e+01
1.870000011713278099e+01
4.936500078718663076e+01
6.445750062499377009e+01
7.188249945046929668e+01
1.081825031987699788e+02
8.127749956762599481e+01
8.201749967345010361e+01
1.040299982404682879e+02
1.055250028067094235e+02
1.028749917861208907e+01
5.129999631371344293e+00
5.347500492085274004e+00
1.148500041993817966e+01
4.410000586460977701e+00
3.697500159939441033e+00
4.165000046444482962e+00
4.292499691954255070e+00
3.689999762096793035e+00
3.662500082794228007e+00
4.672500275323169916e+00
6.955999903417557562e+01
1.025250002615855607e+02
1.000974978344023754e+02
9.386249807295648395e+01
4.912250037978435557e+01
5.915750063655795543e+01
9.113250273235273369e+01
8.609249874125725910e+01
6.569749878240008911e+01
8.441000024403425073e+01
7.251250083908314537e+01
8.381749906517984527e+01
8.255749984685978404e+01
3.629000031209625377e+01
3.258750009522499624e+01
3.221250022194796969e+01
2.453999994533069184e+01
1.669500008289674753e+01
3.654999684951580008e+00
3.527500039441807900e+00
3.275000881036479683e+00
3.019999810563120946e+00
3.267500483193831684e+00
3.412499277549301269e+00
7.070499927005693053e+01
8.672249657096347164e+01
6.797749872370594915e+01
6.677000051083062715e+01
1.806249966526665318e+01
4.522500005086366315e+01
1.015375030420383808e+02
7.684249919790983085e+01
8.254000069801409722e+01
9.853999885007492310e+01
1.500250016548995902e+01
5.129999631371344293e+00
5.122499233528692741e+00
5.059999477080918240e+00
5.307500149711628978e+00
4.724999501314080419e+00
3.994999925946846275e+00
3.562500116587020926e+00
3.867500280437077720e+00
4.112500820453572459e+00
3.600000326346449953e+00
3.554999718744369375e+00
3.905000490196506746e+00
4.482500873365619753e+00
7.308000069179539082e+01
1.077924967465827422e+02
1.035275018357256727e+02
1.184999970875042266e+02
2.766750002286291732e+01
6.755499944480298780e+01
6.855999937210350481e+01
5.171500088278291685e+01
5.141000071893286361e+01
4.747500018025274215e+01
4.535249969637343526e+01
5.713000163311124169e+01
4.884249976262265136e+01
1.403250031533466391e+01
3.887499561896991196e+00
3.724999839242006061e+00
4.205000388818127988e+00
3.735000369698870060e+00
3.562500116587020926e+00
3.117499644156112026e+00
3.382499465632520241e+00
3.314999443956310188e+00
3.095000230081978998e+00
3.509999111142292350e+00
3.602749973350715607e+01
6.650249877728617776e+01
6.514999999060157165e+01
5.981500170447436204e+01
2.231250000852678994e+01
4.582749998072112874e+01
6.649249824682931376e+01
9.042250065899159495e+01
5.755750117724264214e+01
5.448750025728216428e+01
4.222999955042205045e+01
6.456500098904362517e+01
1.043024966803335332e+02
9.082499318897166773e+00
4.170000311672914961e+00
3.940000567341719773e+00
4.057499682394624330e+00
3.952499450958985250e+00
3.537500569898671898e+00
3.427500073234600819e+00
3.472500680836677844e+00
3.277499234196877609e+00
3.184999665832322080e+00
3.562500116587020926e+00
5.896999958776080319e+01
1.121749996697618172e+02
1.091499993574034164e+02
1.052749966631030389e+02
2.284250009634306267e+01
5.831000016668399866e+01
1.073799979981366448e+02
1.155249994274301741e+02
9.868500298279184335e+01
9.387499482747220014e+00
4.057499682394624330e+00
4.129999969299269935e+00
4.097500024768272908e+00
4.500000022211317230e+00
3.887499561896991196e+00
3.519999641599156348e+00
3.165000384372408604e+00
3.424999940620381267e+00
3.430000205848816819e+00
3.340000770098473737e+00
3.357499918944171213e+00
3.457499885151378294e+00
3.412499277549301269e+00
3.395000128703603792e+00
5.114749925061685332e+01
4.498499977607559686e+01
3.215749997361593415e+01
3.581750016036278339e+01
1.155749981711591445e+01
2.312250004620958777e+01
3.542249967103547448e+01
3.549750009055433964e+01
3.596499997705937801e+01
4.750000827456247521e+00
3.814999274992345590e+00
3.800000258760864114e+00
3.949999318344769250e+00
3.322499841798958187e+00
2.989999998646339918e+00
2.900000562895996836e+00
3.589999795889585954e+00
2.917499711741694313e+00
3.032500473634200944e+00
3.070000683393633523e+00
3.152499721301325053e+00
2.962500319343774891e+00
3.084999699625114999e+00
3.430000205848816819e+00
3.457750022350264629e+01
6.565499830741222809e+01
6.522500041012042971e+01
6.175000113955652381e+01
1.604750043516411395e+01
4.104000048639242948e+01
6.156999870914820150e+01
6.334249842157537103e+01
6.120249878885037020e+01
5.223499999527886928e+01
3.828750039335309907e+01
5.196499990857402906e+01
4.553750061255637149e+01
1.194499990860057181e+01
3.672500613251095558e+00
3.832500203291861141e+00
3.872500545665509719e+00
3.592499928503801954e+00
3.462500150379813846e+00
3.282499499425313161e+00
2.914999579127478313e+00
2.925000109584345864e+00
3.114999511541896027e+00
3.689999762096793035e+00
3.972750026262765033e+01
7.539250057763223367e+01
5.516750073927270392e+01
5.237750043647394449e+01
1.741500001753401961e+01
3.391000040458318665e+01
5.559250015078988127e+01
5.051749964145682981e+01
5.011249951139956238e+01
4.144750074906390580e+01
1.191750022929800679e+01
8.002500751531616885e+00
5.324999298557326455e+00
3.914999241199552671e+00
3.727499971856222061e+00
3.572500647043884925e+00
3.702500425167873033e+00
3.249999554894316134e+00
2.862500353136567810e+00
3.012499412720469394e+00
3.465000282994029845e+00
2.917499711741694313e+00
2.870000750979219362e+00
3.759999916387219088e+00
3.634000029519985731e+01
6.947000137787904350e+01
7.101749983174963177e+01
8.260000032184764507e+01
3.258000014224580099e+01
5.941750019280593165e+01
8.757000059974505746e+01
1.079099976410894612e+02
8.994750037464390857e+01
9.746249685641595306e+01
8.548999703194598965e+01
9.895500306949668357e+01
1.001325032499090497e+02
2.078000012602422686e+01
3.932500169499071774e+00
3.770000446844086639e+00
3.762500049001435087e+00
3.787499595689784115e+00
4.042500666163142853e+00
3.184999665832322080e+00
3.209999212520667555e+00
3.770000446844086639e+00
3.142499190844457502e+00
3.530000172056023899e+00
6.748999955574099374e+01
1.355249997866869478e+02
1.233350008809568550e+02
1.087450027862537922e+02
1.849249978687571883e+01
5.436000061177239218e+01
8.650000078338256060e+01
7.766750025370966171e+01
8.841749751071137098e+01
5.545000148904863124e+01
5.412500060221276499e+01
7.420499986676301774e+01
7.212499985787157186e+01
1.782250028020549948e+01
3.852499484751778169e+00
3.714999308785138510e+00
4.032500135706278854e+00
3.644999154494712457e+00
3.237500671277050657e+00
3.074999169168247448e+00
3.427500073234600819e+00
3.122499909384544026e+00
2.944999391044259340e+00
3.914999241199552671e+00
5.552999861488828515e+01
8.234000076559966885e+01
8.274500089565694338e+01
6.833750002561495762e+01
2.696500001558238324e+01
5.918500031586052046e+01
8.175750011720212740e+01
8.583249918500928288e+01
8.893000156372613674e+01
6.498000164955774949e+01
5.219999991813365625e+01
6.741999940145056769e+01
5.789750141823790841e+01
1.034750058189946742e+01
4.977500439173223157e+00
4.489999491754453231e+00
3.407500791774683790e+00
3.552499586130153375e+00
3.579999265432718403e+00
3.662500082794228007e+00
4.070000345465707881e+00
3.067500550779417523e+00
3.030000341019984944e+00
3.495000094910810873e+00
3.400000393932035792e+00
3.354999786329955214e+00
3.617499475192147429e+00
3.554999718744369375e+00
3.692499894711009034e+00
4.724999501314080419e+00
4.759999578459293446e+00
4.762499711073509445e+00
5.087499156383479715e+00
5.092499421611915267e+00
3.672500613251095558e+00
3.877500810893941718e+00
3.105000760538846549e+00
3.105000760538846549e+00
3.357499918944171213e+00
2.842499292222836260e+00
3.105000760538846549e+00
3.077499301782463448e+00
3.084999699625114999e+00
2.890000032439132838e+00
2.879999501982265286e+00
3.554999718744369375e+00
