9.633094787597656250e+01
9.703196716308593750e+01
9.043629455566406250e+01
7.928036499023437500e+01
8.171641540527343750e+01
6.907456207275390625e+01
6.450727081298828125e+01
4.982955551147460938e+01
5.105221557617187500e+01
4.222562026977539062e+01
-8.261219024658203125e+00
-1.307608127593994141e+01
-1.431685447692871094e+01
-1.879446792602539062e+01
-1.836536788940429688e+01
-1.893239212036132812e+01
-2.508152389526367188e+01
-3.292561721801757812e+01
-3.791763687133789062e+01
-5.014601516723632812e+01
-3.314229965209960938e+01
-2.621471595764160156e+01
-1.788474655151367188e+01
-1.604262924194335938e+01
-1.522639369964599609e+01
-1.403116893768310547e+01
-1.463345241546630859e+01
-1.784067535400390625e+01
-1.601539993286132812e+01
-1.954958915710449219e+01
-2.210574531555175781e+01
-4.420453548431396484e+00
1.803475570678710938e+01
5.010153579711914062e+01
4.419064331054687500e+01
7.860567474365234375e+01
8.515271759033203125e+01
8.452861022949218750e+01
1.135815277099609375e+02
1.141994018554687500e+02
1.165901565551757812e+02
1.195691528320312500e+02
1.257448883056640625e+02
1.081403656005859375e+02
7.906504821777343750e+01
1.018116073608398438e+02
6.015098953247070312e+01
8.879248046875000000e+01
8.112702178955078125e+01
8.222967529296875000e+01
1.107697906494140625e+02
1.062601852416992188e+02
1.162188720703125000e+02
1.285321502685546875e+02
1.238978042602539062e+02
1.249944000244140625e+02
1.245516357421875000e+02
1.227707672119140625e+02
1.255517578125000000e+02
1.268204956054687500e+02
1.089668273925781250e+02
1.390269927978515625e+02
1.083536300659179688e+02
1.244442443847656250e+02
1.235815353393554688e+02
1.248073120117187500e+02
1.243063049316406250e+02
1.207486343383789062e+02
1.251303558349609375e+02
1.306357116699218750e+02
1.357272186279296875e+02
1.155058212280273438e+02
1.220231246948242188e+02
1.196990814208984375e+02
1.495276794433593750e+02
1.428168334960937500e+02
1.291325378417968750e+02
1.314510192871093750e+02
1.222173156738281250e+02
1.226131591796875000e+02
1.271542205810546875e+02
1.236901702880859375e+02
1.380969085693359375e+02
1.297115936279296875e+02
1.369111175537109375e+02
1.289415130615234375e+02
1.388135681152343750e+02
1.405461273193359375e+02
1.160598754882812500e+02
1.235722808837890625e+02
1.295335540771484375e+02
9.883340454101562500e+01
1.054833679199218750e+02
1.017323074340820312e+02
9.904434967041015625e+01
1.027957916259765625e+02
9.233528900146484375e+01
1.067724761962890625e+02
1.183691177368164062e+02
1.169892120361328125e+02
1.205215530395507812e+02
1.200522232055664062e+02
1.171532821655273438e+02
1.158960037231445312e+02
1.124656372070312500e+02
1.072633209228515625e+02
9.029212951660156250e+01
8.814105987548828125e+01
9.310015869140625000e+01
1.261268615722656250e+02
1.162486267089843750e+02
1.235246658325195312e+02
1.230642623901367188e+02
1.251423492431640625e+02
1.271727905273437500e+02
1.290341033935546875e+02
1.313088989257812500e+02
1.178004455566406250e+02
1.193075561523437500e+02
1.170272140502929688e+02
1.162924270629882812e+02
1.142605667114257812e+02
1.254980773925781250e+02
1.218639831542968750e+02
1.164884414672851562e+02
1.161887588500976562e+02
1.109810028076171875e+02
1.070161285400390625e+02
1.065782775878906250e+02
1.082182083129882812e+02
9.230265045166015625e+01
9.834779357910156250e+01
1.015414505004882812e+02
1.124460372924804688e+02
1.197702484130859375e+02
1.134855041503906250e+02
1.204144058227539062e+02
1.143277664184570312e+02
1.131411590576171875e+02
1.142530517578125000e+02
1.138236846923828125e+02
1.135155792236328125e+02
9.768199157714843750e+01
9.137320709228515625e+01
8.698773193359375000e+01
8.719787597656250000e+01
8.352581787109375000e+01
8.646915435791015625e+01
8.228232574462890625e+01
8.113246917724609375e+01
7.207980346679687500e+01
6.967015838623046875e+01
7.082662963867187500e+01
8.217557525634765625e+01
8.129539489746093750e+01
8.528952789306640625e+01
8.834363555908203125e+01
8.798238372802734375e+01
1.002961959838867188e+02
1.058631591796875000e+02
9.934896087646484375e+01
9.449717712402343750e+01
9.833292388916015625e+01
9.775888061523437500e+01
9.315518188476562500e+01
9.417114257812500000e+01
9.419732666015625000e+01
1.011319351196289062e+02
9.577252197265625000e+01
9.759900665283203125e+01
9.573769378662109375e+01
1.049907379150390625e+02
1.032126541137695312e+02
1.015486755371093750e+02
1.004588928222656250e+02
8.465695953369140625e+01
7.185736083984375000e+01
7.514418792724609375e+01
7.088380432128906250e+01
9.078114318847656250e+01
8.011849212646484375e+01
1.121403350830078125e+02
1.204476165771484375e+02
1.162257232666015625e+02
1.161117401123046875e+02
1.160628662109375000e+02
1.344149932861328125e+02
1.310820922851562500e+02
1.362828216552734375e+02
1.311271972656250000e+02
1.224142379760742188e+02
1.182200317382812500e+02
1.214918365478515625e+02
1.200202331542968750e+02
1.036486587524414062e+02
9.979822540283203125e+01
9.793719482421875000e+01
9.742857360839843750e+01
9.359449005126953125e+01
8.239212799072265625e+01
8.890344238281250000e+01
9.071376037597656250e+01
9.037967681884765625e+01
9.053723144531250000e+01
1.131173858642578125e+02
1.037456436157226562e+02
1.042184829711914062e+02
1.066773757934570312e+02
1.138753280639648438e+02
1.123373489379882812e+02
1.116589508056640625e+02
1.070600738525390625e+02
1.041317291259765625e+02
1.031847381591796875e+02
9.667474365234375000e+01
8.683496093750000000e+01
7.512067413330078125e+01
7.883159637451171875e+01
7.906050872802734375e+01
8.304237365722656250e+01
8.823081970214843750e+01
9.134268951416015625e+01
9.233161926269531250e+01
8.923480224609375000e+01
8.914759063720703125e+01
8.322714233398437500e+01
7.555260467529296875e+01
7.940281677246093750e+01
7.548310852050781250e+01
7.395611572265625000e+01
7.324320983886718750e+01
7.130016326904296875e+01
8.090512084960937500e+01
9.496659851074218750e+01
1.139742889404296875e+02
1.047707061767578125e+02
1.062134246826171875e+02
1.035442504882812500e+02
6.797395324707031250e+01
7.723290252685546875e+01
7.342098236083984375e+01
5.467513275146484375e+01
4.483454132080078125e+01
4.624580001831054688e+01
4.678835296630859375e+01
6.043337249755859375e+01
5.576018524169921875e+01
8.575826644897460938e+00
-7.761443257331848145e-01
-7.558706402778625488e-01
-4.395047128200531006e-01
1.876854062080383301e+00
2.740596830844879150e-01
-3.144633531570434570e+00
-1.166179656982421875e+01
-1.329473686218261719e+01
-1.182695007324218750e+01
-1.123191833496093750e+01
-2.119851684570312500e+01
-2.912567138671875000e+01
-3.034238052368164062e+01
-2.902317810058593750e+01
-3.332947540283203125e+01
-3.386039352416992188e+01
-3.213065338134765625e+01
-2.606951332092285156e+01
-1.975871086120605469e+01
-6.604982376098632812e+00
2.162832021713256836e+00
2.383986234664916992e+00
4.352162837982177734e+00
4.362004756927490234e+00
5.105159759521484375e+00
5.303718566894531250e+00
2.468831300735473633e+00
1.102521538734436035e+00
-1.321566581726074219e+01
-1.684699821472167969e+01
-3.905424118041992188e+01
-4.750419616699218750e+01
-5.053116226196289062e+01
-5.174160385131835938e+01
-4.238406753540039062e+01
-3.997500991821289062e+01
-4.104466629028320312e+01
-4.228305816650390625e+01
-5.266492080688476562e+01
-4.768884658813476562e+01
-4.241748809814453125e+01
-4.008478164672851562e+01
-4.096821212768554688e+01
-4.026379394531250000e+01
-3.897268676757812500e+01
-3.342759323120117188e+01
-3.112900161743164062e+01
-2.881716918945312500e+01
-2.888094711303710938e+01
-3.279830169677734375e+01
-2.991395187377929688e+01
-1.738686561584472656e+01
-1.344973564147949219e+01
-1.396714305877685547e+01
-1.453605079650878906e+01
-1.711210250854492188e+01
-1.776539039611816406e+01
-1.766057968139648438e+01
-1.764582633972167969e+01
-2.565369796752929688e+01
-1.714199638366699219e+01
-1.489121723175048828e+01
-2.167302513122558594e+01
-2.564671707153320312e+01
-1.819746398925781250e+01
-1.176938819885253906e+01
-1.591133236885070801e+00
-5.509741306304931641e+00
-8.120064735412597656e+00
-1.781228303909301758e+00
-3.182745933532714844e+00
-7.836403846740722656e+00
1.658806443214416504e+00
4.934154510498046875e+00
-4.705997467041015625e+00
-6.796367168426513672e+00
-5.549395561218261719e+00
-1.952134132385253906e+01
-1.281255722045898438e+01
-3.581203699111938477e+00
-2.163629055023193359e+00
-4.515316963195800781e+00
-4.272886753082275391e+00
2.610742807388305664e+00
3.685480356216430664e+00
4.291836261749267578e+00
-1.491101169586181641e+01
-1.988212013244628906e+01
-1.446357536315917969e+01
-2.073410224914550781e+01
-1.928067970275878906e+01
-1.707283210754394531e+01
-1.560364151000976562e+01
-1.531659317016601562e+01
-1.458730792999267578e+01
4.065710604190826416e-01
-1.499278354644775391e+01
-1.544290447235107422e+01
-2.364818763732910156e+01
-2.720528030395507812e+01
-1.410872173309326172e+01
-1.304212951660156250e+01
-1.171293258666992188e+01
-8.604077339172363281e+00
6.492683291435241699e-01
3.140727758407592773e+00
2.264700698852539062e+01
-9.970806121826171875e+00
-1.432787227630615234e+01
-8.104396820068359375e+00
-3.068649482727050781e+01
-3.713988494873046875e+01
-7.681334686279296875e+01
-8.620029449462890625e+01
-9.309291839599609375e+01
-9.759850311279296875e+01
-9.119314575195312500e+01
-9.052367401123046875e+01
-8.849227905273437500e+01
-8.691053771972656250e+01
-8.572785186767578125e+01
-7.757484436035156250e+01
-7.102668762207031250e+01
-6.590940093994140625e+01
-6.250051498413085938e+01
-5.957473373413085938e+01
-5.664369964599609375e+01
-5.415515899658203125e+01
-5.250086212158203125e+01
-5.009072113037109375e+01
-4.775387191772460938e+01
1.707599830627441406e+01
3.457213973999023438e+01
2.556291580200195312e+01
2.534513854980468750e+01
2.576054382324218750e+01
2.684373092651367188e+01
2.895388031005859375e+01
2.986249542236328125e+01
2.973582077026367188e+01
3.209291458129882812e+01
3.311305236816406250e+01
3.635768127441406250e+01
3.818302917480468750e+01
4.010504150390625000e+01
4.096260452270507812e+01
4.322993850708007812e+01
4.407815551757812500e+01
4.621360015869140625e+01
5.178381729125976562e+01
5.172069931030273438e+01
5.281927490234375000e+01
5.386739349365234375e+01
5.487991714477539062e+01
5.456649398803710938e+01
5.326238632202148438e+01
5.348366546630859375e+01
5.227029037475585938e+01
5.140758514404296875e+01
5.046266555786132812e+01
4.943554306030273438e+01
4.473448944091796875e+01
4.556521224975585938e+01
4.441804504394531250e+01
4.593465423583984375e+01
4.578261184692382812e+01
4.094511795043945312e+01
3.687359237670898438e+01
3.517428588867187500e+01
3.327351760864257812e+01
3.135902786254882812e+01
2.941341400146484375e+01
2.738109970092773438e+01
7.312625122070312500e+01
5.821892929077148438e+01
5.938886260986328125e+01
5.687327957153320312e+01
5.633295440673828125e+01
5.775514984130859375e+01
5.985114669799804688e+01
6.674011230468750000e+01
1.146456069946289062e+02
1.075021362304687500e+02
1.154903182983398438e+02
1.202158050537109375e+02
1.227530517578125000e+02
1.229078063964843750e+02
1.229233551025390625e+02
1.143456039428710938e+02
1.144170989990234375e+02
1.109162063598632812e+02
1.132803649902343750e+02
1.100510864257812500e+02
1.079013595581054688e+02
1.076097640991210938e+02
1.019085540771484375e+02
9.202605438232421875e+01
8.327481079101562500e+01
9.719166564941406250e+01
2.901940536499023438e+01
3.834441375732421875e+01
4.023653411865234375e+01
4.038945007324218750e+01
3.465703582763671875e+01
3.077829742431640625e+01
1.126605629920959473e+00
-3.620207071304321289e+00
-2.092819690704345703e+00
-3.130416154861450195e+00
-7.036422252655029297e+00
-9.544965744018554688e+00
-1.061937999725341797e+01
-6.933465957641601562e+00
-6.782957077026367188e+00
-6.386146926879882812e+01
-7.733081817626953125e+01
-8.588134765625000000e+01
-8.618947601318359375e+01
-8.718936920166015625e+01
-8.805219268798828125e+01
-8.681203460693359375e+01
-8.410446929931640625e+01
-8.360014343261718750e+01
-8.289066314697265625e+01
-8.293244171142578125e+01
-8.292733764648437500e+01
-8.333920288085937500e+01
-8.515839385986328125e+01
-8.710479736328125000e+01
-7.419986724853515625e+01
-7.226174926757812500e+01
-7.585296630859375000e+01
-7.887194061279296875e+01
-8.066692352294921875e+01
-8.152262115478515625e+01
-8.275006866455078125e+01
-8.367150878906250000e+01
-8.047862243652343750e+01
-7.249889373779296875e+01
-6.585337066650390625e+01
-6.076307678222656250e+01
-5.850809860229492188e+01
-5.787375259399414062e+01
-5.829034423828125000e+01
-5.966273117065429688e+01
-5.935243225097656250e+01
-6.310774993896484375e+01
-6.473209381103515625e+01
-6.668836975097656250e+01
-6.809024810791015625e+01
-6.961867523193359375e+01
-6.990610504150390625e+01
-6.810259246826171875e+01
-6.505699157714843750e+01
-7.093846893310546875e+01
-7.550464630126953125e+01
-7.834763336181640625e+01
-8.005488586425781250e+01
-8.085133361816406250e+01
-8.122543334960937500e+01
-8.016328430175781250e+01
-7.504165649414062500e+01
-6.626939392089843750e+01
-5.878118133544921875e+01
-5.211131668090820312e+01
-4.802642059326171875e+01
-4.486230468750000000e+01
-4.172827148437500000e+01
-3.419651031494140625e+01
-2.879159164428710938e+01
-2.764922332763671875e+01
-3.010824012756347656e+01
-2.822664070129394531e+01
-2.554817008972167969e+01
-2.239571571350097656e+01
-2.077335929870605469e+01
-2.533468246459960938e+01
-3.163664245605468750e+01
-3.845943450927734375e+01
-4.522041702270507812e+01
-4.828698730468750000e+01
-4.905664062500000000e+01
-4.910715103149414062e+01
-5.634661483764648438e+01
-6.208359527587890625e+01
-5.274658203125000000e+01
-4.229921340942382812e+01
-3.342934036254882812e+01
-2.999675178527832031e+01
-2.430364036560058594e+01
-1.483813381195068359e+01
-1.159680652618408203e+01
-1.182082748413085938e+01
-1.138650798797607422e+01
-1.390884017944335938e+01
-1.641182708740234375e+01
-1.855639648437500000e+01
-1.812010383605957031e+01
-2.179854393005371094e+01
-2.991580390930175781e+01
-4.010110855102539062e+01
-4.434323120117187500e+01
-5.551266860961914062e+01
-6.154146575927734375e+01
-6.269892120361328125e+01
-6.178097534179687500e+01
-6.113177108764648438e+01
-5.981442260742187500e+01
-5.800959777832031250e+01
-5.370634841918945312e+01
-4.018299865722656250e+01
-2.560634040832519531e+01
-1.488853263854980469e+01
-8.802820205688476562e+00
-1.015377998352050781e+01
-1.292411041259765625e+01
-1.615513610839843750e+01
-1.938518714904785156e+01
-2.174249267578125000e+01
-3.520590209960937500e+01
-4.042946243286132812e+01
-4.573890686035156250e+01
-4.837274551391601562e+01
-4.965114974975585938e+01
-5.060661315917968750e+01
-5.211335372924804688e+01
-5.975562667846679688e+01
-6.497286224365234375e+01
-6.985904693603515625e+01
-7.377983093261718750e+01
-7.807086181640625000e+01
-7.865546417236328125e+01
-7.979339599609375000e+01
-7.083938598632812500e+01
-5.940262985229492188e+01
-3.546354675292968750e+01
-2.388872337341308594e+01
-2.420031929016113281e+01
-2.398410606384277344e+01
-2.383202934265136719e+01
-2.307358741760253906e+01
-2.204427337646484375e+01
-2.795815086364746094e+01
-4.887805938720703125e+01
-5.688129043579101562e+01
-5.881595611572265625e+01
-5.909189605712890625e+01
-5.902111816406250000e+01
-6.543646240234375000e+01
-5.377952957153320312e+01
-4.008337402343750000e+01
-3.215077209472656250e+01
-2.976425361633300781e+01
-3.122697830200195312e+01
-3.360474014282226562e+01
-3.726058959960937500e+01
-3.998493194580078125e+01
-4.465394973754882812e+01
-4.722542953491210938e+01
-4.732483673095703125e+01
-4.769007873535156250e+01
-4.788880920410156250e+01
-4.791456604003906250e+01
-4.788579940795898438e+01
-4.786059570312500000e+01
-4.846960449218750000e+01
-4.881120681762695312e+01
-5.127879333496093750e+01
-5.019055938720703125e+01
-4.861037826538085938e+01
-4.733483886718750000e+01
-4.560509109497070312e+01
-4.422940063476562500e+01
-4.377427291870117188e+01
-4.307246398925781250e+01
-4.075652694702148438e+01
-3.831799697875976562e+01
-3.464311981201171875e+01
-4.381678390502929688e+01
-4.922579574584960938e+01
-5.314595031738281250e+01
-6.194022750854492188e+01
-7.241590118408203125e+01
-7.871451568603515625e+01
-8.218047332763671875e+01
-8.539655303955078125e+01
-8.792339324951171875e+01
-8.977302551269531250e+01
-9.095131683349609375e+01
-8.641741943359375000e+01
-8.396841430664062500e+01
-8.228991699218750000e+01
-8.023659515380859375e+01
-7.502162933349609375e+01
-7.055641174316406250e+01
-6.742955780029296875e+01
-6.506452941894531250e+01
-5.215667724609375000e+01
-3.473505783081054688e+01
-2.432322311401367188e+01
-2.027832984924316406e+01
-2.917404174804687500e+01
-3.244384002685546875e+01
-2.821708679199218750e+01
-2.125481224060058594e+01
-1.144336795806884766e+01
2.012447166442871094e+01
3.121129989624023438e+01
3.523212051391601562e+01
3.757229614257812500e+01
4.048314666748046875e+01
4.227132415771484375e+01
4.422690200805664062e+01
4.257774734497070312e+01
8.811653137207031250e+00
6.460666656494140625e+00
2.852477264404296875e+01
2.862608337402343750e+01
2.654178619384765625e+01
2.549035644531250000e+01
2.901600265502929688e+01
3.001694869995117188e+01
2.978510284423828125e+01
2.974673843383789062e+01
2.975445556640625000e+01
1.981981658935546875e+01
1.668284797668457031e+01
9.893950462341308594e+00
8.138687014579772949e-01
3.639229202270507812e+01
3.271550750732421875e+01
2.593449211120605469e+01
2.190119934082031250e+01
2.012256050109863281e+01
1.610534095764160156e+01
1.404707431793212891e+01
1.425658130645751953e+01
1.235573101043701172e+01
1.120965480804443359e+01
1.335818576812744141e+01
1.679478073120117188e+01
2.226062965393066406e+01
2.426329994201660156e+01
2.058083534240722656e+01
1.403924846649169922e+01
1.082120990753173828e+01
-1.092316341400146484e+01
-2.492000579833984375e+01
-3.130951118469238281e+01
-3.518513488769531250e+01
-3.814451217651367188e+01
-4.162376785278320312e+01
-4.723101425170898438e+01
-5.014288711547851562e+01
-5.153920745849609375e+01
-5.194867324829101562e+01
-5.020523834228515625e+01
-4.795057296752929688e+01
-4.698946380615234375e+01
-4.615820312500000000e+01
-4.189478302001953125e+01
-3.980130767822265625e+01
-3.944896697998046875e+01
-4.020284652709960938e+01
-4.061127471923828125e+01
-3.795877838134765625e+01
-3.299608230590820312e+01
-3.038704681396484375e+01
-3.216616439819335938e+01
-3.396409606933593750e+01
-3.306377410888671875e+01
-2.467373657226562500e+01
-1.635841941833496094e+01
-9.408482551574707031e+00
-9.739006161689758301e-01
1.954830288887023926e+00
6.533070564270019531e+00
1.839459419250488281e+01
3.088821411132812500e+01
3.174115753173828125e+01
2.420072746276855469e+01
3.230162811279296875e+01
4.515935516357421875e+01
4.409611511230468750e+01
4.378335189819335938e+01
4.618402481079101562e+01
4.093321609497070312e+01
3.808756637573242188e+01
3.746657943725585938e+01
3.770445632934570312e+01
3.308267211914062500e+01
3.356774520874023438e+01
3.373443222045898438e+01
2.689977645874023438e+01
1.854542732238769531e+01
1.153575325012207031e+01
4.635885238647460938e+00
-6.820668220520019531e+00
-2.099184226989746094e+01
-3.237416076660156250e+01
-4.320896530151367188e+01
-5.320445632934570312e+01
-6.208379364013671875e+01
-7.524206542968750000e+01
-8.171578216552734375e+01
-8.707746887207031250e+01
-9.122137451171875000e+01
-9.446257019042968750e+01
-9.691870117187500000e+01
-9.124509429931640625e+01
-9.101837158203125000e+01
-9.219152832031250000e+01
-9.318975830078125000e+01
-9.476242065429687500e+01
-9.735966491699218750e+01
-9.969766235351562500e+01
-1.021270523071289062e+02
-1.100405044555664062e+02
-1.194815139770507812e+02
-1.185858840942382812e+02
-1.199248123168945312e+02
-1.207644119262695312e+02
-1.201842803955078125e+02
-1.198874969482421875e+02
-1.200289154052734375e+02
-1.192961425781250000e+02
-1.187864837646484375e+02
-1.201740570068359375e+02
-1.171215438842773438e+02
-1.179849090576171875e+02
-1.163848648071289062e+02
-1.167749481201171875e+02
-1.153534317016601562e+02
-1.099147644042968750e+02
-1.096409835815429688e+02
-1.071987838745117188e+02
-1.067217102050781250e+02
-1.054653930664062500e+02
-1.048771896362304688e+02
-1.032831649780273438e+02
-1.022560806274414062e+02
-9.734268188476562500e+01
-8.883214569091796875e+01
-8.313089752197265625e+01
-8.001136016845703125e+01
-7.855860137939453125e+01
-7.668525695800781250e+01
-7.402906799316406250e+01
-7.082415008544921875e+01
-7.004776000976562500e+01
-8.050355529785156250e+01
-8.529827117919921875e+01
-8.801895904541015625e+01
-8.850750732421875000e+01
-8.898870849609375000e+01
-8.881581115722656250e+01
-8.800844573974609375e+01
-9.139010620117187500e+01
-8.973494720458984375e+01
-9.002402496337890625e+01
-9.002722930908203125e+01
-9.167359924316406250e+01
-9.333802032470703125e+01
-9.601938629150390625e+01
-9.842688751220703125e+01
-1.018660202026367188e+02
-1.153974914550781250e+02
-1.165074462890625000e+02
-1.203674774169921875e+02
-1.228521347045898438e+02
-1.255619277954101562e+02
-1.250256423950195312e+02
-1.219333648681640625e+02
-1.062181625366210938e+02
-1.082790374755859375e+02
-1.071062011718750000e+02
-1.074777908325195312e+02
-1.072350234985351562e+02
-1.056875228881835938e+02
-1.057906951904296875e+02
-1.061760711669921875e+02
-1.077045440673828125e+02
-1.132730865478515625e+02
-1.118295135498046875e+02
-1.120299606323242188e+02
-1.121568527221679688e+02
-1.122304992675781250e+02
-1.128543167114257812e+02
-1.121820983886718750e+02
-1.129314651489257812e+02
-1.217386932373046875e+02
-1.270592498779296875e+02
-1.255668182373046875e+02
-1.272517700195312500e+02
-1.275697326660156250e+02
-1.291062622070312500e+02
-1.301072540283203125e+02
-1.304982604980468750e+02
-1.295208587646484375e+02
-1.282880401611328125e+02
-1.279372329711914062e+02
-1.288078308105468750e+02
-1.307758331298828125e+02
-1.307321777343750000e+02
-1.331355133056640625e+02
-1.336974029541015625e+02
-1.359069213867187500e+02
-1.382449798583984375e+02
-1.370707855224609375e+02
-1.392326354980468750e+02
-1.380850219726562500e+02
-1.384946746826171875e+02
-1.390622406005859375e+02
-1.395391235351562500e+02
-1.391910095214843750e+02
-1.392411346435546875e+02
-1.391287384033203125e+02
-1.435087127685546875e+02
-1.420689239501953125e+02
-1.417321472167968750e+02
-1.409427490234375000e+02
-1.412727813720703125e+02
-1.410755920410156250e+02
-1.411359863281250000e+02
-1.393487701416015625e+02
-1.384938659667968750e+02
-1.372304687500000000e+02
-1.274086990356445312e+02
-1.309522552490234375e+02
-1.281305389404296875e+02
-1.263922195434570312e+02
-1.221065597534179688e+02
-1.215827636718750000e+02
-1.204131851196289062e+02
-1.188117370605468750e+02
-1.173589935302734375e+02
-1.204027557373046875e+02
-1.168632278442382812e+02
-1.166478881835937500e+02
-1.160099334716796875e+02
-1.149047012329101562e+02
-1.121623306274414062e+02
-1.114682388305664062e+02
-1.102705154418945312e+02
-1.086844482421875000e+02
-1.076685028076171875e+02
-9.901352691650390625e+01
-9.291120910644531250e+01
-8.838607025146484375e+01
-8.559369659423828125e+01
-8.261150360107421875e+01
-7.665180969238281250e+01
-7.179363250732421875e+01
-6.849784088134765625e+01
-6.606298065185546875e+01
-6.139321517944335938e+01
-5.657736206054687500e+01
-4.833437728881835938e+01
-4.156516647338867188e+01
-7.686977386474609375e+00
1.410038089752197266e+01
2.086227035522460938e+01
2.820120811462402344e+01
3.652948379516601562e+01
4.106005477905273438e+01
4.352038192749023438e+01
4.766996383666992188e+01
4.917385482788085938e+01
5.113507843017578125e+01
4.697691726684570312e+01
4.768986892700195312e+01
4.645091629028320312e+01
2.386260223388671875e+01
2.537404823303222656e+01
2.319487380981445312e+01
1.792919540405273438e+01
-1.417861270904541016e+01
-2.029801750183105469e+01
-5.521145343780517578e+00
-2.072671353816986084e-01
-1.502073884010314941e+00
-1.137145876884460449e+00
3.948458909988403320e+00
7.704150199890136719e+00
7.712669372558593750e+00
9.419282913208007812e+00
1.371628856658935547e+01
1.178685379028320312e+01
1.340791416168212891e+01
1.362337779998779297e+01
1.669312667846679688e+01
1.786392021179199219e+01
1.768062973022460938e+01
1.974171638488769531e+01
1.342103099822998047e+01
1.298277378082275391e+01
1.337614345550537109e+01
1.241217327117919922e+01
1.234177207946777344e+01
1.558520412445068359e+01
9.568535804748535156e+00
6.853211402893066406e+00
6.992403030395507812e+00
6.232365608215332031e+00
9.208850860595703125e+00
2.027586746215820312e+01
2.483062171936035156e+01
2.403087997436523438e+01
2.707420349121093750e+01
2.580341529846191406e+01
2.565617752075195312e+01
2.569675064086914062e+01
2.795453834533691406e+01
3.242543792724609375e+01
3.080767822265625000e+01
3.417351913452148438e+01
3.506213760375976562e+01
3.597644805908203125e+01
3.816360473632812500e+01
3.901626205444335938e+01
3.761425399780273438e+01
3.773150634765625000e+01
3.775716781616210938e+01
3.657603454589843750e+01
3.438226699829101562e+01
3.350610733032226562e+01
3.139057922363281250e+01
2.934101104736328125e+01
2.509731674194335938e+01
1.061486053466796875e+01
9.083161354064941406e+00
1.104782962799072266e+01
8.355803489685058594e+00
3.082710027694702148e+00
3.599252462387084961e+00
1.206244587898254395e+00
-5.697964191436767578e+00
-1.303666877746582031e+01
-1.767947959899902344e+01
-2.238460159301757812e+01
-2.581156158447265625e+01
-2.727953147888183594e+01
-2.893656158447265625e+01
-3.089096450805664062e+01
-2.997835159301757812e+01
-2.933210372924804688e+01
-2.994701004028320312e+01
-3.100603485107421875e+01
-3.424082565307617188e+01
-3.759600448608398438e+01
-4.137108612060546875e+01
-5.221612167358398438e+01
-5.866273117065429688e+01
-6.148342514038085938e+01
-6.441262054443359375e+01
-6.810514068603515625e+01
-7.161351013183593750e+01
-7.493014526367187500e+01
-7.938771820068359375e+01
-8.251371002197265625e+01
-8.470279693603515625e+01
-8.607748413085937500e+01
-8.671151733398437500e+01
-8.784500885009765625e+01
-8.667884063720703125e+01
-8.167348480224609375e+01
-7.524607849121093750e+01
-7.187319183349609375e+01
-7.058085632324218750e+01
-7.102947235107421875e+01
-7.139850616455078125e+01
-7.112598419189453125e+01
-7.139949798583984375e+01
-7.157337951660156250e+01
-7.209042358398437500e+01
-8.061283874511718750e+01
-8.516528320312500000e+01
-8.637998962402343750e+01
-8.763536834716796875e+01
-8.817852020263671875e+01
-8.846487426757812500e+01
-8.128882598876953125e+01
-7.692279052734375000e+01
-7.439420318603515625e+01
-7.411341857910156250e+01
-7.501357269287109375e+01
-7.594011688232421875e+01
-7.639377593994140625e+01
-8.208697509765625000e+01
-8.431090545654296875e+01
-8.346351623535156250e+01
-8.447035217285156250e+01
-8.524578857421875000e+01
-8.518804168701171875e+01
-8.560721588134765625e+01
-8.576173400878906250e+01
-8.584063720703125000e+01
-8.587756347656250000e+01
-8.710093688964843750e+01
-8.712894439697265625e+01
-8.217609405517578125e+01
-7.681573486328125000e+01
-7.332482910156250000e+01
-7.128559875488281250e+01
-6.948005676269531250e+01
-6.860746002197265625e+01
-6.782158660888671875e+01
-6.697017669677734375e+01
-6.558330535888671875e+01
-6.678034973144531250e+01
-7.038530731201171875e+01
-7.172737121582031250e+01
-6.952649688720703125e+01
-5.388301467895507812e+01
-3.777010345458984375e+01
-2.954176521301269531e+01
-2.513096427917480469e+01
-2.279715347290039062e+01
-2.089929199218750000e+01
-1.972576332092285156e+01
-1.875724601745605469e+01
-1.858744430541992188e+01
-1.948178291320800781e+01
-2.379617500305175781e+01
-3.189616394042968750e+01
-2.301243782043457031e+01
-1.418715190887451172e+01
-8.176296234130859375e+00
-2.890154123306274414e+00
3.430672883987426758e+00
8.946929931640625000e+00
1.206161975860595703e+01
1.818161010742187500e+01
2.471385955810546875e+01
2.980269241333007812e+01
3.020826339721679688e+01
2.645158195495605469e+01
2.430807113647460938e+01
2.678963851928710938e+01
2.569659614562988281e+01
2.230612564086914062e+01
2.023295211791992188e+01
1.934798622131347656e+01
1.841066741943359375e+01
1.847865104675292969e+01
1.748532676696777344e+01
5.288196563720703125e+00
3.126053571701049805e+00
1.745310211181640625e+01
1.747539901733398438e+01
1.552098369598388672e+01
1.124554347991943359e+01
1.002460956573486328e+01
8.187231063842773438e+00
7.106827735900878906e+00
5.150958061218261719e+00
-9.621235847473144531e+00
-1.357173156738281250e+01
-1.580647468566894531e+01
-1.937029457092285156e+01
-2.183350944519042969e+01
-2.461218452453613281e+01
-2.985208129882812500e+01
-3.303425598144531250e+01
-3.515402221679687500e+01
-1.056202125549316406e+01
3.050437211990356445e+00
3.543140172958374023e+00
3.451339960098266602e+00
5.292201042175292969e+00
4.485014915466308594e+00
5.173548698425292969e+00
6.309145927429199219e+00
1.577269268035888672e+01
2.394620323181152344e+01
3.582821273803710938e+01
4.862026596069335938e+01
5.809614562988281250e+01
6.782154846191406250e+01
8.220771026611328125e+01
8.971274566650390625e+01
9.902144622802734375e+01
1.027353668212890625e+02
1.071828079223632812e+02
1.078431472778320312e+02
1.099010696411132812e+02
1.091317977905273438e+02
1.105700836181640625e+02
1.088819274902343750e+02
1.072373504638671875e+02
1.019971618652343750e+02
1.062775802612304688e+02
1.023120040893554688e+02
1.026759643554687500e+02
1.013396530151367188e+02
1.018439788818359375e+02
1.063104476928710938e+02
1.058259277343750000e+02
1.048865203857421875e+02
1.040692901611328125e+02
1.031953506469726562e+02
1.035151443481445312e+02
1.010295333862304688e+02
9.718950653076171875e+01
9.132688903808593750e+01
8.608472442626953125e+01
8.299909210205078125e+01
8.286789703369140625e+01
8.544662475585937500e+01
9.073931121826171875e+01
9.616798400878906250e+01
9.542292785644531250e+01
9.928936004638671875e+01
1.274573669433593750e+02
1.266574249267578125e+02
1.304720001220703125e+02
1.339885101318359375e+02
1.373799438476562500e+02
1.430084381103515625e+02
1.452216186523437500e+02
4.217024230957031250e+01
6.694148254394531250e+01
6.398135375976562500e+01
6.713109588623046875e+01
6.924477386474609375e+01
6.753720855712890625e+01
6.432361602783203125e+01
6.527900695800781250e+01
6.509299468994140625e+01
1.364565429687500000e+02
1.385607299804687500e+02
1.423120880126953125e+02
1.433959197998046875e+02
1.435470275878906250e+02
1.452111206054687500e+02
1.504081726074218750e+02
1.515299224853515625e+02
1.506106567382812500e+02
1.460033111572265625e+02
1.445782775878906250e+02
1.442555694580078125e+02
1.435424041748046875e+02
1.413280639648437500e+02
1.428828430175781250e+02
1.406728210449218750e+02
1.389038543701171875e+02
1.377604827880859375e+02
1.345249023437500000e+02
1.319368743896484375e+02
1.289646759033203125e+02
1.250028381347656250e+02
1.212538223266601562e+02
1.172596206665039062e+02
1.120931396484375000e+02
1.106459350585937500e+02
1.077138366699218750e+02
1.053459854125976562e+02
1.073697128295898438e+02
1.088949432373046875e+02
1.036971282958984375e+02
1.033503646850585938e+02
1.010854721069335938e+02
1.019335708618164062e+02
1.039585494995117188e+02
1.020393371582031250e+02
1.039460220336914062e+02
1.055568466186523438e+02
1.038018493652343750e+02
1.033024902343750000e+02
1.034751892089843750e+02
1.010467224121093750e+02
1.007752532958984375e+02
9.967560577392578125e+01
1.024465866088867188e+02
1.060868606567382812e+02
1.304574584960937500e+02
1.236707305908203125e+02
1.296600646972656250e+02
1.043112792968750000e+02
