3.551864318847656250e+02
3.244850463867187500e+02
3.092911071777343750e+02
2.871886901855468750e+02
3.067516784667968750e+02
3.407419433593750000e+02
3.892429199218750000e+02
4.198526916503906250e+02
4.131333312988281250e+02
4.034738159179687500e+02
3.975757751464843750e+02
3.849272766113281250e+02
3.913583068847656250e+02
3.952242736816406250e+02
3.910952148437500000e+02
3.919565124511718750e+02
3.876431579589843750e+02
3.862357482910156250e+02
3.727510986328125000e+02
3.694682006835937500e+02
3.648117370605468750e+02
3.606681823730468750e+02
3.546237487792968750e+02
3.503023681640625000e+02
3.012314758300781250e+02
2.685762329101562500e+02
2.333127288818359375e+02
1.929668884277343750e+02
1.584938354492187500e+02
1.580388336181640625e+02
1.723557128906250000e+02
1.743370208740234375e+02
1.674704589843750000e+02
1.684415588378906250e+02
1.744395904541015625e+02
1.958605651855468750e+02
2.052307891845703125e+02
2.079864654541015625e+02
2.112628631591796875e+02
2.135508117675781250e+02
2.296237182617187500e+02
2.494182586669921875e+02
2.804824218750000000e+02
2.890002441406250000e+02
3.064197082519531250e+02
3.179953002929687500e+02
3.391372375488281250e+02
3.361469116210937500e+02
3.399646301269531250e+02
3.553231201171875000e+02
3.561391601562500000e+02
3.527615966796875000e+02
3.533137817382812500e+02
3.566557617187500000e+02
3.616885375976562500e+02
3.626675720214843750e+02
3.648147583007812500e+02
3.486783142089843750e+02
3.257058410644531250e+02
3.302677001953125000e+02
3.423016967773437500e+02
3.473264160156250000e+02
3.524473571777343750e+02
3.492386474609375000e+02
3.470926208496093750e+02
3.421431579589843750e+02
3.397260131835937500e+02
3.366268310546875000e+02
3.346562194824218750e+02
3.335967102050781250e+02
3.324517822265625000e+02
3.378227844238281250e+02
3.358050842285156250e+02
3.380113830566406250e+02
3.380656433105468750e+02
3.408041076660156250e+02
3.422645874023437500e+02
3.465426635742187500e+02
3.503543090820312500e+02
3.485851440429687500e+02
3.475478820800781250e+02
3.459494934082031250e+02
3.438029174804687500e+02
3.343689575195312500e+02
3.377283935546875000e+02
3.382571105957031250e+02
3.382248840332031250e+02
3.344115905761718750e+02
3.354291992187500000e+02
3.359729003906250000e+02
3.364754943847656250e+02
3.394085998535156250e+02
3.394181823730468750e+02
3.365141601562500000e+02
3.341515502929687500e+02
3.383871154785156250e+02
3.342695922851562500e+02
3.326844787597656250e+02
3.327939147949218750e+02
3.324266967773437500e+02
3.293335876464843750e+02
3.322537841796875000e+02
3.361822814941406250e+02
3.334229125976562500e+02
3.321549072265625000e+02
3.311270141601562500e+02
3.266929321289062500e+02
3.332109680175781250e+02
3.339926452636718750e+02
3.375103149414062500e+02
3.407603454589843750e+02
3.396536254882812500e+02
3.501077575683593750e+02
3.584758605957031250e+02
3.575155029296875000e+02
3.554110107421875000e+02
3.600539855957031250e+02
3.622960510253906250e+02
3.630428771972656250e+02
3.663683471679687500e+02
3.649672851562500000e+02
3.661365051269531250e+02
3.682361145019531250e+02
3.725304870605468750e+02
3.759290466308593750e+02
3.856265258789062500e+02
3.908124084472656250e+02
3.928658142089843750e+02
3.871407470703125000e+02
3.874129638671875000e+02
3.891642456054687500e+02
3.910447692871093750e+02
3.940123291015625000e+02
3.856390075683593750e+02
3.861399536132812500e+02
3.879113769531250000e+02
3.877817993164062500e+02
3.919647216796875000e+02
3.944885864257812500e+02
3.960428161621093750e+02
3.959128417968750000e+02
4.025575866699218750e+02
3.970374145507812500e+02
3.967700500488281250e+02
3.962208557128906250e+02
3.925141906738281250e+02
3.928090515136718750e+02
3.939518432617187500e+02
4.033825988769531250e+02
4.020771484375000000e+02
4.037525634765625000e+02
4.002687377929687500e+02
4.002066650390625000e+02
4.013345336914062500e+02
4.002644042968750000e+02
3.988766479492187500e+02
3.871076660156250000e+02
3.891333312988281250e+02
3.949736938476562500e+02
4.033103332519531250e+02
4.010552368164062500e+02
4.008006896972656250e+02
3.952840881347656250e+02
3.964692993164062500e+02
3.965042419433593750e+02
3.944458312988281250e+02
3.875347595214843750e+02
3.900406799316406250e+02
3.886219177246093750e+02
3.808280944824218750e+02
3.843715209960937500e+02
3.832333984375000000e+02
3.844453735351562500e+02
3.889632873535156250e+02
3.908886108398437500e+02
3.941907958984375000e+02
3.945151062011718750e+02
3.766647644042968750e+02
3.848404235839843750e+02
3.918844604492187500e+02
3.924869995117187500e+02
3.939065551757812500e+02
3.897579650878906250e+02
3.860839538574218750e+02
3.984906616210937500e+02
4.028769226074218750e+02
3.967453918457031250e+02
3.911794128417968750e+02
3.878208618164062500e+02
3.880527038574218750e+02
3.956311950683593750e+02
3.963732910156250000e+02
3.986600036621093750e+02
3.892999877929687500e+02
3.898494873046875000e+02
3.862261047363281250e+02
3.877934570312500000e+02
3.899115295410156250e+02
3.900998535156250000e+02
3.911956787109375000e+02
3.902536621093750000e+02
3.861995544433593750e+02
3.856438903808593750e+02
3.866859130859375000e+02
3.864654235839843750e+02
3.917352600097656250e+02
3.895314331054687500e+02
3.860132751464843750e+02
4.043942565917968750e+02
4.011743164062500000e+02
3.994869995117187500e+02
4.054403076171875000e+02
4.062167053222656250e+02
3.956398925781250000e+02
4.029226074218750000e+02
4.087010498046875000e+02
4.035448303222656250e+02
3.948376159667968750e+02
3.907520751953125000e+02
3.899672241210937500e+02
3.888927612304687500e+02
3.891784057617187500e+02
3.897728271484375000e+02
3.901018371582031250e+02
3.882356262207031250e+02
3.879001159667968750e+02
3.866774597167968750e+02
3.866960144042968750e+02
3.876967163085937500e+02
3.864203796386718750e+02
3.848527832031250000e+02
3.864452514648437500e+02
3.874064025878906250e+02
3.859224853515625000e+02
4.061318359375000000e+02
4.099494323730468750e+02
4.033038635253906250e+02
4.023201904296875000e+02
3.974131164550781250e+02
3.934016113281250000e+02
3.870765686035156250e+02
3.874335021972656250e+02
3.887497253417968750e+02
3.891036682128906250e+02
3.929353332519531250e+02
3.825737609863281250e+02
3.800455017089843750e+02
3.814073486328125000e+02
3.852060546875000000e+02
3.885463562011718750e+02
3.889884948730468750e+02
3.913096313476562500e+02
3.908265686035156250e+02
3.841299133300781250e+02
3.806679687500000000e+02
3.802941284179687500e+02
3.854190979003906250e+02
3.888090209960937500e+02
3.883777770996093750e+02
3.869056091308593750e+02
3.859516601562500000e+02
3.919718933105468750e+02
3.892954711914062500e+02
3.886631164550781250e+02
3.849428710937500000e+02
3.732444152832031250e+02
3.835945129394531250e+02
3.785295104980468750e+02
3.818205566406250000e+02
3.806088256835937500e+02
3.779341735839843750e+02
3.740116882324218750e+02
3.797957763671875000e+02
3.822303466796875000e+02
3.772177124023437500e+02
3.741104125976562500e+02
3.730900573730468750e+02
3.750886535644531250e+02
3.791928710937500000e+02
3.811884765625000000e+02
3.787291259765625000e+02
3.780093078613281250e+02
3.765040588378906250e+02
3.761951293945312500e+02
3.738710327148437500e+02
3.672152709960937500e+02
3.607000122070312500e+02
3.627166442871093750e+02
3.707194213867187500e+02
3.714206848144531250e+02
3.686226196289062500e+02
3.658873596191406250e+02
3.644163208007812500e+02
3.620492553710937500e+02
3.619338684082031250e+02
3.627435302734375000e+02
3.544333190917968750e+02
3.572263183593750000e+02
3.588898620605468750e+02
3.568118896484375000e+02
3.548970642089843750e+02
3.668530578613281250e+02
3.594447326660156250e+02
3.617236328125000000e+02
3.595023803710937500e+02
3.571433410644531250e+02
3.521261291503906250e+02
3.429974670410156250e+02
3.335172424316406250e+02
3.523873291015625000e+02
3.607579040527343750e+02
3.646844482421875000e+02
3.621861267089843750e+02
3.590385131835937500e+02
3.643085632324218750e+02
3.648435363769531250e+02
3.637934265136718750e+02
3.641833190917968750e+02
3.618146362304687500e+02
3.512158203125000000e+02
3.541336669921875000e+02
3.462300109863281250e+02
3.574539184570312500e+02
3.609834289550781250e+02
3.593904113769531250e+02
3.583085327148437500e+02
3.614983825683593750e+02
3.645550537109375000e+02
3.691392822265625000e+02
3.707584533691406250e+02
3.660841064453125000e+02
3.660751342773437500e+02
3.684770812988281250e+02
3.719873352050781250e+02
3.729619750976562500e+02
3.597712097167968750e+02
3.567836608886718750e+02
3.754120788574218750e+02
3.791216125488281250e+02
3.857424316406250000e+02
3.822955932617187500e+02
3.761496887207031250e+02
3.730055236816406250e+02
3.725504455566406250e+02
3.762030944824218750e+02
3.656102600097656250e+02
3.629816894531250000e+02
3.616906433105468750e+02
3.633371582031250000e+02
3.933536071777343750e+02
4.003878479003906250e+02
4.038039855957031250e+02
4.067072753906250000e+02
4.071922912597656250e+02
4.065022583007812500e+02
4.060080871582031250e+02
4.035118103027343750e+02
3.653775939941406250e+02
3.633619995117187500e+02
3.602260131835937500e+02
3.634404907226562500e+02
3.628341369628906250e+02
3.649471130371093750e+02
3.624267272949218750e+02
3.584273986816406250e+02
3.607206420898437500e+02
3.618283081054687500e+02
3.548794250488281250e+02
3.521593017578125000e+02
3.565753784179687500e+02
3.633166503906250000e+02
3.693479003906250000e+02
3.738756713867187500e+02
3.757043457031250000e+02
3.775384826660156250e+02
3.900335998535156250e+02
3.933694763183593750e+02
3.906072082519531250e+02
3.892212524414062500e+02
3.853914184570312500e+02
3.788625793457031250e+02
3.830574340820312500e+02
3.860382690429687500e+02
3.854193115234375000e+02
3.863626098632812500e+02
3.841955566406250000e+02
3.794883422851562500e+02
3.781343383789062500e+02
3.734077453613281250e+02
3.720325317382812500e+02
3.810476989746093750e+02
3.753432006835937500e+02
3.743381958007812500e+02
3.759927673339843750e+02
3.784095153808593750e+02
3.806317749023437500e+02
3.965527343750000000e+02
3.994869384765625000e+02
4.154487915039062500e+02
4.103439025878906250e+02
4.085966491699218750e+02
4.014525756835937500e+02
3.993713684082031250e+02
3.984962768554687500e+02
3.594353637695312500e+02
3.657987060546875000e+02
3.646849975585937500e+02
3.663106079101562500e+02
3.650986938476562500e+02
3.608979492187500000e+02
3.691015625000000000e+02
3.723284606933593750e+02
3.721317138671875000e+02
3.690612182617187500e+02
3.670082702636718750e+02
3.706319580078125000e+02
3.758486328125000000e+02
3.750263671875000000e+02
3.718320617675781250e+02
3.662212524414062500e+02
3.697765808105468750e+02
3.690600280761718750e+02
3.688620605468750000e+02
3.655686645507812500e+02
3.621842956542968750e+02
3.518435668945312500e+02
3.447407531738281250e+02
3.387610778808593750e+02
3.436640930175781250e+02
3.574027709960937500e+02
3.522512817382812500e+02
3.552629394531250000e+02
3.564421691894531250e+02
3.595421142578125000e+02
3.618581848144531250e+02
3.617513427734375000e+02
3.573848876953125000e+02
3.586262817382812500e+02
3.562120971679687500e+02
3.598728332519531250e+02
3.539532165527343750e+02
3.580140075683593750e+02
3.555972595214843750e+02
3.561141052246093750e+02
3.534916381835937500e+02
3.518064880371093750e+02
3.485099182128906250e+02
3.464208374023437500e+02
3.469750366210937500e+02
3.525981140136718750e+02
3.536219482421875000e+02
3.469315185546875000e+02
3.498075866699218750e+02
3.502319641113281250e+02
3.549480590820312500e+02
3.481520996093750000e+02
3.460739746093750000e+02
3.431742858886718750e+02
3.422747497558593750e+02
3.396155395507812500e+02
3.503902282714843750e+02
3.364479980468750000e+02
3.442759399414062500e+02
3.670960083007812500e+02
3.724932861328125000e+02
3.713255615234375000e+02
3.712143554687500000e+02
3.725763244628906250e+02
3.711760253906250000e+02
3.710978698730468750e+02
3.708272399902343750e+02
3.463282470703125000e+02
3.508184509277343750e+02
3.476708984375000000e+02
3.478370056152343750e+02
3.442421569824218750e+02
3.465975952148437500e+02
3.451817626953125000e+02
3.447114562988281250e+02
3.497179870605468750e+02
3.422800292968750000e+02
3.443850402832031250e+02
3.418447265625000000e+02
3.370709228515625000e+02
3.323742370605468750e+02
3.292740173339843750e+02
3.309289245605468750e+02
3.383937072753906250e+02
3.258121948242187500e+02
3.252453613281250000e+02
3.213465576171875000e+02
3.173540039062500000e+02
3.080803527832031250e+02
2.992339477539062500e+02
2.935751953125000000e+02
2.802932434082031250e+02
2.769321899414062500e+02
2.627986755371093750e+02
2.600483703613281250e+02
2.520607147216796875e+02
2.494975433349609375e+02
2.455769500732421875e+02
2.611574096679687500e+02
2.564739990234375000e+02
2.488744659423828125e+02
2.435788421630859375e+02
2.565632324218750000e+02
2.728911743164062500e+02
2.526641998291015625e+02
2.529157409667968750e+02
2.482075805664062500e+02
2.503290405273437500e+02
2.749962768554687500e+02
2.861372680664062500e+02
2.762475585937500000e+02
2.920123901367187500e+02
2.950314636230468750e+02
3.070730285644531250e+02
3.139554443359375000e+02
3.216157836914062500e+02
3.229486694335937500e+02
3.386895141601562500e+02
3.324064331054687500e+02
3.270169677734375000e+02
3.343714294433593750e+02
3.377527160644531250e+02
3.595978393554687500e+02
3.475825195312500000e+02
3.462898559570312500e+02
3.488319702148437500e+02
3.525458068847656250e+02
3.516206359863281250e+02
3.517337036132812500e+02
3.532723388671875000e+02
3.524470825195312500e+02
3.605027770996093750e+02
3.621504821777343750e+02
3.601897583007812500e+02
3.538066406250000000e+02
3.576655883789062500e+02
3.561491394042968750e+02
3.632549743652343750e+02
3.545473022460937500e+02
3.496833801269531250e+02
3.516956176757812500e+02
3.490593261718750000e+02
3.446565856933593750e+02
3.390483703613281250e+02
3.371953735351562500e+02
3.329485778808593750e+02
3.278175354003906250e+02
3.331853942871093750e+02
3.332767639160156250e+02
3.345614624023437500e+02
3.299936523437500000e+02
3.327861022949218750e+02
3.401370544433593750e+02
3.411095886230468750e+02
3.396023864746093750e+02
3.383243713378906250e+02
3.315319824218750000e+02
3.256469116210937500e+02
3.263042297363281250e+02
3.228621520996093750e+02
3.194271850585937500e+02
3.190571899414062500e+02
3.107127075195312500e+02
3.093300170898437500e+02
3.010288696289062500e+02
2.967500000000000000e+02
2.955119934082031250e+02
2.924299011230468750e+02
2.929492187500000000e+02
2.865347595214843750e+02
2.898964538574218750e+02
2.902831115722656250e+02
2.926004333496093750e+02
2.789384460449218750e+02
2.852533264160156250e+02
2.814595642089843750e+02
2.864371948242187500e+02
2.909930114746093750e+02
2.824936218261718750e+02
2.991008300781250000e+02
2.955598449707031250e+02
3.078644104003906250e+02
3.151478881835937500e+02
3.122776794433593750e+02
3.134757995605468750e+02
3.226065979003906250e+02
3.338908996582031250e+02
3.427635498046875000e+02
3.453350219726562500e+02
3.462488708496093750e+02
3.404904479980468750e+02
3.420711975097656250e+02
3.369456176757812500e+02
3.377163696289062500e+02
3.496305541992187500e+02
3.539031066894531250e+02
3.465378723144531250e+02
3.471030273437500000e+02
3.494734802246093750e+02
3.483143005371093750e+02
3.471192626953125000e+02
3.515682067871093750e+02
3.377277221679687500e+02
3.269966125488281250e+02
3.328856811523437500e+02
3.318785095214843750e+02
3.382908935546875000e+02
3.276480102539062500e+02
3.186183776855468750e+02
3.282612304687500000e+02
3.147769775390625000e+02
3.061268310546875000e+02
3.091838989257812500e+02
2.931593627929687500e+02
2.929622497558593750e+02
2.906205139160156250e+02
2.886310729980468750e+02
2.903667297363281250e+02
2.945746154785156250e+02
2.837048645019531250e+02
2.850491943359375000e+02
2.881896057128906250e+02
2.880292968750000000e+02
3.038977661132812500e+02
3.119147644042968750e+02
3.160150146484375000e+02
2.923470764160156250e+02
3.204696044921875000e+02
3.315718383789062500e+02
3.351169128417968750e+02
3.466865539550781250e+02
3.509295959472656250e+02
3.502915649414062500e+02
3.517253723144531250e+02
3.504696044921875000e+02
3.533266906738281250e+02
3.570464782714843750e+02
3.564182739257812500e+02
3.532955627441406250e+02
3.499859008789062500e+02
3.421857910156250000e+02
3.464784851074218750e+02
3.408918457031250000e+02
3.375698547363281250e+02
3.346100158691406250e+02
3.408744812011718750e+02
3.462156982421875000e+02
3.533918762207031250e+02
3.586586303710937500e+02
3.619021606445312500e+02
3.687041320800781250e+02
3.743638305664062500e+02
3.756873168945312500e+02
3.750088806152343750e+02
3.718769226074218750e+02
3.679146423339843750e+02
3.635862731933593750e+02
3.630753784179687500e+02
3.617265319824218750e+02
3.619804992675781250e+02
3.616991882324218750e+02
3.580891418457031250e+02
3.616318359375000000e+02
3.633619384765625000e+02
3.603628845214843750e+02
3.546662292480468750e+02
3.562937011718750000e+02
3.591877136230468750e+02
3.585748901367187500e+02
3.586508178710937500e+02
3.606358947753906250e+02
3.613825378417968750e+02
3.594204406738281250e+02
3.582711181640625000e+02
3.606066284179687500e+02
3.591120605468750000e+02
3.554217834472656250e+02
3.566110839843750000e+02
3.541764221191406250e+02
3.516072998046875000e+02
3.502113647460937500e+02
3.534885864257812500e+02
3.497644348144531250e+02
3.534961242675781250e+02
3.492330627441406250e+02
3.438334045410156250e+02
3.420054016113281250e+02
3.387519226074218750e+02
3.341238403320312500e+02
3.354022216796875000e+02
3.387343750000000000e+02
3.325881958007812500e+02
3.305900268554687500e+02
3.338521728515625000e+02
3.400091552734375000e+02
3.498827209472656250e+02
3.441507568359375000e+02
3.499143981933593750e+02
3.589813842773437500e+02
3.640620117187500000e+02
3.689367370605468750e+02
3.726405029296875000e+02
3.680012817382812500e+02
3.708796081542968750e+02
3.709730834960937500e+02
3.740597229003906250e+02
3.811570739746093750e+02
3.834810791015625000e+02
3.853699951171875000e+02
3.919442443847656250e+02
3.943242797851562500e+02
3.907664489746093750e+02
3.898298339843750000e+02
3.754652099609375000e+02
3.758629760742187500e+02
3.701336364746093750e+02
3.724453125000000000e+02
3.780007629394531250e+02
3.767079772949218750e+02
3.779452209472656250e+02
3.840033874511718750e+02
3.857362060546875000e+02
3.823884582519531250e+02
3.817858581542968750e+02
3.802812194824218750e+02
3.770156250000000000e+02
3.773096923828125000e+02
3.813287048339843750e+02
3.807322692871093750e+02
3.715291442871093750e+02
3.636440429687500000e+02
3.625241394042968750e+02
3.612401733398437500e+02
3.571754455566406250e+02
3.519594726562500000e+02
3.506614379882812500e+02
3.511100463867187500e+02
3.493808898925781250e+02
3.538295898437500000e+02
3.538425903320312500e+02
3.477059326171875000e+02
3.437505493164062500e+02
3.452754821777343750e+02
3.441441345214843750e+02
3.433867187500000000e+02
3.429778137207031250e+02
3.738859558105468750e+02
3.701591491699218750e+02
3.722513427734375000e+02
3.688817749023437500e+02
3.678304748535156250e+02
3.653220520019531250e+02
3.702325439453125000e+02
3.667772827148437500e+02
3.257710571289062500e+02
3.312501525878906250e+02
3.270416564941406250e+02
3.258300170898437500e+02
3.185935974121093750e+02
3.207736511230468750e+02
3.306834106445312500e+02
3.367334899902343750e+02
3.347574768066406250e+02
3.408230895996093750e+02
3.346466369628906250e+02
3.374588928222656250e+02
3.383492736816406250e+02
3.430731506347656250e+02
3.492791442871093750e+02
3.478193664550781250e+02
3.489224853515625000e+02
3.477142639160156250e+02
3.496358337402343750e+02
3.481782531738281250e+02
3.447074584960937500e+02
3.386440124511718750e+02
3.327764282226562500e+02
3.319538879394531250e+02
3.305151367187500000e+02
3.326217346191406250e+02
3.318735351562500000e+02
3.291316223144531250e+02
3.294457092285156250e+02
3.242267150878906250e+02
3.224187011718750000e+02
3.229947509765625000e+02
3.194614257812500000e+02
3.058754882812500000e+02
3.040815429687500000e+02
3.012432556152343750e+02
3.038912048339843750e+02
3.048908691406250000e+02
2.975102233886718750e+02
2.892572937011718750e+02
2.871058044433593750e+02
2.802436218261718750e+02
2.783565063476562500e+02
2.810929870605468750e+02
2.747730712890625000e+02
2.700892028808593750e+02
2.659816589355468750e+02
2.658008728027343750e+02
2.631051330566406250e+02
2.701450500488281250e+02
2.687780761718750000e+02
2.618552246093750000e+02
2.688070678710937500e+02
2.679072570800781250e+02
2.680523986816406250e+02
2.601822509765625000e+02
2.826986999511718750e+02
2.762396545410156250e+02
2.751550292968750000e+02
2.741960144042968750e+02
2.751936950683593750e+02
2.902206115722656250e+02
2.997643737792968750e+02
2.960408935546875000e+02
2.479194641113281250e+02
2.785514831542968750e+02
3.018671875000000000e+02
2.853718566894531250e+02
2.924696655273437500e+02
3.028991394042968750e+02
3.137774353027343750e+02
3.232143859863281250e+02
3.282012023925781250e+02
3.393285827636718750e+02
3.471395263671875000e+02
3.512302551269531250e+02
3.433037414550781250e+02
3.368898925781250000e+02
3.328183593750000000e+02
3.347061767578125000e+02
3.279647827148437500e+02
3.224193115234375000e+02
3.221800537109375000e+02
3.313682250976562500e+02
3.416654357910156250e+02
3.352985534667968750e+02
3.272477722167968750e+02
3.457742614746093750e+02
3.426057434082031250e+02
3.483584899902343750e+02
3.511042785644531250e+02
3.519160766601562500e+02
3.497096252441406250e+02
3.469919738769531250e+02
3.438496398925781250e+02
3.470751342773437500e+02
3.451843872070312500e+02
3.417434692382812500e+02
3.447159423828125000e+02
3.332845153808593750e+02
3.448284912109375000e+02
3.373946533203125000e+02
3.409587707519531250e+02
3.355535888671875000e+02
3.372685241699218750e+02
3.262726440429687500e+02
3.372275390625000000e+02
3.298719177246093750e+02
3.329122924804687500e+02
3.382695007324218750e+02
3.505793151855468750e+02
3.553022155761718750e+02
3.574566955566406250e+02
3.574130554199218750e+02
3.575719299316406250e+02
3.559148864746093750e+02
3.570401000976562500e+02
3.539742431640625000e+02
3.507747192382812500e+02
3.491719360351562500e+02
3.418347473144531250e+02
3.393444213867187500e+02
3.386548767089843750e+02
3.340611572265625000e+02
3.301798095703125000e+02
3.354059753417968750e+02
3.284588623046875000e+02
3.215883483886718750e+02
3.207915344238281250e+02
3.249656982421875000e+02
3.223327636718750000e+02
3.179524230957031250e+02
3.250674133300781250e+02
3.192827148437500000e+02
3.249163513183593750e+02
3.122742309570312500e+02
3.170561218261718750e+02
3.144136657714843750e+02
3.112275085449218750e+02
3.010895385742187500e+02
2.947612609863281250e+02
2.916365661621093750e+02
2.827116394042968750e+02
2.841721191406250000e+02
2.745577087402343750e+02
2.731780090332031250e+02
2.598411865234375000e+02
2.626755676269531250e+02
2.585000915527343750e+02
2.539941253662109375e+02
2.522621307373046875e+02
2.537066802978515625e+02
2.519835357666015625e+02
2.514966125488281250e+02
2.489368896484375000e+02
2.559091949462890625e+02
2.557494812011718750e+02
2.824055480957031250e+02
2.941460876464843750e+02
2.747753906250000000e+02
3.004619445800781250e+02
3.096471557617187500e+02
3.193818054199218750e+02
3.268340759277343750e+02
3.017699584960937500e+02
3.024504699707031250e+02
3.112819213867187500e+02
3.272947692871093750e+02
3.367192382812500000e+02
3.469487304687500000e+02
3.303491821289062500e+02
3.228503417968750000e+02
3.321168212890625000e+02
3.600765075683593750e+02
3.662960205078125000e+02
3.619284973144531250e+02
3.446435852050781250e+02
3.423550109863281250e+02
3.414010620117187500e+02
3.281933288574218750e+02
3.326446228027343750e+02
3.398620300292968750e+02
3.449915771484375000e+02
3.467008056640625000e+02
3.503123474121093750e+02
3.521916503906250000e+02
3.407250976562500000e+02
3.313160095214843750e+02
3.451000366210937500e+02
3.762800598144531250e+02
3.836702270507812500e+02
3.850808410644531250e+02
3.865643615722656250e+02
3.856029357910156250e+02
3.884125366210937500e+02
3.943702697753906250e+02
3.890686645507812500e+02
3.209098205566406250e+02
3.061663208007812500e+02
3.212735595703125000e+02
3.148546752929687500e+02
3.170522155761718750e+02
3.170469055175781250e+02
3.180619201660156250e+02
3.201965942382812500e+02
3.218762512207031250e+02
3.278235473632812500e+02
3.381923828125000000e+02
3.455550537109375000e+02
3.359793701171875000e+02
3.203878173828125000e+02
3.276491088867187500e+02
3.332618713378906250e+02
3.393116760253906250e+02
3.402006225585937500e+02
3.470732116699218750e+02
3.548027343750000000e+02
3.594729003906250000e+02
3.610092468261718750e+02
3.637227478027343750e+02
3.705145568847656250e+02
3.799936828613281250e+02
3.887099304199218750e+02
3.815374755859375000e+02
3.789060058593750000e+02
3.765983581542968750e+02
3.927017211914062500e+02
3.897000427246093750e+02
3.896380004882812500e+02
3.988819580078125000e+02
3.976917114257812500e+02
3.990894470214843750e+02
4.014801330566406250e+02
3.993743286132812500e+02
4.043710327148437500e+02
4.082975158691406250e+02
4.119721679687500000e+02
4.120136108398437500e+02
4.080426025390625000e+02
3.998492736816406250e+02
3.855683593750000000e+02
3.773553161621093750e+02
3.662711486816406250e+02
3.609633178710937500e+02
3.573504028320312500e+02
3.536359863281250000e+02
2.882607727050781250e+02
2.789916381835937500e+02
2.850879516601562500e+02
2.823164367675781250e+02
2.875450439453125000e+02
3.059290771484375000e+02
3.150448913574218750e+02
3.065849609375000000e+02
3.193175354003906250e+02
2.906501159667968750e+02
3.082035217285156250e+02
3.302868652343750000e+02
3.387957458496093750e+02
3.677658691406250000e+02
3.830542907714843750e+02
3.903622131347656250e+02
3.975336303710937500e+02
4.062956237792968750e+02
4.181220092773437500e+02
4.210132141113281250e+02
4.244147338867187500e+02
4.109663696289062500e+02
4.083311767578125000e+02
3.984747314453125000e+02
3.952616577148437500e+02
3.957513427734375000e+02
3.944501953125000000e+02
3.901676025390625000e+02
3.937354736328125000e+02
3.970331115722656250e+02
3.928739013671875000e+02
4.067261962890625000e+02
3.993817443847656250e+02
3.998730468750000000e+02
4.003966064453125000e+02
3.952079162597656250e+02
3.871714172363281250e+02
3.911165771484375000e+02
4.004754638671875000e+02
3.950779418945312500e+02
3.988858032226562500e+02
3.959869384765625000e+02
3.974111938476562500e+02
4.029083557128906250e+02
3.921635742187500000e+02
3.906545410156250000e+02
3.903010559082031250e+02
3.934051513671875000e+02
3.966108703613281250e+02
4.041444396972656250e+02
4.004543151855468750e+02
3.965632324218750000e+02
3.991468811035156250e+02
4.006621704101562500e+02
4.006713256835937500e+02
3.977681579589843750e+02
4.019242553710937500e+02
4.140086364746093750e+02
4.027081604003906250e+02
4.108904724121093750e+02
3.991289367675781250e+02
4.053554382324218750e+02
3.956110534667968750e+02
3.882755432128906250e+02
3.832211914062500000e+02
3.742519226074218750e+02
3.664617614746093750e+02
3.621917419433593750e+02
3.605648498535156250e+02
3.570499267578125000e+02
3.574503173828125000e+02
3.501044921875000000e+02
3.500853576660156250e+02
3.524931640625000000e+02
3.540729370117187500e+02
3.532780151367187500e+02
3.471376037597656250e+02
3.461387329101562500e+02
3.450780029296875000e+02
3.445229187011718750e+02
3.450421752929687500e+02
3.467713623046875000e+02
3.477702331542968750e+02
3.483931274414062500e+02
3.453405151367187500e+02
3.426653137207031250e+02
3.459940795898437500e+02
3.469647827148437500e+02
3.459191284179687500e+02
3.405630187988281250e+02
3.277666625976562500e+02
3.332962951660156250e+02
3.381059265136718750e+02
3.258848571777343750e+02
3.268141479492187500e+02
3.348200073242187500e+02
3.322991027832031250e+02
3.342095642089843750e+02
3.358981323242187500e+02
3.363757324218750000e+02
3.407847595214843750e+02
3.408375244140625000e+02
3.492678833007812500e+02
3.543477783203125000e+02
3.565556335449218750e+02
3.496089477539062500e+02
3.510179748535156250e+02
3.600006408691406250e+02
3.664388427734375000e+02
3.808029785156250000e+02
3.884603576660156250e+02
3.995589904785156250e+02
4.001062622070312500e+02
3.999437561035156250e+02
4.017688293457031250e+02
3.997684020996093750e+02
3.961196289062500000e+02
3.901272888183593750e+02
3.916795959472656250e+02
3.875708923339843750e+02
3.760090637207031250e+02
3.672990417480468750e+02
3.619217834472656250e+02
3.619658203125000000e+02
3.610941162109375000e+02
3.632515258789062500e+02
3.646899719238281250e+02
3.654655761718750000e+02
3.628734741210937500e+02
3.600736083984375000e+02
3.670491638183593750e+02
3.624614868164062500e+02
3.613605957031250000e+02
3.746485595703125000e+02
3.896978759765625000e+02
3.866608581542968750e+02
3.873999633789062500e+02
3.853600769042968750e+02
3.836418457031250000e+02
3.809928588867187500e+02
3.795976257324218750e+02
3.827866516113281250e+02
3.423146972656250000e+02
3.500247802734375000e+02
3.416342163085937500e+02
3.434351196289062500e+02
3.415303039550781250e+02
3.407344970703125000e+02
3.404278564453125000e+02
3.446595153808593750e+02
3.425416870117187500e+02
3.428088989257812500e+02
3.405683593750000000e+02
3.421985778808593750e+02
3.406770019531250000e+02
3.434229431152343750e+02
3.416170349121093750e+02
3.383855285644531250e+02
3.375552978515625000e+02
3.369143981933593750e+02
3.328308715820312500e+02
3.326342468261718750e+02
3.305038146972656250e+02
3.279865417480468750e+02
3.309047241210937500e+02
3.273007812500000000e+02
3.272477111816406250e+02
3.269552612304687500e+02
3.268426818847656250e+02
3.245812377929687500e+02
3.174829406738281250e+02
3.160884399414062500e+02
3.175303344726562500e+02
3.140219421386718750e+02
3.160638122558593750e+02
3.154717407226562500e+02
3.159647827148437500e+02
3.173142700195312500e+02
3.157563171386718750e+02
3.181537170410156250e+02
3.216958618164062500e+02
3.232541809082031250e+02
3.299294128417968750e+02
3.415014648437500000e+02
3.366434631347656250e+02
3.475938110351562500e+02
3.456202087402343750e+02
3.400274047851562500e+02
3.445587463378906250e+02
3.544418945312500000e+02
3.534154968261718750e+02
3.550422668457031250e+02
3.454715576171875000e+02
3.371054992675781250e+02
3.323603820800781250e+02
3.322986145019531250e+02
3.323284912109375000e+02
3.349113464355468750e+02
3.358496093750000000e+02
3.332356262207031250e+02
3.312033691406250000e+02
3.272342529296875000e+02
3.302156677246093750e+02
3.309989013671875000e+02
3.302664794921875000e+02
3.302592468261718750e+02
3.204793395996093750e+02
3.167792968750000000e+02
3.117123718261718750e+02
3.025856018066406250e+02
2.953586425781250000e+02
2.939618225097656250e+02
2.854789733886718750e+02
2.726177062988281250e+02
2.667187194824218750e+02
2.577852478027343750e+02
2.631190185546875000e+02
2.624780883789062500e+02
2.573966369628906250e+02
2.549833679199218750e+02
2.555650329589843750e+02
2.533098602294921875e+02
2.564403991699218750e+02
2.560234375000000000e+02
2.608550415039062500e+02
2.565179748535156250e+02
2.555432128906250000e+02
2.589588317871093750e+02
2.626436157226562500e+02
2.625860900878906250e+02
2.650509948730468750e+02
2.747857971191406250e+02
2.758034667968750000e+02
2.722332153320312500e+02
2.803377380371093750e+02
2.815011596679687500e+02
2.812070007324218750e+02
2.837850646972656250e+02
2.821204528808593750e+02
2.913265380859375000e+02
3.331930236816406250e+02
3.329426879882812500e+02
3.386077575683593750e+02
3.348753051757812500e+02
3.327010803222656250e+02
3.298083496093750000e+02
3.335682067871093750e+02
3.332349548339843750e+02
3.356520996093750000e+02
3.386752319335937500e+02
3.388110351562500000e+02
3.564062194824218750e+02
3.559830322265625000e+02
3.575571594238281250e+02
3.612256164550781250e+02
3.609460449218750000e+02
3.599956054687500000e+02
3.587973022460937500e+02
3.603099365234375000e+02
3.647516479492187500e+02
3.537516174316406250e+02
3.552383422851562500e+02
3.531793212890625000e+02
3.591317443847656250e+02
3.877128295898437500e+02
3.880883178710937500e+02
3.893616943359375000e+02
3.867979736328125000e+02
3.871784057617187500e+02
3.890407104492187500e+02
3.887631225585937500e+02
3.906808471679687500e+02
3.523156738281250000e+02
3.504502868652343750e+02
3.532832031250000000e+02
3.525231323242187500e+02
3.557957763671875000e+02
3.549920043945312500e+02
3.545358581542968750e+02
3.543756713867187500e+02
3.556853942871093750e+02
3.541792602539062500e+02
3.498212890625000000e+02
3.497275390625000000e+02
3.443428955078125000e+02
3.333145751953125000e+02
3.346188659667968750e+02
3.347532653808593750e+02
3.334865722656250000e+02
3.324404602050781250e+02
3.529219970703125000e+02
3.533317871093750000e+02
3.523243408203125000e+02
3.529549255371093750e+02
3.615513610839843750e+02
3.551241760253906250e+02
3.519119262695312500e+02
3.528495483398437500e+02
3.259731750488281250e+02
3.293440246582031250e+02
3.329257202148437500e+02
3.236522521972656250e+02
3.406000061035156250e+02
3.387283020019531250e+02
3.396639404296875000e+02
3.454956054687500000e+02
3.444145507812500000e+02
3.449331359863281250e+02
3.444437866210937500e+02
3.416547241210937500e+02
3.285631103515625000e+02
3.300861511230468750e+02
3.288528442382812500e+02
3.331596374511718750e+02
3.287454833984375000e+02
3.229549560546875000e+02
3.237676696777343750e+02
3.409006652832031250e+02
3.370443420410156250e+02
3.352936401367187500e+02
3.295464477539062500e+02
3.313935241699218750e+02
3.363059387207031250e+02
3.356771240234375000e+02
3.340665283203125000e+02
3.163531494140625000e+02
3.200760498046875000e+02
3.267189941406250000e+02
3.305760498046875000e+02
3.288465270996093750e+02
3.385784912109375000e+02
3.416333618164062500e+02
3.459502563476562500e+02
3.396868896484375000e+02
3.388996582031250000e+02
3.319294738769531250e+02
3.312312927246093750e+02
3.237883300781250000e+02
3.117594604492187500e+02
3.079989929199218750e+02
3.117281799316406250e+02
3.144291687011718750e+02
3.084289245605468750e+02
3.053391418457031250e+02
2.997863769531250000e+02
3.032625732421875000e+02
3.010642395019531250e+02
3.456214599609375000e+02
3.512274780273437500e+02
3.509231262207031250e+02
3.504490356445312500e+02
3.525085754394531250e+02
3.575812377929687500e+02
3.557440490722656250e+02
3.603964538574218750e+02
3.669406433105468750e+02
3.576198425292968750e+02
3.519230346679687500e+02
3.510709838867187500e+02
3.483337707519531250e+02
2.801697998046875000e+02
2.649478759765625000e+02
2.495135803222656250e+02
2.415155792236328125e+02
2.441854553222656250e+02
2.517844238281250000e+02
2.746566162109375000e+02
3.072297058105468750e+02
3.128574523925781250e+02
3.238529663085937500e+02
3.439008178710937500e+02
3.507178649902343750e+02
3.421617126464843750e+02
3.402842102050781250e+02
3.455073547363281250e+02
3.465989074707031250e+02
3.353215942382812500e+02
3.495110778808593750e+02
3.346391601562500000e+02
3.115712890625000000e+02
3.122430114746093750e+02
3.047967529296875000e+02
2.855555419921875000e+02
2.813852844238281250e+02
3.339584960937500000e+02
3.253063049316406250e+02
3.229041748046875000e+02
3.214656982421875000e+02
3.188455505371093750e+02
3.136338195800781250e+02
3.013740539550781250e+02
3.009974060058593750e+02
2.905917358398437500e+02
2.798844604492187500e+02
2.725537109375000000e+02
2.683725280761718750e+02
2.650927734375000000e+02
2.623546447753906250e+02
2.617375793457031250e+02
2.095637817382812500e+02
2.283807983398437500e+02
2.079821166992187500e+02
2.088378601074218750e+02
2.074437561035156250e+02
2.130536041259765625e+02
2.169594268798828125e+02
2.112858734130859375e+02
2.189508209228515625e+02
2.182300720214843750e+02
2.159185638427734375e+02
2.140999603271484375e+02
2.140055999755859375e+02
2.137714385986328125e+02
2.150746765136718750e+02
2.467448272705078125e+02
2.425064544677734375e+02
2.420617523193359375e+02
2.420948791503906250e+02
2.422477416992187500e+02
2.421018829345703125e+02
2.464748840332031250e+02
2.503751068115234375e+02
2.455352478027343750e+02
2.259265441894531250e+02
2.308388061523437500e+02
2.281159973144531250e+02
2.291288909912109375e+02
2.363467407226562500e+02
2.678959960937500000e+02
2.615463562011718750e+02
2.981122131347656250e+02
3.144936828613281250e+02
3.134220581054687500e+02
3.173714599609375000e+02
3.127297973632812500e+02
3.122944335937500000e+02
3.152738037109375000e+02
3.151415710449218750e+02
3.217313232421875000e+02
3.286784667968750000e+02
2.759585571289062500e+02
2.062514953613281250e+02
2.055707550048828125e+02
2.084494171142578125e+02
2.100470428466796875e+02
2.152323455810546875e+02
2.190714569091796875e+02
2.199357452392578125e+02
2.189049224853515625e+02
2.296714630126953125e+02
2.243551330566406250e+02
2.186699676513671875e+02
2.158002319335937500e+02
2.250087432861328125e+02
2.276118621826171875e+02
2.236076507568359375e+02
2.222301177978515625e+02
2.158765411376953125e+02
2.161556701660156250e+02
2.132924346923828125e+02
2.121850433349609375e+02
2.156746215820312500e+02
2.188976593017578125e+02
2.254176635742187500e+02
2.526403656005859375e+02
2.394671478271484375e+02
2.568719177246093750e+02
2.717374877929687500e+02
2.678398132324218750e+02
3.032073974609375000e+02
2.966225891113281250e+02
3.015871276855468750e+02
3.110456848144531250e+02
3.125774841308593750e+02
3.115802612304687500e+02
2.926716613769531250e+02
2.744011535644531250e+02
2.745446166992187500e+02
2.602142639160156250e+02
2.905750122070312500e+02
2.924024353027343750e+02
2.949447326660156250e+02
2.916004638671875000e+02
2.910287170410156250e+02
2.940533752441406250e+02
2.987273254394531250e+02
3.011352844238281250e+02
3.104351806640625000e+02
3.029164123535156250e+02
3.111989440917968750e+02
3.177955627441406250e+02
3.378688659667968750e+02
3.520199890136718750e+02
3.551005249023437500e+02
3.612571105957031250e+02
3.625822448730468750e+02
3.657170104980468750e+02
3.730281372070312500e+02
3.571893005371093750e+02
3.544892578125000000e+02
3.537362670898437500e+02
3.502239379882812500e+02
2.759649047851562500e+02
3.141309204101562500e+02
3.096118469238281250e+02
3.105715332031250000e+02
3.108846740722656250e+02
3.094652709960937500e+02
3.105242614746093750e+02
3.062328796386718750e+02
3.028848571777343750e+02
2.934070434570312500e+02
2.446949005126953125e+02
2.278889160156250000e+02
2.141264648437500000e+02
2.054768066406250000e+02
1.943042297363281250e+02
1.946554718017578125e+02
1.927498321533203125e+02
1.975179595947265625e+02
1.918401031494140625e+02
1.886927185058593750e+02
1.897836914062500000e+02
1.899354248046875000e+02
2.185431365966796875e+02
2.195369110107421875e+02
2.238640747070312500e+02
2.588493041992187500e+02
2.808231201171875000e+02
2.796532897949218750e+02
2.707067260742187500e+02
2.654013366699218750e+02
2.599237365722656250e+02
2.642847595214843750e+02
2.621734313964843750e+02
2.651371765136718750e+02
2.237665863037109375e+02
1.692859191894531250e+02
1.537999114990234375e+02
1.542499847412109375e+02
1.570979003906250000e+02
1.646860351562500000e+02
1.633097839355468750e+02
1.694248809814453125e+02
1.692562103271484375e+02
1.645514373779296875e+02
1.677869567871093750e+02
1.782508850097656250e+02
1.715052032470703125e+02
1.697727355957031250e+02
1.649605712890625000e+02
1.637190704345703125e+02
1.739744873046875000e+02
1.723363037109375000e+02
1.708832397460937500e+02
1.720483856201171875e+02
1.737338867187500000e+02
1.725472412109375000e+02
1.704515991210937500e+02
1.668590393066406250e+02
1.609747924804687500e+02
1.687243804931640625e+02
1.739535675048828125e+02
1.733258361816406250e+02
1.703435516357421875e+02
2.089476776123046875e+02
1.952819366455078125e+02
2.241216125488281250e+02
2.156406555175781250e+02
2.209912109375000000e+02
2.213618316650390625e+02
2.244177856445312500e+02
2.286340332031250000e+02
2.332771911621093750e+02
2.373209075927734375e+02
2.046904449462890625e+02
2.429788970947265625e+02
2.383731842041015625e+02
2.352758789062500000e+02
2.377728118896484375e+02
2.348805084228515625e+02
2.360379028320312500e+02
2.364260253906250000e+02
2.411515502929687500e+02
2.300045318603515625e+02
2.205887451171875000e+02
2.192044982910156250e+02
2.184074249267578125e+02
2.295005645751953125e+02
2.167689361572265625e+02
2.348862915039062500e+02
2.340057220458984375e+02
2.339581451416015625e+02
2.390469207763671875e+02
2.426857757568359375e+02
2.425367736816406250e+02
2.468483428955078125e+02
2.454360809326171875e+02
2.450878448486328125e+02
2.533532562255859375e+02
2.781242675781250000e+02
2.726444396972656250e+02
2.757890625000000000e+02
2.766864624023437500e+02
2.815732116699218750e+02
2.778857727050781250e+02
2.803691101074218750e+02
2.842991333007812500e+02
2.638757324218750000e+02
2.607730407714843750e+02
2.792874755859375000e+02
2.799397277832031250e+02
2.761427917480468750e+02
2.764149475097656250e+02
2.763649291992187500e+02
2.742919006347656250e+02
2.808616333007812500e+02
2.764316101074218750e+02
2.539674377441406250e+02
2.560511779785156250e+02
2.569627990722656250e+02
2.631253356933593750e+02
2.661688842773437500e+02
2.846356811523437500e+02
3.222071228027343750e+02
3.155678100585937500e+02
3.138030700683593750e+02
3.145080261230468750e+02
3.135389099121093750e+02
3.195431213378906250e+02
3.195189514160156250e+02
3.250494995117187500e+02
2.916534729003906250e+02
2.944092407226562500e+02
2.955714416503906250e+02
3.080328979492187500e+02
3.238905334472656250e+02
3.228825378417968750e+02
3.257230529785156250e+02
3.284658813476562500e+02
3.203316955566406250e+02
3.161380004882812500e+02
3.180565795898437500e+02
3.225313110351562500e+02
3.276422424316406250e+02
3.263686523437500000e+02
3.207243041992187500e+02
3.219712829589843750e+02
3.197486877441406250e+02
3.474308166503906250e+02
3.469501342773437500e+02
3.459182434082031250e+02
3.482650756835937500e+02
3.454365844726562500e+02
3.429302368164062500e+02
3.398104858398437500e+02
3.464602355957031250e+02
2.940533142089843750e+02
2.780353088378906250e+02
2.846492309570312500e+02
2.933931884765625000e+02
2.939035644531250000e+02
2.980285949707031250e+02
3.174204406738281250e+02
3.201346130371093750e+02
3.232060852050781250e+02
3.192075195312500000e+02
3.119385070800781250e+02
3.158093261718750000e+02
3.287537841796875000e+02
3.373179016113281250e+02
3.525137634277343750e+02
3.259335632324218750e+02
3.301733703613281250e+02
3.354083251953125000e+02
3.360182189941406250e+02
3.399619140625000000e+02
3.409557495117187500e+02
3.229140625000000000e+02
2.961217041015625000e+02
2.959877319335937500e+02
2.699671936035156250e+02
2.775956115722656250e+02
2.779439392089843750e+02
2.647588195800781250e+02
2.529131011962890625e+02
2.484155731201171875e+02
2.488952636718750000e+02
2.315464324951171875e+02
2.299980773925781250e+02
2.252664031982421875e+02
2.204107971191406250e+02
2.325056610107421875e+02
2.224572143554687500e+02
2.146372833251953125e+02
2.165231933593750000e+02
2.076464538574218750e+02
1.977706146240234375e+02
1.944701995849609375e+02
1.888646850585937500e+02
1.837021026611328125e+02
1.843255310058593750e+02
1.790977172851562500e+02
1.782957305908203125e+02
1.778349914550781250e+02
1.740818328857421875e+02
1.645171356201171875e+02
1.629926605224609375e+02
1.608697204589843750e+02
2.299552154541015625e+02
2.099899444580078125e+02
2.123751678466796875e+02
2.095029449462890625e+02
2.023721466064453125e+02
2.040791778564453125e+02
2.043108978271484375e+02
1.830144348144531250e+02
1.832072601318359375e+02
1.861860809326171875e+02
1.715186767578125000e+02
1.661745147705078125e+02
1.700503082275390625e+02
1.666335449218750000e+02
1.662570800781250000e+02
1.654605255126953125e+02
1.653930053710937500e+02
1.789723205566406250e+02
1.767849426269531250e+02
1.761555633544921875e+02
1.747625274658203125e+02
1.729078521728515625e+02
1.827478179931640625e+02
1.850042877197265625e+02
1.812400817871093750e+02
2.328066864013671875e+02
2.197886810302734375e+02
2.270519866943359375e+02
2.182469635009765625e+02
2.176566772460937500e+02
2.178105468750000000e+02
2.197056884765625000e+02
2.200322723388671875e+02
2.170198364257812500e+02
1.881273803710937500e+02
1.939517974853515625e+02
1.896275939941406250e+02
1.880955657958984375e+02
1.938486633300781250e+02
1.935659790039062500e+02
1.988889617919921875e+02
1.984693145751953125e+02
1.991869049072265625e+02
1.922945709228515625e+02
1.985088043212890625e+02
1.945304260253906250e+02
2.023927307128906250e+02
2.004315948486328125e+02
1.967401580810546875e+02
2.075056762695312500e+02
2.198325653076171875e+02
2.236567993164062500e+02
2.263909454345703125e+02
2.309497985839843750e+02
2.295416564941406250e+02
2.340456085205078125e+02
2.416491088867187500e+02
2.411221160888671875e+02
2.452329559326171875e+02
2.503424072265625000e+02
2.478984985351562500e+02
2.467068328857421875e+02
2.476674194335937500e+02
2.486156463623046875e+02
2.418940124511718750e+02
2.351902618408203125e+02
2.356823120117187500e+02
2.186832427978515625e+02
1.999375915527343750e+02
2.042097778320312500e+02
1.985857696533203125e+02
1.956378936767578125e+02
1.842735595703125000e+02
2.048489074707031250e+02
2.024892272949218750e+02
2.016808471679687500e+02
1.995239868164062500e+02
2.018768463134765625e+02
2.030141448974609375e+02
2.041596984863281250e+02
2.017706756591796875e+02
1.899702758789062500e+02
1.889162292480468750e+02
2.178157348632812500e+02
2.074495544433593750e+02
2.099417877197265625e+02
2.133050079345703125e+02
2.106482238769531250e+02
2.113912811279296875e+02
2.128601989746093750e+02
2.193348236083984375e+02
2.214687500000000000e+02
2.307493591308593750e+02
2.286618041992187500e+02
2.311028900146484375e+02
2.382665863037109375e+02
2.420412902832031250e+02
2.445855865478515625e+02
2.302351226806640625e+02
2.271845550537109375e+02
2.282949676513671875e+02
2.245982818603515625e+02
2.455942382812500000e+02
2.663376159667968750e+02
2.637949218750000000e+02
2.745262145996093750e+02
2.757133178710937500e+02
2.667084960937500000e+02
2.620009765625000000e+02
2.570379333496093750e+02
2.584506225585937500e+02
2.660228271484375000e+02
2.721271667480468750e+02
2.636916503906250000e+02
2.691185302734375000e+02
2.124907836914062500e+02
2.167400512695312500e+02
2.292623596191406250e+02
2.304502105712890625e+02
2.375724029541015625e+02
2.457893371582031250e+02
2.456876525878906250e+02
2.546026916503906250e+02
2.557741394042968750e+02
2.488264160156250000e+02
2.407727050781250000e+02
2.385337677001953125e+02
2.450493011474609375e+02
2.551526184082031250e+02
2.567523803710937500e+02
2.564683227539062500e+02
2.466398925781250000e+02
2.498497924804687500e+02
2.414124298095703125e+02
2.477800292968750000e+02
2.456052093505859375e+02
2.455709991455078125e+02
2.533729705810546875e+02
2.531221771240234375e+02
2.497014312744140625e+02
2.572539367675781250e+02
2.516305541992187500e+02
2.503559722900390625e+02
2.599570312500000000e+02
2.735486145019531250e+02
2.694129333496093750e+02
2.722465820312500000e+02
2.757981872558593750e+02
2.738406372070312500e+02
2.711478881835937500e+02
2.627781372070312500e+02
2.796823120117187500e+02
2.754859008789062500e+02
2.712052001953125000e+02
2.798349914550781250e+02
2.569514770507812500e+02
2.546114196777343750e+02
2.556781768798828125e+02
2.564470520019531250e+02
2.485049743652343750e+02
2.474786071777343750e+02
2.453550872802734375e+02
2.438847503662109375e+02
2.436333312988281250e+02
2.305802154541015625e+02
2.201304473876953125e+02
2.173240051269531250e+02
2.315982971191406250e+02
2.267139587402343750e+02
2.207041473388671875e+02
2.170092163085937500e+02
2.124788208007812500e+02
2.110638732910156250e+02
2.122645721435546875e+02
2.095500183105468750e+02
2.098646697998046875e+02
2.079290618896484375e+02
2.078210144042968750e+02
2.046792144775390625e+02
2.038148803710937500e+02
2.035429992675781250e+02
2.040766296386718750e+02
2.027013092041015625e+02
1.952191314697265625e+02
1.960641479492187500e+02
1.971444854736328125e+02
3.136928100585937500e+02
3.090870971679687500e+02
3.121134643554687500e+02
3.104280395507812500e+02
3.088566894531250000e+02
3.089035949707031250e+02
3.037523803710937500e+02
3.047857666015625000e+02
3.211854858398437500e+02
3.228194580078125000e+02
3.209042358398437500e+02
3.138277282714843750e+02
3.167840270996093750e+02
3.196188659667968750e+02
3.193316650390625000e+02
3.209758911132812500e+02
2.543377990722656250e+02
2.177213592529296875e+02
2.221983489990234375e+02
2.187342071533203125e+02
2.118000640869140625e+02
2.190753021240234375e+02
2.243249511718750000e+02
2.323651580810546875e+02
2.315671997070312500e+02
2.383509063720703125e+02
2.369970397949218750e+02
2.477370300292968750e+02
2.601736145019531250e+02
2.752276306152343750e+02
2.831509704589843750e+02
2.845267028808593750e+02
2.827222290039062500e+02
2.783748779296875000e+02
2.765647277832031250e+02
3.241760559082031250e+02
3.238246459960937500e+02
3.246690368652343750e+02
3.379716186523437500e+02
3.400477905273437500e+02
3.378526306152343750e+02
3.327497558593750000e+02
3.260257873535156250e+02
3.230009460449218750e+02
3.077067871093750000e+02
3.187949218750000000e+02
3.037202758789062500e+02
2.968306579589843750e+02
2.858292236328125000e+02
2.968336486816406250e+02
3.145640563964843750e+02
3.348261413574218750e+02
3.338240966796875000e+02
3.440642700195312500e+02
3.470895385742187500e+02
3.493021545410156250e+02
3.526135864257812500e+02
3.514988098144531250e+02
3.493150634765625000e+02
3.489916687011718750e+02
3.493487854003906250e+02
3.403287048339843750e+02
3.475347290039062500e+02
3.772743530273437500e+02
3.768139953613281250e+02
3.674212951660156250e+02
3.598206787109375000e+02
3.691895446777343750e+02
3.630817565917968750e+02
3.642622985839843750e+02
3.578082580566406250e+02
3.136872558593750000e+02
2.964916381835937500e+02
3.178941955566406250e+02
3.194467163085937500e+02
3.096034851074218750e+02
3.089374084472656250e+02
3.479186401367187500e+02
3.630405883789062500e+02
3.782475891113281250e+02
3.963117980957031250e+02
3.997413940429687500e+02
4.087002868652343750e+02
4.030565490722656250e+02
4.014711608886718750e+02
3.975145263671875000e+02
3.956204833984375000e+02
3.903750305175781250e+02
3.905321044921875000e+02
3.592367553710937500e+02
3.421195983886718750e+02
3.418807678222656250e+02
3.332745056152343750e+02
3.348051147460937500e+02
3.254334106445312500e+02
3.217839355468750000e+02
3.167544860839843750e+02
2.951008300781250000e+02
2.998583679199218750e+02
2.880060119628906250e+02
3.162971191406250000e+02
3.085487365722656250e+02
3.082627563476562500e+02
3.029778442382812500e+02
2.958084411621093750e+02
2.898071289062500000e+02
2.895027160644531250e+02
2.939634399414062500e+02
2.823841552734375000e+02
2.768971252441406250e+02
2.568856811523437500e+02
2.939915771484375000e+02
2.842553405761718750e+02
2.862836914062500000e+02
2.857633361816406250e+02
2.887220764160156250e+02
2.902914428710937500e+02
2.890099487304687500e+02
2.904747924804687500e+02
2.730773925781250000e+02
2.776315612792968750e+02
2.849101867675781250e+02
2.919064025878906250e+02
2.500668487548828125e+02
3.287645874023437500e+02
3.536028442382812500e+02
3.481018371582031250e+02
3.668610839843750000e+02
3.745685729980468750e+02
3.771377258300781250e+02
3.723309326171875000e+02
3.631294250488281250e+02
3.613710632324218750e+02
3.669373474121093750e+02
3.732493896484375000e+02
3.418226928710937500e+02
3.400584411621093750e+02
2.896421813964843750e+02
3.034343566894531250e+02
3.008053588867187500e+02
3.068700866699218750e+02
2.983617858886718750e+02
3.040215148925781250e+02
3.005186767578125000e+02
3.103036804199218750e+02
3.224397277832031250e+02
3.253012084960937500e+02
3.207409057617187500e+02
3.261175537109375000e+02
3.583426513671875000e+02
3.755158081054687500e+02
3.831859741210937500e+02
3.844888610839843750e+02
3.940317382812500000e+02
3.966432495117187500e+02
4.063627624511718750e+02
4.071140441894531250e+02
4.009416503906250000e+02
3.979019165039062500e+02
3.954441223144531250e+02
3.744279174804687500e+02
3.649491882324218750e+02
3.546482238769531250e+02
3.317429199218750000e+02
3.191369323730468750e+02
3.234277343750000000e+02
3.117122497558593750e+02
3.166961059570312500e+02
3.233455200195312500e+02
3.026351928710937500e+02
3.033762207031250000e+02
3.038612670898437500e+02
2.970346069335937500e+02
2.898723754882812500e+02
2.839260253906250000e+02
2.887987976074218750e+02
2.829549560546875000e+02
2.834531860351562500e+02
2.677728881835937500e+02
2.741755676269531250e+02
2.750883789062500000e+02
2.654498596191406250e+02
2.402251586914062500e+02
2.416127929687500000e+02
2.445282287597656250e+02
2.390812988281250000e+02
2.169123229980468750e+02
2.553211517333984375e+02
2.869716796875000000e+02
2.994653015136718750e+02
2.980588073730468750e+02
2.957911376953125000e+02
3.089504089355468750e+02
3.088045349121093750e+02
3.051187744140625000e+02
3.058497924804687500e+02
3.084489440917968750e+02
3.058227233886718750e+02
3.142016601562500000e+02
3.123303833007812500e+02
2.826779785156250000e+02
2.666394958496093750e+02
2.642968750000000000e+02
2.690870971679687500e+02
2.703641357421875000e+02
2.707605285644531250e+02
2.732009582519531250e+02
2.783348693847656250e+02
2.528804168701171875e+02
2.408307342529296875e+02
2.530771331787109375e+02
2.385518798828125000e+02
2.821485595703125000e+02
2.991456909179687500e+02
3.080265197753906250e+02
3.199800415039062500e+02
3.325129089355468750e+02
3.248494567871093750e+02
3.244332580566406250e+02
3.396202697753906250e+02
3.165864562988281250e+02
3.286446533203125000e+02
3.036331481933593750e+02
3.496996765136718750e+02
3.484214782714843750e+02
3.510796508789062500e+02
3.411675109863281250e+02
3.392202148437500000e+02
3.386348571777343750e+02
3.362726135253906250e+02
3.365335083007812500e+02
3.375897827148437500e+02
3.067684631347656250e+02
2.882138977050781250e+02
2.824952392578125000e+02
2.558897399902343750e+02
2.725953674316406250e+02
2.800948791503906250e+02
2.724571533203125000e+02
2.711739501953125000e+02
2.588045959472656250e+02
2.594747924804687500e+02
2.547104644775390625e+02
2.542880401611328125e+02
2.666138916015625000e+02
2.545388488769531250e+02
2.477744750976562500e+02
2.564795227050781250e+02
2.542655487060546875e+02
2.434586486816406250e+02
2.498290405273437500e+02
2.481976318359375000e+02
2.501320800781250000e+02
2.538035430908203125e+02
2.581049499511718750e+02
2.515205993652343750e+02
2.114322357177734375e+02
2.127446594238281250e+02
2.107217559814453125e+02
2.315835113525390625e+02
2.482565917968750000e+02
2.595593566894531250e+02
2.521660308837890625e+02
2.473065795898437500e+02
2.476505432128906250e+02
2.463242187500000000e+02
2.632943725585937500e+02
2.553724517822265625e+02
2.517428131103515625e+02
2.519280853271484375e+02
2.409493255615234375e+02
2.298459320068359375e+02
2.062493896484375000e+02
2.148259277343750000e+02
2.414655456542968750e+02
2.378562469482421875e+02
2.667229309082031250e+02
2.803555603027343750e+02
2.758779907226562500e+02
2.744641113281250000e+02
2.739601745605468750e+02
2.730470275878906250e+02
2.765772705078125000e+02
2.712079772949218750e+02
2.524093627929687500e+02
2.603845825195312500e+02
2.556693572998046875e+02
2.555008392333984375e+02
2.574604187011718750e+02
2.587449951171875000e+02
2.198243255615234375e+02
2.224934692382812500e+02
2.223114929199218750e+02
2.070307464599609375e+02
2.093411254882812500e+02
2.089027404785156250e+02
2.072671508789062500e+02
2.446430816650390625e+02
2.228921203613281250e+02
2.264164886474609375e+02
2.233907775878906250e+02
2.313360290527343750e+02
2.281746673583984375e+02
2.335981445312500000e+02
2.359920043945312500e+02
1.886851043701171875e+02
1.838668823242187500e+02
1.877507781982421875e+02
2.306742553710937500e+02
2.380350036621093750e+02
2.443708343505859375e+02
2.466546478271484375e+02
2.440139770507812500e+02
2.506444396972656250e+02
2.292550354003906250e+02
2.694613952636718750e+02
2.602470703125000000e+02
2.512631835937500000e+02
2.473303375244140625e+02
2.586586608886718750e+02
2.629258117675781250e+02
2.659725646972656250e+02
2.625578918457031250e+02
2.462234802246093750e+02
2.494802703857421875e+02
2.510679779052734375e+02
2.610383911132812500e+02
2.600895996093750000e+02
2.571073913574218750e+02
2.451694488525390625e+02
2.797340698242187500e+02
3.074765014648437500e+02
3.296556091308593750e+02
3.579624938964843750e+02
3.671654968261718750e+02
3.700881347656250000e+02
3.769169921875000000e+02
3.823341369628906250e+02
3.784071350097656250e+02
3.946882629394531250e+02
3.874846801757812500e+02
3.901578063964843750e+02
3.885252990722656250e+02
3.850347595214843750e+02
3.698126831054687500e+02
3.649658813476562500e+02
3.429979248046875000e+02
3.121917724609375000e+02
3.175380249023437500e+02
3.161242980957031250e+02
3.214044799804687500e+02
3.180853881835937500e+02
3.126822204589843750e+02
2.940357666015625000e+02
2.883746948242187500e+02
2.918027038574218750e+02
2.930389709472656250e+02
3.005491333007812500e+02
3.150844726562500000e+02
3.039483032226562500e+02
3.095025024414062500e+02
3.020466918945312500e+02
3.008399963378906250e+02
2.925004882812500000e+02
2.871903076171875000e+02
2.615729064941406250e+02
2.602150573730468750e+02
2.598803710937500000e+02
2.255206146240234375e+02
2.179646301269531250e+02
2.136473083496093750e+02
2.109484252929687500e+02
2.203265991210937500e+02
2.187313079833984375e+02
2.553260040283203125e+02
2.444772338867187500e+02
2.359294586181640625e+02
2.421572113037109375e+02
2.410393066406250000e+02
2.540122680664062500e+02
2.819499816894531250e+02
2.732312316894531250e+02
2.740817565917968750e+02
2.753602294921875000e+02
2.802122192382812500e+02
2.770404052734375000e+02
2.903180236816406250e+02
2.910962219238281250e+02
3.124876098632812500e+02
3.055755004882812500e+02
3.339888610839843750e+02
3.383778076171875000e+02
3.385290832519531250e+02
3.483496704101562500e+02
3.460853576660156250e+02
3.492365722656250000e+02
3.336211853027343750e+02
3.518791198730468750e+02
3.483209838867187500e+02
3.489624938964843750e+02
3.471647033691406250e+02
3.313796691894531250e+02
3.169263916015625000e+02
3.219076232910156250e+02
3.201654052734375000e+02
3.223855285644531250e+02
3.402622985839843750e+02
3.345669555664062500e+02
3.401750183105468750e+02
2.881994323730468750e+02
3.010386657714843750e+02
2.975506286621093750e+02
2.895037231445312500e+02
2.848031005859375000e+02
2.939489746093750000e+02
3.040803222656250000e+02
2.747115173339843750e+02
2.755118408203125000e+02
2.561190490722656250e+02
2.614351501464843750e+02
2.756481018066406250e+02
2.708633728027343750e+02
2.788902282714843750e+02
2.809640502929687500e+02
2.826709899902343750e+02
2.820548706054687500e+02
2.760625305175781250e+02
2.827601623535156250e+02
2.838464965820312500e+02
2.911188964843750000e+02
2.774111328125000000e+02
3.080935058593750000e+02
3.042756042480468750e+02
2.824731140136718750e+02
2.779815673828125000e+02
2.977937927246093750e+02
3.014961547851562500e+02
3.172913208007812500e+02
3.073598327636718750e+02
3.064457092285156250e+02
3.056970214843750000e+02
3.023462829589843750e+02
2.984649963378906250e+02
2.998650817871093750e+02
3.021030273437500000e+02
3.000545959472656250e+02
3.116711730957031250e+02
3.279608459472656250e+02
3.196363830566406250e+02
3.297487182617187500e+02
3.365745544433593750e+02
3.333227844238281250e+02
3.605155334472656250e+02
3.706738891601562500e+02
3.840038757324218750e+02
3.864727478027343750e+02
3.871542358398437500e+02
3.900593261718750000e+02
3.948175659179687500e+02
4.041343078613281250e+02
3.853993225097656250e+02
3.990412597656250000e+02
3.903785705566406250e+02
3.853973388671875000e+02
3.892844238281250000e+02
3.886266784667968750e+02
3.901536560058593750e+02
3.753901672363281250e+02
3.749261169433593750e+02
3.538506774902343750e+02
3.603737182617187500e+02
3.563410644531250000e+02
3.587324218750000000e+02
3.672282104492187500e+02
3.687944030761718750e+02
3.579531860351562500e+02
3.614738769531250000e+02
3.574764099121093750e+02
3.559391784667968750e+02
3.277306213378906250e+02
3.259565429687500000e+02
3.234572143554687500e+02
2.948503112792968750e+02
2.458852691650390625e+02
2.418533935546875000e+02
2.442748718261718750e+02
2.230715637207031250e+02
2.367964782714843750e+02
2.594002990722656250e+02
2.517769622802734375e+02
2.645678100585937500e+02
2.726716918945312500e+02
2.941267395019531250e+02
2.973729248046875000e+02
2.919899597167968750e+02
2.868145751953125000e+02
2.620375366210937500e+02
2.641401062011718750e+02
2.593707275390625000e+02
2.757407836914062500e+02
2.788668518066406250e+02
2.711116638183593750e+02
2.534913635253906250e+02
2.440471496582031250e+02
2.625084838867187500e+02
2.594035339355468750e+02
2.630247497558593750e+02
2.670019226074218750e+02
2.590481872558593750e+02
2.587762756347656250e+02
2.680842285156250000e+02
2.616448364257812500e+02
2.577418518066406250e+02
2.529859313964843750e+02
2.528156127929687500e+02
2.530246887207031250e+02
2.485887603759765625e+02
2.438652801513671875e+02
2.207904052734375000e+02
2.205827331542968750e+02
2.119582214355468750e+02
2.154164581298828125e+02
2.236341552734375000e+02
2.180019073486328125e+02
2.549590606689453125e+02
2.209416046142578125e+02
2.241366119384765625e+02
2.298532867431640625e+02
2.499291992187500000e+02
2.492100982666015625e+02
2.447306976318359375e+02
2.406147003173828125e+02
2.194150390625000000e+02
2.223013305664062500e+02
2.561124877929687500e+02
2.448037872314453125e+02
2.447822265625000000e+02
2.421229248046875000e+02
2.440230560302734375e+02
2.524133758544921875e+02
2.469980010986328125e+02
2.517298278808593750e+02
2.549410095214843750e+02
2.566127929687500000e+02
2.686428527832031250e+02
2.586238403320312500e+02
2.964156799316406250e+02
2.836394958496093750e+02
2.583642578125000000e+02
2.644060363769531250e+02
3.499107055664062500e+02
3.516208801269531250e+02
3.562325439453125000e+02
3.577242431640625000e+02
3.530884094238281250e+02
3.264352416992187500e+02
3.427838745117187500e+02
3.399209899902343750e+02
3.386783752441406250e+02
3.387606506347656250e+02
3.396246032714843750e+02
3.412308959960937500e+02
3.401941833496093750e+02
2.761526489257812500e+02
2.801939086914062500e+02
2.384190673828125000e+02
2.448640289306640625e+02
2.505924377441406250e+02
3.444204101562500000e+02
3.602919311523437500e+02
3.596505126953125000e+02
3.422194824218750000e+02
3.356715698242187500e+02
2.795083618164062500e+02
3.074201354980468750e+02
3.125699462890625000e+02
3.173752441406250000e+02
3.172212524414062500e+02
2.994074401855468750e+02
3.016330871582031250e+02
2.959661865234375000e+02
2.957778930664062500e+02
2.835161132812500000e+02
2.874089660644531250e+02
2.818358764648437500e+02
2.377206726074218750e+02
2.467721710205078125e+02
2.453766784667968750e+02
2.380419158935546875e+02
2.427955017089843750e+02
2.399400177001953125e+02
2.364238128662109375e+02
2.290033264160156250e+02
2.273974151611328125e+02
2.227158203125000000e+02
2.612392578125000000e+02
2.412664184570312500e+02
2.582932739257812500e+02
2.510726623535156250e+02
2.565810241699218750e+02
2.561663513183593750e+02
2.591907043457031250e+02
2.568534545898437500e+02
2.624303894042968750e+02
2.493523559570312500e+02
2.577541198730468750e+02
2.832876892089843750e+02
2.980667419433593750e+02
3.259692687988281250e+02
3.273337402343750000e+02
3.507875671386718750e+02
3.634711914062500000e+02
3.667831420898437500e+02
3.723818664550781250e+02
3.830773315429687500e+02
3.883036804199218750e+02
3.948772277832031250e+02
4.002078247070312500e+02
3.957096252441406250e+02
3.700862731933593750e+02
3.705239868164062500e+02
3.440866394042968750e+02
3.576368713378906250e+02
3.614237976074218750e+02
3.565387573242187500e+02
3.745265502929687500e+02
3.774364318847656250e+02
3.899649658203125000e+02
3.964968261718750000e+02
3.951213684082031250e+02
3.955842895507812500e+02
3.981341247558593750e+02
3.990791015625000000e+02
4.002151489257812500e+02
4.003741149902343750e+02
3.965814819335937500e+02
4.107405700683593750e+02
4.035555419921875000e+02
4.016170959472656250e+02
4.042998352050781250e+02
4.064573669433593750e+02
4.056469421386718750e+02
4.033302001953125000e+02
4.064377136230468750e+02
4.049521179199218750e+02
4.078923950195312500e+02
3.960160827636718750e+02
3.932635803222656250e+02
3.889352722167968750e+02
4.026164550781250000e+02
4.056954345703125000e+02
3.967914123535156250e+02
3.934162902832031250e+02
3.910351867675781250e+02
3.920733947753906250e+02
3.960341186523437500e+02
4.013855590820312500e+02
4.066357727050781250e+02
4.045913696289062500e+02
4.085583190917968750e+02
4.065325012207031250e+02
4.092004394531250000e+02
4.124663391113281250e+02
4.015475769042968750e+02
3.987306518554687500e+02
4.029839477539062500e+02
3.866562194824218750e+02
3.836694946289062500e+02
3.825357971191406250e+02
3.818092041015625000e+02
3.859555358886718750e+02
3.792669067382812500e+02
3.847449951171875000e+02
3.962348327636718750e+02
3.950202331542968750e+02
3.941031188964843750e+02
3.945477600097656250e+02
3.918927307128906250e+02
3.908181152343750000e+02
3.891427307128906250e+02
3.889766235351562500e+02
3.757344970703125000e+02
3.688416442871093750e+02
3.735173645019531250e+02
3.918224487304687500e+02
3.954085388183593750e+02
3.978255920410156250e+02
4.022803344726562500e+02
4.025779724121093750e+02
4.062871398925781250e+02
4.100121154785156250e+02
4.103101501464843750e+02
4.044097290039062500e+02
4.012614135742187500e+02
3.982232666015625000e+02
3.933437500000000000e+02
3.905669555664062500e+02
3.948379516601562500e+02
3.966682739257812500e+02
3.909302978515625000e+02
3.869078369140625000e+02
3.805228576660156250e+02
3.765469665527343750e+02
3.777240600585937500e+02
3.804592895507812500e+02
3.702920532226562500e+02
3.704514465332031250e+02
3.778451232910156250e+02
3.871211242675781250e+02
3.923350830078125000e+02
3.911982727050781250e+02
3.936894531250000000e+02
3.919110107421875000e+02
3.884322814941406250e+02
3.918276672363281250e+02
3.954272766113281250e+02
3.935942687988281250e+02
3.841650390625000000e+02
3.711220397949218750e+02
3.638744201660156250e+02
3.595618286132812500e+02
3.535262145996093750e+02
3.551221618652343750e+02
3.556550292968750000e+02
3.525917053222656250e+02
3.458707275390625000e+02
3.437611083984375000e+02
3.478121948242187500e+02
3.563515930175781250e+02
3.610292358398437500e+02
3.631452331542968750e+02
3.656965026855468750e+02
3.672097167968750000e+02
3.779946289062500000e+02
3.882388000488281250e+02
3.881723937988281250e+02
3.838355712890625000e+02
3.866492919921875000e+02
3.824760131835937500e+02
3.761145629882812500e+02
3.767557373046875000e+02
3.753171691894531250e+02
3.765263366699218750e+02
3.680985412597656250e+02
3.661990356445312500e+02
3.648077697753906250e+02
3.690771179199218750e+02
3.683045043945312500e+02
3.643269653320312500e+02
3.645853271484375000e+02
3.575042419433593750e+02
3.539124755859375000e+02
3.588205566406250000e+02
3.596753234863281250e+02
3.721246948242187500e+02
3.688918457031250000e+02
3.858799743652343750e+02
3.977250976562500000e+02
4.048038940429687500e+02
4.018371887207031250e+02
3.999709777832031250e+02
4.103302307128906250e+02
4.150023803710937500e+02
4.182023010253906250e+02
4.163476867675781250e+02
4.071095581054687500e+02
3.986113891601562500e+02
3.921721496582031250e+02
3.874618835449218750e+02
3.744300231933593750e+02
3.662010803222656250e+02
3.615753173828125000e+02
3.619290161132812500e+02
3.631216735839843750e+02
3.594790954589843750e+02
3.654981384277343750e+02
3.720490112304687500e+02
3.744464111328125000e+02
3.774379882812500000e+02
3.888977355957031250e+02
3.885268859863281250e+02
3.831555480957031250e+02
3.852200012207031250e+02
3.903556518554687500e+02
3.912368164062500000e+02
3.905354919433593750e+02
3.879328613281250000e+02
3.842641601562500000e+02
3.820623779296875000e+02
3.778981933593750000e+02
3.693922424316406250e+02
3.583323974609375000e+02
3.591231994628906250e+02
3.594964904785156250e+02
3.592906799316406250e+02
3.625180358886718750e+02
3.653186645507812500e+02
3.655837707519531250e+02
3.643747253417968750e+02
3.645013122558593750e+02
3.633327331542968750e+02
3.568359680175781250e+02
3.554772644042968750e+02
3.541688537597656250e+02
3.508361816406250000e+02
3.398326110839843750e+02
3.370919799804687500e+02
3.425341796875000000e+02
3.529187622070312500e+02
3.760258789062500000e+02
3.744526977539062500e+02
3.652799072265625000e+02
3.617018432617187500e+02
3.400310668945312500e+02
3.378614807128906250e+02
3.362656555175781250e+02
3.200561828613281250e+02
3.138917236328125000e+02
3.172110900878906250e+02
3.178517456054687500e+02
3.274235229492187500e+02
3.255301818847656250e+02
2.834461669921875000e+02
2.786917419433593750e+02
2.761903076171875000e+02
2.778911132812500000e+02
2.796636352539062500e+02
2.752141113281250000e+02
2.724092102050781250e+02
2.619606018066406250e+02
2.601153259277343750e+02
2.650231933593750000e+02
2.652423095703125000e+02
2.498543243408203125e+02
2.453078155517578125e+02
2.475708618164062500e+02
2.506874847412109375e+02
2.462063751220703125e+02
2.507752380371093750e+02
2.512909698486328125e+02
2.559987030029296875e+02
2.617276611328125000e+02
2.742322998046875000e+02
2.760231323242187500e+02
2.751461486816406250e+02
2.818173828125000000e+02
2.781611938476562500e+02
2.843481445312500000e+02
2.848075256347656250e+02
2.799887695312500000e+02
2.773617858886718750e+02
2.583898620605468750e+02
2.641582031250000000e+02
2.433100433349609375e+02
2.332632446289062500e+02
2.259597778320312500e+02
2.239157104492187500e+02
2.404006500244140625e+02
2.329492187500000000e+02
2.353874053955078125e+02
2.349602966308593750e+02
2.232182769775390625e+02
2.462115478515625000e+02
2.367388610839843750e+02
2.386743316650390625e+02
2.353014984130859375e+02
2.383093719482421875e+02
2.430771331787109375e+02
2.483592071533203125e+02
2.517880096435546875e+02
2.653266601562500000e+02
2.424096832275390625e+02
2.451247253417968750e+02
2.516770019531250000e+02
2.672366333007812500e+02
2.640013732910156250e+02
2.615895080566406250e+02
2.578370361328125000e+02
2.518515014648437500e+02
2.514260406494140625e+02
2.554717864990234375e+02
2.553099822998046875e+02
2.498774414062500000e+02
2.643312683105468750e+02
2.580615844726562500e+02
2.504931945800781250e+02
2.481705017089843750e+02
2.646533508300781250e+02
2.600914306640625000e+02
2.779992065429687500e+02
2.628664245605468750e+02
2.656645202636718750e+02
2.753815612792968750e+02
2.696806640625000000e+02
2.710060424804687500e+02
2.810833129882812500e+02
2.800979309082031250e+02
2.678065185546875000e+02
2.701582031250000000e+02
2.687858276367187500e+02
2.501752471923828125e+02
2.701376953125000000e+02
2.701817016601562500e+02
2.702823486328125000e+02
2.688743286132812500e+02
2.692641906738281250e+02
2.809750671386718750e+02
2.814836425781250000e+02
2.786393737792968750e+02
2.588653259277343750e+02
2.631521301269531250e+02
2.678465881347656250e+02
2.589310607910156250e+02
2.620549011230468750e+02
2.635382690429687500e+02
2.608695068359375000e+02
2.626799926757812500e+02
2.646328430175781250e+02
2.844814147949218750e+02
2.600837402343750000e+02
2.650991821289062500e+02
2.525496673583984375e+02
2.529425811767578125e+02
2.726323852539062500e+02
2.658461914062500000e+02
2.710338745117187500e+02
2.866610717773437500e+02
2.879412536621093750e+02
2.720333557128906250e+02
2.976175537109375000e+02
2.520818328857421875e+02
2.605870971679687500e+02
2.617206726074218750e+02
2.267286682128906250e+02
2.347481994628906250e+02
1.810223541259765625e+02
1.829407348632812500e+02
1.883663787841796875e+02
2.003777313232421875e+02
2.207340240478515625e+02
2.201224822998046875e+02
2.322187805175781250e+02
2.234553985595703125e+02
2.244464416503906250e+02
2.317484130859375000e+02
2.310812377929687500e+02
2.350047302246093750e+02
2.372544097900390625e+02
2.408184356689453125e+02
2.455135650634765625e+02
2.475180664062500000e+02
2.495402984619140625e+02
2.500196838378906250e+02
2.488498077392578125e+02
3.103830261230468750e+02
3.065175170898437500e+02
3.022978210449218750e+02
3.024511108398437500e+02
3.002432861328125000e+02
3.051627502441406250e+02
3.105971984863281250e+02
3.103169555664062500e+02
3.121984863281250000e+02
3.180945434570312500e+02
3.154455261230468750e+02
3.253915710449218750e+02
3.283760070800781250e+02
3.274011840820312500e+02
3.251631774902343750e+02
3.278314514160156250e+02
3.299614562988281250e+02
3.309155273437500000e+02
3.373844909667968750e+02
3.377257995605468750e+02
3.390947875976562500e+02
3.392218017578125000e+02
3.398068847656250000e+02
3.365518798828125000e+02
3.330209655761718750e+02
3.316842041015625000e+02
3.255200805664062500e+02
3.238385314941406250e+02
3.231653442382812500e+02
3.247788696289062500e+02
3.219938049316406250e+02
3.240552978515625000e+02
3.251328430175781250e+02
3.297259826660156250e+02
3.320706481933593750e+02
3.290813903808593750e+02
3.189665222167968750e+02
3.159985656738281250e+02
3.129651489257812500e+02
3.101849670410156250e+02
3.104400634765625000e+02
3.099858398437500000e+02
3.475376281738281250e+02
3.430060424804687500e+02
3.372360534667968750e+02
3.419693298339843750e+02
3.433268127441406250e+02
3.452105712890625000e+02
3.454798583984375000e+02
3.521621704101562500e+02
3.834240417480468750e+02
3.888179016113281250e+02
3.911420288085937500e+02
3.927663574218750000e+02
3.956087341308593750e+02
3.966015014648437500e+02
3.966846923828125000e+02
3.891975402832031250e+02
3.860442199707031250e+02
3.842368469238281250e+02
3.831636962890625000e+02
3.792946777343750000e+02
3.747711486816406250e+02
3.728488769531250000e+02
3.701018371582031250e+02
3.615888671875000000e+02
3.536743469238281250e+02
3.625558471679687500e+02
3.107373962402343750e+02
3.174851379394531250e+02
3.216716918945312500e+02
3.195153198242187500e+02
3.099183349609375000e+02
3.075018005371093750e+02
2.746755981445312500e+02
2.775723266601562500e+02
2.809459228515625000e+02
2.786183166503906250e+02
2.669927062988281250e+02
2.682905883789062500e+02
2.725953063964843750e+02
2.773144531250000000e+02
2.797312622070312500e+02
2.055993041992187500e+02
2.023386383056640625e+02
2.071752471923828125e+02
2.099996032714843750e+02
2.063078460693359375e+02
2.026183929443359375e+02
2.050747070312500000e+02
2.027962951660156250e+02
2.043159179687500000e+02
2.031974792480468750e+02
2.022445373535156250e+02
2.048376007080078125e+02
2.063989868164062500e+02
2.000351562500000000e+02
2.013549346923828125e+02
2.305914459228515625e+02
2.130142364501953125e+02
2.076146850585937500e+02
2.025251922607421875e+02
2.056622467041015625e+02
2.058645629882812500e+02
2.119666442871093750e+02
2.109750366210937500e+02
2.178391113281250000e+02
2.341176147460937500e+02
2.304913787841796875e+02
2.324438934326171875e+02
2.324529876708984375e+02
2.279065399169921875e+02
2.229745788574218750e+02
2.193828582763671875e+02
2.179353332519531250e+02
2.152369689941406250e+02
2.161189270019531250e+02
2.114737243652343750e+02
2.127677459716796875e+02
2.122294464111328125e+02
2.175077056884765625e+02
2.262654418945312500e+02
2.315329742431640625e+02
2.151458435058593750e+02
2.041619110107421875e+02
2.071480102539062500e+02
2.040741729736328125e+02
2.088792266845703125e+02
2.124245452880859375e+02
2.222912597656250000e+02
2.259155120849609375e+02
2.358198242187500000e+02
2.387497558593750000e+02
2.412279510498046875e+02
2.466467895507812500e+02
2.453127593994140625e+02
2.440381927490234375e+02
2.545014343261718750e+02
2.523383636474609375e+02
2.534393463134765625e+02
2.475505065917968750e+02
2.541648406982421875e+02
2.514524078369140625e+02
2.579667968750000000e+02
2.596333923339843750e+02
2.491170959472656250e+02
2.414496002197265625e+02
2.330297088623046875e+02
2.263682556152343750e+02
2.267045440673828125e+02
2.284956054687500000e+02
2.303106842041015625e+02
2.218121643066406250e+02
2.239906768798828125e+02
2.475355834960937500e+02
2.493449859619140625e+02
2.576891784667968750e+02
2.537329254150390625e+02
2.634528808593750000e+02
2.663601379394531250e+02
2.700499572753906250e+02
2.690083618164062500e+02
2.674221801757812500e+02
2.611641540527343750e+02
2.528715667724609375e+02
2.542425079345703125e+02
2.628767395019531250e+02
2.513739166259765625e+02
2.443266906738281250e+02
2.332579040527343750e+02
2.380338287353515625e+02
2.251113433837890625e+02
2.194156646728515625e+02
2.199185180664062500e+02
2.260231170654296875e+02
2.267070617675781250e+02
2.306252441406250000e+02
2.370879669189453125e+02
2.344191589355468750e+02
2.534370117187500000e+02
2.583410644531250000e+02
2.669334411621093750e+02
2.701640319824218750e+02
2.613842163085937500e+02
2.625054931640625000e+02
2.580209655761718750e+02
2.528278350830078125e+02
2.529125518798828125e+02
2.317606048583984375e+02
2.371408233642578125e+02
2.303190460205078125e+02
2.309971008300781250e+02
2.302778167724609375e+02
2.303320007324218750e+02
2.295170288085937500e+02
2.146283111572265625e+02
2.146066131591796875e+02
2.086766815185546875e+02
2.090610198974609375e+02
2.082707214355468750e+02
2.238305511474609375e+02
2.143285980224609375e+02
2.380814208984375000e+02
2.394585266113281250e+02
2.591157226562500000e+02
2.535455474853515625e+02
2.502633666992187500e+02
2.548481292724609375e+02
2.534070739746093750e+02
2.560188903808593750e+02
2.551933746337890625e+02
2.451617584228515625e+02
2.174671936035156250e+02
2.252179107666015625e+02
2.255923156738281250e+02
2.265854644775390625e+02
2.264500579833984375e+02
2.168553466796875000e+02
2.441466217041015625e+02
2.477289733886718750e+02
2.505000457763671875e+02
2.480332946777343750e+02
2.421346130371093750e+02
2.432925262451171875e+02
2.471314239501953125e+02
2.469736938476562500e+02
2.376916809082031250e+02
2.387090911865234375e+02
2.422923583984375000e+02
2.330498962402343750e+02
2.410351257324218750e+02
2.357938690185546875e+02
2.380253448486328125e+02
2.388392181396484375e+02
2.307433319091796875e+02
2.352314300537109375e+02
2.309751281738281250e+02
2.411479187011718750e+02
2.380487823486328125e+02
2.354994812011718750e+02
2.420806579589843750e+02
2.388997039794921875e+02
2.428633117675781250e+02
2.339510345458984375e+02
2.444314575195312500e+02
2.422844543457031250e+02
2.464692840576171875e+02
2.292885437011718750e+02
2.350909576416015625e+02
2.292175903320312500e+02
2.080126800537109375e+02
2.086426239013671875e+02
2.047921295166015625e+02
2.040399780273437500e+02
2.007139434814453125e+02
1.994071044921875000e+02
2.019364776611328125e+02
2.031960296630859375e+02
2.160383453369140625e+02
2.132614135742187500e+02
2.116242370605468750e+02
2.153252716064453125e+02
2.249867248535156250e+02
2.319214630126953125e+02
2.325979309082031250e+02
2.330218048095703125e+02
2.524895629882812500e+02
2.633895263671875000e+02
2.645701904296875000e+02
2.677769775390625000e+02
2.576989746093750000e+02
2.631873168945312500e+02
2.680053405761718750e+02
2.728467407226562500e+02
2.842244262695312500e+02
3.081926269531250000e+02
3.141793823242187500e+02
3.146438293457031250e+02
3.146483459472656250e+02
3.175322265625000000e+02
3.183323364257812500e+02
3.188608398437500000e+02
3.142070922851562500e+02
2.765486755371093750e+02
2.821975708007812500e+02
3.061031494140625000e+02
3.006742248535156250e+02
3.046977233886718750e+02
3.097318115234375000e+02
3.145307617187500000e+02
3.117657470703125000e+02
3.133083190917968750e+02
3.091304626464843750e+02
3.123449707031250000e+02
3.018114013671875000e+02
2.992962341308593750e+02
2.938576660156250000e+02
2.822941284179687500e+02
3.205785217285156250e+02
3.109709472656250000e+02
3.006085510253906250e+02
2.942638244628906250e+02
2.927485046386718750e+02
2.859418334960937500e+02
2.847437744140625000e+02
2.897725830078125000e+02
2.853224182128906250e+02
2.863025207519531250e+02
2.911580810546875000e+02
2.980843200683593750e+02
3.031733398437500000e+02
3.041139526367187500e+02
3.010358276367187500e+02
2.917229309082031250e+02
2.841151428222656250e+02
2.579989318847656250e+02
2.491078948974609375e+02
2.476606903076171875e+02
2.441190185546875000e+02
2.441402435302734375e+02
2.416713714599609375e+02
2.375264587402343750e+02
2.374168090820312500e+02
2.353579559326171875e+02
2.349590148925781250e+02
2.442596588134765625e+02
2.324849700927734375e+02
2.350984954833984375e+02
2.373500823974609375e+02
2.425633392333984375e+02
2.417362518310546875e+02
2.434228363037109375e+02
2.441907806396484375e+02
2.462707824707031250e+02
2.534658050537109375e+02
2.603526000976562500e+02
2.613601684570312500e+02
2.621388854980468750e+02
2.529203186035156250e+02
2.528596191406250000e+02
2.748276977539062500e+02
2.707741699218750000e+02
2.792714538574218750e+02
2.893225097656250000e+02
2.870561828613281250e+02
2.969026489257812500e+02
3.097982177734375000e+02
3.202864379882812500e+02
3.123615112304687500e+02
2.947640380859375000e+02
3.101109008789062500e+02
3.203984069824218750e+02
3.167413330078125000e+02
3.180395202636718750e+02
3.188306274414062500e+02
3.142374267578125000e+02
3.164366455078125000e+02
3.108325195312500000e+02
3.140914001464843750e+02
3.103563537597656250e+02
3.160376892089843750e+02
3.156018981933593750e+02
3.082959899902343750e+02
2.968918151855468750e+02
2.802506408691406250e+02
2.702953491210937500e+02
2.539567413330078125e+02
2.390111999511718750e+02
2.315193176269531250e+02
2.260935058593750000e+02
2.177686309814453125e+02
2.092160491943359375e+02
1.928935699462890625e+02
1.938866882324218750e+02
1.908132019042968750e+02
1.849629211425781250e+02
1.858216552734375000e+02
1.914101715087890625e+02
2.036312255859375000e+02
1.956142120361328125e+02
1.927242431640625000e+02
1.890208892822265625e+02
1.871303253173828125e+02
1.855304107666015625e+02
1.913915557861328125e+02
1.893250579833984375e+02
1.800618286132812500e+02
1.736944885253906250e+02
1.746443328857421875e+02
1.765098876953125000e+02
1.772181396484375000e+02
1.732643737792968750e+02
1.801352233886718750e+02
1.835124816894531250e+02
1.887961883544921875e+02
1.758922424316406250e+02
1.745576934814453125e+02
1.784764404296875000e+02
1.772346954345703125e+02
1.743027648925781250e+02
1.746847839355468750e+02
1.826446075439453125e+02
1.846819458007812500e+02
1.867390899658203125e+02
1.867422027587890625e+02
1.890617675781250000e+02
1.937708892822265625e+02
1.917193603515625000e+02
1.963650512695312500e+02
1.982446899414062500e+02
2.009190521240234375e+02
2.100217132568359375e+02
2.139787292480468750e+02
2.070567779541015625e+02
2.063361358642578125e+02
2.181962280273437500e+02
2.261116333007812500e+02
2.302584991455078125e+02
2.180462951660156250e+02
1.925819549560546875e+02
1.984598388671875000e+02
1.964795684814453125e+02
2.003304290771484375e+02
1.911763610839843750e+02
1.977477111816406250e+02
2.039851379394531250e+02
2.021198883056640625e+02
1.917725982666015625e+02
1.939997253417968750e+02
1.932349395751953125e+02
1.856561126708984375e+02
1.832555847167968750e+02
1.811794738769531250e+02
1.791149902343750000e+02
1.755158691406250000e+02
1.622679443359375000e+02
1.601565856933593750e+02
1.617779998779296875e+02
1.601236724853515625e+02
1.590056915283203125e+02
1.698326873779296875e+02
1.754730987548828125e+02
1.918196411132812500e+02
1.878276214599609375e+02
1.826409454345703125e+02
1.812831115722656250e+02
1.854370117187500000e+02
1.923439331054687500e+02
1.824150390625000000e+02
1.898790740966796875e+02
1.927714385986328125e+02
1.877859497070312500e+02
1.889303436279296875e+02
1.852944335937500000e+02
1.740215911865234375e+02
1.728331604003906250e+02
1.723986053466796875e+02
1.745401611328125000e+02
1.682850189208984375e+02
1.626503906250000000e+02
1.600399169921875000e+02
1.594516601562500000e+02
1.592996673583984375e+02
1.588077545166015625e+02
1.611145477294921875e+02
1.643135223388671875e+02
1.660366363525390625e+02
1.673602294921875000e+02
1.709670410156250000e+02
1.709096374511718750e+02
1.709284210205078125e+02
1.680621948242187500e+02
1.711188507080078125e+02
1.736325836181640625e+02
1.736704254150390625e+02
1.725500946044921875e+02
1.733577575683593750e+02
1.734412841796875000e+02
1.749165802001953125e+02
1.707897491455078125e+02
1.676879272460937500e+02
1.671105651855468750e+02
1.649427795410156250e+02
1.650049896240234375e+02
1.655373992919921875e+02
1.633542938232421875e+02
1.628701324462890625e+02
1.633646392822265625e+02
1.629347686767578125e+02
1.641412200927734375e+02
1.641881561279296875e+02
1.660092468261718750e+02
1.672864990234375000e+02
1.787930908203125000e+02
1.870080718994140625e+02
1.911905212402343750e+02
1.969517822265625000e+02
1.971673583984375000e+02
2.011177825927734375e+02
2.028412017822265625e+02
2.032450561523437500e+02
1.984944152832031250e+02
1.948991546630859375e+02
1.900206604003906250e+02
1.897154693603515625e+02
1.909924316406250000e+02
1.898692321777343750e+02
1.848836669921875000e+02
1.831522979736328125e+02
1.793453063964843750e+02
1.832347259521484375e+02
1.823800048828125000e+02
1.865831451416015625e+02
1.913359527587890625e+02
1.901165924072265625e+02
2.058940429687500000e+02
2.161128997802734375e+02
2.156507415771484375e+02
2.114007110595703125e+02
2.178274078369140625e+02
2.270643157958984375e+02
2.295816650390625000e+02
2.254397125244140625e+02
2.280800170898437500e+02
2.370725555419921875e+02
2.263360290527343750e+02
2.430444030761718750e+02
2.468840484619140625e+02
2.906436157226562500e+02
2.977665100097656250e+02
3.029167480468750000e+02
3.050628051757812500e+02
3.155345458984375000e+02
3.170241088867187500e+02
3.170801086425781250e+02
3.229165039062500000e+02
3.262034606933593750e+02
3.262434692382812500e+02
3.172103576660156250e+02
3.209917297363281250e+02
3.210559082031250000e+02
2.979214172363281250e+02
2.988540039062500000e+02
2.933246154785156250e+02
2.884925231933593750e+02
2.552304534912109375e+02
2.620166015625000000e+02
2.772369384765625000e+02
2.803974609375000000e+02
2.670133972167968750e+02
2.769674987792968750e+02
2.904831237792968750e+02
3.007091674804687500e+02
3.000160217285156250e+02
2.992451477050781250e+02
3.019968261718750000e+02
2.916016235351562500e+02
2.978677673339843750e+02
2.953204650878906250e+02
3.007196350097656250e+02
2.998633117675781250e+02
2.963688049316406250e+02
2.947330017089843750e+02
2.903914184570312500e+02
2.904754333496093750e+02
2.888382568359375000e+02
2.862781677246093750e+02
2.849808044433593750e+02
2.915441284179687500e+02
2.870918579101562500e+02
2.805751342773437500e+02
2.875957946777343750e+02
2.726697387695312500e+02
2.936345214843750000e+02
3.024043273925781250e+02
3.170252990722656250e+02
3.106005249023437500e+02
3.145282897949218750e+02
3.113756103515625000e+02
3.075668640136718750e+02
3.092719421386718750e+02
3.140205383300781250e+02
3.151870117187500000e+02
3.123381958007812500e+02
3.201300964355468750e+02
3.200939331054687500e+02
3.160614318847656250e+02
3.181277465820312500e+02
3.155620727539062500e+02
3.122310791015625000e+02
3.125617065429687500e+02
3.113702392578125000e+02
3.114230041503906250e+02
3.077355041503906250e+02
3.055968933105468750e+02
3.056021118164062500e+02
2.992303161621093750e+02
2.970534667968750000e+02
2.834747009277343750e+02
2.913670654296875000e+02
2.963999328613281250e+02
2.889628906250000000e+02
2.822194519042968750e+02
2.836121826171875000e+02
2.789059753417968750e+02
2.645758361816406250e+02
2.581572570800781250e+02
2.562532043457031250e+02
2.593645935058593750e+02
2.578264465332031250e+02
2.554572296142578125e+02
2.545353698730468750e+02
2.516935424804687500e+02
2.503767395019531250e+02
2.507178039550781250e+02
2.444305572509765625e+02
2.455638885498046875e+02
2.417972412109375000e+02
2.363564910888671875e+02
2.356847381591796875e+02
2.247623443603515625e+02
2.227474060058593750e+02
2.229960784912109375e+02
2.187003631591796875e+02
2.198177337646484375e+02
2.152478027343750000e+02
2.100639801025390625e+02
2.002837066650390625e+02
1.987818145751953125e+02
1.988710937500000000e+02
1.994518280029296875e+02
2.002157135009765625e+02
2.043937225341796875e+02
2.192247619628906250e+02
2.206809539794921875e+02
2.278945312500000000e+02
2.226792907714843750e+02
2.188036804199218750e+02
2.164624786376953125e+02
2.116410369873046875e+02
2.166946563720703125e+02
2.132562103271484375e+02
2.131430511474609375e+02
2.125812683105468750e+02
2.025024566650390625e+02
2.039858398437500000e+02
2.051884765625000000e+02
2.024974822998046875e+02
2.045701599121093750e+02
2.015222320556640625e+02
2.124304046630859375e+02
2.093643493652343750e+02
2.117107543945312500e+02
2.054000091552734375e+02
2.062425231933593750e+02
2.048728027343750000e+02
2.119863586425781250e+02
2.062479248046875000e+02
2.032244110107421875e+02
2.044990997314453125e+02
2.005843658447265625e+02
2.015783996582031250e+02
2.072169036865234375e+02
1.993470611572265625e+02
2.048476867675781250e+02
2.014804229736328125e+02
2.023996734619140625e+02
2.030947875976562500e+02
2.031057891845703125e+02
2.145559692382812500e+02
2.198744049072265625e+02
2.186113891601562500e+02
2.229192504882812500e+02
2.202754821777343750e+02
2.170674438476562500e+02
2.171016845703125000e+02
2.201124114990234375e+02
2.187547454833984375e+02
2.151864471435546875e+02
2.127641296386718750e+02
2.277413330078125000e+02
2.391262664794921875e+02
2.538341522216796875e+02
2.567577819824218750e+02
2.580967407226562500e+02
2.618283691406250000e+02
2.628746643066406250e+02
2.562378845214843750e+02
2.594908752441406250e+02
2.556631774902343750e+02
2.526749725341796875e+02
2.530764465332031250e+02
2.533834533691406250e+02
2.518635406494140625e+02
2.692465209960937500e+02
2.750234375000000000e+02
2.888369445800781250e+02
2.896092834472656250e+02
2.938112182617187500e+02
2.951369323730468750e+02
2.933293762207031250e+02
3.021267700195312500e+02
3.040052185058593750e+02
3.109842224121093750e+02
3.125024108886718750e+02
3.083066406250000000e+02
3.055719299316406250e+02
3.050541992187500000e+02
3.023502197265625000e+02
2.946942443847656250e+02
2.942938537597656250e+02
2.906682739257812500e+02
2.908473815917968750e+02
2.872619018554687500e+02
2.848225097656250000e+02
2.751647644042968750e+02
2.778114013671875000e+02
2.999264221191406250e+02
2.921058349609375000e+02
2.961851501464843750e+02
2.939430236816406250e+02
2.909459838867187500e+02
2.899770812988281250e+02
2.871604919433593750e+02
2.810270996093750000e+02
2.668905944824218750e+02
2.727571411132812500e+02
2.672572631835937500e+02
2.661685791015625000e+02
2.734370727539062500e+02
2.735313720703125000e+02
2.710303344726562500e+02
2.580041503906250000e+02
2.627794494628906250e+02
2.868833007812500000e+02
2.868731079101562500e+02
2.812569885253906250e+02
2.808550109863281250e+02
2.788593444824218750e+02
2.778563537597656250e+02
2.839875183105468750e+02
2.940405578613281250e+02
3.097666625976562500e+02
3.227956237792968750e+02
3.347864685058593750e+02
3.459761657714843750e+02
3.552032775878906250e+02
3.607951354980468750e+02
3.712671203613281250e+02
3.787294006347656250e+02
3.849975585937500000e+02
3.871877746582031250e+02
3.890486145019531250e+02
3.893901672363281250e+02
3.897471313476562500e+02
3.869296569824218750e+02
3.850760498046875000e+02
3.819186401367187500e+02
3.823793029785156250e+02
3.764955139160156250e+02
3.749883117675781250e+02
3.710433044433593750e+02
3.658350524902343750e+02
3.613617553710937500e+02
3.690745544433593750e+02
3.811871032714843750e+02
3.916790466308593750e+02
3.930797729492187500e+02
3.888587036132812500e+02
3.917972412109375000e+02
3.940880126953125000e+02
3.940799255371093750e+02
3.805600280761718750e+02
3.757560119628906250e+02
3.686504821777343750e+02
3.637835693359375000e+02
3.642535095214843750e+02
3.682103576660156250e+02
3.751718139648437500e+02
3.814432678222656250e+02
3.784226074218750000e+02
3.804968566894531250e+02
3.964690551757812500e+02
4.049327697753906250e+02
4.072786254882812500e+02
4.095343933105468750e+02
4.066250610351562500e+02
4.093060607910156250e+02
4.130703430175781250e+02
3.593473205566406250e+02
3.574653930664062500e+02
3.614348449707031250e+02
3.641349487304687500e+02
3.661542358398437500e+02
3.606799926757812500e+02
3.567117919921875000e+02
3.599544982910156250e+02
3.604946289062500000e+02
4.061044921875000000e+02
4.190165710449218750e+02
4.197584838867187500e+02
4.189481201171875000e+02
4.199365844726562500e+02
4.220546569824218750e+02
4.251907348632812500e+02
4.269263916015625000e+02
4.256038513183593750e+02
4.197503356933593750e+02
4.129938354492187500e+02
4.109135437011718750e+02
4.080061340332031250e+02
4.051406860351562500e+02
4.085005187988281250e+02
4.115639648437500000e+02
4.128057556152343750e+02
4.136932373046875000e+02
4.133410339355468750e+02
4.105235900878906250e+02
4.063973999023437500e+02
4.030218505859375000e+02
3.996260681152343750e+02
3.959782409667968750e+02
3.922067260742187500e+02
3.904679260253906250e+02
3.855334472656250000e+02
3.849422912597656250e+02
3.868055114746093750e+02
3.922018737792968750e+02
3.905243530273437500e+02
3.854411315917968750e+02
3.815856323242187500e+02
3.801280212402343750e+02
3.775514221191406250e+02
3.731261596679687500e+02
3.743578491210937500e+02
3.761269836425781250e+02
3.775448608398437500e+02
3.779034118652343750e+02
3.797416076660156250e+02
3.789698791503906250e+02
3.770223999023437500e+02
3.763989868164062500e+02
3.816099243164062500e+02
3.880698852539062500e+02
4.042160644531250000e+02
4.062340698242187500e+02
4.069949035644531250e+02
3.917617187500000000e+02
3.942885131835937500e+02
3.985064697265625000e+02
3.990850219726562500e+02
3.961250915527343750e+02
3.944749450683593750e+02
3.978019104003906250e+02
3.949231262207031250e+02
3.910394287109375000e+02
3.839423828125000000e+02
3.794034118652343750e+02
3.763106994628906250e+02
3.741948242187500000e+02
3.711122436523437500e+02
3.716783447265625000e+02
3.790885009765625000e+02
3.846255798339843750e+02
3.849508666992187500e+02
3.826334838867187500e+02
3.782826232910156250e+02
3.745302734375000000e+02
3.622102966308593750e+02
3.630736389160156250e+02
3.631542968750000000e+02
3.640038757324218750e+02
3.552965087890625000e+02
3.367034912109375000e+02
3.573582458496093750e+02
3.609213867187500000e+02
3.618278503417968750e+02
3.489313659667968750e+02
3.501539611816406250e+02
3.508155822753906250e+02
3.524690551757812500e+02
3.533179626464843750e+02
3.479878234863281250e+02
3.445352783203125000e+02
3.475401306152343750e+02
3.585892028808593750e+02
3.714015197753906250e+02
3.744062500000000000e+02
3.772306823730468750e+02
3.817811279296875000e+02
3.833080444335937500e+02
3.846282348632812500e+02
3.866185607910156250e+02
3.199773254394531250e+02
3.213222351074218750e+02
3.273225708007812500e+02
3.288244628906250000e+02
3.803482666015625000e+02
3.836741027832031250e+02
3.738672485351562500e+02
2.892379455566406250e+02
3.170171508789062500e+02
3.098299255371093750e+02
3.024646606445312500e+02
3.008510131835937500e+02
2.973609619140625000e+02
2.990906982421875000e+02
2.978326110839843750e+02
3.010621948242187500e+02
3.261572875976562500e+02
3.330061035156250000e+02
3.304672241210937500e+02
3.324254455566406250e+02
3.334690551757812500e+02
3.245789794921875000e+02
3.196475524902343750e+02
3.200844116210937500e+02
3.241265869140625000e+02
3.235959167480468750e+02
3.118973388671875000e+02
3.143516845703125000e+02
3.078721923828125000e+02
3.052385253906250000e+02
3.075921936035156250e+02
3.042833251953125000e+02
2.981643066406250000e+02
2.889790344238281250e+02
2.894264526367187500e+02
2.877953491210937500e+02
2.861600341796875000e+02
2.881535949707031250e+02
2.856645202636718750e+02
2.924498596191406250e+02
2.894463500976562500e+02
2.920127258300781250e+02
3.490539550781250000e+02
3.508241577148437500e+02
3.446569213867187500e+02
3.431433410644531250e+02
3.451759643554687500e+02
3.429352722167968750e+02
3.327925720214843750e+02
3.101697387695312500e+02
3.140128173828125000e+02
3.175101013183593750e+02
3.252633666992187500e+02
3.269620361328125000e+02
3.285198364257812500e+02
3.253821105957031250e+02
3.197253723144531250e+02
3.242200927734375000e+02
3.187364807128906250e+02
3.080620727539062500e+02
3.037387084960937500e+02
3.039475708007812500e+02
3.036957702636718750e+02
3.020661621093750000e+02
3.084059448242187500e+02
3.099004516601562500e+02
3.190281677246093750e+02
3.251629333496093750e+02
3.340678405761718750e+02
3.290992431640625000e+02
3.224000244140625000e+02
3.119969787597656250e+02
2.990346374511718750e+02
2.970198669433593750e+02
2.806385192871093750e+02
2.747605285644531250e+02
2.559205932617187500e+02
2.454715270996093750e+02
2.486946105957031250e+02
2.498033599853515625e+02
2.563910217285156250e+02
2.529016571044921875e+02
2.515353088378906250e+02
2.507569885253906250e+02
2.470469207763671875e+02
2.516765594482421875e+02
2.542817382812500000e+02
2.595653686523437500e+02
2.646908874511718750e+02
2.601058044433593750e+02
2.491799011230468750e+02
2.415587158203125000e+02
2.339616699218750000e+02
2.278232727050781250e+02
2.212842712402343750e+02
2.190957946777343750e+02
2.158948669433593750e+02
2.119103393554687500e+02
2.102733459472656250e+02
2.059012145996093750e+02
2.014149627685546875e+02
2.264830017089843750e+02
2.275525054931640625e+02
2.227911529541015625e+02
2.227364807128906250e+02
2.207304077148437500e+02
2.152826538085937500e+02
2.183039245605468750e+02
2.158088684082031250e+02
2.153706512451171875e+02
2.210606231689453125e+02
2.320932922363281250e+02
2.306120452880859375e+02
2.173670654296875000e+02
2.111711273193359375e+02
2.182874603271484375e+02
2.230446777343750000e+02
2.336169433593750000e+02
2.189981689453125000e+02
2.194132232666015625e+02
2.110976715087890625e+02
2.170809936523437500e+02
2.209571685791015625e+02
2.288936309814453125e+02
2.356190338134765625e+02
2.314051971435546875e+02
2.271304168701171875e+02
2.288138885498046875e+02
2.319080963134765625e+02
2.304163818359375000e+02
2.318920898437500000e+02
2.352065582275390625e+02
2.438271636962890625e+02
2.482108306884765625e+02
2.479185180664062500e+02
2.498355865478515625e+02
2.512093353271484375e+02
2.562181701660156250e+02
3.227337951660156250e+02
3.201956481933593750e+02
3.191237792968750000e+02
3.137360839843750000e+02
3.067212829589843750e+02
3.042199096679687500e+02
3.037970581054687500e+02
3.014137878417968750e+02
3.032493286132812500e+02
3.159746704101562500e+02
3.222136230468750000e+02
3.283074340820312500e+02
3.319131164550781250e+02
3.329790344238281250e+02
3.341455383300781250e+02
3.345183410644531250e+02
3.862148437500000000e+02
3.995509643554687500e+02
4.041748657226562500e+02
4.050897827148437500e+02
4.065910644531250000e+02
4.091570739746093750e+02
4.082606506347656250e+02
4.047458801269531250e+02
4.010625915527343750e+02
3.997570800781250000e+02
3.988277282714843750e+02
3.964903259277343750e+02
3.942379150390625000e+02
3.943321228027343750e+02
3.914604187011718750e+02
3.887353210449218750e+02
3.880205383300781250e+02
3.894552307128906250e+02
3.928599853515625000e+02
3.956783142089843750e+02
3.975227355957031250e+02
4.029087524414062500e+02
4.092312316894531250e+02
4.127737731933593750e+02
4.137509460449218750e+02
4.154719848632812500e+02
4.158430786132812500e+02
4.163983154296875000e+02
4.123697814941406250e+02
4.107555236816406250e+02
4.128017272949218750e+02
4.172441406250000000e+02
4.203521118164062500e+02
4.218658142089843750e+02
4.222407226562500000e+02
4.206828002929687500e+02
4.198294067382812500e+02
4.189481201171875000e+02
4.165869750976562500e+02
4.155161132812500000e+02
4.145057373046875000e+02
4.153464965820312500e+02
4.189144897460937500e+02
4.227103271484375000e+02
4.237459411621093750e+02
4.238101501464843750e+02
4.220942077636718750e+02
4.164288024902343750e+02
4.077842407226562500e+02
