4.717492065429687500e+02
4.551705322265625000e+02
4.681786193847656250e+02
4.686875610351562500e+02
4.813995971679687500e+02
4.780203247070312500e+02
4.777386169433593750e+02
4.695158386230468750e+02
4.234866638183593750e+02
4.211597900390625000e+02
4.146143493652343750e+02
3.969197998046875000e+02
4.054152221679687500e+02
4.016617126464843750e+02
3.949780883789062500e+02
3.941393127441406250e+02
3.886777038574218750e+02
3.853213195800781250e+02
3.744600524902343750e+02
3.669281005859375000e+02
3.635199279785156250e+02
3.595553588867187500e+02
3.532037048339843750e+02
3.492956542968750000e+02
3.022155151367187500e+02
2.614175720214843750e+02
2.158425292968750000e+02
1.752593078613281250e+02
1.501584320068359375e+02
1.586868591308593750e+02
1.484579772949218750e+02
1.529781646728515625e+02
1.512600097656250000e+02
1.565880279541015625e+02
1.595526580810546875e+02
1.711750793457031250e+02
1.829702606201171875e+02
1.898944854736328125e+02
1.990547027587890625e+02
2.090856628417968750e+02
2.302402038574218750e+02
2.577396240234375000e+02
2.933570861816406250e+02
3.031045837402343750e+02
3.233423767089843750e+02
3.338475341796875000e+02
3.564041137695312500e+02
3.441773681640625000e+02
3.477480163574218750e+02
3.721921081542968750e+02
3.622465515136718750e+02
3.585242919921875000e+02
3.572693176269531250e+02
3.568581542968750000e+02
3.577809753417968750e+02
3.574236145019531250e+02
3.589214172363281250e+02
3.379203186035156250e+02
3.150727539062500000e+02
3.201918640136718750e+02
3.370814514160156250e+02
3.421853027343750000e+02
3.516345520019531250e+02
3.427571411132812500e+02
3.458549804687500000e+02
3.431054382324218750e+02
3.434731445312500000e+02
3.389252014160156250e+02
3.377293701171875000e+02
3.364330749511718750e+02
3.331063842773437500e+02
3.372014160156250000e+02
3.323295593261718750e+02
3.342642211914062500e+02
3.334233398437500000e+02
3.356769409179687500e+02
3.367661743164062500e+02
3.405634155273437500e+02
3.451174926757812500e+02
3.419243469238281250e+02
3.441195373535156250e+02
3.416337280273437500e+02
3.405673217773437500e+02
3.332447814941406250e+02
3.337291259765625000e+02
3.334534606933593750e+02
3.333602600097656250e+02
3.285966186523437500e+02
3.288187866210937500e+02
3.294588928222656250e+02
3.294570312500000000e+02
3.353340759277343750e+02
3.383008728027343750e+02
3.342756042480468750e+02
3.413291625976562500e+02
3.401599426269531250e+02
3.351905212402343750e+02
3.343376464843750000e+02
3.327704467773437500e+02
3.313908386230468750e+02
3.277200012207031250e+02
3.285265502929687500e+02
3.311167907714843750e+02
3.267564086914062500e+02
3.264451293945312500e+02
3.260840454101562500e+02
3.232416076660156250e+02
3.297063293457031250e+02
3.302804870605468750e+02
3.338964538574218750e+02
3.371004943847656250e+02
3.354783935546875000e+02
3.558967590332031250e+02
3.566689147949218750e+02
3.533934020996093750e+02
3.541920166015625000e+02
3.648730468750000000e+02
3.603288879394531250e+02
3.609388427734375000e+02
3.695471801757812500e+02
3.621726684570312500e+02
3.682718200683593750e+02
3.692797851562500000e+02
3.761782226562500000e+02
3.746965026855468750e+02
3.863391723632812500e+02
3.907468261718750000e+02
3.890938720703125000e+02
3.820981445312500000e+02
3.874167785644531250e+02
3.905461730957031250e+02
3.927384033203125000e+02
3.974972839355468750e+02
3.790377197265625000e+02
3.909494934082031250e+02
3.892560119628906250e+02
3.938263854980468750e+02
3.950962829589843750e+02
3.946105346679687500e+02
3.988496704101562500e+02
3.960050964355468750e+02
4.059228210449218750e+02
3.977134704589843750e+02
3.923080444335937500e+02
3.945295715332031250e+02
3.894822082519531250e+02
3.966676635742187500e+02
4.031780395507812500e+02
4.169710388183593750e+02
4.001673278808593750e+02
4.098914794921875000e+02
3.988251953125000000e+02
4.079658203125000000e+02
4.039875488281250000e+02
3.999308471679687500e+02
3.993476562500000000e+02
3.802393493652343750e+02
3.997661743164062500e+02
3.915252685546875000e+02
4.077975463867187500e+02
3.930974731445312500e+02
4.037074890136718750e+02
3.997268066406250000e+02
3.975380859375000000e+02
3.978286437988281250e+02
3.926229553222656250e+02
3.866984863281250000e+02
3.995758666992187500e+02
3.859966735839843750e+02
3.815896911621093750e+02
3.912454833984375000e+02
3.856833190917968750e+02
3.878453063964843750e+02
3.941826782226562500e+02
3.875623474121093750e+02
3.989531555175781250e+02
3.932248229980468750e+02
3.696715087890625000e+02
3.987096862792968750e+02
3.939935913085937500e+02
3.906969909667968750e+02
3.864244995117187500e+02
3.961182556152343750e+02
3.979652099609375000e+02
3.958244018554687500e+02
3.942974548339843750e+02
3.832295227050781250e+02
3.802745361328125000e+02
3.894785156250000000e+02
3.896680603027343750e+02
3.962377624511718750e+02
3.936720581054687500e+02
3.942459106445312500e+02
3.842688293457031250e+02
3.958634033203125000e+02
3.864864807128906250e+02
3.929010009765625000e+02
3.928804321289062500e+02
3.898565979003906250e+02
3.917960205078125000e+02
3.901350708007812500e+02
3.849311218261718750e+02
3.850901794433593750e+02
3.862978820800781250e+02
3.849042968750000000e+02
3.953836364746093750e+02
4.012503356933593750e+02
4.018174743652343750e+02
3.980432434082031250e+02
4.020880737304687500e+02
4.075569458007812500e+02
4.056841735839843750e+02
3.974677429199218750e+02
4.050768737792968750e+02
4.083195190429687500e+02
4.006824645996093750e+02
3.889490356445312500e+02
3.985531005859375000e+02
3.892166137695312500e+02
3.945006713867187500e+02
3.917494201660156250e+02
3.931513977050781250e+02
3.916357727050781250e+02
3.925981750488281250e+02
3.885633544921875000e+02
3.882757263183593750e+02
3.861585388183593750e+02
3.868585205078125000e+02
3.882855224609375000e+02
3.834500122070312500e+02
3.839993591308593750e+02
3.913891296386718750e+02
3.845895690917968750e+02
3.832806091308593750e+02
4.173081665039062500e+02
4.158232421875000000e+02
4.010196838378906250e+02
4.059256591796875000e+02
3.916505737304687500e+02
3.920290527343750000e+02
3.855237121582031250e+02
3.909069213867187500e+02
3.915038757324218750e+02
3.892105102539062500e+02
3.970065307617187500e+02
3.735031738281250000e+02
3.821109008789062500e+02
3.834704589843750000e+02
3.933446044921875000e+02
3.842513122558593750e+02
3.851213684082031250e+02
3.903612976074218750e+02
3.889864501953125000e+02
3.791411743164062500e+02
3.832996520996093750e+02
3.822449340820312500e+02
3.954846191406250000e+02
3.899981079101562500e+02
3.870960998535156250e+02
3.881300659179687500e+02
3.834853820800781250e+02
3.904167480468750000e+02
3.855542297363281250e+02
3.891249694824218750e+02
3.826080627441406250e+02
3.759270019531250000e+02
3.954254150390625000e+02
3.774765930175781250e+02
3.877633666992187500e+02
3.807008666992187500e+02
3.794071960449218750e+02
3.781273803710937500e+02
3.860160217285156250e+02
3.837034301757812500e+02
3.714159240722656250e+02
3.729198608398437500e+02
3.718898010253906250e+02
3.754174499511718750e+02
3.800982055664062500e+02
3.817771301269531250e+02
3.763258361816406250e+02
3.788404846191406250e+02
3.789746093750000000e+02
3.797803039550781250e+02
3.746231689453125000e+02
3.653593444824218750e+02
3.620823059082031250e+02
3.666829223632812500e+02
3.760952148437500000e+02
3.713436584472656250e+02
3.686205444335937500e+02
3.657757263183593750e+02
3.638805236816406250e+02
3.604307556152343750e+02
3.588150329589843750e+02
3.586962585449218750e+02
3.447974548339843750e+02
3.501469116210937500e+02
3.530487060546875000e+02
3.500505676269531250e+02
3.504839172363281250e+02
3.668501281738281250e+02
3.564543762207031250e+02
3.588297119140625000e+02
3.564632568359375000e+02
3.543228149414062500e+02
3.493387756347656250e+02
3.433807678222656250e+02
3.305680541992187500e+02
3.511940917968750000e+02
3.547042846679687500e+02
3.608497619628906250e+02
3.547127990722656250e+02
3.577544250488281250e+02
3.654458618164062500e+02
3.618524475097656250e+02
3.657269287109375000e+02
3.677139892578125000e+02
3.605571594238281250e+02
3.542387695312500000e+02
3.556533203125000000e+02
3.467127685546875000e+02
3.636650695800781250e+02
3.584411315917968750e+02
3.528867187500000000e+02
3.575342712402343750e+02
3.639315185546875000e+02
3.689984436035156250e+02
3.724549865722656250e+02
3.736177062988281250e+02
3.657197265625000000e+02
3.676044616699218750e+02
3.714416198730468750e+02
3.769103088378906250e+02
3.747763977050781250e+02
3.539975891113281250e+02
3.610995178222656250e+02
3.892357482910156250e+02
3.828220214843750000e+02
3.882535095214843750e+02
3.823400268554687500e+02
3.758560485839843750e+02
3.766327209472656250e+02
3.739287414550781250e+02
3.764506530761718750e+02
3.572411193847656250e+02
3.594126892089843750e+02
3.583761596679687500e+02
3.638962402343750000e+02
4.101173095703125000e+02
4.094019775390625000e+02
4.083264465332031250e+02
4.075032958984375000e+02
3.980802917480468750e+02
4.080440673828125000e+02
3.990620117187500000e+02
4.068001403808593750e+02
3.417122802734375000e+02
3.745353698730468750e+02
3.626384887695312500e+02
3.678435363769531250e+02
3.649333496093750000e+02
3.677065124511718750e+02
3.615676269531250000e+02
3.603367614746093750e+02
3.622564086914062500e+02
3.589165344238281250e+02
3.536989440917968750e+02
3.514939270019531250e+02
3.535693359375000000e+02
3.593851928710937500e+02
3.790408630371093750e+02
3.803385009765625000e+02
3.858927307128906250e+02
3.831651000976562500e+02
3.834680786132812500e+02
3.883985900878906250e+02
3.834032287597656250e+02
3.671134643554687500e+02
3.905849304199218750e+02
3.709606323242187500e+02
3.939354858398437500e+02
3.845195922851562500e+02
3.854220886230468750e+02
3.885900573730468750e+02
3.817164611816406250e+02
3.793114929199218750e+02
3.809651184082031250e+02
3.753608093261718750e+02
3.752969360351562500e+02
3.886466979980468750e+02
3.692452697753906250e+02
3.761705932617187500e+02
3.749165954589843750e+02
3.764143066406250000e+02
3.783838195800781250e+02
4.208045349121093750e+02
4.226838684082031250e+02
3.971090698242187500e+02
4.157386474609375000e+02
4.119396362304687500e+02
4.088047485351562500e+02
4.152748718261718750e+02
3.981502380371093750e+02
3.531535949707031250e+02
3.771224365234375000e+02
3.652595825195312500e+02
3.713422851562500000e+02
3.651387023925781250e+02
3.610841369628906250e+02
3.751271972656250000e+02
3.684393310546875000e+02
3.676701049804687500e+02
3.644261474609375000e+02
3.651170043945312500e+02
3.711803894042968750e+02
3.786102294921875000e+02
3.680920715332031250e+02
3.695047302246093750e+02
3.649265441894531250e+02
3.722776184082031250e+02
3.666129760742187500e+02
3.662329101562500000e+02
3.631184692382812500e+02
3.632554931640625000e+02
3.526699829101562500e+02
3.482278442382812500e+02
3.431912231445312500e+02
3.436496887207031250e+02
3.571565551757812500e+02
3.431039123535156250e+02
3.489799499511718750e+02
3.494583740234375000e+02
3.531613464355468750e+02
3.550019836425781250e+02
3.537685241699218750e+02
3.509782104492187500e+02
3.566224060058593750e+02
3.542857360839843750e+02
3.593377380371093750e+02
3.512373657226562500e+02
3.577613830566406250e+02
3.543760070800781250e+02
3.543560485839843750e+02
3.508232421875000000e+02
3.496005859375000000e+02
3.467243957519531250e+02
3.442604370117187500e+02
3.448216857910156250e+02
3.498128662109375000e+02
3.484430847167968750e+02
3.433388366699218750e+02
3.460155639648437500e+02
3.459961547851562500e+02
3.493931884765625000e+02
3.415641174316406250e+02
3.438001098632812500e+02
3.387326965332031250e+02
3.380727844238281250e+02
3.346176147460937500e+02
3.448506774902343750e+02
3.301761474609375000e+02
3.376355895996093750e+02
3.806257934570312500e+02
3.685450439453125000e+02
3.690956420898437500e+02
3.700252075195312500e+02
3.729475097656250000e+02
3.696678161621093750e+02
3.767575378417968750e+02
3.703533325195312500e+02
3.383540649414062500e+02
3.534679260253906250e+02
3.460081481933593750e+02
3.473818664550781250e+02
3.432793884277343750e+02
3.456390991210937500e+02
3.430280456542968750e+02
3.425483398437500000e+02
3.513188476562500000e+02
3.380536804199218750e+02
3.415461120605468750e+02
3.383663330078125000e+02
3.345542297363281250e+02
3.302078247070312500e+02
3.279311523437500000e+02
3.264950561523437500e+02
3.318753356933593750e+02
3.221955566406250000e+02
3.226864013671875000e+02
3.175138549804687500e+02
3.129719238281250000e+02
3.045053710937500000e+02
2.949546508789062500e+02
2.884196472167968750e+02
2.782722167968750000e+02
2.698916015625000000e+02
2.594164733886718750e+02
2.526348571777343750e+02
2.466374664306640625e+02
2.424327392578125000e+02
2.389367523193359375e+02
2.496793670654296875e+02
2.497010192871093750e+02
2.476594696044921875e+02
2.458717956542968750e+02
2.536188659667968750e+02
2.695994873046875000e+02
2.550120849609375000e+02
2.604517211914062500e+02
2.550527954101562500e+02
2.542835845947265625e+02
2.729704589843750000e+02
2.848746032714843750e+02
2.828325805664062500e+02
2.977766723632812500e+02
3.014883422851562500e+02
3.161380310058593750e+02
3.191017150878906250e+02
3.271361694335937500e+02
3.279469604492187500e+02
3.489854431152343750e+02
3.335371704101562500e+02
3.324738769531250000e+02
3.362598571777343750e+02
3.367301330566406250e+02
3.577733764648437500e+02
3.458298034667968750e+02
3.437868041992187500e+02
3.455486450195312500e+02
3.489634399414062500e+02
3.450093383789062500e+02
3.449987182617187500e+02
3.465468750000000000e+02
3.449835205078125000e+02
3.539086608886718750e+02
3.555967407226562500e+02
3.559986877441406250e+02
3.515914916992187500e+02
3.590467834472656250e+02
3.557327270507812500e+02
3.655766296386718750e+02
3.531920166015625000e+02
3.511176452636718750e+02
3.531192626953125000e+02
3.479104309082031250e+02
3.417680053710937500e+02
3.359779968261718750e+02
3.335101318359375000e+02
3.283711242675781250e+02
3.233312988281250000e+02
3.260785827636718750e+02
3.260008544921875000e+02
3.274581604003906250e+02
3.236604614257812500e+02
3.258092346191406250e+02
3.348262023925781250e+02
3.334568481445312500e+02
3.341463623046875000e+02
3.389704895019531250e+02
3.288056030273437500e+02
3.276896057128906250e+02
3.284302673339843750e+02
3.216723632812500000e+02
3.176350402832031250e+02
3.143333740234375000e+02
3.073610839843750000e+02
3.042409057617187500e+02
2.978326416015625000e+02
2.923908996582031250e+02
2.891220397949218750e+02
2.864379272460937500e+02
2.851884460449218750e+02
2.805395812988281250e+02
2.808293151855468750e+02
2.813818969726562500e+02
2.846834411621093750e+02
2.751496582031250000e+02
2.783933715820312500e+02
2.764689025878906250e+02
2.785563964843750000e+02
2.833313903808593750e+02
2.785041198730468750e+02
2.945059204101562500e+02
2.946316528320312500e+02
3.106245727539062500e+02
3.216791992187500000e+02
3.158574523925781250e+02
3.194033203125000000e+02
3.270673522949218750e+02
3.379140319824218750e+02
3.453125915527343750e+02
3.463391723632812500e+02
3.472070922851562500e+02
3.412299499511718750e+02
3.440620727539062500e+02
3.384916076660156250e+02
3.391916503906250000e+02
3.534766540527343750e+02
3.519378051757812500e+02
3.449284057617187500e+02
3.438699951171875000e+02
3.468491516113281250e+02
3.427985229492187500e+02
3.422464599609375000e+02
3.443190612792968750e+02
3.273172912597656250e+02
3.204600219726562500e+02
3.249458312988281250e+02
3.252664489746093750e+02
3.303041687011718750e+02
3.226094665527343750e+02
3.168345031738281250e+02
3.198637390136718750e+02
3.096197509765625000e+02
2.991917419433593750e+02
2.985857849121093750e+02
2.877720642089843750e+02
2.858658142089843750e+02
2.842480468750000000e+02
2.824205932617187500e+02
2.834196777343750000e+02
2.893193054199218750e+02
2.815298156738281250e+02
2.827283325195312500e+02
2.848036804199218750e+02
2.847658081054687500e+02
2.977087097167968750e+02
3.086366882324218750e+02
3.129428405761718750e+02
2.960247802734375000e+02
3.192438964843750000e+02
3.320312500000000000e+02
3.364625854492187500e+02
3.574093933105468750e+02
3.515520935058593750e+02
3.516442260742187500e+02
3.544068908691406250e+02
3.510763854980468750e+02
3.574915771484375000e+02
3.610994262695312500e+02
3.561016845703125000e+02
3.552987976074218750e+02
3.533835449218750000e+02
3.482520141601562500e+02
3.523720397949218750e+02
3.482004089355468750e+02
3.400067443847656250e+02
3.378348083496093750e+02
3.390588989257812500e+02
3.419430847167968750e+02
3.473999328613281250e+02
3.523048095703125000e+02
3.568971862792968750e+02
3.725573730468750000e+02
3.737598876953125000e+02
3.731261901855468750e+02
3.755990295410156250e+02
3.736003417968750000e+02
3.648184509277343750e+02
3.639970397949218750e+02
3.676932678222656250e+02
3.649188232421875000e+02
3.652455749511718750e+02
3.651405639648437500e+02
3.584721984863281250e+02
3.642292175292968750e+02
3.636031188964843750e+02
3.590180969238281250e+02
3.606921386718750000e+02
3.643733520507812500e+02
3.603765258789062500e+02
3.601091613769531250e+02
3.604872741699218750e+02
3.594982299804687500e+02
3.588366699218750000e+02
3.551169738769531250e+02
3.533267211914062500e+02
3.553813476562500000e+02
3.522037658691406250e+02
3.489962768554687500e+02
3.519494018554687500e+02
3.489834289550781250e+02
3.473722534179687500e+02
3.468458862304687500e+02
3.500001525878906250e+02
3.450209350585937500e+02
3.487558898925781250e+02
3.442326354980468750e+02
3.401192321777343750e+02
3.381786193847656250e+02
3.351164245605468750e+02
3.303049011230468750e+02
3.304870605468750000e+02
3.329458923339843750e+02
3.277224121093750000e+02
3.251270446777343750e+02
3.261398925781250000e+02
3.294598388671875000e+02
3.399556884765625000e+02
3.321923522949218750e+02
3.421940612792968750e+02
3.602837219238281250e+02
3.643094177246093750e+02
3.719331970214843750e+02
3.802848510742187500e+02
3.589757385253906250e+02
3.721723937988281250e+02
3.716385803222656250e+02
3.826111450195312500e+02
3.865561523437500000e+02
3.766804504394531250e+02
3.874801025390625000e+02
3.900064697265625000e+02
3.873536376953125000e+02
3.860914306640625000e+02
3.943681640625000000e+02
3.786295776367187500e+02
3.850713195800781250e+02
3.757516784667968750e+02
3.809105224609375000e+02
3.834513244628906250e+02
3.777246704101562500e+02
3.778191223144531250e+02
3.860819702148437500e+02
3.806941833496093750e+02
3.769100646972656250e+02
3.839801940917968750e+02
3.757196350097656250e+02
3.799506530761718750e+02
3.908005981445312500e+02
3.813356323242187500e+02
3.779129638671875000e+02
3.691602478027343750e+02
3.661463317871093750e+02
3.652678527832031250e+02
3.624376220703125000e+02
3.560323791503906250e+02
3.515097351074218750e+02
3.495807800292968750e+02
3.488838195800781250e+02
3.458691406250000000e+02
3.522463684082031250e+02
3.483984375000000000e+02
3.447096252441406250e+02
3.416588439941406250e+02
3.410090942382812500e+02
3.392295532226562500e+02
3.374670104980468750e+02
3.361573181152343750e+02
3.747932128906250000e+02
3.638493957519531250e+02
3.667992553710937500e+02
3.624005126953125000e+02
3.617676391601562500e+02
3.596142883300781250e+02
3.605816955566406250e+02
3.579927673339843750e+02
3.211995544433593750e+02
3.214431762695312500e+02
3.206904602050781250e+02
3.194483642578125000e+02
3.154588928222656250e+02
3.145003051757812500e+02
3.207950439453125000e+02
3.290236511230468750e+02
3.260806579589843750e+02
3.338198547363281250e+02
3.276509094238281250e+02
3.327726440429687500e+02
3.336324768066406250e+02
3.387683715820312500e+02
3.461461181640625000e+02
3.429167480468750000e+02
3.450871276855468750e+02
3.448449401855468750e+02
3.489200439453125000e+02
3.446561889648437500e+02
3.426727600097656250e+02
3.381888732910156250e+02
3.321235961914062500e+02
3.287244567871093750e+02
3.264605102539062500e+02
3.268191528320312500e+02
3.249906005859375000e+02
3.219477539062500000e+02
3.208361511230468750e+02
3.173143005371093750e+02
3.138475952148437500e+02
3.125220336914062500e+02
3.098941650390625000e+02
2.999527893066406250e+02
2.962316589355468750e+02
2.934502563476562500e+02
2.938321533203125000e+02
2.941553039550781250e+02
2.890094299316406250e+02
2.825318603515625000e+02
2.819020996093750000e+02
2.754584960937500000e+02
2.735812072753906250e+02
2.755399780273437500e+02
2.714637145996093750e+02
2.694514160156250000e+02
2.670868530273437500e+02
2.654385375976562500e+02
2.620038452148437500e+02
2.633498840332031250e+02
2.631393737792968750e+02
2.589513244628906250e+02
2.615278320312500000e+02
2.625554809570312500e+02
2.637696228027343750e+02
2.579981689453125000e+02
2.774407958984375000e+02
2.763620605468750000e+02
2.739664001464843750e+02
2.713384704589843750e+02
2.703854370117187500e+02
2.790585021972656250e+02
2.901760559082031250e+02
2.891257324218750000e+02
2.533520202636718750e+02
2.746465759277343750e+02
3.066740722656250000e+02
2.798542480468750000e+02
2.986655883789062500e+02
3.094886779785156250e+02
3.239375000000000000e+02
3.269625244140625000e+02
3.280682373046875000e+02
3.514266052246093750e+02
3.572366027832031250e+02
3.422384033203125000e+02
3.419749755859375000e+02
3.416359252929687500e+02
3.398425903320312500e+02
3.409512634277343750e+02
3.339784851074218750e+02
3.279786682128906250e+02
3.219942932128906250e+02
3.241567687988281250e+02
3.338324584960937500e+02
3.243112792968750000e+02
3.195678100585937500e+02
3.426100769042968750e+02
3.307638854980468750e+02
3.422843933105468750e+02
3.472478637695312500e+02
3.462909545898437500e+02
3.479922180175781250e+02
3.463187561035156250e+02
3.441196899414062500e+02
3.481250305175781250e+02
3.436280822753906250e+02
3.405590515136718750e+02
3.441108093261718750e+02
3.332323303222656250e+02
3.436271057128906250e+02
3.343418273925781250e+02
3.406176452636718750e+02
3.331611633300781250e+02
3.356286621093750000e+02
3.275991210937500000e+02
3.313227539062500000e+02
3.278034667968750000e+02
3.262443237304687500e+02
3.295127868652343750e+02
3.460568847656250000e+02
3.460516662597656250e+02
3.526630554199218750e+02
3.470709533691406250e+02
3.556282043457031250e+02
3.575932617187500000e+02
3.521302490234375000e+02
3.505253906250000000e+02
3.505466613769531250e+02
3.497514648437500000e+02
3.427872619628906250e+02
3.443427429199218750e+02
3.413304748535156250e+02
3.358305664062500000e+02
3.313532409667968750e+02
3.316289062500000000e+02
3.259132080078125000e+02
3.213936157226562500e+02
3.179105224609375000e+02
3.176923828125000000e+02
3.160294189453125000e+02
3.135693969726562500e+02
3.146026000976562500e+02
3.127596130371093750e+02
3.127333679199218750e+02
3.061040649414062500e+02
3.039563598632812500e+02
3.035225524902343750e+02
3.009694824218750000e+02
2.945598144531250000e+02
2.903433837890625000e+02
2.866536865234375000e+02
2.815876159667968750e+02
2.760917053222656250e+02
2.691441955566406250e+02
2.651370239257812500e+02
2.581449584960937500e+02
2.545119781494140625e+02
2.522171630859375000e+02
2.485685272216796875e+02
2.453322448730468750e+02
2.455353088378906250e+02
2.455531921386718750e+02
2.444846649169921875e+02
2.435654449462890625e+02
2.473937530517578125e+02
2.485734252929687500e+02
2.685333862304687500e+02
2.869635620117187500e+02
2.736341552734375000e+02
3.029106140136718750e+02
3.114907226562500000e+02
3.250221252441406250e+02
3.363298339843750000e+02
3.075324401855468750e+02
3.119699401855468750e+02
3.178778686523437500e+02
3.294402770996093750e+02
3.377679443359375000e+02
3.490675659179687500e+02
3.305778808593750000e+02
3.262459411621093750e+02
3.307076110839843750e+02
3.600312805175781250e+02
3.613060913085937500e+02
3.606483154296875000e+02
3.447791442871093750e+02
3.443969421386718750e+02
3.434892272949218750e+02
3.338684387207031250e+02
3.329971923828125000e+02
3.376187744140625000e+02
3.397117614746093750e+02
3.407017517089843750e+02
3.534656066894531250e+02
3.444783325195312500e+02
3.302870178222656250e+02
3.341945495605468750e+02
3.579575195312500000e+02
4.005308837890625000e+02
3.924742736816406250e+02
3.895207824707031250e+02
3.875535583496093750e+02
3.984714050292968750e+02
3.990554199218750000e+02
3.945791320800781250e+02
3.876611022949218750e+02
2.981895751953125000e+02
3.153112182617187500e+02
3.337674865722656250e+02
3.254496765136718750e+02
3.291913452148437500e+02
3.290786437988281250e+02
3.273357849121093750e+02
3.276072692871093750e+02
3.267054138183593750e+02
3.282655639648437500e+02
3.396494750976562500e+02
3.604007873535156250e+02
3.169154663085937500e+02
3.199283142089843750e+02
3.350282897949218750e+02
3.475842895507812500e+02
3.404140014648437500e+02
3.509089355468750000e+02
3.542826843261718750e+02
3.620075988769531250e+02
3.638295898437500000e+02
3.665309143066406250e+02
3.537661132812500000e+02
3.802221984863281250e+02
3.899041748046875000e+02
3.938993225097656250e+02
3.827992858886718750e+02
3.771852416992187500e+02
3.836112976074218750e+02
4.072565307617187500e+02
3.885996093750000000e+02
3.931925354003906250e+02
4.150185241699218750e+02
3.985151672363281250e+02
3.999203796386718750e+02
4.070271911621093750e+02
4.232431640625000000e+02
4.275459289550781250e+02
4.203697814941406250e+02
4.179862060546875000e+02
4.081903991699218750e+02
4.123132019042968750e+02
3.945913696289062500e+02
3.852255554199218750e+02
3.817964172363281250e+02
3.668391113281250000e+02
3.640602111816406250e+02
3.593545227050781250e+02
3.539785156250000000e+02
2.772653198242187500e+02
2.780957031250000000e+02
2.857876281738281250e+02
2.826143493652343750e+02
2.867434387207031250e+02
3.102852478027343750e+02
3.177779846191406250e+02
3.067109069824218750e+02
3.320861816406250000e+02
2.885816650390625000e+02
3.204163208007812500e+02
3.442782592773437500e+02
3.468807067871093750e+02
3.906145324707031250e+02
4.083402404785156250e+02
4.112322692871093750e+02
4.082485961914062500e+02
4.140903015136718750e+02
4.210179138183593750e+02
4.224469604492187500e+02
4.109007873535156250e+02
4.125845336914062500e+02
4.178637390136718750e+02
3.992567749023437500e+02
4.084506835937500000e+02
4.014420166015625000e+02
3.986818237304687500e+02
3.934754943847656250e+02
3.991992492675781250e+02
4.003392639160156250e+02
4.146209716796875000e+02
3.969137268066406250e+02
3.967959289550781250e+02
4.051115112304687500e+02
4.067912902832031250e+02
4.073446960449218750e+02
4.104675903320312500e+02
4.082531433105468750e+02
4.015556640625000000e+02
4.060579833984375000e+02
4.009734802246093750e+02
3.999667663574218750e+02
4.037866516113281250e+02
3.921731567382812500e+02
3.931233215332031250e+02
4.039395446777343750e+02
4.010539245605468750e+02
4.019676818847656250e+02
4.143572387695312500e+02
4.007545776367187500e+02
4.024715270996093750e+02
4.010454101562500000e+02
4.129327697753906250e+02
4.161747436523437500e+02
4.117399902343750000e+02
4.203129272460937500e+02
4.240704040527343750e+02
4.214429931640625000e+02
4.180106506347656250e+02
4.092092590332031250e+02
4.167624816894531250e+02
4.099632873535156250e+02
3.973378601074218750e+02
3.981018066406250000e+02
3.884230651855468750e+02
3.740607910156250000e+02
3.692058715820312500e+02
3.648787841796875000e+02
3.631357421875000000e+02
3.564890136718750000e+02
3.584768981933593750e+02
3.475184020996093750e+02
3.525936889648437500e+02
3.574731445312500000e+02
3.497702331542968750e+02
3.529984436035156250e+02
3.468179626464843750e+02
3.479059753417968750e+02
3.457321777343750000e+02
3.441651000976562500e+02
3.445548095703125000e+02
3.453111877441406250e+02
3.489564208984375000e+02
3.486856994628906250e+02
3.440240478515625000e+02
3.421054077148437500e+02
3.482803344726562500e+02
3.485325317382812500e+02
3.448928527832031250e+02
3.405347595214843750e+02
3.328856811523437500e+02
3.336589660644531250e+02
3.348967590332031250e+02
3.251904602050781250e+02
3.238300781250000000e+02
3.276206970214843750e+02
3.252259216308593750e+02
3.256313476562500000e+02
3.262231445312500000e+02
3.263632812500000000e+02
3.318796386718750000e+02
3.317652587890625000e+02
3.411133117675781250e+02
3.469759826660156250e+02
3.502555236816406250e+02
3.443507385253906250e+02
3.573569641113281250e+02
3.701828613281250000e+02
3.892602233886718750e+02
3.877785644531250000e+02
3.947198486328125000e+02
4.119088745117187500e+02
4.055078430175781250e+02
4.071405334472656250e+02
4.058025512695312500e+02
4.060213623046875000e+02
3.982114868164062500e+02
3.947841186523437500e+02
4.006658020019531250e+02
3.923652648925781250e+02
3.762064819335937500e+02
3.688768920898437500e+02
3.641610412597656250e+02
3.637781982421875000e+02
3.610194396972656250e+02
3.635418701171875000e+02
3.612422180175781250e+02
3.643877563476562500e+02
3.586217956542968750e+02
3.567575378417968750e+02
3.674158020019531250e+02
3.565715637207031250e+02
3.676893920898437500e+02
3.865727233886718750e+02
4.037095947265625000e+02
3.888470458984375000e+02
3.938599548339843750e+02
3.862682800292968750e+02
3.872634277343750000e+02
3.835449829101562500e+02
3.824194641113281250e+02
3.862072448730468750e+02
3.310405578613281250e+02
3.518517761230468750e+02
3.402209777832031250e+02
3.443823852539062500e+02
3.394844360351562500e+02
3.390364379882812500e+02
3.378273925781250000e+02
3.412412414550781250e+02
3.385747985839843750e+02
3.369129943847656250e+02
3.353872680664062500e+02
3.362735900878906250e+02
3.359664916992187500e+02
3.444153747558593750e+02
3.419823608398437500e+02
3.366864318847656250e+02
3.362571716308593750e+02
3.345967102050781250e+02
3.302481384277343750e+02
3.294693298339843750e+02
3.265356445312500000e+02
3.236285400390625000e+02
3.260852661132812500e+02
3.225261840820312500e+02
3.214955749511718750e+02
3.216165161132812500e+02
3.211117248535156250e+02
3.197744140625000000e+02
3.145118408203125000e+02
3.116615600585937500e+02
3.116438293457031250e+02
3.081414184570312500e+02
3.081699218750000000e+02
3.072869567871093750e+02
3.073451232910156250e+02
3.094797973632812500e+02
3.088805541992187500e+02
3.116064758300781250e+02
3.171394042968750000e+02
3.202943725585937500e+02
3.266232299804687500e+02
3.429393920898437500e+02
3.344232482910156250e+02
3.520083618164062500e+02
3.479660644531250000e+02
3.425473632812500000e+02
3.526628417968750000e+02
3.628832092285156250e+02
3.544387817382812500e+02
3.620873413085937500e+02
3.498001403808593750e+02
3.433209838867187500e+02
3.390163879394531250e+02
3.371864624023437500e+02
3.343863830566406250e+02
3.334672546386718750e+02
3.328287048339843750e+02
3.305899658203125000e+02
3.275582275390625000e+02
3.236455993652343750e+02
3.242496643066406250e+02
3.245078735351562500e+02
3.232130126953125000e+02
3.226330261230468750e+02
3.143144531250000000e+02
3.080672302246093750e+02
3.033500976562500000e+02
2.956645507812500000e+02
2.891813964843750000e+02
2.874589233398437500e+02
2.809759216308593750e+02
2.693847351074218750e+02
2.617917480468750000e+02
2.534070129394531250e+02
2.568786926269531250e+02
2.598364868164062500e+02
2.580997009277343750e+02
2.561091003417968750e+02
2.548973083496093750e+02
2.522239227294921875e+02
2.524998626708984375e+02
2.522636566162109375e+02
2.553919677734375000e+02
2.541742095947265625e+02
2.531802368164062500e+02
2.544615936279296875e+02
2.571177978515625000e+02
2.577828369140625000e+02
2.602420349121093750e+02
2.669523010253906250e+02
2.713648376464843750e+02
2.708495178222656250e+02
2.782365722656250000e+02
2.818976745605468750e+02
2.815630798339843750e+02
2.852161254882812500e+02
2.838944091796875000e+02
2.879690551757812500e+02
3.353606872558593750e+02
3.367641296386718750e+02
3.406068725585937500e+02
3.361452636718750000e+02
3.346621704101562500e+02
3.308241271972656250e+02
3.322344360351562500e+02
3.309806518554687500e+02
3.312825927734375000e+02
3.338694152832031250e+02
3.325404357910156250e+02
3.571732788085937500e+02
3.471354675292968750e+02
3.512805786132812500e+02
3.622258605957031250e+02
3.608175354003906250e+02
3.644210205078125000e+02
3.682971191406250000e+02
3.711368713378906250e+02
3.688016967773437500e+02
3.554767150878906250e+02
3.692392272949218750e+02
3.574931945800781250e+02
3.717053222656250000e+02
4.100840148925781250e+02
3.927736206054687500e+02
3.966516113281250000e+02
3.918076477050781250e+02
3.930879516601562500e+02
3.940230102539062500e+02
3.902438964843750000e+02
3.918275146484375000e+02
3.368500061035156250e+02
3.462295532226562500e+02
3.562106628417968750e+02
3.552993469238281250e+02
3.614401245117187500e+02
3.572368469238281250e+02
3.569313659667968750e+02
3.549608154296875000e+02
3.560696716308593750e+02
3.522615661621093750e+02
3.476328125000000000e+02
3.476813354492187500e+02
3.412857055664062500e+02
3.280779724121093750e+02
3.297168273925781250e+02
3.302060241699218750e+02
3.303129882812500000e+02
3.297476196289062500e+02
3.568430480957031250e+02
3.531464843750000000e+02
3.510760498046875000e+02
3.518146362304687500e+02
3.595472412109375000e+02
3.497221679687500000e+02
3.488840637207031250e+02
3.495375366210937500e+02
3.176979064941406250e+02
3.246794128417968750e+02
3.301044006347656250e+02
3.214414672851562500e+02
3.401705932617187500e+02
3.374505004882812500e+02
3.374454956054687500e+02
3.444085693359375000e+02
3.423363037109375000e+02
3.439266357421875000e+02
3.432543029785156250e+02
3.421137695312500000e+02
3.247734375000000000e+02
3.311745605468750000e+02
3.287690429687500000e+02
3.344489440917968750e+02
3.288709411621093750e+02
3.235747680664062500e+02
3.228756103515625000e+02
3.393712768554687500e+02
3.341249694824218750e+02
3.314095153808593750e+02
3.271219482421875000e+02
3.294110412597656250e+02
3.329932556152343750e+02
3.328574829101562500e+02
3.309685363769531250e+02
3.131662597656250000e+02
3.154434204101562500e+02
3.227007141113281250e+02
3.280350646972656250e+02
3.287022705078125000e+02
3.422877197265625000e+02
3.433766784667968750e+02
3.483829345703125000e+02
3.398139953613281250e+02
3.399797058105468750e+02
3.335112304687500000e+02
3.326227722167968750e+02
3.237941284179687500e+02
3.087289428710937500e+02
3.042787475585937500e+02
3.055401611328125000e+02
3.085048217773437500e+02
3.036656799316406250e+02
3.012678527832031250e+02
2.952584228515625000e+02
2.977073669433593750e+02
2.979797668457031250e+02
3.528761596679687500e+02
3.557550659179687500e+02
3.526177978515625000e+02
3.512387084960937500e+02
3.529560852050781250e+02
3.595637817382812500e+02
3.534177856445312500e+02
3.589182434082031250e+02
3.646319274902343750e+02
3.521930847167968750e+02
3.491904602050781250e+02
3.489522094726562500e+02
3.475309753417968750e+02
2.729875793457031250e+02
2.627872924804687500e+02
2.535013885498046875e+02
2.446617584228515625e+02
2.459250488281250000e+02
2.510925292968750000e+02
2.732510070800781250e+02
3.112604064941406250e+02
3.182817077636718750e+02
3.303278503417968750e+02
3.557074890136718750e+02
3.611764221191406250e+02
3.469577026367187500e+02
3.471508789062500000e+02
3.565556945800781250e+02
3.499280090332031250e+02
3.402050781250000000e+02
3.509435424804687500e+02
3.346972656250000000e+02
3.224577941894531250e+02
3.137844543457031250e+02
3.079734802246093750e+02
2.857478027343750000e+02
2.787569274902343750e+02
3.270231933593750000e+02
3.269660949707031250e+02
3.247272033691406250e+02
3.218443298339843750e+02
3.177584838867187500e+02
3.125192871093750000e+02
3.050289916992187500e+02
2.976670837402343750e+02
2.898816223144531250e+02
2.784956359863281250e+02
2.701703796386718750e+02
2.662560424804687500e+02
2.627494506835937500e+02
2.606869506835937500e+02
2.586677551269531250e+02
2.034899597167968750e+02
2.184124298095703125e+02
2.120502014160156250e+02
2.165697784423828125e+02
2.145970458984375000e+02
2.169441070556640625e+02
2.211352844238281250e+02
2.168507995605468750e+02
2.285910186767578125e+02
2.247559967041015625e+02
2.250645751953125000e+02
2.222037353515625000e+02
2.207995605468750000e+02
2.204504241943359375e+02
2.214547729492187500e+02
2.575060119628906250e+02
2.532577056884765625e+02
2.505856628417968750e+02
2.501955261230468750e+02
2.497933654785156250e+02
2.471065368652343750e+02
2.501996917724609375e+02
2.519763946533203125e+02
2.458951263427734375e+02
2.258281707763671875e+02
2.331728515625000000e+02
2.353532562255859375e+02
2.387462158203125000e+02
2.460198974609375000e+02
2.775691833496093750e+02
2.728141784667968750e+02
3.022419128417968750e+02
3.253625183105468750e+02
3.263261413574218750e+02
3.221834411621093750e+02
3.186817932128906250e+02
3.167514343261718750e+02
3.166115417480468750e+02
3.152164611816406250e+02
3.170684814453125000e+02
3.216045532226562500e+02
2.686498107910156250e+02
1.897599029541015625e+02
2.082745056152343750e+02
2.183586578369140625e+02
2.215122070312500000e+02
2.274042968750000000e+02
2.314387054443359375e+02
2.313305206298828125e+02
2.273522796630859375e+02
2.405716552734375000e+02
2.337218475341796875e+02
2.299320068359375000e+02
2.266852264404296875e+02
2.346405944824218750e+02
2.339744720458984375e+02
2.329133453369140625e+02
2.304391174316406250e+02
2.243161468505859375e+02
2.244099731445312500e+02
2.205337524414062500e+02
2.218922424316406250e+02
2.230787200927734375e+02
2.273726196289062500e+02
2.315113067626953125e+02
2.615461730957031250e+02
2.504862365722656250e+02
2.684195861816406250e+02
2.850873413085937500e+02
2.821211853027343750e+02
3.179427490234375000e+02
3.079648742675781250e+02
3.092387390136718750e+02
3.163302001953125000e+02
3.155534973144531250e+02
3.153232421875000000e+02
2.963128356933593750e+02
2.835365905761718750e+02
2.770258178710937500e+02
2.574502563476562500e+02
2.845672302246093750e+02
2.937977905273437500e+02
2.944246520996093750e+02
2.902458801269531250e+02
2.889295959472656250e+02
2.902478332519531250e+02
2.936910400390625000e+02
2.960368652343750000e+02
3.094160766601562500e+02
2.951519775390625000e+02
3.108379211425781250e+02
3.229949340820312500e+02
3.465727844238281250e+02
3.658776245117187500e+02
3.756694335937500000e+02
3.774209289550781250e+02
3.715417480468750000e+02
3.800637817382812500e+02
3.777342529296875000e+02
3.617999877929687500e+02
3.603498535156250000e+02
3.571678161621093750e+02
3.533540344238281250e+02
2.758478088378906250e+02
3.084890136718750000e+02
3.129956359863281250e+02
3.121669921875000000e+02
3.105806274414062500e+02
3.075618591308593750e+02
3.071376953125000000e+02
3.043514709472656250e+02
3.030366210937500000e+02
2.942502441406250000e+02
2.477343750000000000e+02
2.191032257080078125e+02
2.119120941162109375e+02
2.055150909423828125e+02
1.953177185058593750e+02
1.983605499267578125e+02
1.962524108886718750e+02
2.015320892333984375e+02
1.971634063720703125e+02
1.931121215820312500e+02
1.928308410644531250e+02
1.930173187255859375e+02
2.288408050537109375e+02
2.275377655029296875e+02
2.339159545898437500e+02
2.756813049316406250e+02
2.969902954101562500e+02
2.917536010742187500e+02
2.816108398437500000e+02
2.751867065429687500e+02
2.689546508789062500e+02
2.667613830566406250e+02
2.645385742187500000e+02
2.639956665039062500e+02
2.241344451904296875e+02
1.594022064208984375e+02
1.471349182128906250e+02
1.488019561767578125e+02
1.562013092041015625e+02
1.640325317382812500e+02
1.550300292968750000e+02
1.584311523437500000e+02
1.586777954101562500e+02
1.550596008300781250e+02
1.583051910400390625e+02
1.662930755615234375e+02
1.594209136962890625e+02
1.597525787353515625e+02
1.512209014892578125e+02
1.555939331054687500e+02
1.590096893310546875e+02
1.575079956054687500e+02
1.534351959228515625e+02
1.530446166992187500e+02
1.515326232910156250e+02
1.492082519531250000e+02
1.545578918457031250e+02
1.521035003662109375e+02
1.486917266845703125e+02
1.577508239746093750e+02
1.606134033203125000e+02
1.604048004150390625e+02
1.647782897949218750e+02
2.203945007324218750e+02
2.080874481201171875e+02
2.420794525146484375e+02
2.276865692138671875e+02
2.317384948730468750e+02
2.307606201171875000e+02
2.323413391113281250e+02
2.349509582519531250e+02
2.401589508056640625e+02
2.451561889648437500e+02
2.071014251708984375e+02
2.572772827148437500e+02
2.502690124511718750e+02
2.460256958007812500e+02
2.464462432861328125e+02
2.435375061035156250e+02
2.424710540771484375e+02
2.411128234863281250e+02
2.439582824707031250e+02
2.299995117187500000e+02
2.169129028320312500e+02
2.208252410888671875e+02
2.227901153564453125e+02
2.313768310546875000e+02
2.203432464599609375e+02
2.437559967041015625e+02
2.420140380859375000e+02
2.415952758789062500e+02
2.456687469482421875e+02
2.482970581054687500e+02
2.482133331298828125e+02
2.553811340332031250e+02
2.516107635498046875e+02
2.511005706787109375e+02
2.568148803710937500e+02
2.844484252929687500e+02
2.806361999511718750e+02
2.798195190429687500e+02
2.797223815917968750e+02
2.819115905761718750e+02
2.802574157714843750e+02
2.803379821777343750e+02
2.821693725585937500e+02
2.596984252929687500e+02
2.564026794433593750e+02
2.823225708007812500e+02
2.859362792968750000e+02
2.829559631347656250e+02
2.831179504394531250e+02
2.821359863281250000e+02
2.791726684570312500e+02
2.860681762695312500e+02
2.799501342773437500e+02
2.587716064453125000e+02
2.576893920898437500e+02
2.583670959472656250e+02
2.628760681152343750e+02
2.665687255859375000e+02
2.869246826171875000e+02
3.274119262695312500e+02
3.216911926269531250e+02
3.171363525390625000e+02
3.162463378906250000e+02
3.140993041992187500e+02
3.180338439941406250e+02
3.175702209472656250e+02
3.249378662109375000e+02
2.837803039550781250e+02
2.871230163574218750e+02
2.942197875976562500e+02
3.129170532226562500e+02
3.364591674804687500e+02
3.267987060546875000e+02
3.328961486816406250e+02
3.347334899902343750e+02
3.250162963867187500e+02
3.222751464843750000e+02
3.227144775390625000e+02
3.247469787597656250e+02
3.288267211914062500e+02
3.256318359375000000e+02
3.216482849121093750e+02
3.226740417480468750e+02
3.193373718261718750e+02
3.497831115722656250e+02
3.464273071289062500e+02
3.442287597656250000e+02
3.443339843750000000e+02
3.411817932128906250e+02
3.384584350585937500e+02
3.368670959472656250e+02
3.404826354980468750e+02
2.779869384765625000e+02
2.733546752929687500e+02
2.803489685058593750e+02
2.907186889648437500e+02
2.924432983398437500e+02
2.964931945800781250e+02
3.156585083007812500e+02
3.182468261718750000e+02
3.197593383789062500e+02
3.155139160156250000e+02
3.103315734863281250e+02
3.097091369628906250e+02
3.225052185058593750e+02
3.362782897949218750e+02
3.498005676269531250e+02
3.259205627441406250e+02
3.322720642089843750e+02
3.347049255371093750e+02
3.357641906738281250e+02
3.369842834472656250e+02
3.384949340820312500e+02
3.223516845703125000e+02
2.946493530273437500e+02
2.921912536621093750e+02
2.750068664550781250e+02
2.710079650878906250e+02
2.739532470703125000e+02
2.633887939453125000e+02
2.541308898925781250e+02
2.466322174072265625e+02
2.443807678222656250e+02
2.306895599365234375e+02
2.263435668945312500e+02
2.230753173828125000e+02
2.205468902587890625e+02
2.306955718994140625e+02
2.250599517822265625e+02
2.211987762451171875e+02
2.236702117919921875e+02
2.169741058349609375e+02
2.065005798339843750e+02
2.018982238769531250e+02
1.965115356445312500e+02
1.883217468261718750e+02
1.866860809326171875e+02
1.797975921630859375e+02
1.800971374511718750e+02
1.807481994628906250e+02
1.790204620361328125e+02
1.697460937500000000e+02
1.660171813964843750e+02
1.609600219726562500e+02
2.457192077636718750e+02
2.234734954833984375e+02
2.230595855712890625e+02
2.173082275390625000e+02
2.097603149414062500e+02
2.083255767822265625e+02
2.072019500732421875e+02
1.828757781982421875e+02
1.853808135986328125e+02
1.880025482177734375e+02
1.697839202880859375e+02
1.698631591796875000e+02
1.723510894775390625e+02
1.697246856689453125e+02
1.667393188476562500e+02
1.697359924316406250e+02
1.697496643066406250e+02
1.876412963867187500e+02
1.837933654785156250e+02
1.871109771728515625e+02
1.860458068847656250e+02
1.789197692871093750e+02
1.946240081787109375e+02
1.925855865478515625e+02
1.877964630126953125e+02
2.477008972167968750e+02
2.320756378173828125e+02
2.393794555664062500e+02
2.281236572265625000e+02
2.265655212402343750e+02
2.250929412841796875e+02
2.239880218505859375e+02
2.222648468017578125e+02
2.158639526367187500e+02
1.801429138183593750e+02
1.936381683349609375e+02
1.896146697998046875e+02
1.903522491455078125e+02
1.975921478271484375e+02
1.993847045898437500e+02
1.999456176757812500e+02
2.053796234130859375e+02
2.092791290283203125e+02
1.941712799072265625e+02
2.003180847167968750e+02
2.047750091552734375e+02
2.133263702392578125e+02
2.155106964111328125e+02
2.107802276611328125e+02
2.255973205566406250e+02
2.357991333007812500e+02
2.361854400634765625e+02
2.374800720214843750e+02
2.409557800292968750e+02
2.408281707763671875e+02
2.473274383544921875e+02
2.504076995849609375e+02
2.491236724853515625e+02
2.525574340820312500e+02
2.583902282714843750e+02
2.568850708007812500e+02
2.546983489990234375e+02
2.536936798095703125e+02
2.536752471923828125e+02
2.481720886230468750e+02
2.414906463623046875e+02
2.393964691162109375e+02
2.196868286132812500e+02
1.975292816162109375e+02
2.047524261474609375e+02
2.011445617675781250e+02
2.011683044433593750e+02
1.854479217529296875e+02
2.158569183349609375e+02
2.097386779785156250e+02
2.087790374755859375e+02
2.052521972656250000e+02
2.042514190673828125e+02
2.052530364990234375e+02
2.087460327148437500e+02
2.084160308837890625e+02
1.904393005371093750e+02
1.922574768066406250e+02
2.295026245117187500e+02
2.188224792480468750e+02
2.181030578613281250e+02
2.179249572753906250e+02
2.157756195068359375e+02
2.166151733398437500e+02
2.207824401855468750e+02
2.299695434570312500e+02
2.284169616699218750e+02
2.376157226562500000e+02
2.375299377441406250e+02
2.395260925292968750e+02
2.477986755371093750e+02
2.518812561035156250e+02
2.540203857421875000e+02
2.376612854003906250e+02
2.361389617919921875e+02
2.356053771972656250e+02
2.318454132080078125e+02
2.466989898681640625e+02
2.733727722167968750e+02
2.714821777343750000e+02
2.779300231933593750e+02
2.799617004394531250e+02
2.734503784179687500e+02
2.700989990234375000e+02
2.654351806640625000e+02
2.615080261230468750e+02
2.631921386718750000e+02
2.655632019042968750e+02
2.586349487304687500e+02
2.616864013671875000e+02
2.009211578369140625e+02
2.076612854003906250e+02
2.322759399414062500e+02
2.417571411132812500e+02
2.521438446044921875e+02
2.608360290527343750e+02
2.559278869628906250e+02
2.704459533691406250e+02
2.674239196777343750e+02
2.649041748046875000e+02
2.576066589355468750e+02
2.519008789062500000e+02
2.539203186035156250e+02
2.596404418945312500e+02
2.598237609863281250e+02
2.601687622070312500e+02
2.538289031982421875e+02
2.544544677734375000e+02
2.491991577148437500e+02
2.489719848632812500e+02
2.453441009521484375e+02
2.450443115234375000e+02
2.512076721191406250e+02
2.546326599121093750e+02
2.513438262939453125e+02
2.564919128417968750e+02
2.544999847412109375e+02
2.544057159423828125e+02
2.644769592285156250e+02
2.849076538085937500e+02
2.773099060058593750e+02
2.818477478027343750e+02
2.861717834472656250e+02
2.833819274902343750e+02
2.824499816894531250e+02
2.766706542968750000e+02
2.832398376464843750e+02
2.794113769531250000e+02
2.744808044433593750e+02
2.787197875976562500e+02
2.570645141601562500e+02
2.565206909179687500e+02
2.587801818847656250e+02
2.588215332031250000e+02
2.518709869384765625e+02
2.507711334228515625e+02
2.472213287353515625e+02
2.450127258300781250e+02
2.436026916503906250e+02
2.288813629150390625e+02
2.221542663574218750e+02
2.199501342773437500e+02
2.351579895019531250e+02
2.296170806884765625e+02
2.235956878662109375e+02
2.199264221191406250e+02
2.161178894042968750e+02
2.151765441894531250e+02
2.162527770996093750e+02
2.162712860107421875e+02
2.142784729003906250e+02
2.134389038085937500e+02
2.151699981689453125e+02
2.127558441162109375e+02
2.105463714599609375e+02
2.092937469482421875e+02
2.123871765136718750e+02
2.110895996093750000e+02
2.041857910156250000e+02
2.029790191650390625e+02
1.977363891601562500e+02
3.199258422851562500e+02
3.335271301269531250e+02
3.227699890136718750e+02
3.201250305175781250e+02
3.173372192382812500e+02
3.142956848144531250e+02
3.086343688964843750e+02
3.052779235839843750e+02
3.177296142578125000e+02
3.161913146972656250e+02
3.155438232421875000e+02
3.112796325683593750e+02
3.106429138183593750e+02
3.120774841308593750e+02
3.122808227539062500e+02
3.131853637695312500e+02
2.460944366455078125e+02
2.061130676269531250e+02
2.251300506591796875e+02
2.207186584472656250e+02
2.171146087646484375e+02
2.231233215332031250e+02
2.313399353027343750e+02
2.400934295654296875e+02
2.377798614501953125e+02
2.427753143310546875e+02
2.447574310302734375e+02
2.525573120117187500e+02
2.684142761230468750e+02
2.857192382812500000e+02
2.935599365234375000e+02
2.956939392089843750e+02
2.942386779785156250e+02
2.914124755859375000e+02
2.872242126464843750e+02
3.315678100585937500e+02
3.333118896484375000e+02
3.284458312988281250e+02
3.382054443359375000e+02
3.391577758789062500e+02
3.362691345214843750e+02
3.305547485351562500e+02
3.267061462402343750e+02
3.237691040039062500e+02
3.069183654785156250e+02
3.107506713867187500e+02
3.025052185058593750e+02
2.928099060058593750e+02
2.804436340332031250e+02
2.858026428222656250e+02
3.122404174804687500e+02
3.376972961425781250e+02
3.320437927246093750e+02
3.508546752929687500e+02
3.519299926757812500e+02
3.501778564453125000e+02
3.570833129882812500e+02
3.539161376953125000e+02
3.531307678222656250e+02
3.536094970703125000e+02
3.536784057617187500e+02
3.405788879394531250e+02
3.523974914550781250e+02
3.895589904785156250e+02
3.801260986328125000e+02
3.694973144531250000e+02
3.660117797851562500e+02
3.718623657226562500e+02
3.645589294433593750e+02
3.641110229492187500e+02
3.557714233398437500e+02
3.107358703613281250e+02
2.930634765625000000e+02
3.111229858398437500e+02
3.120856323242187500e+02
3.033876647949218750e+02
3.020978393554687500e+02
3.670129394531250000e+02
3.762353210449218750e+02
3.952077026367187500e+02
4.199478454589843750e+02
4.232502441406250000e+02
4.096904296875000000e+02
4.049152526855468750e+02
4.100756530761718750e+02
4.035435180664062500e+02
4.057241210937500000e+02
3.967791442871093750e+02
3.971164550781250000e+02
3.526772155761718750e+02
3.463983764648437500e+02
3.449676208496093750e+02
3.405651245117187500e+02
3.373333129882812500e+02
3.225639038085937500e+02
3.201983642578125000e+02
3.136028442382812500e+02
2.866107482910156250e+02
2.893949279785156250e+02
2.846764831542968750e+02
3.102388000488281250e+02
3.079652404785156250e+02
3.073680419921875000e+02
3.046267089843750000e+02
2.971630859375000000e+02
2.889544677734375000e+02
2.845861511230468750e+02
2.857895812988281250e+02
2.784270324707031250e+02
2.704007568359375000e+02
2.553479766845703125e+02
2.864205017089843750e+02
2.833963012695312500e+02
2.839076232910156250e+02
2.838847351074218750e+02
2.861968078613281250e+02
2.864262084960937500e+02
2.875561828613281250e+02
2.875213012695312500e+02
2.720011901855468750e+02
2.718698425292968750e+02
2.784573974609375000e+02
2.846017761230468750e+02
2.462768402099609375e+02
3.317106018066406250e+02
3.674212341308593750e+02
3.533675537109375000e+02
3.850132751464843750e+02
3.770067443847656250e+02
3.832584838867187500e+02
3.733589477539062500e+02
3.720930786132812500e+02
3.701070251464843750e+02
3.694464721679687500e+02
3.801070251464843750e+02
3.337291564941406250e+02
3.396829528808593750e+02
2.990954589843750000e+02
2.980073852539062500e+02
2.998030395507812500e+02
3.035923156738281250e+02
2.961642150878906250e+02
3.030510864257812500e+02
3.013403930664062500e+02
3.069012145996093750e+02
3.252648010253906250e+02
3.274309082031250000e+02
3.215082092285156250e+02
3.379575805664062500e+02
3.829606628417968750e+02
4.015457153320312500e+02
4.073881835937500000e+02
4.176528015136718750e+02
4.168342285156250000e+02
4.066822814941406250e+02
4.229314880371093750e+02
4.148512878417968750e+02
4.046887512207031250e+02
4.040207824707031250e+02
4.009906616210937500e+02
3.697938842773437500e+02
3.668992309570312500e+02
3.544678649902343750e+02
3.301746520996093750e+02
3.198542785644531250e+02
3.225477294921875000e+02
3.136662902832031250e+02
3.169312744140625000e+02
3.195610351562500000e+02
3.001491699218750000e+02
2.992732543945312500e+02
2.999717102050781250e+02
2.963532409667968750e+02
2.897676086425781250e+02
2.833726501464843750e+02
2.846607971191406250e+02
2.800549316406250000e+02
2.784350280761718750e+02
2.714276428222656250e+02
2.699044494628906250e+02
2.729709167480468750e+02
2.663367309570312500e+02
2.406613006591796875e+02
2.363748474121093750e+02
2.405508117675781250e+02
2.387856903076171875e+02
2.183175811767578125e+02
2.501117095947265625e+02
2.831139221191406250e+02
2.987171630859375000e+02
3.004108276367187500e+02
2.959159240722656250e+02
3.097000427246093750e+02
3.080687561035156250e+02
3.060633239746093750e+02
3.056997985839843750e+02
3.067399291992187500e+02
3.031601257324218750e+02
3.079243164062500000e+02
3.082485046386718750e+02
2.820490417480468750e+02
2.657322387695312500e+02
2.637694702148437500e+02
2.648644104003906250e+02
2.666756896972656250e+02
2.666658935546875000e+02
2.676162109375000000e+02
2.701719055175781250e+02
2.542384490966796875e+02
2.330975952148437500e+02
2.407476348876953125e+02
2.331873016357421875e+02
2.862425231933593750e+02
3.052887268066406250e+02
3.150120849609375000e+02
3.231180725097656250e+02
3.382722778320312500e+02
3.252302246093750000e+02
3.285013427734375000e+02
3.454387512207031250e+02
3.195262756347656250e+02
3.282872314453125000e+02
2.988681030273437500e+02
3.523755493164062500e+02
3.528001708984375000e+02
3.526634826660156250e+02
3.445354919433593750e+02
3.420987854003906250e+02
3.406192932128906250e+02
3.376550903320312500e+02
3.362682495117187500e+02
3.323044128417968750e+02
3.007022094726562500e+02
2.810309753417968750e+02
2.742593078613281250e+02
2.524842376708984375e+02
2.646647644042968750e+02
2.756091003417968750e+02
2.708147888183593750e+02
2.656640014648437500e+02
2.541671447753906250e+02
2.525582733154296875e+02
2.511565856933593750e+02
2.503770599365234375e+02
2.627083435058593750e+02
2.537275085449218750e+02
2.473970947265625000e+02
2.537299652099609375e+02
2.521542663574218750e+02
2.446017608642578125e+02
2.462032165527343750e+02
2.460558013916015625e+02
2.466206512451171875e+02
2.486745147705078125e+02
2.550715789794921875e+02
2.514239807128906250e+02
2.089498901367187500e+02
2.080541839599609375e+02
2.132896118164062500e+02
2.421806030273437500e+02
2.584273681640625000e+02
2.650612487792968750e+02
2.594636535644531250e+02
2.533797607421875000e+02
2.498502349853515625e+02
2.465806732177734375e+02
2.592568969726562500e+02
2.573164367675781250e+02
2.505753326416015625e+02
2.483983154296875000e+02
2.376618499755859375e+02
2.268748016357421875e+02
2.012855834960937500e+02
2.125746154785156250e+02
2.436780548095703125e+02
2.425855407714843750e+02
2.684977111816406250e+02
2.826442565917968750e+02
2.796674499511718750e+02
2.765310974121093750e+02
2.741296997070312500e+02
2.726466674804687500e+02
2.743234558105468750e+02
2.727065124511718750e+02
2.504233703613281250e+02
2.533790283203125000e+02
2.535548248291015625e+02
2.534154357910156250e+02
2.534759674072265625e+02
2.540685882568359375e+02
2.220716552734375000e+02
2.163594055175781250e+02
2.202668151855468750e+02
2.080520172119140625e+02
2.066055755615234375e+02
2.066463317871093750e+02
2.054524383544921875e+02
2.429100799560546875e+02
2.257821197509765625e+02
2.247865753173828125e+02
2.235336303710937500e+02
2.301814880371093750e+02
2.293380126953125000e+02
2.325704956054687500e+02
2.355841674804687500e+02
1.819998474121093750e+02
1.868928070068359375e+02
1.881748962402343750e+02
2.436608886718750000e+02
2.514754486083984375e+02
2.522300109863281250e+02
2.534816436767578125e+02
2.506625061035156250e+02
2.542458496093750000e+02
2.290187377929687500e+02
2.790310363769531250e+02
2.693087463378906250e+02
2.620720520019531250e+02
2.582047424316406250e+02
2.619585571289062500e+02
2.653078308105468750e+02
2.670850830078125000e+02
2.652721252441406250e+02
2.473962402343750000e+02
2.480244445800781250e+02
2.507036590576171875e+02
2.600179138183593750e+02
2.573901672363281250e+02
2.533702087402343750e+02
2.500029754638671875e+02
2.865650329589843750e+02
3.169540405273437500e+02
3.417338562011718750e+02
3.741533508300781250e+02
3.834072265625000000e+02
3.737326049804687500e+02
3.861187744140625000e+02
3.878878173828125000e+02
3.789337463378906250e+02
4.105590515136718750e+02
3.905331420898437500e+02
3.983439331054687500e+02
3.937749633789062500e+02
3.912713623046875000e+02
3.675721740722656250e+02
3.658718872070312500e+02
3.455053100585937500e+02
3.179341125488281250e+02
3.134943847656250000e+02
3.143707275390625000e+02
3.165429687500000000e+02
3.147919311523437500e+02
3.078584289550781250e+02
2.849382019042968750e+02
2.820946350097656250e+02
2.852401428222656250e+02
2.874332885742187500e+02
2.936764526367187500e+02
3.089208374023437500e+02
3.023332214355468750e+02
3.063799743652343750e+02
3.013739929199218750e+02
2.971182250976562500e+02
2.888486328125000000e+02
2.833872070312500000e+02
2.643572998046875000e+02
2.554825744628906250e+02
2.551571960449218750e+02
2.226762695312500000e+02
2.112912445068359375e+02
2.114026794433593750e+02
2.103088531494140625e+02
2.207204132080078125e+02
2.193233184814453125e+02
2.552820281982421875e+02
2.494817199707031250e+02
2.373283538818359375e+02
2.405128479003906250e+02
2.408998870849609375e+02
2.520713958740234375e+02
2.789600830078125000e+02
2.769067993164062500e+02
2.717489929199218750e+02
2.714627075195312500e+02
2.746231384277343750e+02
2.742406921386718750e+02
2.859580383300781250e+02
2.887210083007812500e+02
3.079311218261718750e+02
3.047450256347656250e+02
3.311831054687500000e+02
3.355583496093750000e+02
3.363250732421875000e+02
3.476750488281250000e+02
3.445242919921875000e+02
3.452149047851562500e+02
3.305451354980468750e+02
3.483056030273437500e+02
3.452107238769531250e+02
3.453562622070312500e+02
3.447484741210937500e+02
3.284028930664062500e+02
3.127490539550781250e+02
3.151026306152343750e+02
3.155607604980468750e+02
3.158602294921875000e+02
3.346629943847656250e+02
3.301903076171875000e+02
3.348619384765625000e+02
2.824976806640625000e+02
2.926186828613281250e+02
2.960463256835937500e+02
2.928738708496093750e+02
2.855713806152343750e+02
2.871130676269531250e+02
2.994865112304687500e+02
2.734638671875000000e+02
2.699036865234375000e+02
2.557599182128906250e+02
2.552815704345703125e+02
2.704918518066406250e+02
2.717302551269531250e+02
2.736717834472656250e+02
2.730142211914062500e+02
2.726700744628906250e+02
2.732121582031250000e+02
2.717963562011718750e+02
2.832224121093750000e+02
2.877611389160156250e+02
2.919988708496093750e+02
2.807319946289062500e+02
3.031681213378906250e+02
3.056382141113281250e+02
2.797819213867187500e+02
2.726248168945312500e+02
2.902886657714843750e+02
2.966127319335937500e+02
3.137629089355468750e+02
3.077040100097656250e+02
3.019366760253906250e+02
3.020788269042968750e+02
3.014554138183593750e+02
2.994587402343750000e+02
2.988063354492187500e+02
2.986536560058593750e+02
2.947697143554687500e+02
3.038176879882812500e+02
3.204246520996093750e+02
3.116772460937500000e+02
3.191307983398437500e+02
3.275956726074218750e+02
3.238177185058593750e+02
3.664732666015625000e+02
3.667164001464843750e+02
3.876435241699218750e+02
3.823656311035156250e+02
3.871964416503906250e+02
3.921226501464843750e+02
3.962261047363281250e+02
4.102242431640625000e+02
3.731556396484375000e+02
4.103039550781250000e+02
3.959341125488281250e+02
3.903026428222656250e+02
3.955831604003906250e+02
3.962416992187500000e+02
3.920513610839843750e+02
3.764012145996093750e+02
3.733729248046875000e+02
3.497169494628906250e+02
3.536621704101562500e+02
3.512451782226562500e+02
3.523446655273437500e+02
3.625396423339843750e+02
3.691319580078125000e+02
3.560050659179687500e+02
3.579825134277343750e+02
3.547577209472656250e+02
3.540262451171875000e+02
3.309216613769531250e+02
3.248504333496093750e+02
3.216584472656250000e+02
2.985149536132812500e+02
2.472928619384765625e+02
2.374512481689453125e+02
2.440689849853515625e+02
2.226557922363281250e+02
2.328865356445312500e+02
2.558176422119140625e+02
2.535103607177734375e+02
2.594657592773437500e+02
2.676246948242187500e+02
2.888244323730468750e+02
2.947915039062500000e+02
2.887439575195312500e+02
2.848740539550781250e+02
2.680557861328125000e+02
2.594601440429687500e+02
2.576873168945312500e+02
2.670415954589843750e+02
2.712281188964843750e+02
2.660436096191406250e+02
2.527919616699218750e+02
2.388051910400390625e+02
2.515524291992187500e+02
2.557374877929687500e+02
2.588789978027343750e+02
2.629307861328125000e+02
2.562478637695312500e+02
2.549416046142578125e+02
2.623765563964843750e+02
2.610367736816406250e+02
2.566729431152343750e+02
2.529587860107421875e+02
2.523222503662109375e+02
2.512756195068359375e+02
2.441391754150390625e+02
2.394792480468750000e+02
2.208241271972656250e+02
2.182219390869140625e+02
2.095271301269531250e+02
2.100941772460937500e+02
2.223256072998046875e+02
2.162103576660156250e+02
2.595841369628906250e+02
2.236930084228515625e+02
2.261309967041015625e+02
2.333632659912109375e+02
2.547465209960937500e+02
2.545126800537109375e+02
2.500577697753906250e+02
2.464373626708984375e+02
2.253233032226562500e+02
2.244278411865234375e+02
2.585570373535156250e+02
2.507303771972656250e+02
2.489897460937500000e+02
2.438291625976562500e+02
2.452663269042968750e+02
2.546910095214843750e+02
2.503757476806640625e+02
2.529294433593750000e+02
2.539153594970703125e+02
2.552114868164062500e+02
2.641373291015625000e+02
2.612547302246093750e+02
2.982824707031250000e+02
2.819967346191406250e+02
2.561140747070312500e+02
2.690294799804687500e+02
3.534664611816406250e+02
3.678984069824218750e+02
3.681297607421875000e+02
3.698392639160156250e+02
3.581093139648437500e+02
3.255885925292968750e+02
3.437190246582031250e+02
3.435751342773437500e+02
3.424085998535156250e+02
3.379230041503906250e+02
3.359067687988281250e+02
3.343303222656250000e+02
3.346231994628906250e+02
2.763840026855468750e+02
2.669270629882812500e+02
2.335717163085937500e+02
2.410146484375000000e+02
2.472962646484375000e+02
3.472777099609375000e+02
3.775043029785156250e+02
3.568038024902343750e+02
3.449375915527343750e+02
3.410458679199218750e+02
2.808550720214843750e+02
3.113701171875000000e+02
3.202873535156250000e+02
3.212332458496093750e+02
3.147369079589843750e+02
3.049084777832031250e+02
3.008190002441406250e+02
2.959057617187500000e+02
2.943025207519531250e+02
2.829273376464843750e+02
2.817867126464843750e+02
2.787936096191406250e+02
2.316590576171875000e+02
2.389865264892578125e+02
2.430127258300781250e+02
2.409676055908203125e+02
2.460743865966796875e+02
2.431389007568359375e+02
2.391918029785156250e+02
2.315368194580078125e+02
2.286398620605468750e+02
2.187435913085937500e+02
2.665065002441406250e+02
2.471978912353515625e+02
2.658138122558593750e+02
2.603751831054687500e+02
2.637610778808593750e+02
2.629661865234375000e+02
2.640652465820312500e+02
2.603183288574218750e+02
2.655577087402343750e+02
2.550356140136718750e+02
2.605686950683593750e+02
2.862575378417968750e+02
3.040509033203125000e+02
3.371164550781250000e+02
3.302278747558593750e+02
3.647714538574218750e+02
3.720956726074218750e+02
3.678250732421875000e+02
3.928783569335937500e+02
3.916304321289062500e+02
3.942265625000000000e+02
4.034575500488281250e+02
4.062651062011718750e+02
3.853750610351562500e+02
3.585059814453125000e+02
3.711397094726562500e+02
3.378561096191406250e+02
3.606298217773437500e+02
3.605394897460937500e+02
3.552517700195312500e+02
3.794249572753906250e+02
3.779042968750000000e+02
3.908580017089843750e+02
4.011086120605468750e+02
3.930103454589843750e+02
3.928579101562500000e+02
3.967770080566406250e+02
3.949302673339843750e+02
3.982018737792968750e+02
4.026624450683593750e+02
3.904688110351562500e+02
4.250033874511718750e+02
3.895674743652343750e+02
4.123689575195312500e+02
4.058698120117187500e+02
4.065915527343750000e+02
4.058507385253906250e+02
4.059319763183593750e+02
4.130111999511718750e+02
4.101314697265625000e+02
4.182883605957031250e+02
3.897103271484375000e+02
3.974552307128906250e+02
3.919564819335937500e+02
4.144744873046875000e+02
4.132503967285156250e+02
3.976389465332031250e+02
3.951896972656250000e+02
3.908873291015625000e+02
3.912426452636718750e+02
4.014024353027343750e+02
3.956148681640625000e+02
4.132913513183593750e+02
4.062777099609375000e+02
4.121601867675781250e+02
4.076748657226562500e+02
4.198679504394531250e+02
4.215057067871093750e+02
3.937728576660156250e+02
4.009614868164062500e+02
4.087080383300781250e+02
3.775099182128906250e+02
3.865142822265625000e+02
3.800832519531250000e+02
3.827694091796875000e+02
3.866847534179687500e+02
3.720371093750000000e+02
3.892613525390625000e+02
4.050728149414062500e+02
3.928055725097656250e+02
3.940097656250000000e+02
3.965816040039062500e+02
3.917311401367187500e+02
3.912501220703125000e+02
3.874829406738281250e+02
3.862116394042968750e+02
3.652630004882812500e+02
3.643114013671875000e+02
3.717495117187500000e+02
4.043493041992187500e+02
3.951590576171875000e+02
3.994193725585937500e+02
4.027192687988281250e+02
4.098088073730468750e+02
4.110044860839843750e+02
4.114813537597656250e+02
4.144340515136718750e+02
3.963735046386718750e+02
4.023939819335937500e+02
3.947191772460937500e+02
3.922069091796875000e+02
3.922452697753906250e+02
4.039177246093750000e+02
3.993713073730468750e+02
3.892787475585937500e+02
3.882830810546875000e+02
3.823939514160156250e+02
3.777842712402343750e+02
3.769471130371093750e+02
3.785609130859375000e+02
3.638856201171875000e+02
3.672236328125000000e+02
3.791980285644531250e+02
3.870776977539062500e+02
3.917989807128906250e+02
3.867738952636718750e+02
3.951864929199218750e+02
3.883876647949218750e+02
3.863125915527343750e+02
3.956045837402343750e+02
3.922411499023437500e+02
3.944877014160156250e+02
3.731758728027343750e+02
3.673316650390625000e+02
3.628057861328125000e+02
3.604118041992187500e+02
3.551720275878906250e+02
3.562120971679687500e+02
3.546790161132812500e+02
3.508903808593750000e+02
3.428228149414062500e+02
3.393025512695312500e+02
3.436876525878906250e+02
3.511788940429687500e+02
3.563825988769531250e+02
3.571683349609375000e+02
3.608206176757812500e+02
3.636187744140625000e+02
3.827114257812500000e+02
3.871217651367187500e+02
3.810433654785156250e+02
3.771035156250000000e+02
3.890203552246093750e+02
3.757614135742187500e+02
3.739977722167968750e+02
3.804917907714843750e+02
3.717356872558593750e+02
3.800683898925781250e+02
3.699498291015625000e+02
3.694257812500000000e+02
3.664461059570312500e+02
3.706700439453125000e+02
3.681903381347656250e+02
3.631125183105468750e+02
3.614869995117187500e+02
3.491170959472656250e+02
3.418911743164062500e+02
3.473081665039062500e+02
3.496940917968750000e+02
3.726911315917968750e+02
3.568927917480468750e+02
3.979835815429687500e+02
4.152523193359375000e+02
4.022327270507812500e+02
3.953304443359375000e+02
4.030335693359375000e+02
4.262033081054687500e+02
4.232787780761718750e+02
4.229168395996093750e+02
4.094659729003906250e+02
4.031514892578125000e+02
3.990555114746093750e+02
3.961892700195312500e+02
3.945111999511718750e+02
3.787581787109375000e+02
3.702744750976562500e+02
3.667922668457031250e+02
3.642289733886718750e+02
3.591503601074218750e+02
3.520649108886718750e+02
3.587431335449218750e+02
3.658304138183593750e+02
3.657595520019531250e+02
3.696482849121093750e+02
3.937623901367187500e+02
3.858761596679687500e+02
3.841091613769531250e+02
3.898210754394531250e+02
3.965298767089843750e+02
3.922970275878906250e+02
3.917916259765625000e+02
3.880043029785156250e+02
3.836499328613281250e+02
3.800470275878906250e+02
3.742033691406250000e+02
3.638538818359375000e+02
3.535568542480468750e+02
3.582483825683593750e+02
3.579416503906250000e+02
3.578692321777343750e+02
3.631062622070312500e+02
3.648475952148437500e+02
3.640110473632812500e+02
3.620053710937500000e+02
3.610764770507812500e+02
3.571873474121093750e+02
3.491854858398437500e+02
3.517470703125000000e+02
3.485742492675781250e+02
3.471833801269531250e+02
3.414662475585937500e+02
3.388814392089843750e+02
3.444581909179687500e+02
3.536382751464843750e+02
3.853106384277343750e+02
3.714056396484375000e+02
3.646358642578125000e+02
3.618890991210937500e+02
3.359696350097656250e+02
3.338934020996093750e+02
3.347501220703125000e+02
3.207430725097656250e+02
3.098031921386718750e+02
3.115149841308593750e+02
3.123238525390625000e+02
3.220093994140625000e+02
3.216051025390625000e+02
2.775039367675781250e+02
2.688564453125000000e+02
2.720886535644531250e+02
2.737145996093750000e+02
2.763649597167968750e+02
2.739228820800781250e+02
2.706350097656250000e+02
2.609074707031250000e+02
2.600112609863281250e+02
2.626527709960937500e+02
2.632897644042968750e+02
2.491882476806640625e+02
2.427582550048828125e+02
2.451731567382812500e+02
2.482595977783203125e+02
2.427059326171875000e+02
2.486709594726562500e+02
2.528498687744140625e+02
2.591358947753906250e+02
2.664399108886718750e+02
2.785868835449218750e+02
2.816513366699218750e+02
2.796069946289062500e+02
2.826155395507812500e+02
2.799279785156250000e+02
2.817729492187500000e+02
2.815052795410156250e+02
2.774494018554687500e+02
2.751084899902343750e+02
2.578277282714843750e+02
2.591722717285156250e+02
2.337687072753906250e+02
2.328413543701171875e+02
2.298487701416015625e+02
2.280355682373046875e+02
2.425234680175781250e+02
2.359244689941406250e+02
2.337064971923828125e+02
2.334783020019531250e+02
2.175693664550781250e+02
2.413215332031250000e+02
2.384314422607421875e+02
2.396251525878906250e+02
2.366527557373046875e+02
2.389978637695312500e+02
2.447616424560546875e+02
2.499987335205078125e+02
2.512909851074218750e+02
2.618084411621093750e+02
2.480563049316406250e+02
2.450496673583984375e+02
2.544379425048828125e+02
2.718026733398437500e+02
2.683500366210937500e+02
2.668300476074218750e+02
2.636663818359375000e+02
2.579557800292968750e+02
2.551942901611328125e+02
2.555734100341796875e+02
2.548635559082031250e+02
2.469270629882812500e+02
2.599748840332031250e+02
2.580596008300781250e+02
2.488786773681640625e+02
2.463577117919921875e+02
2.607438049316406250e+02
2.623056030273437500e+02
2.741867675781250000e+02
2.655129699707031250e+02
2.630797729492187500e+02
2.714958496093750000e+02
2.685930786132812500e+02
2.661756286621093750e+02
2.780162658691406250e+02
2.790233459472656250e+02
2.677643737792968750e+02
2.680796508789062500e+02
2.689680786132812500e+02
2.516378021240234375e+02
2.685370483398437500e+02
2.726012268066406250e+02
2.722552490234375000e+02
2.689508361816406250e+02
2.685805053710937500e+02
2.781790771484375000e+02
2.785728454589843750e+02
2.775448303222656250e+02
2.564097900390625000e+02
2.577932739257812500e+02
2.672265625000000000e+02
2.577881164550781250e+02
2.649814758300781250e+02
2.672502136230468750e+02
2.661293945312500000e+02
2.664310302734375000e+02
2.678381958007812500e+02
2.887195129394531250e+02
2.623310852050781250e+02
2.689229736328125000e+02
2.577942199707031250e+02
2.574505920410156250e+02
2.792183227539062500e+02
2.712991943359375000e+02
2.750173950195312500e+02
2.865994262695312500e+02
2.900800781250000000e+02
2.817086791992187500e+02
2.985353088378906250e+02
2.636648559570312500e+02
2.605241394042968750e+02
2.664276123046875000e+02
2.360458374023437500e+02
2.336791229248046875e+02
1.774027862548828125e+02
1.722637329101562500e+02
1.780582275390625000e+02
1.835437469482421875e+02
2.119898071289062500e+02
2.100688476562500000e+02
2.238251190185546875e+02
2.172539672851562500e+02
2.211277923583984375e+02
2.382632141113281250e+02
2.414708251953125000e+02
2.403678894042968750e+02
2.435603637695312500e+02
2.463869018554687500e+02
2.502740173339843750e+02
2.520136566162109375e+02
2.537786407470703125e+02
2.553775177001953125e+02
2.555034637451171875e+02
3.317946472167968750e+02
3.154885559082031250e+02
3.109983520507812500e+02
3.102292175292968750e+02
3.072182312011718750e+02
3.076417846679687500e+02
3.101480407714843750e+02
3.086820373535156250e+02
3.093648071289062500e+02
3.116937255859375000e+02
3.100970764160156250e+02
3.228487854003906250e+02
3.217560729980468750e+02
3.234350585937500000e+02
3.236264648437500000e+02
3.270988464355468750e+02
3.285036010742187500e+02
3.293547973632812500e+02
3.366900634765625000e+02
3.343314819335937500e+02
3.362312011718750000e+02
3.358215942382812500e+02
3.365245361328125000e+02
3.335011901855468750e+02
3.314203186035156250e+02
3.303359069824218750e+02
3.262434082031250000e+02
3.235343322753906250e+02
3.213581542968750000e+02
3.203224182128906250e+02
3.160552978515625000e+02
3.163941955566406250e+02
3.165522766113281250e+02
3.206295776367187500e+02
3.225808410644531250e+02
3.190438537597656250e+02
3.128668518066406250e+02
3.123965148925781250e+02
3.109675292968750000e+02
3.087522888183593750e+02
3.076210327148437500e+02
3.063011169433593750e+02
3.492952270507812500e+02
3.364429931640625000e+02
3.322254028320312500e+02
3.349919128417968750e+02
3.371455078125000000e+02
3.370046386718750000e+02
3.389425659179687500e+02
3.487540588378906250e+02
3.914158325195312500e+02
3.823301086425781250e+02
3.887050781250000000e+02
3.917040405273437500e+02
3.938066406250000000e+02
3.941857299804687500e+02
3.942176513671875000e+02
3.843118896484375000e+02
3.821328430175781250e+02
3.797622680664062500e+02
3.793484191894531250e+02
3.762809753417968750e+02
3.732726135253906250e+02
3.721763305664062500e+02
3.676554260253906250e+02
3.584082336425781250e+02
3.491914672851562500e+02
3.587763366699218750e+02
3.061500549316406250e+02
3.079713134765625000e+02
3.171999816894531250e+02
3.152648620605468750e+02
3.082803955078125000e+02
3.046530456542968750e+02
2.744642639160156250e+02
2.720792541503906250e+02
2.785015563964843750e+02
2.752210998535156250e+02
2.688364868164062500e+02
2.674895629882812500e+02
2.688113098144531250e+02
2.741068420410156250e+02
2.757434387207031250e+02
1.977621459960937500e+02
1.821616058349609375e+02
1.969755859375000000e+02
2.035101623535156250e+02
2.019481811523437500e+02
1.993671875000000000e+02
2.034621734619140625e+02
2.052023620605468750e+02
2.035113525390625000e+02
2.025500488281250000e+02
2.005182647705078125e+02
2.018233184814453125e+02
2.018141784667968750e+02
1.958488464355468750e+02
1.953585968017578125e+02
2.351049346923828125e+02
2.113065490722656250e+02
2.059035644531250000e+02
2.016329498291015625e+02
2.024033966064453125e+02
2.024371032714843750e+02
2.050076293945312500e+02
2.047427062988281250e+02
2.161343688964843750e+02
2.359373931884765625e+02
2.331413574218750000e+02
2.374465026855468750e+02
2.367197418212890625e+02
2.337690429687500000e+02
2.297860107421875000e+02
2.253780364990234375e+02
2.247688446044921875e+02
2.164353942871093750e+02
2.166215972900390625e+02
2.119767761230468750e+02
2.116085205078125000e+02
2.100992736816406250e+02
2.137301483154296875e+02
2.217118072509765625e+02
2.279035644531250000e+02
2.093919219970703125e+02
2.041572875976562500e+02
2.047546081542968750e+02
2.027176971435546875e+02
2.056389617919921875e+02
2.073783569335937500e+02
2.163110198974609375e+02
2.259286041259765625e+02
2.400133819580078125e+02
2.424609680175781250e+02
2.469440917968750000e+02
2.509572601318359375e+02
2.516359405517578125e+02
2.524548034667968750e+02
2.625458984375000000e+02
2.613164672851562500e+02
2.596257934570312500e+02
2.535849761962890625e+02
2.576781616210937500e+02
2.570802612304687500e+02
2.599327392578125000e+02
2.602283020019531250e+02
2.513362731933593750e+02
2.432575836181640625e+02
2.351928863525390625e+02
2.275187072753906250e+02
2.267264862060546875e+02
2.272957153320312500e+02
2.278751525878906250e+02
2.161412200927734375e+02
2.157099151611328125e+02
2.454432067871093750e+02
2.490918579101562500e+02
2.587090454101562500e+02
2.569697570800781250e+02
2.666613159179687500e+02
2.733795471191406250e+02
2.745264892578125000e+02
2.728877258300781250e+02
2.721860656738281250e+02
2.667563476562500000e+02
2.615079345703125000e+02
2.584960327148437500e+02
2.614874572753906250e+02
2.538102264404296875e+02
2.438599853515625000e+02
2.320175933837890625e+02
2.339183502197265625e+02
2.177618865966796875e+02
2.158520355224609375e+02
2.192952575683593750e+02
2.240541076660156250e+02
2.243307800292968750e+02
2.283396911621093750e+02
2.338972473144531250e+02
2.373597106933593750e+02
2.586867370605468750e+02
2.647586059570312500e+02
2.715681152343750000e+02
2.745475158691406250e+02
2.684913330078125000e+02
2.654061279296875000e+02
2.611827392578125000e+02
2.563262023925781250e+02
2.541602783203125000e+02
2.345214385986328125e+02
2.347203216552734375e+02
2.290513763427734375e+02
2.284500274658203125e+02
2.282734680175781250e+02
2.280292663574218750e+02
2.267183074951171875e+02
2.125732727050781250e+02
2.111301269531250000e+02
2.056623992919921875e+02
2.043300476074218750e+02
2.013175659179687500e+02
2.145803985595703125e+02
2.084340057373046875e+02
2.406094207763671875e+02
2.445366668701171875e+02
2.713204956054687500e+02
2.638429260253906250e+02
2.589486999511718750e+02
2.603771362304687500e+02
2.584738159179687500e+02
2.582990112304687500e+02
2.573803100585937500e+02
2.468722229003906250e+02
2.162565307617187500e+02
2.202731018066406250e+02
2.239920043945312500e+02
2.250029449462890625e+02
2.251432800292968750e+02
2.125001373291015625e+02
2.462488861083984375e+02
2.509116821289062500e+02
2.526035156250000000e+02
2.509311065673828125e+02
2.458938598632812500e+02
2.434753570556640625e+02
2.425253295898437500e+02
2.420627288818359375e+02
2.345070800781250000e+02
2.345606384277343750e+02
2.384334259033203125e+02
2.337762908935546875e+02
2.382287292480468750e+02
2.360696258544921875e+02
2.370070495605468750e+02
2.374370269775390625e+02
2.330375366210937500e+02
2.350299682617187500e+02
2.305099029541015625e+02
2.378534088134765625e+02
2.377689056396484375e+02
2.373169403076171875e+02
2.414593353271484375e+02
2.400379180908203125e+02
2.411770477294921875e+02
2.368329772949218750e+02
2.429476470947265625e+02
2.430292358398437500e+02
2.458971710205078125e+02
2.282899322509765625e+02
2.293793640136718750e+02
2.259277801513671875e+02
2.078826293945312500e+02
2.005325927734375000e+02
1.973013610839843750e+02
1.969167480468750000e+02
1.939606781005859375e+02
1.924104461669921875e+02
1.938513793945312500e+02
1.948058319091796875e+02
2.124544677734375000e+02
2.100359802246093750e+02
2.102030944824218750e+02
2.147701416015625000e+02
2.268250885009765625e+02
2.322922668457031250e+02
2.335202636718750000e+02
2.348917694091796875e+02
2.600316162109375000e+02
2.708268127441406250e+02
2.709685974121093750e+02
2.726267700195312500e+02
2.585373229980468750e+02
2.629797058105468750e+02
2.693774719238281250e+02
2.749487915039062500e+02
2.862282714843750000e+02
3.130649108886718750e+02
3.174230346679687500e+02
3.170261840820312500e+02
3.168386840820312500e+02
3.182528991699218750e+02
3.181991882324218750e+02
3.180422973632812500e+02
3.142297058105468750e+02
2.820212402343750000e+02
2.769425048828125000e+02
2.998450317382812500e+02
3.000166931152343750e+02
2.981435546875000000e+02
2.999401550292968750e+02
3.047324523925781250e+02
3.040870666503906250e+02
3.051486816406250000e+02
3.035952758789062500e+02
3.053622741699218750e+02
2.957005310058593750e+02
2.923480224609375000e+02
2.871813964843750000e+02
2.772555236816406250e+02
3.135261535644531250e+02
3.086876525878906250e+02
2.991754455566406250e+02
2.934151000976562500e+02
2.912003479003906250e+02
2.866723327636718750e+02
2.836409912109375000e+02
2.844792785644531250e+02
2.824175415039062500e+02
2.803151855468750000e+02
2.831567687988281250e+02
2.885500793457031250e+02
2.946034851074218750e+02
2.967564392089843750e+02
2.940564270019531250e+02
2.870296936035156250e+02
2.821161193847656250e+02
2.587541809082031250e+02
2.450221405029296875e+02
2.436172943115234375e+02
2.409343414306640625e+02
2.392548370361328125e+02
2.362355957031250000e+02
2.311496887207031250e+02
2.317639617919921875e+02
2.315587310791015625e+02
2.327502593994140625e+02
2.402746276855468750e+02
2.376447143554687500e+02
2.381383666992187500e+02
2.390798339843750000e+02
2.443164062500000000e+02
2.427956390380859375e+02
2.426191558837890625e+02
2.420569000244140625e+02
2.435106048583984375e+02
2.500327911376953125e+02
2.573652954101562500e+02
2.585478210449218750e+02
2.592022399902343750e+02
2.556318206787109375e+02
2.574751892089843750e+02
2.766332702636718750e+02
2.747422485351562500e+02
2.836216430664062500e+02
2.931500549316406250e+02
2.905463562011718750e+02
2.989595642089843750e+02
3.126825866699218750e+02
3.227987060546875000e+02
3.144202880859375000e+02
3.041555175781250000e+02
3.117398986816406250e+02
3.217333984375000000e+02
3.183916931152343750e+02
3.159884338378906250e+02
3.157033386230468750e+02
3.102685546875000000e+02
3.070436706542968750e+02
3.044817504882812500e+02
3.054783935546875000e+02
3.024919128417968750e+02
3.048351745605468750e+02
3.057077636718750000e+02
2.997783508300781250e+02
2.906111755371093750e+02
2.811405944824218750e+02
2.732359313964843750e+02
2.608566589355468750e+02
2.453169403076171875e+02
2.338306579589843750e+02
2.238749084472656250e+02
2.140526885986328125e+02
2.049424591064453125e+02
1.866603851318359375e+02
1.884561004638671875e+02
1.830245513916015625e+02
1.791985321044921875e+02
1.784860534667968750e+02
1.804647674560546875e+02
1.981553802490234375e+02
1.912090759277343750e+02
1.880718536376953125e+02
1.851769409179687500e+02
1.825179901123046875e+02
1.786985168457031250e+02
1.801702423095703125e+02
1.768657531738281250e+02
1.633858032226562500e+02
1.531496276855468750e+02
1.553815002441406250e+02
1.564579620361328125e+02
1.564280853271484375e+02
1.539801177978515625e+02
1.600467529296875000e+02
1.609303283691406250e+02
1.630995025634765625e+02
1.556610412597656250e+02
1.557562103271484375e+02
1.603248138427734375e+02
1.584505004882812500e+02
1.578262939453125000e+02
1.584723052978515625e+02
1.636295318603515625e+02
1.702292633056640625e+02
1.711071624755859375e+02
1.739924926757812500e+02
1.757902374267578125e+02
1.796212310791015625e+02
1.783078155517578125e+02
1.829228973388671875e+02
1.856290740966796875e+02
1.947144470214843750e+02
2.132008819580078125e+02
2.148044738769531250e+02
2.097690582275390625e+02
2.081620483398437500e+02
2.158009338378906250e+02
2.220839385986328125e+02
2.271051483154296875e+02
2.189860839843750000e+02
1.908986511230468750e+02
1.940603027343750000e+02
1.918005981445312500e+02
1.952428588867187500e+02
1.895896606445312500e+02
1.934778594970703125e+02
1.980100097656250000e+02
1.909917907714843750e+02
1.917831115722656250e+02
1.904271392822265625e+02
1.902617645263671875e+02
1.831605682373046875e+02
1.805583496093750000e+02
1.765671539306640625e+02
1.731540527343750000e+02
1.677142791748046875e+02
1.489424591064453125e+02
1.478000183105468750e+02
1.465976562500000000e+02
1.439867401123046875e+02
1.419459381103515625e+02
1.476787261962890625e+02
1.535176696777343750e+02
1.815148162841796875e+02
1.734504852294921875e+02
1.709737243652343750e+02
1.696056976318359375e+02
1.721669921875000000e+02
1.769611358642578125e+02
1.702227325439453125e+02
1.759100189208984375e+02
1.746474151611328125e+02
1.721956329345703125e+02
1.666541137695312500e+02
1.662954101562500000e+02
1.594705047607421875e+02
1.610319061279296875e+02
1.598714141845703125e+02
1.624222259521484375e+02
1.567864532470703125e+02
1.470002899169921875e+02
1.415219421386718750e+02
1.419222717285156250e+02
1.416313934326171875e+02
1.408602905273437500e+02
1.412026062011718750e+02
1.423980560302734375e+02
1.421372985839843750e+02
1.426145172119140625e+02
1.447814941406250000e+02
1.444248352050781250e+02
1.440014343261718750e+02
1.401234893798828125e+02
1.410210571289062500e+02
1.402420196533203125e+02
1.389828948974609375e+02
1.367389221191406250e+02
1.353841857910156250e+02
1.353604278564453125e+02
1.351177673339843750e+02
1.323877258300781250e+02
1.316462402343750000e+02
1.323058929443359375e+02
1.306414184570312500e+02
1.311766662597656250e+02
1.315057678222656250e+02
1.302052764892578125e+02
1.284362640380859375e+02
1.283421478271484375e+02
1.291696319580078125e+02
1.310472869873046875e+02
1.301465148925781250e+02
1.310321807861328125e+02
1.320261383056640625e+02
1.363455200195312500e+02
1.383492279052734375e+02
1.386429138183593750e+02
1.508548431396484375e+02
1.473283386230468750e+02
1.489703063964843750e+02
1.518421173095703125e+02
1.566700286865234375e+02
1.552320709228515625e+02
1.560650787353515625e+02
1.563497924804687500e+02
1.598034362792968750e+02
1.574593658447265625e+02
1.600212249755859375e+02
1.586027221679687500e+02
1.596886138916015625e+02
1.592554779052734375e+02
1.651731109619140625e+02
1.645794830322265625e+02
1.687590637207031250e+02
1.728638916015625000e+02
1.723335723876953125e+02
1.969176483154296875e+02
2.100949249267578125e+02
2.120044555664062500e+02
2.104305267333984375e+02
2.170760498046875000e+02
2.304729309082031250e+02
2.316450805664062500e+02
2.302715606689453125e+02
2.323133392333984375e+02
2.415954132080078125e+02
2.370931701660156250e+02
2.502770080566406250e+02
2.517940826416015625e+02
2.934666442871093750e+02
3.009930725097656250e+02
3.035096130371093750e+02
3.063374023437500000e+02
3.142927246093750000e+02
3.154263610839843750e+02
3.161672973632812500e+02
3.196742553710937500e+02
3.218526916503906250e+02
3.211621093750000000e+02
3.157351074218750000e+02
3.154453430175781250e+02
3.153076171875000000e+02
2.950208129882812500e+02
2.939276123046875000e+02
2.928104248046875000e+02
2.881558532714843750e+02
2.541283721923828125e+02
2.549078216552734375e+02
2.759259338378906250e+02
2.786824645996093750e+02
2.721299438476562500e+02
2.739531860351562500e+02
2.832590026855468750e+02
2.928544921875000000e+02
2.918785705566406250e+02
2.944635314941406250e+02
2.999669494628906250e+02
2.929689941406250000e+02
2.968372192382812500e+02
2.957777404785156250e+02
2.999249267578125000e+02
2.993424987792968750e+02
2.968018798828125000e+02
2.962567749023437500e+02
2.898131103515625000e+02
2.888293457031250000e+02
2.884640197753906250e+02
2.865202331542968750e+02
2.854208984375000000e+02
2.887836914062500000e+02
2.832828063964843750e+02
2.791340637207031250e+02
2.819801025390625000e+02
2.776011962890625000e+02
2.861846008300781250e+02
2.963831176757812500e+02
3.120809936523437500e+02
3.032376403808593750e+02
3.095502319335937500e+02
3.077339477539062500e+02
3.058173522949218750e+02
3.067692871093750000e+02
3.115098571777343750e+02
3.133211059570312500e+02
3.107608337402343750e+02
3.166204223632812500e+02
3.156055297851562500e+02
3.131058959960937500e+02
3.151276245117187500e+02
3.140393981933593750e+02
3.115492553710937500e+02
3.106774902343750000e+02
3.096129455566406250e+02
3.083077087402343750e+02
3.053043212890625000e+02
3.029333801269531250e+02
3.009657897949218750e+02
2.977874145507812500e+02
2.935876464843750000e+02
2.803112487792968750e+02
2.816412048339843750e+02
2.879703369140625000e+02
2.837502746582031250e+02
2.783821411132812500e+02
2.796360778808593750e+02
2.764836425781250000e+02
2.665564575195312500e+02
2.583589477539062500e+02
2.550693969726562500e+02
2.532037048339843750e+02
2.514329223632812500e+02
2.506223754882812500e+02
2.503652648925781250e+02
2.487742156982421875e+02
2.504033966064453125e+02
2.509159240722656250e+02
2.481915740966796875e+02
2.477587738037109375e+02
2.434187927246093750e+02
2.387610015869140625e+02
2.353218994140625000e+02
2.205042724609375000e+02
2.190648345947265625e+02
2.204536132812500000e+02
2.167573242187500000e+02
2.153675842285156250e+02
2.115222930908203125e+02
2.073574981689453125e+02
1.983763275146484375e+02
1.963178558349609375e+02
1.951951751708984375e+02
1.951275177001953125e+02
1.957674407958984375e+02
1.972556152343750000e+02
2.101327209472656250e+02
2.184607696533203125e+02
2.295870513916015625e+02
2.241015014648437500e+02
2.217019348144531250e+02
2.185415496826171875e+02
2.151180725097656250e+02
2.177856140136718750e+02
2.145039978027343750e+02
2.136981353759765625e+02
2.122697601318359375e+02
1.953476104736328125e+02
1.962196350097656250e+02
1.990861968994140625e+02
1.972649230957031250e+02
1.991161499023437500e+02
1.971660308837890625e+02
2.159120025634765625e+02
2.118308868408203125e+02
2.130770874023437500e+02
2.069693756103515625e+02
2.052230987548828125e+02
2.032814331054687500e+02
2.069873657226562500e+02
1.961697692871093750e+02
1.966336669921875000e+02
2.013125762939453125e+02
1.973752746582031250e+02
1.976546325683593750e+02
2.020503234863281250e+02
1.963780822753906250e+02
2.008695373535156250e+02
1.980861663818359375e+02
1.990095672607421875e+02
1.973628082275390625e+02
1.988053283691406250e+02
2.145110626220703125e+02
2.205842742919921875e+02
2.192797393798828125e+02
2.223597106933593750e+02
2.214378662109375000e+02
2.190946197509765625e+02
2.190236968994140625e+02
2.203242034912109375e+02
2.197002716064453125e+02
2.146199340820312500e+02
2.094785614013671875e+02
2.202863311767578125e+02
2.324791412353515625e+02
2.592148132324218750e+02
2.632762451171875000e+02
2.647658081054687500e+02
2.676893310546875000e+02
2.676923828125000000e+02
2.648041687011718750e+02
2.650869750976562500e+02
2.625581359863281250e+02
2.593107910156250000e+02
2.566660461425781250e+02
2.519999847412109375e+02
2.458559570312500000e+02
2.653920898437500000e+02
2.721085815429687500e+02
2.851517028808593750e+02
2.872810668945312500e+02
2.939739379882812500e+02
2.968935546875000000e+02
2.968837280273437500e+02
3.036291503906250000e+02
3.062008666992187500e+02
3.103916015625000000e+02
3.104491271972656250e+02
3.049045104980468750e+02
3.012407531738281250e+02
3.016541442871093750e+02
2.996477661132812500e+02
2.945024108886718750e+02
2.914914855957031250e+02
2.894651794433593750e+02
2.881280212402343750e+02
2.868542480468750000e+02
2.846520385742187500e+02
2.733777465820312500e+02
2.714099121093750000e+02
2.892381591796875000e+02
2.882452697753906250e+02
2.876416320800781250e+02
2.851623535156250000e+02
2.838200073242187500e+02
2.831129760742187500e+02
2.819663391113281250e+02
2.791150512695312500e+02
2.640625610351562500e+02
2.648016967773437500e+02
2.630568542480468750e+02
2.607649536132812500e+02
2.656330261230468750e+02
2.668037109375000000e+02
2.658056640625000000e+02
2.604596862792968750e+02
2.654961853027343750e+02
3.003442687988281250e+02
2.951310729980468750e+02
2.919933776855468750e+02
2.911777648925781250e+02
2.895644531250000000e+02
2.859807434082031250e+02
2.863609313964843750e+02
2.917567749023437500e+02
3.081812744140625000e+02
3.231130676269531250e+02
3.383594665527343750e+02
3.481825866699218750e+02
3.515074768066406250e+02
3.606260375976562500e+02
3.736912536621093750e+02
3.783595886230468750e+02
3.828006896972656250e+02
3.850613403320312500e+02
3.897678527832031250e+02
3.895069580078125000e+02
3.882898254394531250e+02
3.860367431640625000e+02
3.849911193847656250e+02
3.812163696289062500e+02
3.801666564941406250e+02
3.730767517089843750e+02
3.728892517089843750e+02
3.696127624511718750e+02
3.663132629394531250e+02
3.629426574707031250e+02
3.642480468750000000e+02
3.831915283203125000e+02
3.820217285156250000e+02
3.845040588378906250e+02
3.890859680175781250e+02
3.833212890625000000e+02
3.893240051269531250e+02
3.799761657714843750e+02
3.765805664062500000e+02
3.757365417480468750e+02
3.679226074218750000e+02
3.640556945800781250e+02
3.639806518554687500e+02
3.697810363769531250e+02
3.729703979492187500e+02
3.777699584960937500e+02
3.700060119628906250e+02
3.780366821289062500e+02
4.068669433593750000e+02
4.063921508789062500e+02
4.067686157226562500e+02
4.096982116699218750e+02
4.086966247558593750e+02
4.131880187988281250e+02
4.167921447753906250e+02
3.193529357910156250e+02
3.600874023437500000e+02
3.596099243164062500e+02
3.588608093261718750e+02
3.629054870605468750e+02
3.543434143066406250e+02
3.596517333984375000e+02
3.603644714355468750e+02
3.586828613281250000e+02
4.259261169433593750e+02
4.254163513183593750e+02
4.221797485351562500e+02
4.264364624023437500e+02
4.243458251953125000e+02
4.283963928222656250e+02
4.330687255859375000e+02
4.298972167968750000e+02
4.289026794433593750e+02
4.201921081542968750e+02
4.155738220214843750e+02
4.147368469238281250e+02
4.125065917968750000e+02
4.086177673339843750e+02
4.113135681152343750e+02
4.131148071289062500e+02
4.116858215332031250e+02
4.134851684570312500e+02
4.087145385742187500e+02
4.051267089843750000e+02
4.020626220703125000e+02
3.989789428710937500e+02
3.955275573730468750e+02
3.925202636718750000e+02
3.880365600585937500e+02
3.877749023437500000e+02
3.820592956542968750e+02
3.830289611816406250e+02
3.865430603027343750e+02
3.877943420410156250e+02
3.820596313476562500e+02
3.800605773925781250e+02
3.778023986816406250e+02
3.771631469726562500e+02
3.758119506835937500e+02
3.731452026367187500e+02
3.743745422363281250e+02
3.755544433593750000e+02
3.744859313964843750e+02
3.731615600585937500e+02
3.739537963867187500e+02
3.716936035156250000e+02
3.697518005371093750e+02
3.690414428710937500e+02
3.751619262695312500e+02
3.830436706542968750e+02
4.066557617187500000e+02
3.999611816406250000e+02
4.060932617187500000e+02
3.813828430175781250e+02
3.969621276855468750e+02
3.997767333984375000e+02
3.947665405273437500e+02
3.930140686035156250e+02
3.938045959472656250e+02
3.999210510253906250e+02
3.916581115722656250e+02
3.893709411621093750e+02
3.840457153320312500e+02
3.780734252929687500e+02
3.795617065429687500e+02
3.752774353027343750e+02
3.702436523437500000e+02
3.676275634765625000e+02
3.743475952148437500e+02
3.769482421875000000e+02
3.773824462890625000e+02
3.742097473144531250e+02
3.708002319335937500e+02
3.659031982421875000e+02
3.507205200195312500e+02
3.565242004394531250e+02
3.570532836914062500e+02
3.595587158203125000e+02
3.496709289550781250e+02
3.349723815917968750e+02
3.560387573242187500e+02
3.555557556152343750e+02
3.554576416015625000e+02
3.435481872558593750e+02
3.459920043945312500e+02
3.463218078613281250e+02
3.491362609863281250e+02
3.502394409179687500e+02
3.472272033691406250e+02
3.441102294921875000e+02
3.442276000976562500e+02
3.532530517578125000e+02
3.645091552734375000e+02
3.641692504882812500e+02
3.683553771972656250e+02
3.754495544433593750e+02
3.750566406250000000e+02
3.810806884765625000e+02
3.850625305175781250e+02
3.065725708007812500e+02
3.228660888671875000e+02
3.314371032714843750e+02
3.291305541992187500e+02
3.944408569335937500e+02
3.813595275878906250e+02
3.738473815917968750e+02
2.970343627929687500e+02
3.187071838378906250e+02
3.117604675292968750e+02
3.067269287109375000e+02
3.055771789550781250e+02
3.024506835937500000e+02
3.026744384765625000e+02
3.009451599121093750e+02
3.029449768066406250e+02
3.229790344238281250e+02
3.267786560058593750e+02
3.228671875000000000e+02
3.275098571777343750e+02
3.291535644531250000e+02
3.209118041992187500e+02
3.184197082519531250e+02
3.199165039062500000e+02
3.229186706542968750e+02
3.214700317382812500e+02
3.139108276367187500e+02
3.119472656250000000e+02
3.060121459960937500e+02
3.024744873046875000e+02
3.036326599121093750e+02
3.018208312988281250e+02
2.962170104980468750e+02
2.881418457031250000e+02
2.876243896484375000e+02
2.870035400390625000e+02
2.866706542968750000e+02
2.865163574218750000e+02
2.859062194824218750e+02
2.880217285156250000e+02
2.837537841796875000e+02
2.817244873046875000e+02
3.511590881347656250e+02
3.428421630859375000e+02
3.370128173828125000e+02
3.390300292968750000e+02
3.415147094726562500e+02
3.397025451660156250e+02
3.292404479980468750e+02
3.162073669433593750e+02
3.136307983398437500e+02
3.132843322753906250e+02
3.179532165527343750e+02
3.188500366210937500e+02
3.193896789550781250e+02
3.173094787597656250e+02
3.146733398437500000e+02
3.175797119140625000e+02
3.137865905761718750e+02
3.094315795898437500e+02
3.059310913085937500e+02
3.035534057617187500e+02
3.020498657226562500e+02
2.981468811035156250e+02
2.999102172851562500e+02
3.019096984863281250e+02
3.080301818847656250e+02
3.141020202636718750e+02
3.229602661132812500e+02
3.216062316894531250e+02
3.160387878417968750e+02
3.064909667968750000e+02
2.986395263671875000e+02
2.954271545410156250e+02
2.855634460449218750e+02
2.757644348144531250e+02
2.560578918457031250e+02
2.396525878906250000e+02
2.391256103515625000e+02
2.422118225097656250e+02
2.512561950683593750e+02
2.488831787109375000e+02
2.499056243896484375e+02
2.510641784667968750e+02
2.500120086669921875e+02
2.520274505615234375e+02
2.542663726806640625e+02
2.577756958007812500e+02
2.615738220214843750e+02
2.590413208007812500e+02
2.491754150390625000e+02
2.407674407958984375e+02
2.345329742431640625e+02
2.282404327392578125e+02
2.215807495117187500e+02
2.187205505371093750e+02
2.145593261718750000e+02
2.094930877685546875e+02
2.080718536376953125e+02
2.022637786865234375e+02
1.930386962890625000e+02
2.225584564208984375e+02
2.266265258789062500e+02
2.213612365722656250e+02
2.222575531005859375e+02
2.197219848632812500e+02
2.160209197998046875e+02
2.216190032958984375e+02
2.155014648437500000e+02
2.162685394287109375e+02
2.192160797119140625e+02
2.297416992187500000e+02
2.302050628662109375e+02
2.209800872802734375e+02
2.159823913574218750e+02
2.183097076416015625e+02
2.214295349121093750e+02
2.306320190429687500e+02
2.239740753173828125e+02
2.269921264648437500e+02
2.125392761230468750e+02
2.177481231689453125e+02
2.199175567626953125e+02
2.267818756103515625e+02
2.325692138671875000e+02
2.310123901367187500e+02
2.281311645507812500e+02
2.280645141601562500e+02
2.298052520751953125e+02
2.302727355957031250e+02
2.336970977783203125e+02
2.375390625000000000e+02
2.464555053710937500e+02
2.488050842285156250e+02
2.484253997802734375e+02
2.524775543212890625e+02
2.508470458984375000e+02
2.576512756347656250e+02
3.271208190917968750e+02
3.247695617675781250e+02
3.183328552246093750e+02
3.134006042480468750e+02
3.072210998535156250e+02
3.014535827636718750e+02
2.991519775390625000e+02
2.962533569335937500e+02
2.988128051757812500e+02
3.091660156250000000e+02
3.163670654296875000e+02
3.225150146484375000e+02
3.266800842285156250e+02
3.281482849121093750e+02
3.310815124511718750e+02
3.322669982910156250e+02
4.053984069824218750e+02
4.060153808593750000e+02
4.045605468750000000e+02
4.046347045898437500e+02
4.120515136718750000e+02
4.115249633789062500e+02
4.076033630371093750e+02
4.064266967773437500e+02
4.019544982910156250e+02
4.018283691406250000e+02
4.001442871093750000e+02
3.973353881835937500e+02
3.954425354003906250e+02
3.938732910156250000e+02
3.915395507812500000e+02
3.880319519042968750e+02
3.858951110839843750e+02
3.856216735839843750e+02
3.880305786132812500e+02
3.904550170898437500e+02
3.930398559570312500e+02
4.014614562988281250e+02
4.080110778808593750e+02
4.108328552246093750e+02
4.126709289550781250e+02
4.151035766601562500e+02
4.162695617675781250e+02
4.131890258789062500e+02
4.124175720214843750e+02
4.110903320312500000e+02
4.164743652343750000e+02
4.215206909179687500e+02
4.238036499023437500e+02
4.270998840332031250e+02
4.277005920410156250e+02
4.258013916015625000e+02
4.261071777343750000e+02
4.258981323242187500e+02
4.235782470703125000e+02
4.224313354492187500e+02
4.201018676757812500e+02
4.198557128906250000e+02
4.224398193359375000e+02
4.254804992675781250e+02
4.250950622558593750e+02
4.242509765625000000e+02
4.199508056640625000e+02
4.126102905273437500e+02
4.044843139648437500e+02
