3.895564880371093750e+02
3.523405761718750000e+02
3.380564270019531250e+02
3.193264465332031250e+02
3.376351623535156250e+02
3.700650329589843750e+02
4.236022033691406250e+02
4.471563110351562500e+02
4.319842834472656250e+02
4.262110595703125000e+02
4.262103881835937500e+02
4.083756408691406250e+02
4.279965515136718750e+02
4.308788452148437500e+02
4.186331787109375000e+02
4.041476745605468750e+02
3.842743835449218750e+02
3.825366516113281250e+02
3.657260437011718750e+02
3.671040344238281250e+02
3.618094482421875000e+02
3.589223632812500000e+02
3.530684204101562500e+02
3.495564270019531250e+02
2.961496582031250000e+02
2.640540466308593750e+02
2.273747863769531250e+02
1.937694702148437500e+02
1.689014282226562500e+02
1.603803100585937500e+02
1.614981689453125000e+02
1.594768676757812500e+02
1.537220458984375000e+02
1.521110076904296875e+02
1.563754577636718750e+02
1.743121032714843750e+02
1.862756347656250000e+02
1.921991119384765625e+02
1.979745635986328125e+02
2.045252532958984375e+02
2.241487579345703125e+02
2.502072601318359375e+02
2.851862487792968750e+02
2.912623901367187500e+02
3.103592834472656250e+02
3.225224304199218750e+02
3.476724243164062500e+02
3.375559692382812500e+02
3.455532226562500000e+02
3.725419006347656250e+02
3.734501342773437500e+02
3.714408874511718750e+02
3.720463867187500000e+02
3.715080871582031250e+02
3.735755310058593750e+02
3.658435974121093750e+02
3.702420959472656250e+02
3.479690246582031250e+02
3.251596679687500000e+02
3.315581970214843750e+02
3.453497924804687500e+02
3.486222839355468750e+02
3.534835510253906250e+02
3.443261108398437500e+02
3.435543823242187500e+02
3.391826477050781250e+02
3.396129150390625000e+02
3.371128845214843750e+02
3.353345336914062500e+02
3.337941284179687500e+02
3.320875244140625000e+02
3.387487487792968750e+02
3.355975952148437500e+02
3.387492675781250000e+02
3.380444030761718750e+02
3.410594787597656250e+02
3.424859924316406250e+02
3.480689392089843750e+02
3.531743469238281250e+02
3.490469970703125000e+02
3.487242736816406250e+02
3.466574707031250000e+02
3.438849792480468750e+02
3.325902709960937500e+02
3.384274902343750000e+02
3.378299865722656250e+02
3.385377502441406250e+02
3.330153808593750000e+02
3.351293640136718750e+02
3.352884826660156250e+02
3.357857055664062500e+02
3.405562133789062500e+02
3.414195861816406250e+02
3.357917480468750000e+02
3.376246643066406250e+02
3.396943054199218750e+02
3.328997192382812500e+02
3.325744323730468750e+02
3.323564758300781250e+02
3.321726989746093750e+02
3.283339843750000000e+02
3.319439392089843750e+02
3.367126159667968750e+02
3.333561401367187500e+02
3.316879882812500000e+02
3.309869689941406250e+02
3.256056518554687500e+02
3.336829528808593750e+02
3.337165527343750000e+02
3.383235473632812500e+02
3.421004028320312500e+02
3.391083679199218750e+02
3.561179199218750000e+02
3.633212280273437500e+02
3.581351623535156250e+02
3.565136413574218750e+02
3.661812744140625000e+02
3.649424743652343750e+02
3.633594360351562500e+02
3.706247558593750000e+02
3.652466125488281250e+02
3.720862121582031250e+02
3.706001892089843750e+02
3.755548095703125000e+02
3.766892395019531250e+02
3.869118652343750000e+02
3.961268310546875000e+02
3.971155395507812500e+02
3.887425231933593750e+02
3.888067932128906250e+02
3.919797668457031250e+02
3.945046386718750000e+02
3.983117370605468750e+02
3.823945312500000000e+02
3.933066406250000000e+02
3.916012268066406250e+02
3.959695129394531250e+02
3.936461486816406250e+02
3.931568298339843750e+02
3.952250671386718750e+02
3.927025756835937500e+02
4.024529113769531250e+02
3.937533569335937500e+02
3.946184997558593750e+02
3.933704528808593750e+02
3.905097045898437500e+02
3.934854431152343750e+02
3.912779541015625000e+02
4.057409057617187500e+02
3.967107849121093750e+02
4.013325805664062500e+02
3.986317749023437500e+02
4.003946533203125000e+02
4.011432495117187500e+02
3.957521362304687500e+02
3.955075378417968750e+02
3.819729309082031250e+02
3.850740661621093750e+02
3.881345520019531250e+02
4.008319396972656250e+02
3.932381896972656250e+02
3.963476562500000000e+02
3.912171325683593750e+02
3.937132568359375000e+02
3.949409484863281250e+02
3.936077575683593750e+02
3.981039123535156250e+02
4.020950012207031250e+02
3.882469482421875000e+02
3.790236206054687500e+02
3.845522460937500000e+02
3.780374145507812500e+02
3.832189941406250000e+02
3.896982116699218750e+02
3.863836669921875000e+02
3.916791687011718750e+02
3.908324890136718750e+02
3.771766052246093750e+02
3.905432128906250000e+02
3.879440307617187500e+02
3.887509460449218750e+02
3.865798950195312500e+02
3.907406005859375000e+02
3.884454956054687500e+02
3.948374938964843750e+02
3.933311157226562500e+02
3.930127258300781250e+02
3.792246398925781250e+02
3.850851135253906250e+02
3.921976013183593750e+02
3.945972595214843750e+02
4.019037780761718750e+02
4.095892639160156250e+02
3.872594909667968750e+02
3.928539733886718750e+02
3.848937072753906250e+02
3.882213745117187500e+02
3.889710388183593750e+02
3.898268432617187500e+02
3.991203002929687500e+02
3.985509948730468750e+02
3.915091857910156250e+02
3.840311279296875000e+02
3.857887878417968750e+02
3.843926696777343750e+02
3.925899658203125000e+02
3.972716064453125000e+02
3.935057678222656250e+02
3.962550964355468750e+02
3.992162780761718750e+02
4.028184509277343750e+02
3.979562377929687500e+02
3.983304138183593750e+02
3.984222106933593750e+02
4.059178161621093750e+02
4.100334777832031250e+02
4.119495849609375000e+02
3.953604736328125000e+02
3.919159240722656250e+02
3.891745605468750000e+02
3.855101623535156250e+02
3.960069580078125000e+02
4.024104919433593750e+02
3.891636047363281250e+02
3.893183288574218750e+02
3.845270690917968750e+02
3.813545837402343750e+02
3.833889770507812500e+02
3.857296752929687500e+02
3.831751708984375000e+02
3.837728576660156250e+02
3.899191894531250000e+02
3.851578979492187500e+02
3.817379760742187500e+02
4.037273864746093750e+02
4.031691589355468750e+02
3.966631774902343750e+02
4.012968139648437500e+02
3.930259094238281250e+02
3.943736572265625000e+02
3.854504089355468750e+02
3.896915588378906250e+02
3.882600097656250000e+02
3.859991760253906250e+02
3.925449218750000000e+02
3.743481445312500000e+02
3.787277832031250000e+02
3.834058532714843750e+02
3.945911254882812500e+02
3.905488891601562500e+02
3.855324401855468750e+02
3.894119262695312500e+02
3.892319030761718750e+02
3.811992492675781250e+02
3.770510559082031250e+02
3.785224609375000000e+02
3.885081481933593750e+02
3.909911499023437500e+02
3.899706420898437500e+02
3.917594909667968750e+02
3.854869995117187500e+02
3.894063415527343750e+02
3.838783874511718750e+02
3.873307495117187500e+02
3.814556274414062500e+02
3.681871032714843750e+02
3.855592346191406250e+02
3.734310607910156250e+02
3.824177246093750000e+02
3.807565307617187500e+02
3.783594665527343750e+02
3.734928894042968750e+02
3.866918640136718750e+02
3.825994873046875000e+02
3.741180419921875000e+02
3.714099426269531250e+02
3.713208007812500000e+02
3.747524414062500000e+02
3.791770019531250000e+02
3.800043640136718750e+02
3.745031127929687500e+02
3.757375488281250000e+02
3.741633300781250000e+02
3.767686157226562500e+02
3.728186035156250000e+02
3.646847229003906250e+02
3.588586425781250000e+02
3.643974609375000000e+02
3.700563964843750000e+02
3.691564636230468750e+02
3.664941711425781250e+02
3.635354919433593750e+02
3.624168090820312500e+02
3.602799377441406250e+02
3.618010253906250000e+02
3.632882385253906250e+02
3.553759765625000000e+02
3.586701660156250000e+02
3.595050048828125000e+02
3.563915405273437500e+02
3.547499084472656250e+02
3.678825683593750000e+02
3.573496093750000000e+02
3.622778930664062500e+02
3.578309020996093750e+02
3.564859924316406250e+02
3.506866149902343750e+02
3.420332641601562500e+02
3.342236328125000000e+02
3.588367919921875000e+02
3.602311401367187500e+02
3.641954345703125000e+02
3.576306457519531250e+02
3.584913635253906250e+02
3.655360412597656250e+02
3.631259155273437500e+02
3.640295104980468750e+02
3.672677307128906250e+02
3.601437377929687500e+02
3.493106079101562500e+02
3.556258850097656250e+02
3.438775939941406250e+02
3.629179687500000000e+02
3.627776184082031250e+02
3.548978271484375000e+02
3.556159362792968750e+02
3.614959716796875000e+02
3.669636535644531250e+02
3.714125061035156250e+02
3.731744079589843750e+02
3.638387756347656250e+02
3.664134216308593750e+02
3.711625671386718750e+02
3.768384399414062500e+02
3.752111511230468750e+02
3.515255432128906250e+02
3.552008972167968750e+02
3.781744384765625000e+02
3.778389587402343750e+02
3.855565185546875000e+02
3.831208496093750000e+02
3.747903137207031250e+02
3.737643737792968750e+02
3.723069763183593750e+02
3.790203857421875000e+02
3.665539855957031250e+02
3.630570068359375000e+02
3.601325988769531250e+02
3.654956054687500000e+02
3.948233642578125000e+02
3.984393005371093750e+02
4.011242370605468750e+02
4.012324218750000000e+02
3.985135192871093750e+02
4.041237182617187500e+02
4.020473022460937500e+02
4.035182495117187500e+02
3.532321777343750000e+02
3.636666259765625000e+02
3.577616577148437500e+02
3.636654357910156250e+02
3.612928466796875000e+02
3.660812988281250000e+02
3.624622192382812500e+02
3.564741210937500000e+02
3.630180053710937500e+02
3.622552490234375000e+02
3.517598266601562500e+02
3.511712341308593750e+02
3.577853393554687500e+02
3.653300781250000000e+02
3.776642761230468750e+02
3.794627075195312500e+02
3.796636657714843750e+02
3.741589660644531250e+02
3.782752380371093750e+02
3.916372985839843750e+02
3.844518432617187500e+02
3.772629699707031250e+02
3.854441223144531250e+02
3.783717956542968750e+02
3.982825012207031250e+02
3.980366516113281250e+02
4.005579833984375000e+02
4.014467468261718750e+02
3.795275878906250000e+02
3.861894836425781250e+02
3.777726745605468750e+02
3.694423828125000000e+02
3.733629150390625000e+02
3.856755981445312500e+02
3.689024963378906250e+02
3.731281127929687500e+02
3.774647216796875000e+02
3.780323486328125000e+02
3.826610412597656250e+02
4.053385620117187500e+02
4.024219970703125000e+02
4.031134033203125000e+02
4.070448303222656250e+02
4.017395935058593750e+02
3.940335083007812500e+02
3.999374084472656250e+02
3.940283508300781250e+02
3.493437194824218750e+02
3.694383239746093750e+02
3.728367004394531250e+02
3.665979003906250000e+02
3.689365539550781250e+02
3.573583984375000000e+02
3.691267395019531250e+02
3.687403259277343750e+02
3.675894470214843750e+02
3.665274963378906250e+02
3.674953002929687500e+02
3.728955688476562500e+02
3.780662231445312500e+02
3.721072387695312500e+02
3.693416137695312500e+02
3.651871948242187500e+02
3.737122497558593750e+02
3.696182250976562500e+02
3.683150634765625000e+02
3.639492797851562500e+02
3.608412780761718750e+02
3.482356567382812500e+02
3.435896911621093750e+02
3.375742797851562500e+02
3.437326965332031250e+02
3.620359497070312500e+02
3.487603759765625000e+02
3.557080993652343750e+02
3.555652770996093750e+02
3.595078735351562500e+02
3.619518432617187500e+02
3.604780273437500000e+02
3.553577270507812500e+02
3.589263305664062500e+02
3.541242980957031250e+02
3.620137939453125000e+02
3.517703857421875000e+02
3.598887329101562500e+02
3.550573425292968750e+02
3.575842590332031250e+02
3.529557800292968750e+02
3.513719787597656250e+02
3.473352661132812500e+02
3.457504577636718750e+02
3.471681213378906250e+02
3.539051208496093750e+02
3.537520751953125000e+02
3.436022338867187500e+02
3.503103332519531250e+02
3.510496520996093750e+02
3.566611938476562500e+02
3.456383056640625000e+02
3.469829711914062500e+02
3.424312438964843750e+02
3.421285095214843750e+02
3.392196655273437500e+02
3.534742126464843750e+02
3.317694091796875000e+02
3.448120117187500000e+02
3.792444763183593750e+02
3.726941528320312500e+02
3.714898681640625000e+02
3.733999328613281250e+02
3.763700561523437500e+02
3.740271911621093750e+02
3.755688476562500000e+02
3.749685974121093750e+02
3.436741943359375000e+02
3.519821472167968750e+02
3.454989318847656250e+02
3.471394653320312500e+02
3.425940856933593750e+02
3.459862365722656250e+02
3.437559509277343750e+02
3.435967712402343750e+02
3.515231628417968750e+02
3.391786193847656250e+02
3.453215026855468750e+02
3.414600830078125000e+02
3.368245544433593750e+02
3.318279724121093750e+02
3.298078308105468750e+02
3.314413757324218750e+02
3.404496154785156250e+02
3.236488647460937500e+02
3.283700256347656250e+02
3.203031311035156250e+02
3.179162902832031250e+02
3.091629028320312500e+02
2.980418395996093750e+02
2.919621887207031250e+02
2.767073974609375000e+02
2.727251892089843750e+02
2.567710876464843750e+02
2.531052551269531250e+02
2.443464508056640625e+02
2.413600769042968750e+02
2.372503662109375000e+02
2.536654815673828125e+02
2.505531005859375000e+02
2.422908630371093750e+02
2.359715576171875000e+02
2.506320800781250000e+02
2.710262756347656250e+02
2.503452453613281250e+02
2.497160186767578125e+02
2.450473327636718750e+02
2.451216583251953125e+02
2.722213745117187500e+02
2.857819519042968750e+02
2.756235656738281250e+02
2.922642211914062500e+02
2.947448425292968750e+02
3.124573669433593750e+02
3.181500244140625000e+02
3.267422485351562500e+02
3.279538269042968750e+02
3.592471008300781250e+02
3.363300781250000000e+02
3.344140014648437500e+02
3.448001098632812500e+02
3.481836853027343750e+02
3.723148803710937500e+02
3.524370727539062500e+02
3.516807250976562500e+02
3.537869262695312500e+02
3.555202941894531250e+02
3.535645446777343750e+02
3.553630371093750000e+02
3.563450012207031250e+02
3.546188354492187500e+02
3.645186767578125000e+02
3.642768249511718750e+02
3.614948730468750000e+02
3.531286315917968750e+02
3.600345458984375000e+02
3.563558654785156250e+02
3.668989868164062500e+02
3.501782836914062500e+02
3.486510314941406250e+02
3.514822082519531250e+02
3.484483337402343750e+02
3.439433593750000000e+02
3.385375366210937500e+02
3.377977905273437500e+02
3.329517517089843750e+02
3.275542297363281250e+02
3.338023071289062500e+02
3.330322875976562500e+02
3.348395385742187500e+02
3.288757629394531250e+02
3.329843139648437500e+02
3.426355895996093750e+02
3.408252563476562500e+02
3.395882873535156250e+02
3.416781311035156250e+02
3.301431579589843750e+02
3.264940795898437500e+02
3.282965087890625000e+02
3.229353637695312500e+02
3.192311401367187500e+02
3.191784057617187500e+02
3.094037475585937500e+02
3.087496643066406250e+02
2.995700988769531250e+02
2.950328674316406250e+02
2.937706604003906250e+02
2.902407226562500000e+02
2.906044006347656250e+02
2.837290344238281250e+02
2.876660156250000000e+02
2.883897399902343750e+02
2.921782531738281250e+02
2.753010253906250000e+02
2.826404724121093750e+02
2.784388732910156250e+02
2.840496520996093750e+02
2.897456665039062500e+02
2.803978576660156250e+02
2.992804260253906250e+02
2.946719665527343750e+02
3.109891052246093750e+02
3.227152099609375000e+02
3.134348754882812500e+02
3.162695007324218750e+02
3.287988586425781250e+02
3.433094787597656250e+02
3.559343261718750000e+02
3.553802185058593750e+02
3.579699401855468750e+02
3.438466796875000000e+02
3.463212585449218750e+02
3.396520385742187500e+02
3.423923339843750000e+02
3.578048706054687500e+02
3.600518798828125000e+02
3.467738952636718750e+02
3.490502929687500000e+02
3.529759216308593750e+02
3.496470336914062500e+02
3.486198425292968750e+02
3.549700317382812500e+02
3.373140258789062500e+02
3.260883483886718750e+02
3.336230468750000000e+02
3.323505859375000000e+02
3.399237670898437500e+02
3.251647949218750000e+02
3.177726440429687500e+02
3.286040954589843750e+02
3.133928833007812500e+02
3.057426757812500000e+02
3.095278320312500000e+02
2.912028198242187500e+02
2.913904113769531250e+02
2.889262084960937500e+02
2.868085632324218750e+02
2.884736022949218750e+02
2.936524658203125000e+02
2.809744262695312500e+02
2.828903808593750000e+02
2.858690795898437500e+02
2.854953613281250000e+02
3.046010742187500000e+02
3.152200927734375000e+02
3.192531127929687500e+02
2.883259582519531250e+02
3.245603637695312500e+02
3.415410156250000000e+02
3.456066589355468750e+02
3.725019836425781250e+02
3.657109375000000000e+02
3.602530822753906250e+02
3.598521423339843750e+02
3.555340270996093750e+02
3.694369812011718750e+02
3.673682250976562500e+02
3.597792968750000000e+02
3.540797424316406250e+02
3.482386779785156250e+02
3.413033752441406250e+02
3.494304504394531250e+02
3.422603759765625000e+02
3.375129394531250000e+02
3.344052429199218750e+02
3.421959533691406250e+02
3.483039550781250000e+02
3.567037658691406250e+02
3.609699707031250000e+02
3.647830200195312500e+02
3.744313049316406250e+02
3.783635559082031250e+02
3.776575317382812500e+02
3.789572753906250000e+02
3.731633911132812500e+02
3.651008605957031250e+02
3.611812744140625000e+02
3.634662475585937500e+02
3.627262573242187500e+02
3.646401367187500000e+02
3.633140869140625000e+02
3.558792114257812500e+02
3.620802307128906250e+02
3.621811523437500000e+02
3.584335327148437500e+02
3.550746459960937500e+02
3.593275451660156250e+02
3.594638977050781250e+02
3.580126342773437500e+02
3.588131408691406250e+02
3.613507995605468750e+02
3.627068786621093750e+02
3.590716857910156250e+02
3.582355651855468750e+02
3.612895812988281250e+02
3.580026245117187500e+02
3.537377929687500000e+02
3.570436096191406250e+02
3.527774047851562500e+02
3.506192016601562500e+02
3.494262084960937500e+02
3.541574096679687500e+02
3.482696838378906250e+02
3.542455139160156250e+02
3.480634765625000000e+02
3.426755981445312500e+02
3.414776306152343750e+02
3.380232849121093750e+02
3.339830017089843750e+02
3.362597961425781250e+02
3.401506652832031250e+02
3.318693542480468750e+02
3.309754028320312500e+02
3.342097473144531250e+02
3.413371887207031250e+02
3.537738647460937500e+02
3.420212097167968750e+02
3.531740417480468750e+02
3.677419128417968750e+02
3.692843627929687500e+02
3.783295593261718750e+02
3.893012695312500000e+02
3.584623413085937500e+02
3.741411743164062500e+02
3.720654907226562500e+02
3.808348388671875000e+02
3.910405883789062500e+02
3.791562194824218750e+02
3.934091186523437500e+02
3.909094848632812500e+02
3.910385131835937500e+02
3.859747619628906250e+02
3.921170959472656250e+02
3.756416320800781250e+02
3.865027770996093750e+02
3.699222717285156250e+02
3.850599975585937500e+02
3.882505493164062500e+02
3.753870544433593750e+02
3.788468017578125000e+02
3.849277343750000000e+02
3.835564575195312500e+02
3.772306213378906250e+02
3.801585693359375000e+02
3.779398193359375000e+02
3.751175842285156250e+02
3.806251220703125000e+02
3.809169006347656250e+02
3.772881164550781250e+02
3.659254455566406250e+02
3.613252258300781250e+02
3.617129211425781250e+02
3.604464111328125000e+02
3.553591918945312500e+02
3.500619812011718750e+02
3.498040771484375000e+02
3.514007873535156250e+02
3.489849853515625000e+02
3.560519104003906250e+02
3.530635070800781250e+02
3.458709411621093750e+02
3.429334411621093750e+02
3.454658203125000000e+02
3.439688720703125000e+02
3.438180541992187500e+02
3.433163757324218750e+02
3.775695190429687500e+02
3.677023925781250000e+02
3.750175781250000000e+02
3.697769470214843750e+02
3.710447998046875000e+02
3.675461730957031250e+02
3.752611389160156250e+02
3.705351562500000000e+02
3.222620849609375000e+02
3.332414245605468750e+02
3.267585144042968750e+02
3.255664062500000000e+02
3.170754394531250000e+02
3.200323486328125000e+02
3.306592712402343750e+02
3.372498474121093750e+02
3.336159973144531250e+02
3.433350524902343750e+02
3.328001098632812500e+02
3.393242492675781250e+02
3.401567077636718750e+02
3.476070251464843750e+02
3.561173095703125000e+02
3.492972717285156250e+02
3.509846496582031250e+02
3.501136474609375000e+02
3.525672607421875000e+02
3.495291442871093750e+02
3.449817504882812500e+02
3.378189392089843750e+02
3.322724914550781250e+02
3.328810119628906250e+02
3.300105285644531250e+02
3.326853942871093750e+02
3.314805603027343750e+02
3.288657226562500000e+02
3.292291870117187500e+02
3.234685974121093750e+02
3.222524108886718750e+02
3.231989135742187500e+02
3.196430053710937500e+02
3.046320190429687500e+02
3.034773559570312500e+02
3.000827636718750000e+02
3.029364624023437500e+02
3.044499511718750000e+02
2.965666503906250000e+02
2.872695312500000000e+02
2.858711853027343750e+02
2.773027954101562500e+02
2.749741210937500000e+02
2.783699035644531250e+02
2.713633117675781250e+02
2.655608215332031250e+02
2.603865356445312500e+02
2.597486877441406250e+02
2.570238647460937500e+02
2.644028015136718750e+02
2.640373840332031250e+02
2.566101684570312500e+02
2.635409545898437500e+02
2.635838623046875000e+02
2.643707885742187500e+02
2.557315063476562500e+02
2.798677673339843750e+02
2.734334716796875000e+02
2.723330078125000000e+02
2.700159912109375000e+02
2.718059387207031250e+02
2.888648071289062500e+02
3.016464538574218750e+02
2.955952453613281250e+02
2.431173248291015625e+02
2.750479125976562500e+02
3.080492248535156250e+02
2.822111206054687500e+02
2.910642700195312500e+02
3.046085205078125000e+02
3.177899169921875000e+02
3.250604553222656250e+02
3.277656860351562500e+02
3.542221374511718750e+02
3.723432312011718750e+02
3.540327148437500000e+02
3.450699768066406250e+02
3.405719299316406250e+02
3.349283447265625000e+02
3.385181884765625000e+02
3.286842346191406250e+02
3.224191589355468750e+02
3.216906127929687500e+02
3.315647583007812500e+02
3.458645019531250000e+02
3.320468444824218750e+02
3.261322326660156250e+02
3.528752746582031250e+02
3.375569458007812500e+02
3.501891174316406250e+02
3.566138610839843750e+02
3.546433715820312500e+02
3.506335449218750000e+02
3.458771057128906250e+02
3.445224609375000000e+02
3.521786193847656250e+02
3.460574951171875000e+02
3.421077270507812500e+02
3.470797729492187500e+02
3.314460754394531250e+02
3.482832641601562500e+02
3.355388793945312500e+02
3.437635192871093750e+02
3.345891723632812500e+02
3.390599365234375000e+02
3.245641784667968750e+02
3.381945495605468750e+02
3.288612976074218750e+02
3.337048034667968750e+02
3.395618286132812500e+02
3.585922241210937500e+02
3.583865966796875000e+02
3.626093444824218750e+02
3.545315856933593750e+02
3.595918273925781250e+02
3.600789489746093750e+02
3.555986938476562500e+02
3.499315185546875000e+02
3.472592468261718750e+02
3.458863525390625000e+02
3.348840942382812500e+02
3.367892456054687500e+02
3.371072082519531250e+02
3.323514404296875000e+02
3.289437561035156250e+02
3.351502685546875000e+02
3.270940246582031250e+02
3.204668579101562500e+02
3.198896484375000000e+02
3.243733215332031250e+02
3.215952758789062500e+02
3.170907897949218750e+02
3.249586791992187500e+02
3.186596069335937500e+02
3.250967407226562500e+02
3.115231323242187500e+02
3.167679443359375000e+02
3.144229125976562500e+02
3.108499145507812500e+02
2.995948486328125000e+02
2.924706420898437500e+02
2.887743225097656250e+02
2.789310913085937500e+02
2.800496826171875000e+02
2.702325439453125000e+02
2.677218322753906250e+02
2.537928771972656250e+02
2.551359100341796875e+02
2.514375000000000000e+02
2.463079223632812500e+02
2.444605712890625000e+02
2.461568298339843750e+02
2.444103240966796875e+02
2.442135009765625000e+02
2.424528045654296875e+02
2.497224121093750000e+02
2.509714355468750000e+02
2.793840942382812500e+02
2.956381225585937500e+02
2.730704040527343750e+02
3.032077941894531250e+02
3.127409057617187500e+02
3.255300598144531250e+02
3.382423706054687500e+02
2.968063049316406250e+02
3.031730651855468750e+02
3.137193603515625000e+02
3.345984191894531250e+02
3.504673156738281250e+02
3.610507507324218750e+02
3.280886840820312500e+02
3.235725097656250000e+02
3.336856384277343750e+02
3.799637145996093750e+02
3.832229309082031250e+02
3.747069091796875000e+02
3.439942321777343750e+02
3.442608947753906250e+02
3.408640136718750000e+02
3.258073120117187500e+02
3.341316223144531250e+02
3.414206237792968750e+02
3.459530029296875000e+02
3.467361755371093750e+02
3.588643798828125000e+02
3.550244750976562500e+02
3.320033874511718750e+02
3.304620971679687500e+02
3.537567138671875000e+02
3.931326904296875000e+02
3.898751220703125000e+02
3.890987548828125000e+02
3.852426452636718750e+02
3.957095947265625000e+02
4.026318969726562500e+02
4.014564514160156250e+02
3.903127136230468750e+02
3.074731750488281250e+02
3.073040466308593750e+02
3.262291870117187500e+02
3.142739868164062500e+02
3.162915039062500000e+02
3.172299194335937500e+02
3.169716796875000000e+02
3.190532531738281250e+02
3.215691528320312500e+02
3.318438110351562500e+02
3.483404846191406250e+02
3.603302001953125000e+02
3.327168579101562500e+02
3.170508728027343750e+02
3.313435363769531250e+02
3.453570251464843750e+02
3.416294555664062500e+02
3.493507385253906250e+02
3.534891967773437500e+02
3.627776489257812500e+02
3.685796203613281250e+02
3.732352294921875000e+02
3.644179382324218750e+02
3.827034301757812500e+02
3.910955505371093750e+02
4.006961364746093750e+02
3.857223815917968750e+02
3.825859680175781250e+02
3.787170410156250000e+02
4.070273437500000000e+02
3.949124145507812500e+02
3.905463256835937500e+02
4.009632873535156250e+02
3.950702819824218750e+02
3.971279296875000000e+02
3.961046752929687500e+02
4.017554321289062500e+02
4.037969970703125000e+02
4.045646972656250000e+02
4.050929870605468750e+02
3.996371154785156250e+02
4.016373291015625000e+02
3.932709960937500000e+02
3.790110778808593750e+02
3.737298889160156250e+02
3.624915771484375000e+02
3.588334655761718750e+02
3.555240783691406250e+02
3.524224243164062500e+02
2.864442749023437500e+02
2.799290161132812500e+02
2.830782775878906250e+02
2.798160095214843750e+02
2.855822143554687500e+02
3.090085449218750000e+02
3.160086059570312500e+02
3.034864807128906250e+02
3.221300964355468750e+02
2.823990173339843750e+02
3.119885559082031250e+02
3.437951354980468750e+02
3.665321044921875000e+02
4.047459411621093750e+02
4.215846252441406250e+02
4.266502380371093750e+02
4.265483093261718750e+02
4.331163940429687500e+02
4.446220703125000000e+02
4.419260253906250000e+02
4.344796447753906250e+02
4.126824951171875000e+02
4.108102416992187500e+02
3.963717346191406250e+02
3.994504699707031250e+02
4.106968078613281250e+02
4.010164489746093750e+02
3.861143798828125000e+02
3.962646179199218750e+02
3.979216918945312500e+02
4.001806640625000000e+02
3.951858520507812500e+02
3.899748535156250000e+02
3.935573730468750000e+02
3.958785705566406250e+02
3.974519958496093750e+02
3.984048767089843750e+02
3.988310546875000000e+02
4.014124450683593750e+02
4.093294067382812500e+02
3.988716430664062500e+02
3.976899414062500000e+02
4.007950439453125000e+02
3.910502319335937500e+02
3.856495971679687500e+02
3.962142028808593750e+02
3.947894897460937500e+02
3.935670471191406250e+02
4.097759704589843750e+02
4.016431274414062500e+02
3.976384277343750000e+02
3.910534973144531250e+02
3.978012084960937500e+02
3.996333312988281250e+02
3.995491638183593750e+02
4.028087463378906250e+02
4.061149597167968750e+02
4.104245605468750000e+02
3.999054260253906250e+02
3.985235595703125000e+02
3.981339416503906250e+02
3.950686340332031250e+02
3.867775573730468750e+02
3.864367980957031250e+02
3.851211853027343750e+02
3.755521545410156250e+02
3.655656127929687500e+02
3.596452941894531250e+02
3.587840576171875000e+02
3.554610595703125000e+02
3.564537963867187500e+02
3.473399047851562500e+02
3.501856079101562500e+02
3.558102722167968750e+02
3.489288940429687500e+02
3.493206481933593750e+02
3.430050659179687500e+02
3.445501708984375000e+02
3.440636291503906250e+02
3.433883056640625000e+02
3.445870361328125000e+02
3.458793640136718750e+02
3.486034240722656250e+02
3.491625366210937500e+02
3.443288574218750000e+02
3.414258117675781250e+02
3.475189514160156250e+02
3.482519226074218750e+02
3.459185791015625000e+02
3.383888244628906250e+02
3.254949951171875000e+02
3.330278930664062500e+02
3.388095397949218750e+02
3.239442749023437500e+02
3.270277709960937500e+02
3.354090576171875000e+02
3.324922485351562500e+02
3.348762817382812500e+02
3.366372070312500000e+02
3.375740966796875000e+02
3.433616943359375000e+02
3.418249206542968750e+02
3.547668151855468750e+02
3.599856262207031250e+02
3.592695617675781250e+02
3.483393249511718750e+02
3.567961425781250000e+02
3.723363342285156250e+02
3.840856323242187500e+02
3.856243591308593750e+02
3.964192810058593750e+02
4.078513183593750000e+02
4.031290893554687500e+02
4.052084350585937500e+02
4.062389526367187500e+02
4.003800659179687500e+02
3.938261718750000000e+02
3.847276611328125000e+02
3.910380859375000000e+02
3.845370788574218750e+02
3.738711547851562500e+02
3.664184570312500000e+02
3.607401428222656250e+02
3.622539062500000000e+02
3.601139221191406250e+02
3.634569091796875000e+02
3.638953857421875000e+02
3.651022949218750000e+02
3.611580505371093750e+02
3.583606567382812500e+02
3.691535644531250000e+02
3.595258178710937500e+02
3.636516723632812500e+02
3.791658630371093750e+02
3.904335021972656250e+02
3.839716186523437500e+02
3.873128662109375000e+02
3.844959716796875000e+02
3.840499877929687500e+02
3.800039978027343750e+02
3.798198242187500000e+02
3.830194702148437500e+02
3.343255004882812500e+02
3.538031005859375000e+02
3.388598937988281250e+02
3.449568786621093750e+02
3.410475158691406250e+02
3.407494812011718750e+02
3.405926818847656250e+02
3.455763854980468750e+02
3.417611389160156250e+02
3.430979003906250000e+02
3.400914306640625000e+02
3.432449340820312500e+02
3.411318969726562500e+02
3.478066711425781250e+02
3.435971984863281250e+02
3.383202209472656250e+02
3.379751892089843750e+02
3.370583496093750000e+02
3.325596618652343750e+02
3.334698486328125000e+02
3.305326843261718750e+02
3.278385314941406250e+02
3.314261169433593750e+02
3.271901855468750000e+02
3.273820495605468750e+02
3.272037048339843750e+02
3.265151977539062500e+02
3.242552490234375000e+02
3.169964904785156250e+02
3.160792541503906250e+02
3.175861206054687500e+02
3.135680236816406250e+02
3.153815307617187500e+02
3.155755004882812500e+02
3.160321044921875000e+02
3.179623413085937500e+02
3.160479431152343750e+02
3.196208190917968750e+02
3.241770935058593750e+02
3.254238586425781250e+02
3.332158813476562500e+02
3.497865600585937500e+02
3.353346862792968750e+02
3.569562072753906250e+02
3.496058349609375000e+02
3.425434265136718750e+02
3.534615478515625000e+02
3.671312561035156250e+02
3.559562988281250000e+02
3.622193298339843750e+02
3.438204956054687500e+02
3.368384399414062500e+02
3.315356140136718750e+02
3.323617248535156250e+02
3.330623168945312500e+02
3.354758911132812500e+02
3.363575744628906250e+02
3.340104675292968750e+02
3.319478454589843750e+02
3.271189575195312500e+02
3.309272766113281250e+02
3.316115722656250000e+02
3.311928100585937500e+02
3.311123352050781250e+02
3.200216674804687500e+02
3.176837768554687500e+02
3.119377136230468750e+02
3.023657836914062500e+02
2.945540466308593750e+02
2.932123413085937500e+02
2.832420349121093750e+02
2.686157836914062500e+02
2.616378173828125000e+02
2.519594116210937500e+02
2.578377075195312500e+02
2.572776184082031250e+02
2.509075012207031250e+02
2.475296478271484375e+02
2.481399078369140625e+02
2.461790161132812500e+02
2.500671997070312500e+02
2.502851104736328125e+02
2.561483154296875000e+02
2.516897735595703125e+02
2.501091156005859375e+02
2.541808166503906250e+02
2.588781127929687500e+02
2.593695068359375000e+02
2.619198303222656250e+02
2.722095947265625000e+02
2.743578186035156250e+02
2.699500732421875000e+02
2.788098754882812500e+02
2.807273559570312500e+02
2.798246154785156250e+02
2.824562377929687500e+02
2.809119873046875000e+02
2.901738586425781250e+02
3.510439147949218750e+02
3.436318664550781250e+02
3.541714782714843750e+02
3.449933166503906250e+02
3.432751464843750000e+02
3.388106079101562500e+02
3.441329956054687500e+02
3.445939331054687500e+02
3.498920288085937500e+02
3.425449829101562500e+02
3.370841674804687500e+02
3.615826110839843750e+02
3.575867004394531250e+02
3.590554504394531250e+02
3.674325561523437500e+02
3.646943359375000000e+02
3.642485046386718750e+02
3.641708374023437500e+02
3.669999084472656250e+02
3.698510437011718750e+02
3.516093750000000000e+02
3.624963378906250000e+02
3.533416748046875000e+02
3.622668762207031250e+02
3.915744323730468750e+02
3.852524719238281250e+02
3.892951354980468750e+02
3.853312072753906250e+02
3.877090454101562500e+02
3.912336425781250000e+02
3.885170288085937500e+02
3.932924804687500000e+02
3.446857299804687500e+02
3.527651977539062500e+02
3.553056335449218750e+02
3.540844421386718750e+02
3.570142211914062500e+02
3.546535949707031250e+02
3.546013183593750000e+02
3.543403015136718750e+02
3.557949829101562500e+02
3.545831298828125000e+02
3.494935302734375000e+02
3.504391784667968750e+02
3.439128723144531250e+02
3.335834045410156250e+02
3.363153381347656250e+02
3.351838989257812500e+02
3.341924743652343750e+02
3.327560729980468750e+02
3.553970642089843750e+02
3.527981872558593750e+02
3.529319763183593750e+02
3.547969055175781250e+02
3.684418334960937500e+02
3.541508178710937500e+02
3.545357666015625000e+02
3.560254821777343750e+02
3.238317871093750000e+02
3.324801635742187500e+02
3.339185485839843750e+02
3.225681457519531250e+02
3.427904663085937500e+02
3.379914245605468750e+02
3.402511596679687500e+02
3.466807250976562500e+02
3.430367126464843750e+02
3.473099060058593750e+02
3.460005798339843750e+02
3.430438537597656250e+02
3.290439453125000000e+02
3.331399536132812500e+02
3.297647399902343750e+02
3.353657531738281250e+02
3.276133117675781250e+02
3.219884033203125000e+02
3.241135559082031250e+02
3.427288208007812500e+02
3.367033386230468750e+02
3.363182373046875000e+02
3.297150573730468750e+02
3.346493530273437500e+02
3.390573120117187500e+02
3.375266113281250000e+02
3.361876525878906250e+02
3.152462158203125000e+02
3.216058349609375000e+02
3.281140441894531250e+02
3.320502624511718750e+02
3.302589111328125000e+02
3.407990722656250000e+02
3.422768554687500000e+02
3.483590087890625000e+02
3.380844421386718750e+02
3.427463073730468750e+02
3.329226379394531250e+02
3.339861450195312500e+02
3.230121765136718750e+02
3.121120300292968750e+02
3.071542053222656250e+02
3.111374816894531250e+02
3.153062133789062500e+02
3.071485290527343750e+02
3.048595581054687500e+02
2.989765930175781250e+02
3.039117431640625000e+02
3.016859436035156250e+02
3.608745422363281250e+02
3.592740478515625000e+02
3.592662353515625000e+02
3.581393127441406250e+02
3.655177307128906250e+02
3.739261779785156250e+02
3.709567565917968750e+02
3.786467895507812500e+02
3.882849426269531250e+02
3.540876464843750000e+02
3.509664916992187500e+02
3.507606506347656250e+02
3.479864196777343750e+02
2.759677429199218750e+02
2.634832763671875000e+02
2.443906097412109375e+02
2.349521484375000000e+02
2.366058349609375000e+02
2.445058288574218750e+02
2.701273193359375000e+02
3.075592651367187500e+02
3.115842285156250000e+02
3.339230957031250000e+02
3.649262084960937500e+02
3.693471984863281250e+02
3.505569458007812500e+02
3.516556091308593750e+02
3.633953552246093750e+02
3.642606506347656250e+02
3.397545166015625000e+02
3.648061218261718750e+02
3.320626831054687500e+02
3.082765197753906250e+02
3.113086853027343750e+02
3.025819702148437500e+02
2.825872192382812500e+02
2.792809448242187500e+02
3.350079650878906250e+02
3.236387939453125000e+02
3.224494628906250000e+02
3.208765258789062500e+02
3.199779052734375000e+02
3.161035766601562500e+02
2.998543701171875000e+02
3.049906921386718750e+02
2.896036376953125000e+02
2.773918457031250000e+02
2.682589111328125000e+02
2.621924743652343750e+02
2.582260437011718750e+02
2.544450836181640625e+02
2.538483428955078125e+02
2.049666442871093750e+02
2.177835235595703125e+02
2.004521789550781250e+02
1.996882629394531250e+02
1.988769836425781250e+02
2.036602783203125000e+02
2.088806457519531250e+02
2.035385284423828125e+02
2.113410034179687500e+02
2.166506042480468750e+02
2.128257904052734375e+02
2.122867736816406250e+02
2.123822174072265625e+02
2.125720367431640625e+02
2.135175781250000000e+02
2.470189056396484375e+02
2.421377716064453125e+02
2.387531433105468750e+02
2.398343963623046875e+02
2.407135009765625000e+02
2.399737243652343750e+02
2.455507202148437500e+02
2.492808380126953125e+02
2.446621551513671875e+02
2.219142303466796875e+02
2.249875946044921875e+02
2.235930175781250000e+02
2.243034515380859375e+02
2.314383697509765625e+02
2.666057128906250000e+02
2.594166870117187500e+02
3.001567993164062500e+02
3.222037658691406250e+02
3.203021240234375000e+02
3.216766967773437500e+02
3.143899536132812500e+02
3.144676513671875000e+02
3.179429016113281250e+02
3.185245971679687500e+02
3.291073913574218750e+02
3.361353454589843750e+02
2.705978088378906250e+02
2.093650512695312500e+02
2.016418151855468750e+02
2.017607879638671875e+02
2.019586639404296875e+02
2.062773132324218750e+02
2.100685119628906250e+02
2.113989868164062500e+02
2.111661682128906250e+02
2.200937805175781250e+02
2.239161376953125000e+02
2.170921936035156250e+02
2.131469116210937500e+02
2.226227722167968750e+02
2.250979461669921875e+02
2.214722442626953125e+02
2.198397521972656250e+02
2.142748718261718750e+02
2.126591796875000000e+02
2.108127899169921875e+02
2.103623352050781250e+02
2.132353668212890625e+02
2.155084991455078125e+02
2.210338897705078125e+02
2.514009704589843750e+02
2.385470886230468750e+02
2.559355773925781250e+02
2.730495300292968750e+02
2.689508361816406250e+02
3.055938110351562500e+02
2.967756347656250000e+02
3.028453979492187500e+02
3.140075378417968750e+02
3.156944580078125000e+02
3.141124267578125000e+02
2.915539550781250000e+02
2.705443725585937500e+02
2.708776855468750000e+02
2.548652801513671875e+02
2.869185485839843750e+02
2.892751770019531250e+02
2.934177856445312500e+02
2.888692932128906250e+02
2.888531799316406250e+02
2.926120910644531250e+02
2.991494750976562500e+02
3.024075317382812500e+02
3.191651306152343750e+02
3.038649902343750000e+02
3.161817626953125000e+02
3.244612731933593750e+02
3.495906066894531250e+02
3.766141052246093750e+02
3.768200378417968750e+02
3.817557678222656250e+02
3.797277526855468750e+02
3.849128112792968750e+02
3.979116821289062500e+02
3.618799743652343750e+02
3.639238891601562500e+02
3.568400573730468750e+02
3.495393371582031250e+02
2.708532104492187500e+02
3.154116210937500000e+02
3.086564941406250000e+02
3.089610595703125000e+02
3.092880554199218750e+02
3.084760437011718750e+02
3.098577270507812500e+02
3.049056091308593750e+02
3.006419067382812500e+02
2.916714172363281250e+02
2.367920227050781250e+02
2.203684234619140625e+02
2.059484405517578125e+02
1.973062438964843750e+02
1.874472351074218750e+02
1.867521820068359375e+02
1.850123901367187500e+02
1.883161621093750000e+02
1.842080841064453125e+02
1.859597015380859375e+02
1.879826812744140625e+02
1.893443908691406250e+02
2.170726623535156250e+02
2.187221221923828125e+02
2.232125396728515625e+02
2.620063171386718750e+02
2.818614807128906250e+02
2.811391601562500000e+02
2.714330139160156250e+02
2.658144226074218750e+02
2.600831909179687500e+02
2.633529968261718750e+02
2.605636596679687500e+02
2.641595458984375000e+02
2.185716094970703125e+02
1.771478729248046875e+02
1.612167358398437500e+02
1.558700866699218750e+02
1.557441711425781250e+02
1.600849151611328125e+02
1.579552612304687500e+02
1.601606445312500000e+02
1.597502288818359375e+02
1.632482757568359375e+02
1.668367614746093750e+02
1.727898254394531250e+02
1.699580383300781250e+02
1.681562194824218750e+02
1.638989105224609375e+02
1.624848937988281250e+02
1.666361236572265625e+02
1.660328979492187500e+02
1.639436492919921875e+02
1.632895660400390625e+02
1.633800506591796875e+02
1.629495849609375000e+02
1.633623657226562500e+02
1.618742675781250000e+02
1.587101898193359375e+02
1.634076995849609375e+02
1.674823913574218750e+02
1.682209777832031250e+02
1.684309539794921875e+02
2.126878204345703125e+02
1.981526947021484375e+02
2.220832672119140625e+02
2.152956695556640625e+02
2.185072631835937500e+02
2.194958343505859375e+02
2.224612731933593750e+02
2.267577209472656250e+02
2.313686828613281250e+02
2.358358764648437500e+02
2.087602081298828125e+02
2.419389495849609375e+02
2.380523986816406250e+02
2.335200195312500000e+02
2.353650054931640625e+02
2.322044372558593750e+02
2.326083679199218750e+02
2.321153564453125000e+02
2.365154876708984375e+02
2.288426971435546875e+02
2.163451690673828125e+02
2.138634033203125000e+02
2.139442443847656250e+02
2.237624359130859375e+02
2.136165771484375000e+02
2.301116333007812500e+02
2.301794128417968750e+02
2.292568817138671875e+02
2.353776702880859375e+02
2.403433685302734375e+02
2.407525787353515625e+02
2.454279632568359375e+02
2.432167358398437500e+02
2.436485748291015625e+02
2.514317626953125000e+02
2.774332885742187500e+02
2.722742309570312500e+02
2.744037170410156250e+02
2.748514099121093750e+02
2.802805175781250000e+02
2.758330078125000000e+02
2.787449951171875000e+02
2.829189453125000000e+02
2.618440856933593750e+02
2.571105957031250000e+02
2.795533447265625000e+02
2.790171508789062500e+02
2.734664916992187500e+02
2.732602233886718750e+02
2.729176635742187500e+02
2.703740539550781250e+02
2.799566040039062500e+02
2.735977172851562500e+02
2.498040618896484375e+02
2.494319763183593750e+02
2.504792327880859375e+02
2.577215576171875000e+02
2.616769104003906250e+02
2.834154357910156250e+02
3.317701721191406250e+02
3.166961669921875000e+02
3.171885986328125000e+02
3.194278869628906250e+02
3.178061828613281250e+02
3.267638244628906250e+02
3.247797851562500000e+02
3.368876037597656250e+02
2.893865051269531250e+02
2.954672241210937500e+02
2.948930358886718750e+02
3.106087951660156250e+02
3.318788452148437500e+02
3.215567626953125000e+02
3.280315551757812500e+02
3.308602905273437500e+02
3.178198242187500000e+02
3.177243041992187500e+02
3.207179870605468750e+02
3.270264587402343750e+02
3.323168334960937500e+02
3.259248352050781250e+02
3.203044433593750000e+02
3.229660034179687500e+02
3.188893737792968750e+02
3.545370178222656250e+02
3.504683532714843750e+02
3.511437988281250000e+02
3.539720153808593750e+02
3.481707458496093750e+02
3.448415222167968750e+02
3.425200500488281250e+02
3.525632934570312500e+02
2.912138366699218750e+02
2.776183471679687500e+02
2.814216918945312500e+02
2.937034606933593750e+02
2.928097839355468750e+02
2.968185119628906250e+02
3.161813964843750000e+02
3.187733764648437500e+02
3.221409912109375000e+02
3.199843139648437500e+02
3.130500183105468750e+02
3.193234558105468750e+02
3.361129760742187500e+02
3.505731811523437500e+02
3.720839538574218750e+02
3.220952148437500000e+02
3.355328369140625000e+02
3.364181823730468750e+02
3.378525390625000000e+02
3.455940856933593750e+02
3.459338073730468750e+02
3.199152526855468750e+02
2.937449951171875000e+02
2.944515380859375000e+02
2.642116088867187500e+02
2.735659484863281250e+02
2.758888549804687500e+02
2.588594665527343750e+02
2.455879058837890625e+02
2.405105895996093750e+02
2.406845397949218750e+02
2.226051025390625000e+02
2.201798400878906250e+02
2.165023651123046875e+02
2.112799987792968750e+02
2.224866180419921875e+02
2.149106140136718750e+02
2.081466827392578125e+02
2.096312713623046875e+02
2.024441070556640625e+02
1.960511474609375000e+02
1.928225860595703125e+02
1.890104980468750000e+02
1.849315185546875000e+02
1.828497924804687500e+02
1.799198760986328125e+02
1.793096160888671875e+02
1.789548950195312500e+02
1.775184326171875000e+02
1.720953369140625000e+02
1.696337738037109375e+02
1.674703826904296875e+02
2.375613250732421875e+02
2.129957580566406250e+02
2.115823669433593750e+02
2.094817504882812500e+02
2.032344665527343750e+02
2.040380554199218750e+02
2.042757110595703125e+02
1.887345733642578125e+02
1.868476562500000000e+02
1.868878784179687500e+02
1.774034118652343750e+02
1.725206909179687500e+02
1.738046875000000000e+02
1.721814880371093750e+02
1.711580505371093750e+02
1.708700714111328125e+02
1.713563995361328125e+02
1.811416931152343750e+02
1.804945220947265625e+02
1.809632110595703125e+02
1.802365722656250000e+02
1.782387847900390625e+02
1.859257812500000000e+02
1.876702880859375000e+02
1.851547241210937500e+02
2.358459777832031250e+02
2.203051452636718750e+02
2.268680267333984375e+02
2.174513244628906250e+02
2.159939117431640625e+02
2.176142578125000000e+02
2.187570800781250000e+02
2.188502197265625000e+02
2.164871673583984375e+02
1.915133819580078125e+02
1.921374664306640625e+02
1.879761047363281250e+02
1.882233123779296875e+02
1.924270324707031250e+02
1.926233978271484375e+02
1.957144317626953125e+02
1.967708282470703125e+02
1.980338745117187500e+02
1.931430664062500000e+02
1.963636016845703125e+02
1.959068145751953125e+02
2.020312194824218750e+02
2.016918334960937500e+02
1.979406127929687500e+02
2.078257751464843750e+02
2.183742523193359375e+02
2.210892639160156250e+02
2.248268737792968750e+02
2.292526702880859375e+02
2.283558044433593750e+02
2.325267181396484375e+02
2.393784027099609375e+02
2.402747039794921875e+02
2.442023468017578125e+02
2.490367736816406250e+02
2.465321350097656250e+02
2.442191467285156250e+02
2.442799835205078125e+02
2.457897491455078125e+02
2.383022766113281250e+02
2.300424957275390625e+02
2.301206817626953125e+02
2.129513397216796875e+02
1.961862335205078125e+02
1.978897247314453125e+02
1.942719879150390625e+02
1.917454223632812500e+02
1.830385589599609375e+02
2.000411376953125000e+02
1.988040161132812500e+02
1.977551574707031250e+02
1.975722961425781250e+02
2.005892333984375000e+02
2.010935211181640625e+02
2.029201507568359375e+02
2.015770263671875000e+02
1.926380310058593750e+02
1.893292083740234375e+02
2.158567962646484375e+02
2.074310760498046875e+02
2.083324737548828125e+02
2.113907318115234375e+02
2.094282989501953125e+02
2.096265563964843750e+02
2.115654602050781250e+02
2.190568847656250000e+02
2.197276458740234375e+02
2.279433441162109375e+02
2.273733367919921875e+02
2.293267669677734375e+02
2.369238891601562500e+02
2.413153991699218750e+02
2.434771881103515625e+02
2.293292694091796875e+02
2.236718902587890625e+02
2.250629119873046875e+02
2.205761413574218750e+02
2.413536834716796875e+02
2.649754333496093750e+02
2.620320434570312500e+02
2.731831665039062500e+02
2.751959228515625000e+02
2.656400146484375000e+02
2.598649597167968750e+02
2.543447265625000000e+02
2.555136871337890625e+02
2.623213500976562500e+02
2.677638244628906250e+02
2.595698852539062500e+02
2.638322143554687500e+02
2.123236541748046875e+02
2.089054565429687500e+02
2.210893859863281250e+02
2.251613159179687500e+02
2.322787170410156250e+02
2.405059051513671875e+02
2.393252868652343750e+02
2.510461883544921875e+02
2.513211059570312500e+02
2.489140930175781250e+02
2.397189483642578125e+02
2.353424682617187500e+02
2.407517547607421875e+02
2.516999969482421875e+02
2.532708587646484375e+02
2.534380645751953125e+02
2.417399902343750000e+02
2.435674743652343750e+02
2.358728790283203125e+02
2.425383911132812500e+02
2.414245758056640625e+02
2.408591156005859375e+02
2.482758026123046875e+02
2.491327209472656250e+02
2.446446990966796875e+02
2.533585052490234375e+02
2.481072387695312500e+02
2.474914245605468750e+02
2.577092590332031250e+02
2.742249755859375000e+02
2.681222534179687500e+02
2.712647705078125000e+02
2.753069152832031250e+02
2.725497741699218750e+02
2.685220947265625000e+02
2.596828002929687500e+02
2.773362426757812500e+02
2.730777893066406250e+02
2.674575500488281250e+02
2.774975891113281250e+02
2.528159484863281250e+02
2.483317871093750000e+02
2.492585754394531250e+02
2.501214904785156250e+02
2.423105010986328125e+02
2.403198089599609375e+02
2.368895111083984375e+02
2.354861755371093750e+02
2.349277191162109375e+02
2.237628021240234375e+02
2.137727203369140625e+02
2.103054962158203125e+02
2.234176025390625000e+02
2.203792724609375000e+02
2.144319305419921875e+02
2.110753326416015625e+02
2.071350555419921875e+02
2.054104766845703125e+02
2.073149414062500000e+02
2.071172943115234375e+02
2.074150543212890625e+02
2.043080596923828125e+02
2.043718719482421875e+02
2.026475830078125000e+02
2.018919830322265625e+02
2.015709075927734375e+02
2.022007446289062500e+02
2.011649169921875000e+02
1.957154235839843750e+02
1.954237670898437500e+02
1.960776977539062500e+02
3.193874206542968750e+02
3.117778625488281250e+02
3.145609436035156250e+02
3.114096069335937500e+02
3.104161682128906250e+02
3.103851318359375000e+02
3.045589599609375000e+02
3.053831481933593750e+02
3.249073181152343750e+02
3.238747558593750000e+02
3.212214660644531250e+02
3.130824279785156250e+02
3.175451354980468750e+02
3.208074340820312500e+02
3.202126159667968750e+02
3.225762329101562500e+02
2.503471984863281250e+02
2.156671295166015625e+02
2.145141143798828125e+02
2.107596435546875000e+02
2.036982421875000000e+02
2.089591369628906250e+02
2.149815673828125000e+02
2.228754730224609375e+02
2.223636779785156250e+02
2.313720245361328125e+02
2.348841552734375000e+02
2.447297668457031250e+02
2.590153198242187500e+02
2.772045593261718750e+02
2.849427795410156250e+02
2.851432189941406250e+02
2.827137451171875000e+02
2.789167175292968750e+02
2.760613708496093750e+02
3.312875061035156250e+02
3.300433349609375000e+02
3.323271484375000000e+02
3.522570800781250000e+02
3.554500122070312500e+02
3.518147888183593750e+02
3.413927001953125000e+02
3.321517333984375000e+02
3.297351989746093750e+02
3.067793273925781250e+02
3.200031127929687500e+02
3.009269714355468750e+02
2.955553283691406250e+02
2.829908752441406250e+02
2.975366821289062500e+02
3.178183898925781250e+02
3.381979675292968750e+02
3.300463867187500000e+02
3.556760864257812500e+02
3.532334289550781250e+02
3.587485046386718750e+02
3.675148315429687500e+02
3.677876892089843750e+02
3.632641906738281250e+02
3.570179443359375000e+02
3.506448364257812500e+02
3.400845336914062500e+02
3.506840820312500000e+02
3.841079101562500000e+02
3.766657409667968750e+02
3.650895996093750000e+02
3.593643493652343750e+02
3.733166198730468750e+02
3.609758911132812500e+02
3.657424316406250000e+02
3.583422851562500000e+02
3.095744323730468750e+02
2.961291198730468750e+02
3.196148071289062500e+02
3.192432250976562500e+02
3.085513916015625000e+02
3.081871643066406250e+02
3.637143554687500000e+02
3.623201293945312500e+02
3.804592590332031250e+02
4.213096313476562500e+02
4.335852050781250000e+02
4.238581848144531250e+02
4.146759948730468750e+02
4.218004455566406250e+02
4.159879150390625000e+02
3.921109924316406250e+02
3.887194213867187500e+02
3.864661254882812500e+02
3.512453308105468750e+02
3.415541687011718750e+02
3.416947021484375000e+02
3.313858032226562500e+02
3.353244018554687500e+02
3.251815490722656250e+02
3.214504699707031250e+02
3.164203186035156250e+02
2.936698303222656250e+02
3.004667053222656250e+02
2.850704650878906250e+02
3.172418823242187500e+02
3.072197265625000000e+02
3.081529541015625000e+02
3.015062866210937500e+02
2.936985778808593750e+02
2.873791198730468750e+02
2.877081298828125000e+02
2.927681274414062500e+02
2.791809997558593750e+02
2.736761779785156250e+02
2.504295196533203125e+02
2.940348510742187500e+02
2.805659790039062500e+02
2.845624084472656250e+02
2.822152709960937500e+02
2.882416076660156250e+02
2.874782104492187500e+02
2.866578063964843750e+02
2.885540771484375000e+02
2.703875427246093750e+02
2.737309570312500000e+02
2.822445068359375000e+02
2.912576599121093750e+02
2.445993194580078125e+02
3.511186828613281250e+02
3.776167907714843750e+02
3.607887878417968750e+02
3.998411254882812500e+02
3.997323608398437500e+02
4.057151184082031250e+02
3.918366088867187500e+02
3.806384887695312500e+02
3.803476562500000000e+02
3.725755615234375000e+02
3.784199218750000000e+02
3.328170166015625000e+02
3.421922912597656250e+02
2.837167053222656250e+02
3.020138854980468750e+02
2.985868835449218750e+02
3.071773071289062500e+02
2.966011352539062500e+02
3.053277893066406250e+02
2.983180847167968750e+02
3.109629821777343750e+02
3.268791198730468750e+02
3.337633666992187500e+02
3.190646057128906250e+02
3.312702026367187500e+02
3.838795166015625000e+02
4.087388000488281250e+02
4.095113525390625000e+02
4.157161865234375000e+02
4.209054565429687500e+02
4.153887634277343750e+02
4.235681457519531250e+02
4.244534912109375000e+02
4.114623718261718750e+02
3.921551818847656250e+02
3.875233459472656250e+02
3.665393371582031250e+02
3.619792175292968750e+02
3.521348876953125000e+02
3.289217224121093750e+02
3.183987426757812500e+02
3.242391052246093750e+02
3.092938537597656250e+02
3.166427001953125000e+02
3.234532470703125000e+02
2.996143493652343750e+02
3.028688049316406250e+02
3.025917968750000000e+02
2.945519409179687500e+02
2.872781066894531250e+02
2.814052429199218750e+02
2.863548583984375000e+02
2.804284362792968750e+02
2.798406677246093750e+02
2.612693481445312500e+02
2.697434692382812500e+02
2.709302673339843750e+02
2.591745300292968750e+02
2.307424468994140625e+02
2.315592498779296875e+02
2.347964324951171875e+02
2.291882019042968750e+02
2.076609191894531250e+02
2.490424346923828125e+02
2.849273986816406250e+02
2.996583557128906250e+02
3.004949951171875000e+02
2.954666748046875000e+02
3.158138122558593750e+02
3.110700988769531250e+02
3.073032531738281250e+02
3.072906188964843750e+02
3.124628601074218750e+02
3.063704223632812500e+02
3.159801025390625000e+02
3.134774169921875000e+02
2.780890502929687500e+02
2.610813293457031250e+02
2.568763732910156250e+02
2.618802795410156250e+02
2.636519165039062500e+02
2.642463684082031250e+02
2.671743164062500000e+02
2.734576110839843750e+02
2.451927490234375000e+02
2.324059143066406250e+02
2.454451904296875000e+02
2.320890197753906250e+02
2.833382568359375000e+02
3.010530395507812500e+02
3.125890808105468750e+02
3.285637512207031250e+02
3.482098999023437500e+02
3.263651733398437500e+02
3.295511779785156250e+02
3.534222412109375000e+02
3.162003173828125000e+02
3.436421203613281250e+02
3.010641784667968750e+02
3.624662170410156250e+02
3.525608215332031250e+02
3.552728576660156250e+02
3.423409729003906250e+02
3.417759704589843750e+02
3.383945007324218750e+02
3.380389404296875000e+02
3.375883483886718750e+02
3.443959655761718750e+02
3.044012756347656250e+02
2.870307312011718750e+02
2.797897644042968750e+02
2.506650085449218750e+02
2.662112731933593750e+02
2.757051696777343750e+02
2.673271484375000000e+02
2.656448669433593750e+02
2.524249877929687500e+02
2.519978637695312500e+02
2.471246185302734375e+02
2.465453033447265625e+02
2.623708801269531250e+02
2.492890472412109375e+02
2.401584777832031250e+02
2.494126281738281250e+02
2.480258483886718750e+02
2.368350677490234375e+02
2.426243438720703125e+02
2.422444610595703125e+02
2.438716125488281250e+02
2.470086517333984375e+02
2.536870422363281250e+02
2.471522521972656250e+02
2.089961242675781250e+02
2.053050231933593750e+02
2.053057403564453125e+02
2.264349670410156250e+02
2.440361328125000000e+02
2.560078735351562500e+02
2.478898315429687500e+02
2.411273803710937500e+02
2.417575378417968750e+02
2.443071899414062500e+02
2.604367370605468750e+02
2.538880310058593750e+02
2.488863372802734375e+02
2.467737884521484375e+02
2.341916809082031250e+02
2.231415863037109375e+02
2.028914031982421875e+02
2.080881042480468750e+02
2.361839599609375000e+02
2.310318908691406250e+02
2.635282897949218750e+02
2.785712280273437500e+02
2.737123718261718750e+02
2.728068237304687500e+02
2.731876525878906250e+02
2.729434204101562500e+02
2.764240112304687500e+02
2.686938476562500000e+02
2.501232147216796875e+02
2.553622589111328125e+02
2.487318572998046875e+02
2.480512237548828125e+02
2.503750000000000000e+02
2.516387176513671875e+02
2.137338256835937500e+02
2.120218963623046875e+02
2.127315979003906250e+02
2.013394470214843750e+02
2.010305175781250000e+02
2.013860015869140625e+02
2.003061676025390625e+02
2.375795898437500000e+02
2.170295867919921875e+02
2.227532653808593750e+02
2.205830993652343750e+02
2.282420654296875000e+02
2.270006408691406250e+02
2.311414337158203125e+02
2.342029266357421875e+02
1.979203491210937500e+02
1.853134002685546875e+02
1.867010192871093750e+02
2.297547607421875000e+02
2.354142303466796875e+02
2.406784667968750000e+02
2.439267883300781250e+02
2.409167785644531250e+02
2.469718017578125000e+02
2.302764434814453125e+02
2.709701843261718750e+02
2.614559020996093750e+02
2.506625976562500000e+02
2.443383483886718750e+02
2.545831298828125000e+02
2.596340026855468750e+02
2.636687622070312500e+02
2.589466552734375000e+02
2.442376861572265625e+02
2.424441986083984375e+02
2.446003723144531250e+02
2.564733276367187500e+02
2.569003601074218750e+02
2.527415924072265625e+02
2.400197906494140625e+02
2.808322448730468750e+02
3.140831909179687500e+02
3.420567932128906250e+02
3.811050720214843750e+02
3.913501586914062500e+02
3.909349060058593750e+02
4.043446044921875000e+02
4.085627441406250000e+02
3.978503417968750000e+02
4.257895202636718750e+02
4.045322570800781250e+02
4.043398437500000000e+02
3.881456909179687500e+02
3.827744140625000000e+02
3.673277282714843750e+02
3.656405029296875000e+02
3.397979125976562500e+02
3.096989746093750000e+02
3.174107055664062500e+02
3.145610046386718750e+02
3.207991333007812500e+02
3.161352844238281250e+02
3.110916442871093750e+02
2.918547668457031250e+02
2.857647399902343750e+02
2.894739379882812500e+02
2.914703063964843750e+02
2.997591247558593750e+02
3.165494689941406250e+02
3.008432617187500000e+02
3.095304260253906250e+02
2.999829406738281250e+02
3.000102233886718750e+02
2.905516052246093750e+02
2.843433837890625000e+02
2.554112091064453125e+02
2.527443542480468750e+02
2.519107360839843750e+02
2.180533599853515625e+02
2.088386077880859375e+02
2.041382904052734375e+02
2.013543395996093750e+02
2.093167266845703125e+02
2.083448028564453125e+02
2.489333953857421875e+02
2.384696655273437500e+02
2.288927917480468750e+02
2.384200744628906250e+02
2.388262786865234375e+02
2.520448608398437500e+02
2.807802734375000000e+02
2.728003540039062500e+02
2.742088623046875000e+02
2.733136596679687500e+02
2.788248596191406250e+02
2.761178283691406250e+02
2.894175415039062500e+02
2.910260925292968750e+02
3.160829772949218750e+02
3.063097839355468750e+02
3.488567504882812500e+02
3.508815612792968750e+02
3.529690856933593750e+02
3.690937194824218750e+02
3.634219360351562500e+02
3.678429870605468750e+02
3.414270935058593750e+02
3.652379150390625000e+02
3.583188171386718750e+02
3.518070983886718750e+02
3.480991210937500000e+02
3.304281616210937500e+02
3.166921081542968750e+02
3.215660705566406250e+02
3.191255187988281250e+02
3.215685119628906250e+02
3.418255920410156250e+02
3.318155517578125000e+02
3.415776062011718750e+02
2.837454528808593750e+02
3.024804077148437500e+02
2.953670959472656250e+02
2.860874328613281250e+02
2.814880065917968750e+02
2.919044494628906250e+02
3.014172058105468750e+02
2.705941162109375000e+02
2.713307495117187500e+02
2.497958221435546875e+02
2.539064331054687500e+02
2.699790344238281250e+02
2.650489807128906250e+02
2.743736877441406250e+02
2.773386230468750000e+02
2.797319030761718750e+02
2.796044311523437500e+02
2.729347839355468750e+02
2.812890930175781250e+02
2.815203857421875000e+02
2.890292663574218750e+02
2.754117431640625000e+02
3.078450927734375000e+02
3.040012512207031250e+02
2.806398010253906250e+02
2.753317565917968750e+02
2.973433532714843750e+02
3.003681945800781250e+02
3.195531005859375000e+02
3.058520812988281250e+02
3.076670837402343750e+02
3.043366088867187500e+02
3.002697143554687500e+02
2.966634216308593750e+02
2.988355102539062500e+02
3.008845214843750000e+02
2.987898254394531250e+02
3.122366333007812500e+02
3.329678039550781250e+02
3.169338684082031250e+02
3.330100402832031250e+02
3.435780944824218750e+02
3.377874450683593750e+02
3.837496032714843750e+02
3.853746948242187500e+02
4.057320861816406250e+02
4.031294860839843750e+02
3.976796569824218750e+02
4.068687438964843750e+02
4.095350036621093750e+02
4.185015869140625000e+02
3.859645996093750000e+02
3.994034423828125000e+02
3.910824890136718750e+02
3.863357849121093750e+02
3.896488342285156250e+02
3.901957397460937500e+02
3.914784851074218750e+02
3.739992370605468750e+02
3.734904479980468750e+02
3.497988891601562500e+02
3.605475769042968750e+02
3.531690368652343750e+02
3.578499450683593750e+02
3.678840942382812500e+02
3.651354675292968750e+02
3.541969604492187500e+02
3.613630676269531250e+02
3.561359558105468750e+02
3.563307495117187500e+02
3.242483825683593750e+02
3.261870422363281250e+02
3.225413208007812500e+02
2.915772399902343750e+02
2.411864471435546875e+02
2.352985992431640625e+02
2.364823608398437500e+02
2.182751007080078125e+02
2.278666229248046875e+02
2.507982177734375000e+02
2.436335601806640625e+02
2.572485961914062500e+02
2.666936645507812500e+02
2.939027404785156250e+02
2.983314514160156250e+02
2.924425354003906250e+02
2.863825988769531250e+02
2.614625549316406250e+02
2.595748901367187500e+02
2.552333984375000000e+02
2.710875244140625000e+02
2.757466735839843750e+02
2.674310302734375000e+02
2.477882232666015625e+02
2.363874053955078125e+02
2.549979400634765625e+02
2.552128753662109375e+02
2.575794982910156250e+02
2.625528259277343750e+02
2.538407440185546875e+02
2.519061126708984375e+02
2.621011047363281250e+02
2.572327880859375000e+02
2.537488708496093750e+02
2.467699432373046875e+02
2.457615966796875000e+02
2.458956298828125000e+02
2.411879425048828125e+02
2.369094238281250000e+02
2.145304718017578125e+02
2.112610778808593750e+02
2.042182312011718750e+02
2.066651306152343750e+02
2.155635223388671875e+02
2.112036437988281250e+02
2.510600280761718750e+02
2.186409454345703125e+02
2.180723419189453125e+02
2.268769073486328125e+02
2.476364288330078125e+02
2.487270355224609375e+02
2.439240264892578125e+02
2.386443023681640625e+02
2.192067413330078125e+02
2.153827362060546875e+02
2.541192474365234375e+02
2.436231689453125000e+02
2.415017089843750000e+02
2.373197479248046875e+02
2.384277191162109375e+02
2.490009307861328125e+02
2.434479827880859375e+02
2.499648284912109375e+02
2.526674041748046875e+02
2.520172729492187500e+02
2.657134399414062500e+02
2.563156127929687500e+02
2.985428466796875000e+02
2.826398925781250000e+02
2.565101928710937500e+02
2.628352355957031250e+02
3.689219055175781250e+02
3.657175598144531250e+02
3.771993408203125000e+02
3.807744140625000000e+02
3.734906311035156250e+02
3.318591918945312500e+02
3.611138916015625000e+02
3.521652526855468750e+02
3.511700439453125000e+02
3.369615478515625000e+02
3.380578308105468750e+02
3.400669250488281250e+02
3.382886352539062500e+02
2.737789916992187500e+02
2.790247802734375000e+02
2.358199615478515625e+02
2.374124603271484375e+02
2.431821289062500000e+02
3.463706054687500000e+02
3.615268859863281250e+02
3.579601440429687500e+02
3.381919860839843750e+02
3.475765075683593750e+02
2.756292114257812500e+02
3.113421020507812500e+02
3.153011169433593750e+02
3.217128601074218750e+02
3.159301452636718750e+02
2.954230346679687500e+02
2.992546691894531250e+02
2.929724731445312500e+02
2.936758422851562500e+02
2.803438110351562500e+02
2.848251953125000000e+02
2.778309936523437500e+02
2.320781402587890625e+02
2.382758636474609375e+02
2.367116546630859375e+02
2.295558166503906250e+02
2.337655639648437500e+02
2.309087982177734375e+02
2.272682800292968750e+02
2.196082916259765625e+02
2.170285644531250000e+02
2.168239440917968750e+02
2.584111633300781250e+02
2.376762084960937500e+02
2.546395568847656250e+02
2.474826507568359375e+02
2.529297332763671875e+02
2.533759460449218750e+02
2.576172485351562500e+02
2.551822662353515625e+02
2.614592590332031250e+02
2.442277984619140625e+02
2.539863128662109375e+02
2.825426025390625000e+02
3.003928527832031250e+02
3.416699829101562500e+02
3.312242431640625000e+02
3.771630249023437500e+02
3.853768005371093750e+02
3.859634399414062500e+02
3.983635253906250000e+02
4.075947265625000000e+02
4.177199401855468750e+02
4.249082641601562500e+02
4.173607788085937500e+02
4.046214904785156250e+02
3.648294677734375000e+02
3.681906433105468750e+02
3.375353088378906250e+02
3.583973693847656250e+02
3.582818908691406250e+02
3.525116271972656250e+02
3.724388732910156250e+02
3.736004638671875000e+02
3.903720397949218750e+02
3.979983825683593750e+02
3.912593994140625000e+02
3.984226684570312500e+02
3.989157714843750000e+02
3.980360717773437500e+02
4.006532897949218750e+02
3.956273193359375000e+02
3.916274108886718750e+02
4.060402221679687500e+02
3.901043395996093750e+02
3.962069091796875000e+02
3.969869689941406250e+02
3.987771606445312500e+02
3.979844665527343750e+02
3.972314147949218750e+02
3.974128417968750000e+02
3.962027282714843750e+02
4.013961486816406250e+02
3.846841735839843750e+02
3.877748107910156250e+02
3.826558532714843750e+02
3.980912475585937500e+02
3.991619873046875000e+02
3.902555236816406250e+02
3.865671081542968750e+02
3.845419921875000000e+02
3.878442382812500000e+02
3.940326843261718750e+02
3.934421997070312500e+02
3.990770874023437500e+02
3.927874450683593750e+02
3.969548339843750000e+02
3.952711486816406250e+02
3.998059997558593750e+02
4.025945739746093750e+02
3.923382568359375000e+02
3.914731140136718750e+02
3.966266784667968750e+02
3.761480712890625000e+02
3.801767883300781250e+02
3.772017211914062500e+02
3.779931030273437500e+02
3.804413146972656250e+02
3.710253295898437500e+02
3.813615722656250000e+02
3.919776916503906250e+02
3.858619384765625000e+02
3.868659973144531250e+02
3.903675537109375000e+02
3.872052612304687500e+02
3.871728210449218750e+02
3.860314331054687500e+02
3.888411254882812500e+02
3.689376525878906250e+02
3.643483886718750000e+02
3.698834228515625000e+02
3.890674743652343750e+02
3.883562011718750000e+02
3.923168029785156250e+02
3.952656555175781250e+02
4.004471740722656250e+02
4.029496765136718750e+02
4.067102050781250000e+02
4.063760375976562500e+02
3.986349792480468750e+02
3.925012512207031250e+02
3.879159240722656250e+02
3.844775390625000000e+02
3.838526611328125000e+02
3.912688903808593750e+02
3.905625915527343750e+02
3.844864501953125000e+02
3.793209838867187500e+02
3.749016113281250000e+02
3.726369018554687500e+02
3.748817138671875000e+02
3.770024414062500000e+02
3.637789611816406250e+02
3.677634582519531250e+02
3.781117858886718750e+02
3.836993103027343750e+02
3.852094726562500000e+02
3.847743835449218750e+02
3.896954040527343750e+02
3.869123840332031250e+02
3.828951416015625000e+02
3.929751892089843750e+02
3.918878173828125000e+02
3.916698303222656250e+02
3.747344360351562500e+02
3.643493041992187500e+02
3.597775573730468750e+02
3.556422119140625000e+02
3.496191101074218750e+02
3.535576171875000000e+02
3.535617675781250000e+02
3.491876220703125000e+02
3.432623596191406250e+02
3.420121765136718750e+02
3.485558166503906250e+02
3.539284362792968750e+02
3.596580810546875000e+02
3.609163513183593750e+02
3.627190551757812500e+02
3.662294311523437500e+02
3.831889648437500000e+02
3.915776977539062500e+02
3.900022277832031250e+02
3.832317199707031250e+02
3.885971069335937500e+02
3.763467407226562500e+02
3.727156677246093750e+02
3.776243286132812500e+02
3.696699218750000000e+02
3.732090759277343750e+02
3.628813476562500000e+02
3.647745666503906250e+02
3.639414672851562500e+02
3.689421997070312500e+02
3.654640197753906250e+02
3.617969970703125000e+02
3.629830322265625000e+02
3.554099426269531250e+02
3.551533813476562500e+02
3.575942382812500000e+02
3.588650512695312500e+02
3.740964660644531250e+02
3.625756225585937500e+02
3.871673583984375000e+02
3.991683654785156250e+02
3.987735290527343750e+02
3.959566040039062500e+02
4.001398010253906250e+02
4.139977416992187500e+02
4.175919189453125000e+02
4.147445373535156250e+02
4.107253723144531250e+02
3.960877075195312500e+02
3.887505187988281250e+02
3.847279357910156250e+02
3.848976745605468750e+02
3.721021728515625000e+02
3.636553649902343750e+02
3.594190979003906250e+02
3.614253234863281250e+02
3.628740234375000000e+02
3.583157043457031250e+02
3.652386779785156250e+02
3.714256896972656250e+02
3.716211242675781250e+02
3.741303100585937500e+02
3.882468261718750000e+02
3.845659790039062500e+02
3.792872619628906250e+02
3.834839782714843750e+02
3.905257873535156250e+02
3.904837036132812500e+02
3.898599548339843750e+02
3.862034606933593750e+02
3.829042358398437500e+02
3.770912170410156250e+02
3.719611816406250000e+02
3.628709411621093750e+02
3.526324768066406250e+02
3.565211181640625000e+02
3.557627868652343750e+02
3.545559082031250000e+02
3.594813842773437500e+02
3.619980468750000000e+02
3.610421752929687500e+02
3.608641662597656250e+02
3.624288024902343750e+02
3.628861389160156250e+02
3.546371154785156250e+02
3.541886901855468750e+02
3.505635986328125000e+02
3.466250000000000000e+02
3.345861816406250000e+02
3.352795410156250000e+02
3.406083068847656250e+02
3.526398010253906250e+02
3.817250061035156250e+02
3.720412292480468750e+02
3.626516723632812500e+02
3.621068115234375000e+02
3.379358825683593750e+02
3.399415283203125000e+02
3.365416259765625000e+02
3.186078491210937500e+02
3.138316040039062500e+02
3.166634826660156250e+02
3.167601013183593750e+02
3.271855773925781250e+02
3.236920776367187500e+02
2.793188171386718750e+02
2.772991638183593750e+02
2.718714599609375000e+02
2.736643371582031250e+02
2.756315307617187500e+02
2.702870483398437500e+02
2.672054443359375000e+02
2.559109802246093750e+02
2.525195617675781250e+02
2.583239135742187500e+02
2.597354125976562500e+02
2.431256103515625000e+02
2.369814300537109375e+02
2.387160797119140625e+02
2.424864044189453125e+02
2.382890472412109375e+02
2.439835052490234375e+02
2.456413116455078125e+02
2.499065399169921875e+02
2.570851440429687500e+02
2.718690795898437500e+02
2.738008117675781250e+02
2.726307373046875000e+02
2.804322814941406250e+02
2.757519531250000000e+02
2.824872741699218750e+02
2.830441894531250000e+02
2.778285217285156250e+02
2.745550842285156250e+02
2.536259155273437500e+02
2.580782775878906250e+02
2.378651275634765625e+02
2.269458160400390625e+02
2.175334014892578125e+02
2.151106414794921875e+02
2.297492218017578125e+02
2.238651885986328125e+02
2.256362152099609375e+02
2.273620758056640625e+02
2.157167358398437500e+02
2.389278717041015625e+02
2.333514251708984375e+02
2.353080902099609375e+02
2.328374023437500000e+02
2.339591369628906250e+02
2.400325164794921875e+02
2.448972320556640625e+02
2.487515106201171875e+02
2.645442810058593750e+02
2.398199157714843750e+02
2.407949523925781250e+02
2.487643127441406250e+02
2.669100952148437500e+02
2.624460449218750000e+02
2.592227172851562500e+02
2.543770141601562500e+02
2.468716583251953125e+02
2.441578521728515625e+02
2.512556915283203125e+02
2.509938354492187500e+02
2.451521759033203125e+02
2.577592468261718750e+02
2.523836212158203125e+02
2.446182861328125000e+02
2.416091766357421875e+02
2.600998840332031250e+02
2.561610107421875000e+02
2.750143737792968750e+02
2.592451171875000000e+02
2.617201538085937500e+02
2.722507934570312500e+02
2.663740844726562500e+02
2.681876831054687500e+02
2.792556762695312500e+02
2.780186157226562500e+02
2.644971313476562500e+02
2.660457153320312500e+02
2.643253173828125000e+02
2.448358001708984375e+02
2.663171081542968750e+02
2.658921508789062500e+02
2.658940734863281250e+02
2.636932678222656250e+02
2.640978698730468750e+02
2.786281433105468750e+02
2.785385131835937500e+02
2.754581298828125000e+02
2.559971618652343750e+02
2.581605529785156250e+02
2.638070678710937500e+02
2.537996826171875000e+02
2.576253662109375000e+02
2.587109680175781250e+02
2.547803039550781250e+02
2.564559936523437500e+02
2.591914978027343750e+02
2.843051147460937500e+02
2.564606323242187500e+02
2.604983215332031250e+02
2.481512145996093750e+02
2.475008392333984375e+02
2.706495971679687500e+02
2.624783325195312500e+02
2.676052856445312500e+02
2.854334411621093750e+02
2.853134460449218750e+02
2.681401672363281250e+02
2.939769592285156250e+02
2.502092285156250000e+02
2.546760559082031250e+02
2.549911041259765625e+02
2.210474700927734375e+02
2.239924011230468750e+02
1.839976501464843750e+02
1.770437164306640625e+02
1.794853515625000000e+02
1.859951934814453125e+02
2.072750396728515625e+02
2.088464660644531250e+02
2.213555145263671875e+02
2.179786682128906250e+02
2.175437927246093750e+02
2.296509704589843750e+02
2.304858398437500000e+02
2.331933746337890625e+02
2.347816772460937500e+02
2.371950225830078125e+02
2.421970062255859375e+02
2.437562561035156250e+02
2.476504821777343750e+02
2.482532958984375000e+02
2.466780090332031250e+02
3.148609924316406250e+02
3.063692321777343750e+02
3.025374755859375000e+02
3.027244262695312500e+02
2.999437866210937500e+02
3.060955505371093750e+02
3.132355041503906250e+02
3.115486145019531250e+02
3.146151123046875000e+02
3.190754699707031250e+02
3.134896850585937500e+02
3.313645324707031250e+02
3.296092224121093750e+02
3.277873840332031250e+02
3.245709228515625000e+02
3.286404418945312500e+02
3.313917541503906250e+02
3.322230224609375000e+02
3.408313903808593750e+02
3.389702148437500000e+02
3.399875183105468750e+02
3.392697143554687500e+02
3.404082641601562500e+02
3.347960815429687500e+02
3.315047912597656250e+02
3.303615112304687500e+02
3.228637390136718750e+02
3.218808898925781250e+02
3.212560729980468750e+02
3.235615844726562500e+02
3.204804382324218750e+02
3.230278320312500000e+02
3.241960144042968750e+02
3.300901794433593750e+02
3.315130004882812500e+02
3.271677856445312500e+02
3.152440490722656250e+02
3.138354797363281250e+02
3.105559997558593750e+02
3.080412597656250000e+02
3.087403869628906250e+02
3.085308227539062500e+02
3.507957458496093750e+02
3.409502868652343750e+02
3.359836120605468750e+02
3.454607543945312500e+02
3.502952880859375000e+02
3.505636901855468750e+02
3.513041381835937500e+02
3.621103820800781250e+02
4.027657775878906250e+02
3.903594970703125000e+02
3.966043701171875000e+02
4.006675415039062500e+02
4.035390319824218750e+02
4.036164855957031250e+02
4.053087158203125000e+02
3.929185791015625000e+02
3.913988952636718750e+02
3.824176025390625000e+02
3.777973937988281250e+02
3.738469848632812500e+02
3.691354370117187500e+02
3.683543701171875000e+02
3.662618408203125000e+02
3.573868408203125000e+02
3.508645019531250000e+02
3.606446533203125000e+02
3.056629333496093750e+02
3.190667724609375000e+02
3.213147888183593750e+02
3.173645935058593750e+02
3.070462951660156250e+02
3.053403625488281250e+02
2.714328918457031250e+02
2.731996459960937500e+02
2.765695495605468750e+02
2.744377441406250000e+02
2.615255432128906250e+02
2.619544067382812500e+02
2.670178833007812500e+02
2.725082397460937500e+02
2.758114013671875000e+02
2.134545898437500000e+02
1.975581054687500000e+02
1.956260528564453125e+02
1.971932067871093750e+02
1.950142822265625000e+02
1.917234802246093750e+02
1.930329437255859375e+02
1.922633056640625000e+02
1.929106445312500000e+02
1.998006439208984375e+02
1.988358764648437500e+02
2.007773590087890625e+02
2.023114776611328125e+02
1.982705841064453125e+02
1.984792785644531250e+02
2.265181121826171875e+02
2.132912292480468750e+02
2.065832214355468750e+02
2.017484893798828125e+02
2.029501495361328125e+02
2.031304473876953125e+02
2.072659301757812500e+02
2.077322387695312500e+02
2.139023284912109375e+02
2.285431518554687500e+02
2.274170074462890625e+02
2.297159423828125000e+02
2.305768432617187500e+02
2.261706848144531250e+02
2.209803161621093750e+02
2.161141662597656250e+02
2.148354644775390625e+02
2.117178344726562500e+02
2.102708435058593750e+02
2.066497955322265625e+02
2.070341491699218750e+02
2.067280426025390625e+02
2.117868652343750000e+02
2.208426971435546875e+02
2.272216949462890625e+02
2.138679199218750000e+02
2.032675933837890625e+02
2.033534393310546875e+02
2.017795562744140625e+02
2.051684722900390625e+02
2.081404876708984375e+02
2.164326934814453125e+02
2.204702606201171875e+02
2.302087554931640625e+02
2.354680023193359375e+02
2.392850799560546875e+02
2.447416381835937500e+02
2.443755950927734375e+02
2.427799224853515625e+02
2.524240112304687500e+02
2.501977081298828125e+02
2.508177795410156250e+02
2.443773956298828125e+02
2.496411132812500000e+02
2.473518371582031250e+02
2.529293060302734375e+02
2.554688110351562500e+02
2.452288665771484375e+02
2.353970184326171875e+02
2.264656372070312500e+02
2.191854248046875000e+02
2.192949218750000000e+02
2.203525085449218750e+02
2.223565368652343750e+02
2.143404541015625000e+02
2.144478454589843750e+02
2.400785522460937500e+02
2.445739593505859375e+02
2.545440216064453125e+02
2.519402770996093750e+02
2.614905090332031250e+02
2.647844848632812500e+02
2.685575256347656250e+02
2.680425109863281250e+02
2.661641540527343750e+02
2.579895019531250000e+02
2.483550720214843750e+02
2.478944854736328125e+02
2.574674377441406250e+02
2.457485046386718750e+02
2.371996002197265625e+02
2.252233734130859375e+02
2.286462707519531250e+02
2.172007141113281250e+02
2.112361145019531250e+02
2.118918762207031250e+02
2.173854980468750000e+02
2.175634460449218750e+02
2.224766235351562500e+02
2.300104064941406250e+02
2.300023345947265625e+02
2.489911499023437500e+02
2.558076324462890625e+02
2.652405395507812500e+02
2.690692749023437500e+02
2.601490783691406250e+02
2.602836303710937500e+02
2.556686096191406250e+02
2.491583099365234375e+02
2.492169647216796875e+02
2.269356384277343750e+02
2.284286956787109375e+02
2.218981170654296875e+02
2.212171173095703125e+02
2.214085388183593750e+02
2.215181884765625000e+02
2.212328643798828125e+02
2.089944915771484375e+02
2.069643707275390625e+02
2.044951019287109375e+02
2.037692413330078125e+02
2.033792266845703125e+02
2.163295745849609375e+02
2.102975921630859375e+02
2.321992645263671875e+02
2.361153717041015625e+02
2.572732238769531250e+02
2.529776611328125000e+02
2.494378356933593750e+02
2.533711853027343750e+02
2.524019775390625000e+02
2.533693847656250000e+02
2.535231475830078125e+02
2.417247772216796875e+02
2.153321533203125000e+02
2.158876495361328125e+02
2.177639160156250000e+02
2.192730712890625000e+02
2.187864837646484375e+02
2.104090728759765625e+02
2.358806304931640625e+02
2.419379119873046875e+02
2.456856079101562500e+02
2.462779083251953125e+02
2.398917388916015625e+02
2.402578125000000000e+02
2.446151275634765625e+02
2.453787536621093750e+02
2.375338745117187500e+02
2.342033386230468750e+02
2.370678710937500000e+02
2.277529449462890625e+02
2.349158782958984375e+02
2.316039886474609375e+02
2.327801055908203125e+02
2.330452575683593750e+02
2.250849151611328125e+02
2.297984771728515625e+02
2.266952514648437500e+02
2.349665222167968750e+02
2.346482849121093750e+02
2.312765350341796875e+02
2.379240875244140625e+02
2.356169738769531250e+02
2.388842468261718750e+02
2.307497863769531250e+02
2.401994476318359375e+02
2.395767822265625000e+02
2.419529571533203125e+02
2.268099975585937500e+02
2.304898681640625000e+02
2.252703399658203125e+02
2.058339233398437500e+02
2.029374084472656250e+02
2.006168670654296875e+02
1.977113647460937500e+02
1.948101959228515625e+02
1.926163330078125000e+02
1.957911682128906250e+02
1.965979003906250000e+02
2.088656463623046875e+02
2.104629211425781250e+02
2.085389251708984375e+02
2.119586334228515625e+02
2.217210540771484375e+02
2.299672698974609375e+02
2.318737030029296875e+02
2.321774291992187500e+02
2.511507415771484375e+02
2.629294738769531250e+02
2.647832641601562500e+02
2.680979614257812500e+02
2.596076049804687500e+02
2.634552001953125000e+02
2.676563415527343750e+02
2.725151367187500000e+02
2.839828796386718750e+02
3.083145751953125000e+02
3.168707580566406250e+02
3.168067626953125000e+02
3.170191040039062500e+02
3.210991210937500000e+02
3.217604980468750000e+02
3.225169677734375000e+02
3.159059753417968750e+02
2.728372497558593750e+02
2.782144165039062500e+02
3.029144897460937500e+02
2.981923217773437500e+02
3.028463134765625000e+02
3.089346618652343750e+02
3.136241455078125000e+02
3.097988891601562500e+02
3.121777038574218750e+02
3.099705505371093750e+02
3.142476196289062500e+02
3.013150024414062500e+02
2.982239074707031250e+02
2.926272583007812500e+02
2.803775024414062500e+02
3.181230468750000000e+02
3.101158142089843750e+02
2.985347290039062500e+02
2.915707397460937500e+02
2.896393737792968750e+02
2.822204284667968750e+02
2.805274658203125000e+02
2.862328796386718750e+02
2.818325805664062500e+02
2.823696289062500000e+02
2.878394165039062500e+02
2.959045715332031250e+02
3.017446289062500000e+02
3.029125671386718750e+02
3.001552124023437500e+02
2.899483337402343750e+02
2.808183898925781250e+02
2.537711029052734375e+02
2.422887115478515625e+02
2.395493316650390625e+02
2.357967071533203125e+02
2.354747772216796875e+02
2.330984191894531250e+02
2.293362884521484375e+02
2.283940582275390625e+02
2.264411468505859375e+02
2.267876739501953125e+02
2.368776092529296875e+02
2.280030822753906250e+02
2.290786590576171875e+02
2.319720611572265625e+02
2.373086395263671875e+02
2.374551696777343750e+02
2.392511444091796875e+02
2.403743743896484375e+02
2.429299316406250000e+02
2.492229614257812500e+02
2.581880187988281250e+02
2.594238891601562500e+02
2.607832946777343750e+02
2.518748474121093750e+02
2.505092163085937500e+02
2.730303649902343750e+02
2.685681762695312500e+02
2.774005737304687500e+02
2.883791809082031250e+02
2.855147705078125000e+02
2.970235595703125000e+02
3.127646179199218750e+02
3.256518249511718750e+02
3.111200866699218750e+02
2.914759521484375000e+02
3.098811035156250000e+02
3.233840332031250000e+02
3.176689453125000000e+02
3.203800354003906250e+02
3.201464843750000000e+02
3.137185363769531250e+02
3.162270812988281250e+02
3.093379516601562500e+02
3.148197021484375000e+02
3.094885253906250000e+02
3.154939575195312500e+02
3.145894775390625000e+02
3.070710449218750000e+02
2.951998596191406250e+02
2.765110168457031250e+02
2.645506286621093750e+02
2.460820922851562500e+02
2.296269836425781250e+02
2.211320343017578125e+02
2.159573822021484375e+02
2.083950958251953125e+02
2.001185302734375000e+02
1.863044738769531250e+02
1.847173919677734375e+02
1.828436584472656250e+02
1.804978332519531250e+02
1.821183013916015625e+02
1.860937957763671875e+02
1.965365447998046875e+02
1.933416290283203125e+02
1.909605255126953125e+02
1.890844879150390625e+02
1.872865142822265625e+02
1.858770599365234375e+02
1.890861206054687500e+02
1.880807647705078125e+02
1.809434661865234375e+02
1.744276733398437500e+02
1.728546905517578125e+02
1.731989288330078125e+02
1.733400573730468750e+02
1.710640411376953125e+02
1.743114624023437500e+02
1.762635498046875000e+02
1.788441009521484375e+02
1.729212036132812500e+02
1.714169006347656250e+02
1.737354888916015625e+02
1.735824127197265625e+02
1.722358551025390625e+02
1.724534759521484375e+02
1.764811706542968750e+02
1.794409179687500000e+02
1.810821533203125000e+02
1.826023864746093750e+02
1.842744445800781250e+02
1.875931854248046875e+02
1.870738677978515625e+02
1.899250335693359375e+02
1.922613830566406250e+02
1.958390502929687500e+02
2.068747863769531250e+02
2.111857452392578125e+02
2.067481231689453125e+02
2.052917633056640625e+02
2.149802551269531250e+02
2.235709533691406250e+02
2.279308471679687500e+02
2.186321411132812500e+02
1.972205047607421875e+02
1.966096649169921875e+02
1.950090789794921875e+02
1.977629394531250000e+02
1.918962249755859375e+02
1.936886138916015625e+02
1.975348815917968750e+02
1.953169860839843750e+02
1.910180969238281250e+02
1.922885284423828125e+02
1.920756225585937500e+02
1.869331665039062500e+02
1.844580993652343750e+02
1.831575469970703125e+02
1.811552124023437500e+02
1.779645080566406250e+02
1.693699340820312500e+02
1.653586273193359375e+02
1.647827301025390625e+02
1.630021057128906250e+02
1.614169769287109375e+02
1.657828826904296875e+02
1.695162963867187500e+02
1.843244171142578125e+02
1.837923431396484375e+02
1.808595581054687500e+02
1.797482604980468750e+02
1.818854827880859375e+02
1.861059722900390625e+02
1.814548187255859375e+02
1.843734588623046875e+02
1.862663726806640625e+02
1.832700347900390625e+02
1.815318145751953125e+02
1.791585998535156250e+02
1.732497253417968750e+02
1.722403106689453125e+02
1.721612396240234375e+02
1.740704498291015625e+02
1.707755737304687500e+02
1.661884613037109375e+02
1.630676269531250000e+02
1.613799438476562500e+02
1.608636932373046875e+02
1.602699432373046875e+02
1.608160552978515625e+02
1.622130432128906250e+02
1.626848907470703125e+02
1.631431121826171875e+02
1.646841735839843750e+02
1.646543884277343750e+02
1.643854370117187500e+02
1.622701110839843750e+02
1.627707672119140625e+02
1.630206909179687500e+02
1.621493835449218750e+02
1.606142883300781250e+02
1.598297882080078125e+02
1.589169464111328125e+02
1.588558807373046875e+02
1.563026733398437500e+02
1.547528381347656250e+02
1.547399291992187500e+02
1.538943939208984375e+02
1.540156250000000000e+02
1.543667907714843750e+02
1.530006866455078125e+02
1.520947113037109375e+02
1.517497711181640625e+02
1.516909942626953125e+02
1.529278106689453125e+02
1.532667541503906250e+02
1.541277770996093750e+02
1.549371032714843750e+02
1.609078674316406250e+02
1.640821685791015625e+02
1.645761413574218750e+02
1.687990112304687500e+02
1.693456268310546875e+02
1.707174224853515625e+02
1.722275848388671875e+02
1.739969787597656250e+02
1.728372039794921875e+02
1.723353118896484375e+02
1.718033142089843750e+02
1.736650695800781250e+02
1.747721557617187500e+02
1.753045043945312500e+02
1.737912139892578125e+02
1.738888549804687500e+02
1.731862487792968750e+02
1.764033508300781250e+02
1.770079956054687500e+02
1.797219085693359375e+02
1.830467071533203125e+02
1.829439392089843750e+02
1.964125823974609375e+02
2.086761779785156250e+02
2.104452819824218750e+02
2.079891510009765625e+02
2.129207611083984375e+02
2.230590515136718750e+02
2.263903503417968750e+02
2.231645660400390625e+02
2.252032928466796875e+02
2.339063415527343750e+02
2.251977691650390625e+02
2.397906341552734375e+02
2.460453033447265625e+02
2.880092773437500000e+02
2.979517822265625000e+02
3.033046264648437500e+02
3.050791320800781250e+02
3.177124938964843750e+02
3.183891296386718750e+02
3.179051513671875000e+02
3.267795715332031250e+02
3.320770874023437500e+02
3.310768127441406250e+02
3.164053344726562500e+02
3.225007629394531250e+02
3.214461364746093750e+02
2.946405944824218750e+02
2.967974853515625000e+02
2.900581359863281250e+02
2.849047546386718750e+02
2.503691711425781250e+02
2.546710510253906250e+02
2.717320861816406250e+02
2.760797729492187500e+02
2.613533935546875000e+02
2.711687622070312500e+02
2.870683898925781250e+02
3.005168457031250000e+02
2.995962829589843750e+02
2.997000732421875000e+02
3.025757751464843750e+02
2.896049499511718750e+02
2.968288269042968750e+02
2.943622131347656250e+02
3.006077575683593750e+02
2.985134277343750000e+02
2.938837585449218750e+02
2.918299560546875000e+02
2.874777526855468750e+02
2.873641967773437500e+02
2.854952697753906250e+02
2.824972839355468750e+02
2.808943481445312500e+02
2.881982727050781250e+02
2.837545471191406250e+02
2.762797851562500000e+02
2.843949890136718750e+02
2.673063964843750000e+02
2.913512878417968750e+02
3.000316162109375000e+02
3.220339355468750000e+02
3.095906372070312500e+02
3.157900085449218750e+02
3.119890441894531250e+02
3.077005920410156250e+02
3.099843139648437500e+02
3.174961547851562500e+02
3.159994506835937500e+02
3.117065734863281250e+02
3.207949523925781250e+02
3.202187194824218750e+02
3.143592834472656250e+02
3.177725830078125000e+02
3.140203552246093750e+02
3.104548034667968750e+02
3.109716186523437500e+02
3.094737548828125000e+02
3.098280029296875000e+02
3.054842224121093750e+02
3.032298278808593750e+02
3.035409545898437500e+02
2.961569824218750000e+02
2.942770080566406250e+02
2.800332641601562500e+02
2.886864624023437500e+02
2.945397338867187500e+02
2.858898925781250000e+02
2.788331604003906250e+02
2.798110961914062500e+02
2.750215148925781250e+02
2.590252380371093750e+02
2.509672241210937500e+02
2.486399536132812500e+02
2.518330078125000000e+02
2.507498168945312500e+02
2.479601745605468750e+02
2.472346649169921875e+02
2.441047515869140625e+02
2.425524749755859375e+02
2.433472290039062500e+02
2.377458190917968750e+02
2.385810241699218750e+02
2.345654907226562500e+02
2.287512817382812500e+02
2.277097778320312500e+02
2.176743164062500000e+02
2.148327178955078125e+02
2.150768432617187500e+02
2.114565429687500000e+02
2.126646118164062500e+02
2.088881683349609375e+02
2.045412750244140625e+02
1.969441680908203125e+02
1.947031250000000000e+02
1.954096679687500000e+02
1.961331939697265625e+02
1.966911468505859375e+02
1.999808502197265625e+02
2.122859039306640625e+02
2.165070953369140625e+02
2.246783599853515625e+02
2.217621612548828125e+02
2.176584014892578125e+02
2.148699645996093750e+02
2.102054595947265625e+02
2.137179870605468750e+02
2.110426025390625000e+02
2.086372680664062500e+02
2.083006591796875000e+02
1.993742523193359375e+02
1.991640625000000000e+02
2.007099761962890625e+02
1.990613403320312500e+02
2.007308044433593750e+02
1.983732604980468750e+02
2.083722686767578125e+02
2.068068847656250000e+02
2.089952392578125000e+02
2.044824371337890625e+02
2.042605438232421875e+02
2.031166839599609375e+02
2.087768096923828125e+02
2.042651824951171875e+02
2.014146575927734375e+02
2.014903106689453125e+02
1.986170349121093750e+02
1.985657348632812500e+02
2.035065612792968750e+02
1.979891815185546875e+02
2.014240417480468750e+02
1.986863861083984375e+02
1.990344238281250000e+02
1.998212280273437500e+02
2.001091308593750000e+02
2.106801605224609375e+02
2.169897155761718750e+02
2.159409942626953125e+02
2.204717254638671875e+02
2.186779174804687500e+02
2.157263641357421875e+02
2.155677032470703125e+02
2.182024383544921875e+02
2.172488708496093750e+02
2.133061981201171875e+02
2.100530700683593750e+02
2.230446166992187500e+02
2.352415161132812500e+02
2.518499603271484375e+02
2.562105407714843750e+02
2.578889770507812500e+02
2.611037902832031250e+02
2.624280090332031250e+02
2.558574676513671875e+02
2.583771057128906250e+02
2.534512634277343750e+02
2.483592071533203125e+02
2.471349029541015625e+02
2.472545318603515625e+02
2.463491210937500000e+02
2.644069824218750000e+02
2.717743225097656250e+02
2.884215087890625000e+02
2.888252258300781250e+02
2.935025634765625000e+02
2.948239135742187500e+02
2.925972900390625000e+02
3.022638549804687500e+02
3.042943725585937500e+02
3.128617248535156250e+02
3.146253356933593750e+02
3.088055419921875000e+02
3.054763488769531250e+02
3.040916137695312500e+02
3.008659362792968750e+02
2.921006469726562500e+02
2.915092163085937500e+02
2.872276306152343750e+02
2.872925109863281250e+02
2.831620178222656250e+02
2.802854614257812500e+02
2.703298950195312500e+02
2.726077270507812500e+02
2.969910278320312500e+02
2.891673278808593750e+02
2.941543579101562500e+02
2.921839599609375000e+02
2.886601867675781250e+02
2.877540283203125000e+02
2.845579223632812500e+02
2.778725891113281250e+02
2.633901367187500000e+02
2.677758789062500000e+02
2.625541381835937500e+02
2.608035278320312500e+02
2.690852966308593750e+02
2.698963623046875000e+02
2.677972412109375000e+02
2.536903228759765625e+02
2.578392333984375000e+02
2.860484619140625000e+02
2.842059326171875000e+02
2.781367797851562500e+02
2.775870666503906250e+02
2.747333679199218750e+02
2.735531311035156250e+02
2.806292419433593750e+02
2.936849365234375000e+02
3.132462768554687500e+02
3.292742309570312500e+02
3.440177917480468750e+02
3.583710021972656250e+02
3.663334960937500000e+02
3.773411560058593750e+02
3.916639404296875000e+02
4.009002380371093750e+02
4.056042175292968750e+02
4.034674987792968750e+02
4.049034118652343750e+02
4.054528198242187500e+02
4.009953918457031250e+02
3.953745422363281250e+02
3.907553405761718750e+02
3.852539978027343750e+02
3.864876708984375000e+02
3.756602783203125000e+02
3.735143127441406250e+02
3.679905395507812500e+02
3.624207153320312500e+02
3.576729736328125000e+02
3.686283264160156250e+02
3.853119506835937500e+02
3.884247131347656250e+02
3.896880493164062500e+02
3.896995849609375000e+02
3.878643493652343750e+02
3.882720642089843750e+02
3.837114257812500000e+02
3.740717773437500000e+02
3.732402343750000000e+02
3.672355041503906250e+02
3.639521484375000000e+02
3.658854370117187500e+02
3.764151611328125000e+02
3.784281005859375000e+02
3.849331359863281250e+02
3.766731262207031250e+02
3.788689270019531250e+02
4.010507507324218750e+02
4.077946472167968750e+02
4.057623901367187500e+02
4.095245056152343750e+02
4.059871215820312500e+02
4.117612609863281250e+02
4.166863403320312500e+02
3.476897583007812500e+02
3.592195129394531250e+02
3.607322387695312500e+02
3.615003051757812500e+02
3.608712158203125000e+02
3.557812805175781250e+02
3.566542053222656250e+02
3.585603332519531250e+02
3.561156005859375000e+02
4.064410095214843750e+02
4.253187561035156250e+02
4.299397277832031250e+02
4.299066162109375000e+02
4.300243225097656250e+02
4.300689697265625000e+02
4.330982971191406250e+02
4.286602783203125000e+02
4.337956848144531250e+02
4.129951171875000000e+02
4.036468811035156250e+02
4.034667663574218750e+02
4.016481018066406250e+02
3.993234558105468750e+02
4.075639038085937500e+02
4.125689086914062500e+02
4.066778564453125000e+02
4.077291259765625000e+02
4.040015258789062500e+02
4.000007324218750000e+02
3.969358215332031250e+02
3.951855163574218750e+02
3.925213623046875000e+02
3.898897705078125000e+02
3.876135253906250000e+02
3.874850158691406250e+02
3.825393676757812500e+02
3.849897766113281250e+02
3.872560729980468750e+02
3.885589294433593750e+02
3.852329101562500000e+02
3.809710693359375000e+02
3.784826965332031250e+02
3.776476135253906250e+02
3.728663330078125000e+02
3.686646423339843750e+02
3.727722167968750000e+02
3.758272094726562500e+02
3.786478576660156250e+02
3.785807189941406250e+02
3.797548217773437500e+02
3.781327819824218750e+02
3.748529968261718750e+02
3.744245910644531250e+02
3.807989807128906250e+02
3.858609619140625000e+02
3.979733581542968750e+02
4.013841857910156250e+02
4.033944702148437500e+02
3.878086242675781250e+02
3.946645202636718750e+02
3.987889709472656250e+02
3.966606445312500000e+02
3.954302368164062500e+02
4.009105529785156250e+02
4.052277832031250000e+02
3.931442565917968750e+02
3.893101806640625000e+02
3.795463256835937500e+02
3.764761047363281250e+02
3.754944152832031250e+02
3.726159667968750000e+02
3.688926391601562500e+02
3.709557189941406250e+02
3.810523071289062500e+02
3.822710571289062500e+02
3.822447509765625000e+02
3.777614440917968750e+02
3.733951721191406250e+02
3.717034301757812500e+02
3.599116516113281250e+02
3.627015686035156250e+02
3.615980529785156250e+02
3.627722778320312500e+02
3.503107299804687500e+02
3.331974792480468750e+02
3.566286315917968750e+02
3.590343017578125000e+02
3.592906799316406250e+02
3.432586975097656250e+02
3.507921142578125000e+02
3.486990051269531250e+02
3.489813537597656250e+02
3.498759765625000000e+02
3.437786865234375000e+02
3.420091552734375000e+02
3.461576232910156250e+02
3.606245422363281250e+02
3.737746887207031250e+02
3.746131591796875000e+02
3.775526428222656250e+02
3.818540344238281250e+02
3.817238464355468750e+02
3.859246215820312500e+02
3.903952636718750000e+02
3.141224060058593750e+02
3.243618469238281250e+02
3.287663879394531250e+02
3.279692993164062500e+02
3.845358886718750000e+02
3.885480651855468750e+02
3.728528137207031250e+02
2.833316345214843750e+02
3.152096557617187500e+02
3.094150085449218750e+02
3.001222534179687500e+02
2.987448425292968750e+02
2.945679626464843750e+02
2.960474853515625000e+02
2.945310974121093750e+02
2.976509094238281250e+02
3.305197448730468750e+02
3.345257568359375000e+02
3.312209167480468750e+02
3.357126159667968750e+02
3.373327941894531250e+02
3.283856811523437500e+02
3.221788024902343750e+02
3.225263366699218750e+02
3.267766723632812500e+02
3.236403198242187500e+02
3.104891967773437500e+02
3.140727233886718750e+02
3.059166259765625000e+02
3.035583801269531250e+02
3.061920776367187500e+02
3.017903137207031250e+02
2.955126647949218750e+02
2.857019042968750000e+02
2.861128845214843750e+02
2.839901428222656250e+02
2.820439453125000000e+02
2.853211059570312500e+02
2.812913208007812500e+02
2.891726379394531250e+02
2.865743713378906250e+02
2.903160705566406250e+02
3.640353393554687500e+02
3.638345031738281250e+02
3.562469787597656250e+02
3.558466796875000000e+02
3.585205383300781250e+02
3.558735046386718750e+02
3.388219299316406250e+02
3.087678833007812500e+02
3.150528869628906250e+02
3.157520446777343750e+02
3.247819213867187500e+02
3.259918212890625000e+02
3.278094787597656250e+02
3.223226318359375000e+02
3.167662353515625000e+02
3.228719787597656250e+02
3.170648803710937500e+02
3.049490661621093750e+02
3.009350891113281250e+02
3.012744445800781250e+02
3.010783081054687500e+02
2.996879577636718750e+02
3.066932983398437500e+02
3.082099609375000000e+02
3.192751464843750000e+02
3.256817321777343750e+02
3.341164550781250000e+02
3.313493347167968750e+02
3.234189453125000000e+02
3.116793518066406250e+02
2.972863464355468750e+02
2.946099853515625000e+02
2.767105407714843750e+02
2.695722656250000000e+02
2.499331512451171875e+02
2.379812011718750000e+02
2.401273193359375000e+02
2.419761047363281250e+02
2.488946533203125000e+02
2.458792266845703125e+02
2.439247436523437500e+02
2.430573425292968750e+02
2.392621917724609375e+02
2.451448211669921875e+02
2.495073089599609375e+02
2.554122467041015625e+02
2.614484863281250000e+02
2.563558044433593750e+02
2.450351867675781250e+02
2.366920318603515625e+02
2.283103332519531250e+02
2.219542694091796875e+02
2.147220916748046875e+02
2.116448516845703125e+02
2.077511596679687500e+02
2.034449768066406250e+02
2.017807922363281250e+02
1.993283691406250000e+02
1.964203643798828125e+02
2.193486633300781250e+02
2.235711059570312500e+02
2.206771392822265625e+02
2.200036010742187500e+02
2.182860870361328125e+02
2.139933929443359375e+02
2.161295471191406250e+02
2.143082427978515625e+02
2.134699096679687500e+02
2.166838684082031250e+02
2.278833618164062500e+02
2.283687896728515625e+02
2.154349670410156250e+02
2.086678009033203125e+02
2.146860656738281250e+02
2.189943542480468750e+02
2.298187408447265625e+02
2.185928344726562500e+02
2.164971466064453125e+02
2.076382751464843750e+02
2.119376373291015625e+02
2.179525299072265625e+02
2.264591674804687500e+02
2.327968750000000000e+02
2.294027709960937500e+02
2.234514007568359375e+02
2.258867797851562500e+02
2.285436553955078125e+02
2.287901611328125000e+02
2.295504608154296875e+02
2.324431915283203125e+02
2.404568634033203125e+02
2.449533233642578125e+02
2.455436706542968750e+02
2.481748504638671875e+02
2.494960479736328125e+02
2.543654785156250000e+02
3.220144348144531250e+02
3.249617004394531250e+02
3.232422485351562500e+02
3.168147888183593750e+02
3.084967651367187500e+02
3.061420593261718750e+02
3.056830749511718750e+02
3.029330749511718750e+02
3.045041809082031250e+02
3.147840881347656250e+02
3.222212524414062500e+02
3.285748901367187500e+02
3.329381103515625000e+02
3.346114807128906250e+02
3.365903320312500000e+02
3.375325012207031250e+02
3.977205810546875000e+02
4.173354492187500000e+02
4.228711242675781250e+02
4.228189697265625000e+02
4.258196105957031250e+02
4.279581298828125000e+02
4.258767089843750000e+02
4.235285949707031250e+02
4.198511352539062500e+02
4.058732604980468750e+02
4.065905761718750000e+02
4.005952148437500000e+02
3.944769592285156250e+02
3.971742858886718750e+02
3.916739196777343750e+02
3.868532714843750000e+02
3.859794311523437500e+02
3.871847839355468750e+02
3.913934020996093750e+02
3.940605773925781250e+02
3.944945068359375000e+02
3.978054199218750000e+02
4.006769104003906250e+02
4.028912963867187500e+02
4.040708312988281250e+02
4.052228698730468750e+02
4.063241271972656250e+02
4.073232727050781250e+02
4.080781555175781250e+02
4.084357604980468750e+02
4.143948059082031250e+02
4.206605224609375000e+02
4.251648864746093750e+02
4.250640869140625000e+02
4.276492309570312500e+02
4.245960083007812500e+02
4.179799194335937500e+02
4.167301635742187500e+02
4.217416687011718750e+02
4.238733520507812500e+02
4.237054748535156250e+02
4.229932556152343750e+02
4.273149108886718750e+02
4.199737243652343750e+02
4.149807739257812500e+02
4.131852111816406250e+02
4.105398254394531250e+02
4.043671264648437500e+02
3.975165710449218750e+02
