1.582385449218750000e+04
1.572681738281250000e+04
1.581904785156250000e+04
1.582468164062500000e+04
1.605879980468750000e+04
1.604338476562500000e+04
1.611104492187500000e+04
1.612325878906250000e+04
1.582619628906250000e+04
1.569056347656250000e+04
1.574024902343750000e+04
1.577825097656250000e+04
1.577315039062500000e+04
1.570608105468750000e+04
1.571814062500000000e+04
1.625716894531250000e+04
1.646795703125000000e+04
1.646267382812500000e+04
1.658739453125000000e+04
1.650517382812500000e+04
1.644661328125000000e+04
1.637453027343750000e+04
1.660054882812500000e+04
1.693112500000000000e+04
1.689047656250000000e+04
1.685474218750000000e+04
1.680858203125000000e+04
1.680517968750000000e+04
1.674736328125000000e+04
1.664588867187500000e+04
1.675689648437500000e+04
1.673433789062500000e+04
1.663680078125000000e+04
1.663169140625000000e+04
1.668521679687500000e+04
1.670734570312500000e+04
1.674865039062500000e+04
1.648685546875000000e+04
1.648214062500000000e+04
1.650471679687500000e+04
1.646618945312500000e+04
1.647326953125000000e+04
1.653378320312500000e+04
1.620538867187500000e+04
1.624939941406250000e+04
1.626211425781250000e+04
1.624163574218750000e+04
1.626752246093750000e+04
1.626769433593750000e+04
1.629234472656250000e+04
1.704474414062500000e+04
1.716986328125000000e+04
1.712266796875000000e+04
1.728032812500000000e+04
1.733557617187500000e+04
1.744323242187500000e+04
1.748104492187500000e+04
1.775497265625000000e+04
1.797200585937500000e+04
1.793339453125000000e+04
1.778439843750000000e+04
1.764880468750000000e+04
1.769850976562500000e+04
1.769026367187500000e+04
1.821637695312500000e+04
1.819343164062500000e+04
1.829118945312500000e+04
1.833562695312500000e+04
1.826785351562500000e+04
1.832281640625000000e+04
1.835078906250000000e+04
1.838237500000000000e+04
1.819262695312500000e+04
1.815341406250000000e+04
1.812914062500000000e+04
1.813095117187500000e+04
1.824082031250000000e+04
1.826287109375000000e+04
1.777044531250000000e+04
1.776729101562500000e+04
1.781766992187500000e+04
1.788763671875000000e+04
1.793745312500000000e+04
1.813621679687500000e+04
1.807336523437500000e+04
1.830445703125000000e+04
1.821585546875000000e+04
1.817200000000000000e+04
1.814883789062500000e+04
1.795903906250000000e+04
1.800626757812500000e+04
1.801657812500000000e+04
1.758103906250000000e+04
1.755983398437500000e+04
1.764226757812500000e+04
1.765598242187500000e+04
1.770989648437500000e+04
1.769926953125000000e+04
1.770399023437500000e+04
1.753562500000000000e+04
1.769379101562500000e+04
1.764687695312500000e+04
1.757709960937500000e+04
1.740638085937500000e+04
1.750128320312500000e+04
1.749017773437500000e+04
1.750867187500000000e+04
1.746779687500000000e+04
1.756449804687500000e+04
1.764585937500000000e+04
1.766290820312500000e+04
1.760987500000000000e+04
1.759365039062500000e+04
1.768485351562500000e+04
1.762117187500000000e+04
1.767540039062500000e+04
1.766574218750000000e+04
1.766396484375000000e+04
1.773082031250000000e+04
1.771646679687500000e+04
1.752211914062500000e+04
1.755121484375000000e+04
1.756195312500000000e+04
1.763241601562500000e+04
1.763831054687500000e+04
1.764993164062500000e+04
1.762617773437500000e+04
1.711208203125000000e+04
1.729626171875000000e+04
1.730095507812500000e+04
1.724709570312500000e+04
1.731878710937500000e+04
1.742491210937500000e+04
1.737794531250000000e+04
1.791227148437500000e+04
1.803598046875000000e+04
1.802675195312500000e+04
1.807775195312500000e+04
1.797634375000000000e+04
1.798544140625000000e+04
1.822701367187500000e+04
1.826444140625000000e+04
1.825215625000000000e+04
1.825651171875000000e+04
1.837579882812500000e+04
1.825180859375000000e+04
1.857384570312500000e+04
1.858106640625000000e+04
1.887518554687500000e+04
1.875746484375000000e+04
1.887715039062500000e+04
1.883756445312500000e+04
1.883392382812500000e+04
1.882105664062500000e+04
1.875441992187500000e+04
1.869310937500000000e+04
1.857381445312500000e+04
1.860929687500000000e+04
1.855731054687500000e+04
1.867967382812500000e+04
1.868557812500000000e+04
1.865277929687500000e+04
1.923726171875000000e+04
1.928984179687500000e+04
1.926894531250000000e+04
1.929785937500000000e+04
1.933838281250000000e+04
1.937977148437500000e+04
1.945771679687500000e+04
1.944387695312500000e+04
1.928913281250000000e+04
1.932777929687500000e+04
1.927970117187500000e+04
1.929753320312500000e+04
1.937423046875000000e+04
1.942041210937500000e+04
1.954920703125000000e+04
1.941302343750000000e+04
1.945906250000000000e+04
1.963789257812500000e+04
1.924797851562500000e+04
1.886710546875000000e+04
1.880409570312500000e+04
1.909202148437500000e+04
1.935307812500000000e+04
1.933720703125000000e+04
1.927219921875000000e+04
1.937821093750000000e+04
1.947068359375000000e+04
1.942325781250000000e+04
1.944033203125000000e+04
1.965186328125000000e+04
1.972503906250000000e+04
1.968703710937500000e+04
1.983811328125000000e+04
1.986737695312500000e+04
1.983872070312500000e+04
1.952750585937500000e+04
1.947089648437500000e+04
1.951871679687500000e+04
1.953455078125000000e+04
1.946841015625000000e+04
1.947671093750000000e+04
1.948419921875000000e+04
1.959775000000000000e+04
1.952361523437500000e+04
1.958325585937500000e+04
1.955502148437500000e+04
1.955509765625000000e+04
1.964647070312500000e+04
1.958654687500000000e+04
1.964355468750000000e+04
1.968965039062500000e+04
1.970280664062500000e+04
1.973391210937500000e+04
1.969040820312500000e+04
1.972007812500000000e+04
1.965458203125000000e+04
1.929884375000000000e+04
1.943130273437500000e+04
1.944077343750000000e+04
1.942862890625000000e+04
1.945025000000000000e+04
1.938177343750000000e+04
1.936653710937500000e+04
1.940234765625000000e+04
1.937883984375000000e+04
1.938410351562500000e+04
1.939863671875000000e+04
1.943379687500000000e+04
1.948305664062500000e+04
1.942726171875000000e+04
1.943952343750000000e+04
1.938939843750000000e+04
1.935132226562500000e+04
1.935290820312500000e+04
1.929604296875000000e+04
1.926829296875000000e+04
1.934503515625000000e+04
1.913443359375000000e+04
1.911945312500000000e+04
1.909100000000000000e+04
1.891170312500000000e+04
1.900025000000000000e+04
1.909129492187500000e+04
1.909180273437500000e+04
1.917146484375000000e+04
1.909378710937500000e+04
1.910232812500000000e+04
1.910150976562500000e+04
1.911619140625000000e+04
1.911544921875000000e+04
1.914534179687500000e+04
1.966371875000000000e+04
1.959755078125000000e+04
1.963909765625000000e+04
1.961611328125000000e+04
1.955826953125000000e+04
1.964372265625000000e+04
1.966614843750000000e+04
1.960469140625000000e+04
1.958778515625000000e+04
1.955725585937500000e+04
1.956931054687500000e+04
1.955652734375000000e+04
1.962380078125000000e+04
1.958020898437500000e+04
2.000940234375000000e+04
2.000677148437500000e+04
1.996411718750000000e+04
1.988966406250000000e+04
1.980338867187500000e+04
1.982998046875000000e+04
1.986033007812500000e+04
1.969950781250000000e+04
1.967580273437500000e+04
1.968586132812500000e+04
1.969159375000000000e+04
1.968288671875000000e+04
1.971459765625000000e+04
1.973229101562500000e+04
1.983759375000000000e+04
1.985934179687500000e+04
1.987075781250000000e+04
1.978519531250000000e+04
1.982208203125000000e+04
1.982488867187500000e+04
1.977542968750000000e+04
1.986192382812500000e+04
1.997670703125000000e+04
1.999551562500000000e+04
2.000214648437500000e+04
2.013335546875000000e+04
2.006066210937500000e+04
2.008036718750000000e+04
2.035164257812500000e+04
2.040262109375000000e+04
2.043818750000000000e+04
2.038078906250000000e+04
2.048763476562500000e+04
2.053181835937500000e+04
2.060553125000000000e+04
2.079374023437500000e+04
2.076772460937500000e+04
2.069803320312500000e+04
2.076138085937500000e+04
2.077919531250000000e+04
2.077015234375000000e+04
2.079262695312500000e+04
2.079267187500000000e+04
2.082724414062500000e+04
2.084649414062500000e+04
2.073382812500000000e+04
2.076718945312500000e+04
2.077836718750000000e+04
2.076631250000000000e+04
2.091660937500000000e+04
2.091651171875000000e+04
2.093856445312500000e+04
2.087503710937500000e+04
2.093535351562500000e+04
2.092810546875000000e+04
2.095180273437500000e+04
2.090194531250000000e+04
2.093488671875000000e+04
2.092537500000000000e+04
2.094471484375000000e+04
2.093733203125000000e+04
2.090126367187500000e+04
2.092765039062500000e+04
2.104545507812500000e+04
2.099943554687500000e+04
2.103209179687500000e+04
2.104407031250000000e+04
2.099730664062500000e+04
2.095424218750000000e+04
2.097749804687500000e+04
2.102286132812500000e+04
2.098087109375000000e+04
2.095525390625000000e+04
2.097056640625000000e+04
2.098300390625000000e+04
2.097472656250000000e+04
2.103428125000000000e+04
2.099693359375000000e+04
2.100683984375000000e+04
2.102256054687500000e+04
2.102338281250000000e+04
2.106209375000000000e+04
2.105244531250000000e+04
2.106692578125000000e+04
2.113139843750000000e+04
2.109931250000000000e+04
2.105850195312500000e+04
2.104625976562500000e+04
2.104683984375000000e+04
2.105005468750000000e+04
2.109286718750000000e+04
2.102176562500000000e+04
2.104129296875000000e+04
2.102821093750000000e+04
2.100141015625000000e+04
2.102825195312500000e+04
2.102397265625000000e+04
2.104885937500000000e+04
2.103528710937500000e+04
2.104099023437500000e+04
2.102196484375000000e+04
2.105393359375000000e+04
2.105313281250000000e+04
2.103537695312500000e+04
2.105011914062500000e+04
2.100642968750000000e+04
2.102660546875000000e+04
2.105357031250000000e+04
2.106199609375000000e+04
2.105337109375000000e+04
2.102184765625000000e+04
2.106179687500000000e+04
2.110019531250000000e+04
2.107506054687500000e+04
2.109187500000000000e+04
2.112435937500000000e+04
2.112211718750000000e+04
2.112817187500000000e+04
2.114538476562500000e+04
2.117751171875000000e+04
2.114329882812500000e+04
2.115458789062500000e+04
2.116190429687500000e+04
2.116060937500000000e+04
2.114007421875000000e+04
2.117753125000000000e+04
2.112600195312500000e+04
2.112944921875000000e+04
2.117683007812500000e+04
2.114677734375000000e+04
2.113802734375000000e+04
2.114293359375000000e+04
2.111737304687500000e+04
2.116335937500000000e+04
2.116274804687500000e+04
2.117847460937500000e+04
2.116134765625000000e+04
2.113435937500000000e+04
2.113435742187500000e+04
2.113186718750000000e+04
2.114952148437500000e+04
2.110067578125000000e+04
2.107039843750000000e+04
2.112309570312500000e+04
2.107734375000000000e+04
2.107427148437500000e+04
2.111317773437500000e+04
2.109498632812500000e+04
2.112112890625000000e+04
2.112800195312500000e+04
2.111284765625000000e+04
2.113905859375000000e+04
2.111938476562500000e+04
2.112709179687500000e+04
2.111278515625000000e+04
2.116847656250000000e+04
2.111362695312500000e+04
2.113665429687500000e+04
2.113221093750000000e+04
2.108828710937500000e+04
2.115310937500000000e+04
2.101700585937500000e+04
2.102077148437500000e+04
2.104038671875000000e+04
2.105277734375000000e+04
2.105174023437500000e+04
2.108810351562500000e+04
2.106287500000000000e+04
2.092516210937500000e+04
2.087961718750000000e+04
2.088499023437500000e+04
2.086460546875000000e+04
2.088194140625000000e+04
2.087170117187500000e+04
2.088946484375000000e+04
2.095624414062500000e+04
2.101534179687500000e+04
2.097014257812500000e+04
2.094772656250000000e+04
2.092228906250000000e+04
2.093392382812500000e+04
2.094987695312500000e+04
2.090316601562500000e+04
2.091629882812500000e+04
2.093267773437500000e+04
2.092800976562500000e+04
2.093439257812500000e+04
2.092396484375000000e+04
2.093247070312500000e+04
2.093930468750000000e+04
2.095009960937500000e+04
2.096221679687500000e+04
2.100972656250000000e+04
2.104571875000000000e+04
2.101664257812500000e+04
2.104228320312500000e+04
2.097434960937500000e+04
2.088210546875000000e+04
2.090188281250000000e+04
2.088373242187500000e+04
2.091295117187500000e+04
2.088222851562500000e+04
2.089986132812500000e+04
2.075842382812500000e+04
2.080600000000000000e+04
2.084686718750000000e+04
2.085051953125000000e+04
2.080985937500000000e+04
2.090473437500000000e+04
2.086550000000000000e+04
2.082991210937500000e+04
2.084607617187500000e+04
2.085969335937500000e+04
2.082830273437500000e+04
2.081530664062500000e+04
2.082777539062500000e+04
2.085387890625000000e+04
2.063192773437500000e+04
2.066672460937500000e+04
2.066811914062500000e+04
2.065512695312500000e+04
2.068683984375000000e+04
2.066879492187500000e+04
2.067926953125000000e+04
2.084766796875000000e+04
2.090078515625000000e+04
2.092237109375000000e+04
2.092069726562500000e+04
2.081459960937500000e+04
2.075649218750000000e+04
2.071380468750000000e+04
2.069363281250000000e+04
2.068765625000000000e+04
2.069021679687500000e+04
2.068283984375000000e+04
2.063894140625000000e+04
2.059330664062500000e+04
2.064677343750000000e+04
2.064967382812500000e+04
2.063398632812500000e+04
2.069090234375000000e+04
2.067507031250000000e+04
2.075038085937500000e+04
2.070472265625000000e+04
2.070211523437500000e+04
2.066360937500000000e+04
2.055998437500000000e+04
2.056035351562500000e+04
2.049315625000000000e+04
2.047655664062500000e+04
2.043894921875000000e+04
2.046139257812500000e+04
2.038877343750000000e+04
2.046074218750000000e+04
2.045452148437500000e+04
2.043873828125000000e+04
2.041725781250000000e+04
2.035133007812500000e+04
2.037698828125000000e+04
2.036312695312500000e+04
2.044063867187500000e+04
2.043946289062500000e+04
2.035026757812500000e+04
2.028718359375000000e+04
2.031801171875000000e+04
2.029665625000000000e+04
2.009618554687500000e+04
2.007974414062500000e+04
2.006577539062500000e+04
2.009093554687500000e+04
2.008325390625000000e+04
2.002406445312500000e+04
2.000131640625000000e+04
1.997333789062500000e+04
1.994069140625000000e+04
1.986905078125000000e+04
1.990735546875000000e+04
1.987173046875000000e+04
1.990417578125000000e+04
1.994300585937500000e+04
2.006576171875000000e+04
2.001225585937500000e+04
1.999639648437500000e+04
1.986016992187500000e+04
1.990625390625000000e+04
1.979501562500000000e+04
1.979423046875000000e+04
2.018939843750000000e+04
2.032311914062500000e+04
2.036620117187500000e+04
2.034413085937500000e+04
2.042063085937500000e+04
2.041061914062500000e+04
2.044224414062500000e+04
2.039303125000000000e+04
2.039508789062500000e+04
2.043481054687500000e+04
2.037675781250000000e+04
2.036860351562500000e+04
2.035660937500000000e+04
2.035620898437500000e+04
2.043331640625000000e+04
2.049970507812500000e+04
2.047368750000000000e+04
2.047684765625000000e+04
2.055940625000000000e+04
2.052158789062500000e+04
2.047370312500000000e+04
2.045579296875000000e+04
2.049211523437500000e+04
2.049122265625000000e+04
2.051517968750000000e+04
2.053156250000000000e+04
2.049958398437500000e+04
2.047991406250000000e+04
2.068950781250000000e+04
2.061672851562500000e+04
2.067512890625000000e+04
2.058500000000000000e+04
2.034497070312500000e+04
2.045097460937500000e+04
2.043224804687500000e+04
2.011597656250000000e+04
2.001451757812500000e+04
2.003248632812500000e+04
2.004681640625000000e+04
2.002481835937500000e+04
2.004652734375000000e+04
2.006433789062500000e+04
2.002919531250000000e+04
2.003359375000000000e+04
2.007285546875000000e+04
2.004030859375000000e+04
2.009045117187500000e+04
1.995362695312500000e+04
1.990133398437500000e+04
1.944645703125000000e+04
1.952228710937500000e+04
1.943414257812500000e+04
1.942280273437500000e+04
1.943990234375000000e+04
1.938806835937500000e+04
1.932226953125000000e+04
1.962260351562500000e+04
1.975702343750000000e+04
1.972487500000000000e+04
1.969783398437500000e+04
1.971199218750000000e+04
1.963805078125000000e+04
1.967879687500000000e+04
1.950863085937500000e+04
1.931897656250000000e+04
1.932856640625000000e+04
1.932733984375000000e+04
1.928183007812500000e+04
1.918283398437500000e+04
1.924917578125000000e+04
1.964961914062500000e+04
1.953827343750000000e+04
1.946290234375000000e+04
1.944928515625000000e+04
1.950688281250000000e+04
1.954356054687500000e+04
1.951557031250000000e+04
1.931091992187500000e+04
1.928169531250000000e+04
1.923804101562500000e+04
1.925509570312500000e+04
1.917376562500000000e+04
1.915803125000000000e+04
1.920250976562500000e+04
1.941840625000000000e+04
1.955172265625000000e+04
1.952775195312500000e+04
1.948026562500000000e+04
1.943593945312500000e+04
1.947716015625000000e+04
1.952720703125000000e+04
1.913873632812500000e+04
1.900974414062500000e+04
1.901454492187500000e+04
1.899998437500000000e+04
1.890115429687500000e+04
1.891671875000000000e+04
1.899949609375000000e+04
1.908876562500000000e+04
1.904079296875000000e+04
1.906541601562500000e+04
1.913616796875000000e+04
1.918185742187500000e+04
1.924738671875000000e+04
1.922801367187500000e+04
1.965525000000000000e+04
1.959220507812500000e+04
1.959072851562500000e+04
1.954555859375000000e+04
1.959118554687500000e+04
1.955631835937500000e+04
1.957203906250000000e+04
1.970074609375000000e+04
1.967740039062500000e+04
1.971057226562500000e+04
1.980236523437500000e+04
1.988249609375000000e+04
1.995001562500000000e+04
1.998565820312500000e+04
1.991524609375000000e+04
1.996783593750000000e+04
1.999050585937500000e+04
1.996510937500000000e+04
1.990981445312500000e+04
1.989195312500000000e+04
1.991153906250000000e+04
1.956146875000000000e+04
1.957850000000000000e+04
1.980044140625000000e+04
1.977208593750000000e+04
1.973113085937500000e+04
1.963546484375000000e+04
1.956725000000000000e+04
1.964235351562500000e+04
1.969899023437500000e+04
1.970325781250000000e+04
1.971626953125000000e+04
1.977599609375000000e+04
1.976420703125000000e+04
1.978193164062500000e+04
2.010056250000000000e+04
2.009101757812500000e+04
2.009138671875000000e+04
2.009287304687500000e+04
2.007735937500000000e+04
2.009447460937500000e+04
2.011639257812500000e+04
2.007623046875000000e+04
2.006548046875000000e+04
2.003830468750000000e+04
2.015272070312500000e+04
2.019328125000000000e+04
2.022361914062500000e+04
2.024908398437500000e+04
2.050318359375000000e+04
2.039757421875000000e+04
2.039699218750000000e+04
2.033547265625000000e+04
2.030478906250000000e+04
2.035909375000000000e+04
2.033874414062500000e+04
2.032444921875000000e+04
2.029329101562500000e+04
2.024674609375000000e+04
2.029457031250000000e+04
2.031947656250000000e+04
2.030020898437500000e+04
2.034834765625000000e+04
2.021561914062500000e+04
2.022145117187500000e+04
2.023518750000000000e+04
2.018839843750000000e+04
2.025117382812500000e+04
2.024983789062500000e+04
2.022396875000000000e+04
2.025869921875000000e+04
2.024394921875000000e+04
2.021896093750000000e+04
2.019493359375000000e+04
2.017958593750000000e+04
2.026030273437500000e+04
2.026497851562500000e+04
2.043084960937500000e+04
2.032105664062500000e+04
2.028088476562500000e+04
2.027855273437500000e+04
2.032808398437500000e+04
2.037634179687500000e+04
2.042983789062500000e+04
2.028099414062500000e+04
2.028353320312500000e+04
2.028995703125000000e+04
2.028330078125000000e+04
2.027490234375000000e+04
2.023207421875000000e+04
2.027514648437500000e+04
2.012028710937500000e+04
2.016059570312500000e+04
2.017614453125000000e+04
2.016493164062500000e+04
2.016068164062500000e+04
2.024661132812500000e+04
2.028834570312500000e+04
2.032877148437500000e+04
2.026471679687500000e+04
2.025281640625000000e+04
2.031066601562500000e+04
2.032606835937500000e+04
2.030983593750000000e+04
2.037521875000000000e+04
2.034099218750000000e+04
2.042454882812500000e+04
2.045295312500000000e+04
2.048550000000000000e+04
2.059660546875000000e+04
2.063327539062500000e+04
2.060364062500000000e+04
2.052838476562500000e+04
2.047397656250000000e+04
2.050259765625000000e+04
2.052535156250000000e+04
2.049809960937500000e+04
2.049776757812500000e+04
2.050712109375000000e+04
2.043287695312500000e+04
2.045944726562500000e+04
2.048298046875000000e+04
2.045252539062500000e+04
2.035108203125000000e+04
2.034236523437500000e+04
2.033012890625000000e+04
2.034067578125000000e+04
2.031590429687500000e+04
2.036525585937500000e+04
2.030919726562500000e+04
2.036352929687500000e+04
2.035667968750000000e+04
2.032546093750000000e+04
2.025016015625000000e+04
2.019294726562500000e+04
2.021735546875000000e+04
2.012984765625000000e+04
2.014931054687500000e+04
2.002914062500000000e+04
2.003299023437500000e+04
2.003098828125000000e+04
1.999178515625000000e+04
1.994201367187500000e+04
1.986502343750000000e+04
1.978798242187500000e+04
1.987746875000000000e+04
1.994413671875000000e+04
1.975357617187500000e+04
1.967814257812500000e+04
1.964239257812500000e+04
1.957586132812500000e+04
1.959950585937500000e+04
1.959863476562500000e+04
1.960962109375000000e+04
1.967739843750000000e+04
1.975883398437500000e+04
1.970453125000000000e+04
1.978211132812500000e+04
1.977220507812500000e+04
1.975533984375000000e+04
1.974337304687500000e+04
1.975844921875000000e+04
1.971771679687500000e+04
1.975471484375000000e+04
1.977830273437500000e+04
1.980710156250000000e+04
1.980503320312500000e+04
1.983012695312500000e+04
1.993618359375000000e+04
1.988996484375000000e+04
1.995390429687500000e+04
1.993411914062500000e+04
1.993177343750000000e+04
1.992036132812500000e+04
1.992538476562500000e+04
1.976777148437500000e+04
1.990249218750000000e+04
1.989615039062500000e+04
1.997590820312500000e+04
1.993142773437500000e+04
1.996029882812500000e+04
1.990930468750000000e+04
1.962323046875000000e+04
1.958397851562500000e+04
1.958794140625000000e+04
1.958565234375000000e+04
1.962810351562500000e+04
1.964516796875000000e+04
1.969573046875000000e+04
1.993393164062500000e+04
1.988383007812500000e+04
1.987224609375000000e+04
1.987878515625000000e+04
1.983574414062500000e+04
1.989401562500000000e+04
1.991173632812500000e+04
1.995562890625000000e+04
1.998517578125000000e+04
2.003675976562500000e+04
2.003436914062500000e+04
2.000002539062500000e+04
1.998352929687500000e+04
1.997802734375000000e+04
2.014942578125000000e+04
2.014546679687500000e+04
2.014047265625000000e+04
2.014747851562500000e+04
2.018136914062500000e+04
2.022805664062500000e+04
2.021061523437500000e+04
2.022158007812500000e+04
2.015058593750000000e+04
2.016306640625000000e+04
2.018402929687500000e+04
1.989453710937500000e+04
1.988069335937500000e+04
1.988565234375000000e+04
1.974791210937500000e+04
1.974782031250000000e+04
1.974505273437500000e+04
1.977231250000000000e+04
1.975828320312500000e+04
1.978039062500000000e+04
1.978289062500000000e+04
1.971086328125000000e+04
1.972962695312500000e+04
1.971332226562500000e+04
1.966520898437500000e+04
1.963892578125000000e+04
1.969916992187500000e+04
1.972969921875000000e+04
1.969627929687500000e+04
1.970963281250000000e+04
1.971113867187500000e+04
1.966696289062500000e+04
1.965961914062500000e+04
1.965484570312500000e+04
1.959578515625000000e+04
1.959925000000000000e+04
1.964148632812500000e+04
1.964176367187500000e+04
1.983457031250000000e+04
1.999532421875000000e+04
1.987348828125000000e+04
1.993851562500000000e+04
2.003640625000000000e+04
2.002147265625000000e+04
1.999280664062500000e+04
1.996191406250000000e+04
1.993665429687500000e+04
1.991306445312500000e+04
1.997186914062500000e+04
1.994074218750000000e+04
1.988295117187500000e+04
1.987142578125000000e+04
1.977831640625000000e+04
1.976061328125000000e+04
1.959135351562500000e+04
1.956581835937500000e+04
1.983658789062500000e+04
1.980567382812500000e+04
1.977563085937500000e+04
1.975814648437500000e+04
1.967247851562500000e+04
1.971953125000000000e+04
1.971285351562500000e+04
1.948304296875000000e+04
1.956093945312500000e+04
1.953850390625000000e+04
1.948019726562500000e+04
1.952277929687500000e+04
1.944942578125000000e+04
1.945806835937500000e+04
1.973808789062500000e+04
1.967025195312500000e+04
1.968738867187500000e+04
1.971204687500000000e+04
1.973398046875000000e+04
1.967633593750000000e+04
1.966710156250000000e+04
1.963690429687500000e+04
1.959399804687500000e+04
1.957298242187500000e+04
1.956348242187500000e+04
1.955445703125000000e+04
1.942711132812500000e+04
1.945822070312500000e+04
1.916522265625000000e+04
1.923972656250000000e+04
1.925686328125000000e+04
1.921756250000000000e+04
1.920198437500000000e+04
1.910722265625000000e+04
1.910746093750000000e+04
1.884235156250000000e+04
1.872020507812500000e+04
1.870917968750000000e+04
1.864999609375000000e+04
1.867886328125000000e+04
1.872505273437500000e+04
1.874840039062500000e+04
1.875931250000000000e+04
1.867006250000000000e+04
1.868960351562500000e+04
1.861093554687500000e+04
1.858157421875000000e+04
1.858708398437500000e+04
1.853727929687500000e+04
1.848905468750000000e+04
1.839864062500000000e+04
1.837383593750000000e+04
1.839105078125000000e+04
1.855123242187500000e+04
1.857006054687500000e+04
1.859373828125000000e+04
1.821502539062500000e+04
1.817420898437500000e+04
1.817860937500000000e+04
1.810711718750000000e+04
1.809695507812500000e+04
1.820607421875000000e+04
1.824279882812500000e+04
1.833892187500000000e+04
1.843303320312500000e+04
1.839275976562500000e+04
1.844107226562500000e+04
1.829418359375000000e+04
1.829322460937500000e+04
1.822050000000000000e+04
1.878477929687500000e+04
1.884187500000000000e+04
1.885775000000000000e+04
1.883061523437500000e+04
1.895851757812500000e+04
1.892862304687500000e+04
1.891554492187500000e+04
1.902989453125000000e+04
1.900716210937500000e+04
1.902497851562500000e+04
1.892377343750000000e+04
1.904819140625000000e+04
1.909155664062500000e+04
1.907886328125000000e+04
1.928295507812500000e+04
1.925486914062500000e+04
1.916064648437500000e+04
1.918696093750000000e+04
1.907796484375000000e+04
1.909204101562500000e+04
1.908634375000000000e+04
1.932293359375000000e+04
1.926537500000000000e+04
1.927118164062500000e+04
1.930892382812500000e+04
1.921240625000000000e+04
1.920468750000000000e+04
1.924217578125000000e+04
1.922449414062500000e+04
1.915436523437500000e+04
1.916093164062500000e+04
1.923800195312500000e+04
1.923210351562500000e+04
1.929403710937500000e+04
1.929697265625000000e+04
1.923987304687500000e+04
1.930198437500000000e+04
1.933722265625000000e+04
1.935036914062500000e+04
1.942624609375000000e+04
1.939982226562500000e+04
1.937456445312500000e+04
1.932062695312500000e+04
1.929993164062500000e+04
1.926309570312500000e+04
1.941374414062500000e+04
1.942301562500000000e+04
1.934695117187500000e+04
1.939158203125000000e+04
1.930727734375000000e+04
1.943772070312500000e+04
1.947074804687500000e+04
1.942852929687500000e+04
1.952341015625000000e+04
1.950621679687500000e+04
1.950710937500000000e+04
1.952118750000000000e+04
1.952681835937500000e+04
1.950128906250000000e+04
1.940639257812500000e+04
1.938907812500000000e+04
1.937558789062500000e+04
1.941098828125000000e+04
1.956219726562500000e+04
1.952562304687500000e+04
1.957533593750000000e+04
1.965542382812500000e+04
1.969322460937500000e+04
1.977059960937500000e+04
1.978760742187500000e+04
1.990541015625000000e+04
1.989841406250000000e+04
1.994109570312500000e+04
2.000974804687500000e+04
2.004099414062500000e+04
1.999059570312500000e+04
1.997668554687500000e+04
1.984600390625000000e+04
1.977543945312500000e+04
1.973195312500000000e+04
1.979067968750000000e+04
1.980184765625000000e+04
1.987983007812500000e+04
1.992171875000000000e+04
1.966317773437500000e+04
1.959177343750000000e+04
1.959987890625000000e+04
1.958476171875000000e+04
1.958153125000000000e+04
1.958653320312500000e+04
1.960806835937500000e+04
1.934523437500000000e+04
1.923826757812500000e+04
1.923212890625000000e+04
1.917613671875000000e+04
1.921264648437500000e+04
1.921808007812500000e+04
1.921659570312500000e+04
1.893923828125000000e+04
1.884087500000000000e+04
1.884386328125000000e+04
1.884288476562500000e+04
1.886258789062500000e+04
1.888780664062500000e+04
1.887532812500000000e+04
1.883080664062500000e+04
1.889471484375000000e+04
1.884079687500000000e+04
1.882698242187500000e+04
1.879972070312500000e+04
1.878889648437500000e+04
1.877424609375000000e+04
1.898537500000000000e+04
1.910049218750000000e+04
1.905713281250000000e+04
1.905591406250000000e+04
1.914487304687500000e+04
1.919069726562500000e+04
1.914815820312500000e+04
1.906086523437500000e+04
1.913330468750000000e+04
1.910068945312500000e+04
1.909266796875000000e+04
1.911070312500000000e+04
1.915425195312500000e+04
1.915107617187500000e+04
1.896328125000000000e+04
1.890917773437500000e+04
1.885513867187500000e+04
1.889853125000000000e+04
1.888965625000000000e+04
1.889628710937500000e+04
1.892232031250000000e+04
1.896363867187500000e+04
1.892441796875000000e+04
1.892054882812500000e+04
1.898013281250000000e+04
1.887640429687500000e+04
1.895556835937500000e+04
1.891778906250000000e+04
1.913770898437500000e+04
1.920224804687500000e+04
1.921731445312500000e+04
1.922487500000000000e+04
1.927966601562500000e+04
1.934361328125000000e+04
1.925474609375000000e+04
1.937712500000000000e+04
1.936896289062500000e+04
1.938976757812500000e+04
1.934950000000000000e+04
1.933068164062500000e+04
1.939540625000000000e+04
1.938695898437500000e+04
1.918448828125000000e+04
1.910931054687500000e+04
1.913912500000000000e+04
1.918175585937500000e+04
1.910811914062500000e+04
1.914758789062500000e+04
1.910284570312500000e+04
1.888203125000000000e+04
1.853858203125000000e+04
1.851906835937500000e+04
1.852851562500000000e+04
1.855754296875000000e+04
1.854303320312500000e+04
1.852018945312500000e+04
1.833062109375000000e+04
1.836598437500000000e+04
1.832849218750000000e+04
1.847515625000000000e+04
1.838492773437500000e+04
1.837297656250000000e+04
1.836248632812500000e+04
1.860778320312500000e+04
1.846869921875000000e+04
1.850319531250000000e+04
1.844018554687500000e+04
1.843785156250000000e+04
1.846266015625000000e+04
1.846732617187500000e+04
1.861776757812500000e+04
1.877834960937500000e+04
1.873414843750000000e+04
1.870881054687500000e+04
1.870446484375000000e+04
1.866721679687500000e+04
1.865013867187500000e+04
1.887788867187500000e+04
1.886811718750000000e+04
1.885826171875000000e+04
1.883410937500000000e+04
1.882160156250000000e+04
1.884110546875000000e+04
1.884755273437500000e+04
1.927890820312500000e+04
1.931716210937500000e+04
1.928574609375000000e+04
1.932445898437500000e+04
1.933062890625000000e+04
1.931489257812500000e+04
1.932425390625000000e+04
1.939549218750000000e+04
1.941775585937500000e+04
1.937956835937500000e+04
1.940145507812500000e+04
1.939086132812500000e+04
1.937369726562500000e+04
1.940752343750000000e+04
1.908859375000000000e+04
1.903040820312500000e+04
1.898266992187500000e+04
1.902199609375000000e+04
1.902456054687500000e+04
1.902496875000000000e+04
1.901769531250000000e+04
1.873626171875000000e+04
1.872591796875000000e+04
1.877775976562500000e+04
1.879888867187500000e+04
1.890311523437500000e+04
1.895353125000000000e+04
1.893059375000000000e+04
1.902806250000000000e+04
1.896860351562500000e+04
1.897705468750000000e+04
1.899939257812500000e+04
1.894181640625000000e+04
1.890311328125000000e+04
1.890934765625000000e+04
1.912594140625000000e+04
1.906369726562500000e+04
1.907121289062500000e+04
1.900018945312500000e+04
1.901560351562500000e+04
1.902059179687500000e+04
1.905487890625000000e+04
1.888518945312500000e+04
1.877389257812500000e+04
1.881070312500000000e+04
1.873733984375000000e+04
1.858382226562500000e+04
1.863575000000000000e+04
1.865281835937500000e+04
1.922833593750000000e+04
1.923604687500000000e+04
1.924700195312500000e+04
1.923628710937500000e+04
1.934936718750000000e+04
1.938783984375000000e+04
1.941309960937500000e+04
1.931234960937500000e+04
1.921323632812500000e+04
1.928556054687500000e+04
1.926351367187500000e+04
1.935655664062500000e+04
1.934677148437500000e+04
1.938166992187500000e+04
1.962673437500000000e+04
1.960926562500000000e+04
1.961743750000000000e+04
1.961303320312500000e+04
1.953862695312500000e+04
1.964362890625000000e+04
1.962147851562500000e+04
1.953021875000000000e+04
1.977514648437500000e+04
1.978838281250000000e+04
1.980915820312500000e+04
1.986283203125000000e+04
1.985935742187500000e+04
1.987161328125000000e+04
2.016398242187500000e+04
2.012069335937500000e+04
2.011760546875000000e+04
2.011515820312500000e+04
2.016624218750000000e+04
2.007577539062500000e+04
2.006581835937500000e+04
2.016145898437500000e+04
2.007497656250000000e+04
2.006866210937500000e+04
1.999139843750000000e+04
1.994675976562500000e+04
1.995122460937500000e+04
2.000322656250000000e+04
1.980305859375000000e+04
1.963437109375000000e+04
1.963811914062500000e+04
1.958442578125000000e+04
1.951996093750000000e+04
1.957509570312500000e+04
1.952578320312500000e+04
1.949648437500000000e+04
1.948616601562500000e+04
1.950913281250000000e+04
1.960575390625000000e+04
1.960433007812500000e+04
1.945166406250000000e+04
1.941813867187500000e+04
1.960805273437500000e+04
1.960678515625000000e+04
1.958186914062500000e+04
1.962899609375000000e+04
1.957210351562500000e+04
1.954160351562500000e+04
1.954159570312500000e+04
1.952508203125000000e+04
1.948886132812500000e+04
1.951701562500000000e+04
1.949891601562500000e+04
1.953012500000000000e+04
1.953316406250000000e+04
1.952527343750000000e+04
1.921334375000000000e+04
1.931092968750000000e+04
1.926788671875000000e+04
1.925153125000000000e+04
1.921846093750000000e+04
1.919590625000000000e+04
1.918652734375000000e+04
1.908975585937500000e+04
1.916396679687500000e+04
1.914594726562500000e+04
1.913128906250000000e+04
1.912279882812500000e+04
1.918176562500000000e+04
1.923563671875000000e+04
1.916684570312500000e+04
1.904681640625000000e+04
1.904814843750000000e+04
1.908131054687500000e+04
1.919639453125000000e+04
1.928470507812500000e+04
1.923173632812500000e+04
1.910718164062500000e+04
1.916413867187500000e+04
1.912155273437500000e+04
1.914483984375000000e+04
1.907604492187500000e+04
1.911772265625000000e+04
1.905609375000000000e+04
1.861022656250000000e+04
1.863475390625000000e+04
1.861669531250000000e+04
1.862311132812500000e+04
1.867564453125000000e+04
1.873283593750000000e+04
1.876190625000000000e+04
1.863944921875000000e+04
1.856949414062500000e+04
1.861189062500000000e+04
1.854823828125000000e+04
1.863300976562500000e+04
1.860348242187500000e+04
1.856374414062500000e+04
1.834027343750000000e+04
1.835082226562500000e+04
1.831231445312500000e+04
1.830376367187500000e+04
1.832610156250000000e+04
1.830108593750000000e+04
1.832302929687500000e+04
1.811784960937500000e+04
1.826327539062500000e+04
1.830673046875000000e+04
1.819816015625000000e+04
1.836516601562500000e+04
1.834793359375000000e+04
1.833280468750000000e+04
1.826596679687500000e+04
1.816452929687500000e+04
1.813772265625000000e+04
1.803461132812500000e+04
1.802952734375000000e+04
1.801699023437500000e+04
1.796079101562500000e+04
1.786278125000000000e+04
1.777539062500000000e+04
1.772602539062500000e+04
1.772005468750000000e+04
1.766927539062500000e+04
1.766529492187500000e+04
1.766457617187500000e+04
1.780311328125000000e+04
1.773936132812500000e+04
1.770041601562500000e+04
1.770774023437500000e+04
1.797333984375000000e+04
1.784621875000000000e+04
1.784551367187500000e+04
1.787824218750000000e+04
1.786226171875000000e+04
1.791299609375000000e+04
1.793847070312500000e+04
1.790247070312500000e+04
1.788449414062500000e+04
1.788618750000000000e+04
1.805920703125000000e+04
1.819290625000000000e+04
1.820639648437500000e+04
1.825692968750000000e+04
1.826603320312500000e+04
1.822747851562500000e+04
1.822519531250000000e+04
1.804792382812500000e+04
1.804935156250000000e+04
1.804885546875000000e+04
1.801045507812500000e+04
1.803150781250000000e+04
1.801350781250000000e+04
1.797204296875000000e+04
1.832504687500000000e+04
1.829135937500000000e+04
1.829177929687500000e+04
1.818335351562500000e+04
1.818572656250000000e+04
1.817195507812500000e+04
1.814535546875000000e+04
1.838480859375000000e+04
1.852094921875000000e+04
1.849550000000000000e+04
1.850593750000000000e+04
1.848238281250000000e+04
1.850192578125000000e+04
1.847953710937500000e+04
1.862079296875000000e+04
1.854724218750000000e+04
1.857975195312500000e+04
1.854867773437500000e+04
1.855435742187500000e+04
1.845199414062500000e+04
1.846919335937500000e+04
1.855648437500000000e+04
1.841668359375000000e+04
1.843843359375000000e+04
1.838203710937500000e+04
1.840386914062500000e+04
1.832719140625000000e+04
1.837116601562500000e+04
1.883202343750000000e+04
1.886457421875000000e+04
1.883543945312500000e+04
1.879224609375000000e+04
1.880631640625000000e+04
1.881796289062500000e+04
1.880820703125000000e+04
1.853520312500000000e+04
1.855731640625000000e+04
1.853748632812500000e+04
1.857170898437500000e+04
1.845426757812500000e+04
1.845821484375000000e+04
1.844466796875000000e+04
1.836508007812500000e+04
1.830588281250000000e+04
1.829877539062500000e+04
1.839454296875000000e+04
1.845074414062500000e+04
1.841666406250000000e+04
1.844867968750000000e+04
1.831500976562500000e+04
1.828510351562500000e+04
1.826523242187500000e+04
1.824345703125000000e+04
1.823988281250000000e+04
1.818788281250000000e+04
1.819734179687500000e+04
1.795085546875000000e+04
1.792423046875000000e+04
1.790989843750000000e+04
1.808951171875000000e+04
1.799653906250000000e+04
1.809786914062500000e+04
1.812246484375000000e+04
1.802594531250000000e+04
1.809749218750000000e+04
1.812519140625000000e+04
1.809874414062500000e+04
1.809902148437500000e+04
1.807731835937500000e+04
1.805240429687500000e+04
1.799451367187500000e+04
1.799425000000000000e+04
1.800645507812500000e+04
1.802750976562500000e+04
1.801606250000000000e+04
1.802293359375000000e+04
1.803455273437500000e+04
1.799204296875000000e+04
1.801441210937500000e+04
1.799367578125000000e+04
1.808130468750000000e+04
1.807294140625000000e+04
1.810119921875000000e+04
1.807192578125000000e+04
1.828942773437500000e+04
1.835269531250000000e+04
1.836070898437500000e+04
1.827224414062500000e+04
1.824764453125000000e+04
1.826121484375000000e+04
1.820826562500000000e+04
1.810292773437500000e+04
1.803119921875000000e+04
1.801536328125000000e+04
1.798542968750000000e+04
1.802828515625000000e+04
1.799728710937500000e+04
1.795475000000000000e+04
1.794458789062500000e+04
1.801110742187500000e+04
1.795880859375000000e+04
1.791056250000000000e+04
1.796047851562500000e+04
1.801916406250000000e+04
1.802341601562500000e+04
1.799058984375000000e+04
1.793355468750000000e+04
1.789821289062500000e+04
1.791122070312500000e+04
1.796260546875000000e+04
1.794790625000000000e+04
1.791913867187500000e+04
1.771458789062500000e+04
1.769787500000000000e+04
1.768862695312500000e+04
1.769237890625000000e+04
1.775199804687500000e+04
1.767452929687500000e+04
1.770134765625000000e+04
1.780754687500000000e+04
1.791133398437500000e+04
1.792619726562500000e+04
1.787074023437500000e+04
1.799296093750000000e+04
1.799277734375000000e+04
1.808236328125000000e+04
1.788510742187500000e+04
1.786216992187500000e+04
1.787469531250000000e+04
1.787762500000000000e+04
1.777396484375000000e+04
1.782466015625000000e+04
1.777739648437500000e+04
1.767660351562500000e+04
1.760778515625000000e+04
1.762212890625000000e+04
1.761005664062500000e+04
1.759911132812500000e+04
1.750777539062500000e+04
1.752789257812500000e+04
1.766853710937500000e+04
1.768830664062500000e+04
1.762879492187500000e+04
1.762316406250000000e+04
1.765990625000000000e+04
1.766296679687500000e+04
1.766923437500000000e+04
1.750427929687500000e+04
1.746173046875000000e+04
1.749224609375000000e+04
1.751261523437500000e+04
1.743273046875000000e+04
1.742996679687500000e+04
1.743854296875000000e+04
1.779231054687500000e+04
1.782849414062500000e+04
1.790312109375000000e+04
1.790911914062500000e+04
1.792573828125000000e+04
1.790620312500000000e+04
1.787312109375000000e+04
1.735185546875000000e+04
1.728778125000000000e+04
1.734086132812500000e+04
1.731467187500000000e+04
1.735339648437500000e+04
1.736792578125000000e+04
1.739972851562500000e+04
1.730401953125000000e+04
1.728864062500000000e+04
1.724309570312500000e+04
1.724542773437500000e+04
1.720463085937500000e+04
1.725526953125000000e+04
1.728100976562500000e+04
1.739704296875000000e+04
1.739356054687500000e+04
1.741601367187500000e+04
1.738247851562500000e+04
1.735673242187500000e+04
1.730207617187500000e+04
1.729767968750000000e+04
1.760151367187500000e+04
1.764309570312500000e+04
1.761257617187500000e+04
1.756169335937500000e+04
1.755375585937500000e+04
1.751181640625000000e+04
1.756227148437500000e+04
1.766127343750000000e+04
1.755237890625000000e+04
1.757909375000000000e+04
1.789770703125000000e+04
1.779484570312500000e+04
1.779706835937500000e+04
1.776415625000000000e+04
1.772139648437500000e+04
1.772321093750000000e+04
1.772130859375000000e+04
1.797544531250000000e+04
1.795275000000000000e+04
1.796201757812500000e+04
1.802331445312500000e+04
1.796155859375000000e+04
1.794760937500000000e+04
1.793095117187500000e+04
1.822053710937500000e+04
1.828948242187500000e+04
1.826918750000000000e+04
1.828499023437500000e+04
1.826999023437500000e+04
1.824696093750000000e+04
1.826358593750000000e+04
1.797596679687500000e+04
1.788043945312500000e+04
1.786174414062500000e+04
1.787504492187500000e+04
1.783473437500000000e+04
1.788378515625000000e+04
1.783966796875000000e+04
1.778200781250000000e+04
1.776468750000000000e+04
1.777381250000000000e+04
1.773992382812500000e+04
1.766184960937500000e+04
1.767693164062500000e+04
1.768994335937500000e+04
1.773375781250000000e+04
1.783927929687500000e+04
1.781399414062500000e+04
1.778279687500000000e+04
1.781843945312500000e+04
1.781890625000000000e+04
1.781767187500000000e+04
1.785088085937500000e+04
1.779255664062500000e+04
1.780013476562500000e+04
1.777921093750000000e+04
1.778959179687500000e+04
1.779289257812500000e+04
1.777442773437500000e+04
1.753341601562500000e+04
1.743597656250000000e+04
1.744050390625000000e+04
1.742723632812500000e+04
1.745871679687500000e+04
1.741181445312500000e+04
1.736301171875000000e+04
1.726064843750000000e+04
1.730558789062500000e+04
1.730029296875000000e+04
1.731805078125000000e+04
1.725697070312500000e+04
1.722149414062500000e+04
1.726063671875000000e+04
1.716127929687500000e+04
1.711314843750000000e+04
1.715042578125000000e+04
1.710872851562500000e+04
1.713071875000000000e+04
1.711407226562500000e+04
1.709377539062500000e+04
1.750153906250000000e+04
1.734806640625000000e+04
1.728321289062500000e+04
1.727851757812500000e+04
1.728853906250000000e+04
1.712722070312500000e+04
1.718226562500000000e+04
1.705072265625000000e+04
1.705026757812500000e+04
1.713370312500000000e+04
1.702978125000000000e+04
1.715311328125000000e+04
1.712819921875000000e+04
1.714772265625000000e+04
1.742278710937500000e+04
1.730757812500000000e+04
1.731571875000000000e+04
1.740302734375000000e+04
1.753350390625000000e+04
1.746542382812500000e+04
1.748358984375000000e+04
1.734828515625000000e+04
1.748018554687500000e+04
1.742878515625000000e+04
1.740100000000000000e+04
1.744427929687500000e+04
1.745732421875000000e+04
1.748394140625000000e+04
1.730289648437500000e+04
1.720846289062500000e+04
1.718247460937500000e+04
1.716723437500000000e+04
1.721005859375000000e+04
1.720864843750000000e+04
1.720257421875000000e+04
1.711678906250000000e+04
1.721758593750000000e+04
1.721223242187500000e+04
1.719779101562500000e+04
1.719339843750000000e+04
1.718909375000000000e+04
1.720034179687500000e+04
1.739092968750000000e+04
1.739413476562500000e+04
1.740767578125000000e+04
1.734093164062500000e+04
1.733014453125000000e+04
1.727767968750000000e+04
1.731731054687500000e+04
1.763473828125000000e+04
1.768656640625000000e+04
1.766666015625000000e+04
1.770811523437500000e+04
1.774029882812500000e+04
1.775108789062500000e+04
1.773004101562500000e+04
1.803781054687500000e+04
1.805146289062500000e+04
1.800476367187500000e+04
1.796500390625000000e+04
1.798983789062500000e+04
1.800067187500000000e+04
1.801027734375000000e+04
1.780578515625000000e+04
1.772225781250000000e+04
1.773193554687500000e+04
1.771762890625000000e+04
1.779112695312500000e+04
1.774767382812500000e+04
1.771436132812500000e+04
1.776321679687500000e+04
1.778101367187500000e+04
1.773088867187500000e+04
1.767665039062500000e+04
1.762100390625000000e+04
1.763933203125000000e+04
1.761845117187500000e+04
1.754636132812500000e+04
1.760338085937500000e+04
1.757540234375000000e+04
1.759952148437500000e+04
1.759792187500000000e+04
1.759189062500000000e+04
1.756963281250000000e+04
1.729596679687500000e+04
1.732206054687500000e+04
1.730012890625000000e+04
1.730410937500000000e+04
1.734612109375000000e+04
1.730914843750000000e+04
1.728123046875000000e+04
1.730515039062500000e+04
1.726807421875000000e+04
1.726376171875000000e+04
1.731172460937500000e+04
1.733033984375000000e+04
1.737504296875000000e+04
1.750580664062500000e+04
1.752633789062500000e+04
1.746078710937500000e+04
1.749190234375000000e+04
1.749655468750000000e+04
1.749094531250000000e+04
1.751284179687500000e+04
1.747467773437500000e+04
1.791178320312500000e+04
1.793596875000000000e+04
1.794767578125000000e+04
1.797816796875000000e+04
1.805400195312500000e+04
1.808149804687500000e+04
1.812579492187500000e+04
1.782607421875000000e+04
1.781171875000000000e+04
1.781507226562500000e+04
1.791291796875000000e+04
1.791655664062500000e+04
1.786960546875000000e+04
1.786750195312500000e+04
1.754753125000000000e+04
1.752950000000000000e+04
1.748807812500000000e+04
1.751471875000000000e+04
1.749353515625000000e+04
1.750413085937500000e+04
1.750835742187500000e+04
1.769053515625000000e+04
1.778332031250000000e+04
1.777549609375000000e+04
1.782513085937500000e+04
1.777267578125000000e+04
1.782677734375000000e+04
1.783101953125000000e+04
1.798629882812500000e+04
1.799563867187500000e+04
1.799453515625000000e+04
1.798037695312500000e+04
1.784623242187500000e+04
1.782650000000000000e+04
1.776904101562500000e+04
1.777696289062500000e+04
1.777328515625000000e+04
1.775775781250000000e+04
1.777395117187500000e+04
1.770134960937500000e+04
1.775467382812500000e+04
1.777365820312500000e+04
1.771756445312500000e+04
1.772214453125000000e+04
1.771898046875000000e+04
1.768212890625000000e+04
1.784133984375000000e+04
1.793972265625000000e+04
1.794927343750000000e+04
1.768725781250000000e+04
1.769467578125000000e+04
1.771205078125000000e+04
1.770894726562500000e+04
1.763716015625000000e+04
1.762219726562500000e+04
1.760932617187500000e+04
1.747772265625000000e+04
1.742035937500000000e+04
1.744777734375000000e+04
1.750611718750000000e+04
1.757450585937500000e+04
1.760020117187500000e+04
1.758665429687500000e+04
1.753589843750000000e+04
1.749873437500000000e+04
1.748710937500000000e+04
1.744920898437500000e+04
1.742574609375000000e+04
1.742566992187500000e+04
1.742710351562500000e+04
1.722236328125000000e+04
1.714411718750000000e+04
1.709479882812500000e+04
1.706770898437500000e+04
1.701475195312500000e+04
1.703103906250000000e+04
1.710476953125000000e+04
1.706132031250000000e+04
1.710868359375000000e+04
1.715631640625000000e+04
1.708184375000000000e+04
1.714372656250000000e+04
1.714610156250000000e+04
1.715269921875000000e+04
1.703851171875000000e+04
1.708542578125000000e+04
1.703648437500000000e+04
1.703363671875000000e+04
1.702929101562500000e+04
1.696460156250000000e+04
1.694112109375000000e+04
1.693931054687500000e+04
1.690190234375000000e+04
1.685129101562500000e+04
1.688350195312500000e+04
1.686601171875000000e+04
1.679208789062500000e+04
1.678055273437500000e+04
1.657224218750000000e+04
1.651054687500000000e+04
1.650883789062500000e+04
1.655450390625000000e+04
1.650458984375000000e+04
1.646786914062500000e+04
1.650163085937500000e+04
1.660303906250000000e+04
1.658611132812500000e+04
1.661776171875000000e+04
1.673004492187500000e+04
1.666691015625000000e+04
1.660865820312500000e+04
1.663446484375000000e+04
1.639407421875000000e+04
1.641597656250000000e+04
1.640644531250000000e+04
1.645120507812500000e+04
1.648626171875000000e+04
1.649362695312500000e+04
1.652160937500000000e+04
1.647933007812500000e+04
1.650530468750000000e+04
1.655988281250000000e+04
1.656854101562500000e+04
1.651470507812500000e+04
1.651686718750000000e+04
1.652109570312500000e+04
1.626983691406250000e+04
1.623796582031250000e+04
1.621892089843750000e+04
1.626272753906250000e+04
1.643941601562500000e+04
1.636507031250000000e+04
1.641179296875000000e+04
1.650476562500000000e+04
1.652881835937500000e+04
1.652919140625000000e+04
1.651448242187500000e+04
1.657938867187500000e+04
1.658430468750000000e+04
1.655890234375000000e+04
1.645966015625000000e+04
1.644738671875000000e+04
1.644933398437500000e+04
1.639588867187500000e+04
1.641635742187500000e+04
1.639886523437500000e+04
1.642656250000000000e+04
1.660350781250000000e+04
1.662021679687500000e+04
1.659557812500000000e+04
1.658663671875000000e+04
1.658189843750000000e+04
1.651018554687500000e+04
1.658829492187500000e+04
1.706258398437500000e+04
1.706373632812500000e+04
1.705033203125000000e+04
1.690318945312500000e+04
1.685905468750000000e+04
1.692206054687500000e+04
1.693453906250000000e+04
1.677921484375000000e+04
1.676552539062500000e+04
1.676672070312500000e+04
1.677764843750000000e+04
1.676184179687500000e+04
1.676088085937500000e+04
1.676631835937500000e+04
1.667138085937500000e+04
1.667919335937500000e+04
1.670048828125000000e+04
1.670959570312500000e+04
1.662103906250000000e+04
1.663361132812500000e+04
1.665833007812500000e+04
1.683151953125000000e+04
1.683336328125000000e+04
1.682103515625000000e+04
1.684247460937500000e+04
1.678344726562500000e+04
1.672618164062500000e+04
1.676392578125000000e+04
1.664743554687500000e+04
1.674971484375000000e+04
1.672057617187500000e+04
1.677182226562500000e+04
1.674911328125000000e+04
1.679736914062500000e+04
1.677188867187500000e+04
1.683571484375000000e+04
1.698121484375000000e+04
1.669677929687500000e+04
1.660839453125000000e+04
1.651478515625000000e+04
1.652503515625000000e+04
1.650756445312500000e+04
1.667753710937500000e+04
1.675610156250000000e+04
1.674572656250000000e+04
1.676194726562500000e+04
1.679280664062500000e+04
1.681186914062500000e+04
1.677746289062500000e+04
1.694980859375000000e+04
1.703692187500000000e+04
1.701570117187500000e+04
1.713417578125000000e+04
1.716039257812500000e+04
1.717224414062500000e+04
1.715996484375000000e+04
1.711624023437500000e+04
1.710463671875000000e+04
1.710417382812500000e+04
1.709775000000000000e+04
1.712723828125000000e+04
1.713005664062500000e+04
1.715472265625000000e+04
1.692377343750000000e+04
1.687975390625000000e+04
1.692274218750000000e+04
1.693375976562500000e+04
1.687816992187500000e+04
1.691109375000000000e+04
1.691102929687500000e+04
1.672344140625000000e+04
1.671441406250000000e+04
1.671880078125000000e+04
1.674130468750000000e+04
1.679182617187500000e+04
1.677711523437500000e+04
1.679139257812500000e+04
1.673418945312500000e+04
1.670745703125000000e+04
1.671310156250000000e+04
1.668208789062500000e+04
1.672629101562500000e+04
1.682462695312500000e+04
1.679827148437500000e+04
1.687050195312500000e+04
1.678017382812500000e+04
1.676995898437500000e+04
1.673504492187500000e+04
1.665819335937500000e+04
1.668011914062500000e+04
1.669099414062500000e+04
1.641960937500000000e+04
1.638760546875000000e+04
1.638371093750000000e+04
1.636325488281250000e+04
1.639537304687500000e+04
1.639996875000000000e+04
1.641607421875000000e+04
1.655632812500000000e+04
1.650272851562500000e+04
1.647183789062500000e+04
1.642992187500000000e+04
1.645782812500000000e+04
1.641978125000000000e+04
1.639347656250000000e+04
1.637550097656250000e+04
1.632262792968750000e+04
1.633533886718750000e+04
1.630154492187500000e+04
1.627584570312500000e+04
1.629401660156250000e+04
1.632662109375000000e+04
1.654026171875000000e+04
1.651190625000000000e+04
1.653548828125000000e+04
1.662183984375000000e+04
1.656997070312500000e+04
1.652420898437500000e+04
1.648709375000000000e+04
1.651200000000000000e+04
1.645995703125000000e+04
1.649450000000000000e+04
1.648371484375000000e+04
1.645801757812500000e+04
1.639518164062500000e+04
1.644562500000000000e+04
1.647772070312500000e+04
1.642260742187500000e+04
1.641690820312500000e+04
1.642301367187500000e+04
1.639006250000000000e+04
1.639758593750000000e+04
1.641331054687500000e+04
1.635960742187500000e+04
1.620099218750000000e+04
1.614883984375000000e+04
1.614748632812500000e+04
1.612042285156250000e+04
1.614636718750000000e+04
1.612255371093750000e+04
1.581277050781250000e+04
1.578362011718750000e+04
1.578596582031250000e+04
1.574000781250000000e+04
1.569010351562500000e+04
1.564026074218750000e+04
1.566644921875000000e+04
1.569382324218750000e+04
1.572341699218750000e+04
1.574251171875000000e+04
1.571918066406250000e+04
1.574440625000000000e+04
1.575500683593750000e+04
1.576290820312500000e+04
1.583164843750000000e+04
1.572787011718750000e+04
1.576704101562500000e+04
1.572487695312500000e+04
1.566023535156250000e+04
1.568844238281250000e+04
1.570061816406250000e+04
1.556251074218750000e+04
1.547670117187500000e+04
1.551199902343750000e+04
1.548527539062500000e+04
1.543350097656250000e+04
1.546283984375000000e+04
1.547194042968750000e+04
1.578163183593750000e+04
1.570331835937500000e+04
1.573029199218750000e+04
1.577328125000000000e+04
1.585081152343750000e+04
1.573717382812500000e+04
1.572879785156250000e+04
1.591223046875000000e+04
1.590178710937500000e+04
1.582720605468750000e+04
1.584159277343750000e+04
1.593413769531250000e+04
1.598112792968750000e+04
1.619863476562500000e+04
1.629792578125000000e+04
1.634593457031250000e+04
1.636417871093750000e+04
1.643898046875000000e+04
1.645722460937500000e+04
1.640894921875000000e+04
1.642511328125000000e+04
1.642997656250000000e+04
1.630953027343750000e+04
1.627422851562500000e+04
1.631628906250000000e+04
1.615600000000000000e+04
1.622072656250000000e+04
1.619138085937500000e+04
1.634783203125000000e+04
1.636553515625000000e+04
1.632125488281250000e+04
1.627483398437500000e+04
1.630106542968750000e+04
1.627853515625000000e+04
1.631773144531250000e+04
1.600185156250000000e+04
1.603581738281250000e+04
1.603747363281250000e+04
1.600977343750000000e+04
1.603514257812500000e+04
1.598649707031250000e+04
1.598734570312500000e+04
1.582652929687500000e+04
1.589131152343750000e+04
1.587522265625000000e+04
1.584398242187500000e+04
1.580609960937500000e+04
1.580484082031250000e+04
1.581740917968750000e+04
1.599554394531250000e+04
1.603574218750000000e+04
1.599691601562500000e+04
1.596118164062500000e+04
1.587077734375000000e+04
1.588569335937500000e+04
1.589742089843750000e+04
1.608901660156250000e+04
1.597509277343750000e+04
1.597378808593750000e+04
1.592361718750000000e+04
1.589458984375000000e+04
1.591256542968750000e+04
1.585737792968750000e+04
1.582319824218750000e+04
1.586602246093750000e+04
1.583828906250000000e+04
1.594468261718750000e+04
1.589193066406250000e+04
1.586429003906250000e+04
1.585652343750000000e+04
1.605142285156250000e+04
1.614101562500000000e+04
1.616375195312500000e+04
1.632677636718750000e+04
1.632589355468750000e+04
1.638172363281250000e+04
1.636644140625000000e+04
1.650437304687500000e+04
1.640674414062500000e+04
1.634586523437500000e+04
1.630226953125000000e+04
1.628519433593750000e+04
1.632403125000000000e+04
1.629548730468750000e+04
1.623955273437500000e+04
1.616501464843750000e+04
1.617926269531250000e+04
1.616047167968750000e+04
1.610207617187500000e+04
1.614190625000000000e+04
1.612737792968750000e+04
1.595420507812500000e+04
1.598101757812500000e+04
1.586025781250000000e+04
1.601819921875000000e+04
1.604645507812500000e+04
1.609375195312500000e+04
1.615561523437500000e+04
1.615868457031250000e+04
1.614274023437500000e+04
1.607667187500000000e+04
1.624589843750000000e+04
1.619475000000000000e+04
1.616931835937500000e+04
1.618713769531250000e+04
1.622519433593750000e+04
1.618432910156250000e+04
1.631289355468750000e+04
1.641702343750000000e+04
1.645613476562500000e+04
1.654920117187500000e+04
1.653133203125000000e+04
1.654084765625000000e+04
1.653129101562500000e+04
1.639722265625000000e+04
1.642251171875000000e+04
1.637359179687500000e+04
1.638556835937500000e+04
1.637844238281250000e+04
1.638556835937500000e+04
1.635175585937500000e+04
1.635910156250000000e+04
1.634258300781250000e+04
1.632739648437500000e+04
1.630607128906250000e+04
1.638518945312500000e+04
1.640725781250000000e+04
1.644375390625000000e+04
1.672477343750000000e+04
1.686844921875000000e+04
1.690560351562500000e+04
1.683791406250000000e+04
1.672716796875000000e+04
1.671751562500000000e+04
1.666778710937500000e+04
1.663359960937500000e+04
1.669977539062500000e+04
1.668460546875000000e+04
1.677794140625000000e+04
1.677416992187500000e+04
1.683658007812500000e+04
1.688406640625000000e+04
1.685394921875000000e+04
1.684927343750000000e+04
1.684006640625000000e+04
1.684726953125000000e+04
1.688909765625000000e+04
1.688266601562500000e+04
1.686756640625000000e+04
1.674783593750000000e+04
1.675738281250000000e+04
1.674884570312500000e+04
1.680754687500000000e+04
1.676760937500000000e+04
1.677161132812500000e+04
1.677739257812500000e+04
1.663903710937500000e+04
1.668589453125000000e+04
1.672914062500000000e+04
1.676527148437500000e+04
1.677421289062500000e+04
1.690058203125000000e+04
1.693338476562500000e+04
1.691942773437500000e+04
1.682763671875000000e+04
1.688427929687500000e+04
1.684751757812500000e+04
1.673407812500000000e+04
1.669956640625000000e+04
1.668494726562500000e+04
1.675685937500000000e+04
1.666423828125000000e+04
1.670921679687500000e+04
1.668883007812500000e+04
1.672493164062500000e+04
1.673634765625000000e+04
1.666621679687500000e+04
1.666549609375000000e+04
1.674182226562500000e+04
1.680022265625000000e+04
1.670704296875000000e+04
1.676394531250000000e+04
1.671763867187500000e+04
1.674305859375000000e+04
1.671735937500000000e+04
1.674492187500000000e+04
1.672990820312500000e+04
1.668450976562500000e+04
1.666279687500000000e+04
1.670158789062500000e+04
1.674871875000000000e+04
1.640310546875000000e+04
1.641854101562500000e+04
1.644843750000000000e+04
1.639014648437500000e+04
1.637001074218750000e+04
1.635555078125000000e+04
1.637083496093750000e+04
1.646561914062500000e+04
1.666580078125000000e+04
1.671905859375000000e+04
1.661727929687500000e+04
1.662231835937500000e+04
1.662246289062500000e+04
1.661453320312500000e+04
1.654736132812500000e+04
1.653389843750000000e+04
1.653634765625000000e+04
1.652738085937500000e+04
1.645557226562500000e+04
1.639072265625000000e+04
1.642000000000000000e+04
1.657207812500000000e+04
1.659066015625000000e+04
1.659284765625000000e+04
1.661010546875000000e+04
1.661143945312500000e+04
1.658949609375000000e+04
1.654125585937500000e+04
1.666305468750000000e+04
1.674439257812500000e+04
1.672361132812500000e+04
1.673663281250000000e+04
1.673289062500000000e+04
1.674955273437500000e+04
1.673279882812500000e+04
1.689981640625000000e+04
1.694562695312500000e+04
1.701461523437500000e+04
1.709594921875000000e+04
1.715012304687500000e+04
1.725584570312500000e+04
1.721294726562500000e+04
1.718706640625000000e+04
1.726802539062500000e+04
1.725035546875000000e+04
1.729315820312500000e+04
1.719916796875000000e+04
1.721865625000000000e+04
1.717947070312500000e+04
1.712879101562500000e+04
1.711538476562500000e+04
1.708754687500000000e+04
1.703466601562500000e+04
1.701831250000000000e+04
1.703330664062500000e+04
1.707538671875000000e+04
1.678406054687500000e+04
1.676564257812500000e+04
1.674327148437500000e+04
1.670958398437500000e+04
1.676363671875000000e+04
1.683557617187500000e+04
1.685364453125000000e+04
1.684577343750000000e+04
1.687851562500000000e+04
1.685616015625000000e+04
1.688603710937500000e+04
1.689741992187500000e+04
1.687000585937500000e+04
1.686899023437500000e+04
1.679339453125000000e+04
1.673572265625000000e+04
1.669628710937500000e+04
1.670351562500000000e+04
1.668916601562500000e+04
1.670306445312500000e+04
1.667826367187500000e+04
1.668961914062500000e+04
1.676912890625000000e+04
1.671636132812500000e+04
1.671548828125000000e+04
1.672339453125000000e+04
1.673594921875000000e+04
1.669182031250000000e+04
1.704336328125000000e+04
1.696947460937500000e+04
1.696748632812500000e+04
1.700330078125000000e+04
1.703091015625000000e+04
1.700739062500000000e+04
1.699216406250000000e+04
1.667243945312500000e+04
1.655739843750000000e+04
1.651091210937500000e+04
1.658672656250000000e+04
1.664254687500000000e+04
1.669215820312500000e+04
1.665589843750000000e+04
1.672809765625000000e+04
1.674562304687500000e+04
1.673652539062500000e+04
1.670178710937500000e+04
1.664681054687500000e+04
1.664665625000000000e+04
1.664269531250000000e+04
1.671305859375000000e+04
1.665419531250000000e+04
1.661770898437500000e+04
1.668558398437500000e+04
1.677333007812500000e+04
1.681619921875000000e+04
1.677770507812500000e+04
1.674213671875000000e+04
1.668400195312500000e+04
1.667257226562500000e+04
1.661716210937500000e+04
1.664402148437500000e+04
1.655510156250000000e+04
1.655074609375000000e+04
1.666102734375000000e+04
1.677447070312500000e+04
1.681825390625000000e+04
1.683750781250000000e+04
1.672057031250000000e+04
1.670607226562500000e+04
1.670202929687500000e+04
1.707741406250000000e+04
1.711731835937500000e+04
1.706223828125000000e+04
1.706297851562500000e+04
1.700100976562500000e+04
1.701966015625000000e+04
1.705645507812500000e+04
1.692769335937500000e+04
1.688772265625000000e+04
1.692413867187500000e+04
1.689293164062500000e+04
1.684615625000000000e+04
1.684179296875000000e+04
1.684851171875000000e+04
1.671844921875000000e+04
1.670359179687500000e+04
1.675173046875000000e+04
1.680621093750000000e+04
1.684448046875000000e+04
1.689153906250000000e+04
1.685902734375000000e+04
1.696938867187500000e+04
1.686293164062500000e+04
1.684550976562500000e+04
1.687127929687500000e+04
1.692736132812500000e+04
1.684421484375000000e+04
1.686456445312500000e+04
1.701211132812500000e+04
1.698148046875000000e+04
1.697392578125000000e+04
1.695434570312500000e+04
1.701050781250000000e+04
1.696792773437500000e+04
1.695382812500000000e+04
1.713667187500000000e+04
1.727384179687500000e+04
1.726111523437500000e+04
1.725408593750000000e+04
1.723356835937500000e+04
1.723642382812500000e+04
1.723933203125000000e+04
1.708511718750000000e+04
1.708803906250000000e+04
1.712101367187500000e+04
1.720476171875000000e+04
1.719828320312500000e+04
1.720705273437500000e+04
1.719054687500000000e+04
1.696909179687500000e+04
1.691423046875000000e+04
1.690743750000000000e+04
1.693605859375000000e+04
1.689008593750000000e+04
1.687900585937500000e+04
1.685589648437500000e+04
1.675224414062500000e+04
1.672778320312500000e+04
1.673482812500000000e+04
1.673788281250000000e+04
1.673242968750000000e+04
1.676645703125000000e+04
1.675026953125000000e+04
1.650965234375000000e+04
1.646114257812500000e+04
1.645476757812500000e+04
1.650950781250000000e+04
1.643513085937500000e+04
1.645115429687500000e+04
1.644092578125000000e+04
1.642352734375000000e+04
1.642715429687500000e+04
1.643433593750000000e+04
1.639384765625000000e+04
1.638568554687500000e+04
1.644556640625000000e+04
1.644442968750000000e+04
1.659295898437500000e+04
1.663174023437500000e+04
1.664837890625000000e+04
1.658492968750000000e+04
1.664981445312500000e+04
1.659021679687500000e+04
1.655568164062500000e+04
1.636438769531250000e+04
1.633980273437500000e+04
1.638212792968750000e+04
1.639263671875000000e+04
1.639737109375000000e+04
1.643231250000000000e+04
1.643024218750000000e+04
1.678108007812500000e+04
1.664966015625000000e+04
1.668473632812500000e+04
1.676204296875000000e+04
1.668093750000000000e+04
1.669852343750000000e+04
1.667708789062500000e+04
1.688574414062500000e+04
1.694306445312500000e+04
1.692441796875000000e+04
1.694283593750000000e+04
1.690632421875000000e+04
1.696183007812500000e+04
1.696448828125000000e+04
1.719886914062500000e+04
1.725234570312500000e+04
1.723006250000000000e+04
1.727366992187500000e+04
1.727653320312500000e+04
1.727304687500000000e+04
1.730696289062500000e+04
1.744402148437500000e+04
1.741301171875000000e+04
1.738828320312500000e+04
1.734360156250000000e+04
1.730329492187500000e+04
1.735066406250000000e+04
1.736604296875000000e+04
1.763187695312500000e+04
1.768625976562500000e+04
1.770119726562500000e+04
1.777498046875000000e+04
1.778344531250000000e+04
1.771352734375000000e+04
1.771895117187500000e+04
1.794531054687500000e+04
1.792613281250000000e+04
1.793275390625000000e+04
1.788114453125000000e+04
1.786281054687500000e+04
1.778406445312500000e+04
1.781033593750000000e+04
1.786698242187500000e+04
1.783186132812500000e+04
1.782244140625000000e+04
1.779082421875000000e+04
1.780395117187500000e+04
1.784179882812500000e+04
1.782824609375000000e+04
1.807862304687500000e+04
1.818345898437500000e+04
1.818350390625000000e+04
1.823019531250000000e+04
1.820489648437500000e+04
1.821697460937500000e+04
1.823216601562500000e+04
1.843432226562500000e+04
1.841383203125000000e+04
1.841911523437500000e+04
1.848698242187500000e+04
1.847861328125000000e+04
1.847318945312500000e+04
1.846960742187500000e+04
1.846234375000000000e+04
1.853576367187500000e+04
1.845769726562500000e+04
1.844020117187500000e+04
1.856540820312500000e+04
1.856671875000000000e+04
1.856800195312500000e+04
1.851990429687500000e+04
1.844691992187500000e+04
1.840985156250000000e+04
1.851241796875000000e+04
1.843038476562500000e+04
1.849155468750000000e+04
1.847659179687500000e+04
1.855193750000000000e+04
1.844185351562500000e+04
1.840303320312500000e+04
1.840642773437500000e+04
1.832435546875000000e+04
1.831547070312500000e+04
1.831190625000000000e+04
1.838418945312500000e+04
1.852791406250000000e+04
1.852925781250000000e+04
1.852532031250000000e+04
1.851720312500000000e+04
1.851161914062500000e+04
1.853145312500000000e+04
1.875352539062500000e+04
1.880335742187500000e+04
1.883405273437500000e+04
1.896002929687500000e+04
1.889509179687500000e+04
1.894497460937500000e+04
1.891539648437500000e+04
1.897234570312500000e+04
1.906094726562500000e+04
1.901895312500000000e+04
1.909134960937500000e+04
1.903845898437500000e+04
1.910307617187500000e+04
1.911798046875000000e+04
1.913693945312500000e+04
1.908778906250000000e+04
1.907658203125000000e+04
1.908237890625000000e+04
1.909583203125000000e+04
1.908967773437500000e+04
1.906439648437500000e+04
1.920485546875000000e+04
1.930341796875000000e+04
1.934790625000000000e+04
1.939782226562500000e+04
1.938885156250000000e+04
1.933394921875000000e+04
1.935861718750000000e+04
1.940069531250000000e+04
1.937788476562500000e+04
1.940123242187500000e+04
1.938292773437500000e+04
1.949335546875000000e+04
1.954659179687500000e+04
1.957119531250000000e+04
1.960413671875000000e+04
1.959007812500000000e+04
1.962325000000000000e+04
1.963119921875000000e+04
1.963934179687500000e+04
1.959503320312500000e+04
1.963977148437500000e+04
1.928127929687500000e+04
1.922250781250000000e+04
1.923909765625000000e+04
1.928866601562500000e+04
1.918462500000000000e+04
1.926959570312500000e+04
1.921978515625000000e+04
1.929551562500000000e+04
1.921709179687500000e+04
1.924717382812500000e+04
1.923612304687500000e+04
1.922861718750000000e+04
1.917297656250000000e+04
1.920403710937500000e+04
1.885846289062500000e+04
1.894758593750000000e+04
1.892400195312500000e+04
1.885133398437500000e+04
1.887070312500000000e+04
1.886966406250000000e+04
1.885777929687500000e+04
1.862389257812500000e+04
1.867763867187500000e+04
1.861859765625000000e+04
1.860526367187500000e+04
1.855976562500000000e+04
1.857137695312500000e+04
1.860639843750000000e+04
1.852157031250000000e+04
1.868874804687500000e+04
1.865441406250000000e+04
1.872536718750000000e+04
1.882090234375000000e+04
1.883415039062500000e+04
1.880738671875000000e+04
1.894833203125000000e+04
1.891359375000000000e+04
1.891236523437500000e+04
1.882958789062500000e+04
1.877034765625000000e+04
1.880418554687500000e+04
1.880174218750000000e+04
1.860289843750000000e+04
1.849933789062500000e+04
1.851997265625000000e+04
1.851515820312500000e+04
1.849956445312500000e+04
1.849185156250000000e+04
1.846316406250000000e+04
1.834610351562500000e+04
1.829616406250000000e+04
1.825129296875000000e+04
1.821194335937500000e+04
1.821467968750000000e+04
1.823653125000000000e+04
1.823331640625000000e+04
1.845309960937500000e+04
1.841557226562500000e+04
1.840846289062500000e+04
1.837972265625000000e+04
1.825116992187500000e+04
1.819218359375000000e+04
1.808498828125000000e+04
1.853788281250000000e+04
1.845394921875000000e+04
1.850493945312500000e+04
1.855666406250000000e+04
1.844500976562500000e+04
1.839658007812500000e+04
1.840141796875000000e+04
1.843746679687500000e+04
1.843906640625000000e+04
1.843387304687500000e+04
1.845998828125000000e+04
1.850191015625000000e+04
1.843066796875000000e+04
1.844765234375000000e+04
1.859479296875000000e+04
1.851663476562500000e+04
1.849508007812500000e+04
1.851165234375000000e+04
1.848463476562500000e+04
1.845634179687500000e+04
1.842469921875000000e+04
1.851279882812500000e+04
1.853886328125000000e+04
1.852524804687500000e+04
