1.690549609375000000e+04
1.694600585937500000e+04
1.703416015625000000e+04
1.700860742187500000e+04
1.704799414062500000e+04
1.702402539062500000e+04
1.714647070312500000e+04
1.716208593750000000e+04
1.719481445312500000e+04
1.719810156250000000e+04
1.706191210937500000e+04
1.700916992187500000e+04
1.702666992187500000e+04
1.704145898437500000e+04
1.703156835937500000e+04
1.700849218750000000e+04
1.701754101562500000e+04
1.724471679687500000e+04
1.735062304687500000e+04
1.735371289062500000e+04
1.745024609375000000e+04
1.738059375000000000e+04
1.738307617187500000e+04
1.733544335937500000e+04
1.744047265625000000e+04
1.760079296875000000e+04
1.760378320312500000e+04
1.757678906250000000e+04
1.753917382812500000e+04
1.756346679687500000e+04
1.752992773437500000e+04
1.748837500000000000e+04
1.753948632812500000e+04
1.753845703125000000e+04
1.748516406250000000e+04
1.748227343750000000e+04
1.751834765625000000e+04
1.751875781250000000e+04
1.753929101562500000e+04
1.739628710937500000e+04
1.740444335937500000e+04
1.741419140625000000e+04
1.740555468750000000e+04
1.739087304687500000e+04
1.742880468750000000e+04
1.724793359375000000e+04
1.729345703125000000e+04
1.729597851562500000e+04
1.728862109375000000e+04
1.729503710937500000e+04
1.729969531250000000e+04
1.730329101562500000e+04
1.772224023437500000e+04
1.772146484375000000e+04
1.772829101562500000e+04
1.780363671875000000e+04
1.787031445312500000e+04
1.788574804687500000e+04
1.791603125000000000e+04
1.809628125000000000e+04
1.820102539062500000e+04
1.817320507812500000e+04
1.809724609375000000e+04
1.802781835937500000e+04
1.806076757812500000e+04
1.805583789062500000e+04
1.835326953125000000e+04
1.833924414062500000e+04
1.840830273437500000e+04
1.844223632812500000e+04
1.836885742187500000e+04
1.843301171875000000e+04
1.843612695312500000e+04
1.845341406250000000e+04
1.833968164062500000e+04
1.833022460937500000e+04
1.830741992187500000e+04
1.834001367187500000e+04
1.838420312500000000e+04
1.840900976562500000e+04
1.809730664062500000e+04
1.813539648437500000e+04
1.814443359375000000e+04
1.821006640625000000e+04
1.821297265625000000e+04
1.832880078125000000e+04
1.830851171875000000e+04
1.841860351562500000e+04
1.835132617187500000e+04
1.834278320312500000e+04
1.832822851562500000e+04
1.821841210937500000e+04
1.825195312500000000e+04
1.826134570312500000e+04
1.796041992187500000e+04
1.800613281250000000e+04
1.805816406250000000e+04
1.805013867187500000e+04
1.810227539062500000e+04
1.807662109375000000e+04
1.807199023437500000e+04
1.799223828125000000e+04
1.806240625000000000e+04
1.805293359375000000e+04
1.799903710937500000e+04
1.790752734375000000e+04
1.795887695312500000e+04
1.797234960937500000e+04
1.797368945312500000e+04
1.795443359375000000e+04
1.801954882812500000e+04
1.803950976562500000e+04
1.804944726562500000e+04
1.802153906250000000e+04
1.800849023437500000e+04
1.808038476562500000e+04
1.801634570312500000e+04
1.806086718750000000e+04
1.805546289062500000e+04
1.806692773437500000e+04
1.808113867187500000e+04
1.808460156250000000e+04
1.796131054687500000e+04
1.800119726562500000e+04
1.799989453125000000e+04
1.802396679687500000e+04
1.803398437500000000e+04
1.805908007812500000e+04
1.803616992187500000e+04
1.769508398437500000e+04
1.787940625000000000e+04
1.785139062500000000e+04
1.782724804687500000e+04
1.786078515625000000e+04
1.792597656250000000e+04
1.789646875000000000e+04
1.820789648437500000e+04
1.825284375000000000e+04
1.824995117187500000e+04
1.828654101562500000e+04
1.821912109375000000e+04
1.824901757812500000e+04
1.838262500000000000e+04
1.839776953125000000e+04
1.838710937500000000e+04
1.840426171875000000e+04
1.846646484375000000e+04
1.838399218750000000e+04
1.858982812500000000e+04
1.857893164062500000e+04
1.878239648437500000e+04
1.866071093750000000e+04
1.873782812500000000e+04
1.871225195312500000e+04
1.873256835937500000e+04
1.871869921875000000e+04
1.863185351562500000e+04
1.863362695312500000e+04
1.855309179687500000e+04
1.857627343750000000e+04
1.857056835937500000e+04
1.863935937500000000e+04
1.863350195312500000e+04
1.862184375000000000e+04
1.894484179687500000e+04
1.896765039062500000e+04
1.894338281250000000e+04
1.892679101562500000e+04
1.898984960937500000e+04
1.902135742187500000e+04
1.904403710937500000e+04
1.902134179687500000e+04
1.891708398437500000e+04
1.893270703125000000e+04
1.891265429687500000e+04
1.891373632812500000e+04
1.897490820312500000e+04
1.899132031250000000e+04
1.905556445312500000e+04
1.896766601562500000e+04
1.900385742187500000e+04
1.911618554687500000e+04
1.887283593750000000e+04
1.866175585937500000e+04
1.866344921875000000e+04
1.884315429687500000e+04
1.896322265625000000e+04
1.894334765625000000e+04
1.891360742187500000e+04
1.897387890625000000e+04
1.902366601562500000e+04
1.900767578125000000e+04
1.903108398437500000e+04
1.912928515625000000e+04
1.915345312500000000e+04
1.913610546875000000e+04
1.921413281250000000e+04
1.919467968750000000e+04
1.919569335937500000e+04
1.902831835937500000e+04
1.898451171875000000e+04
1.901108398437500000e+04
1.901294531250000000e+04
1.898911328125000000e+04
1.899399414062500000e+04
1.897850585937500000e+04
1.906506054687500000e+04
1.902189062500000000e+04
1.905126757812500000e+04
1.903917968750000000e+04
1.906639843750000000e+04
1.909084765625000000e+04
1.905583789062500000e+04
1.909196484375000000e+04
1.907773437500000000e+04
1.912937890625000000e+04
1.916288476562500000e+04
1.911279492187500000e+04
1.912145898437500000e+04
1.909236328125000000e+04
1.888150000000000000e+04
1.897094921875000000e+04
1.898613085937500000e+04
1.896935546875000000e+04
1.899921289062500000e+04
1.895716601562500000e+04
1.894957031250000000e+04
1.893252539062500000e+04
1.899246875000000000e+04
1.896486328125000000e+04
1.896951171875000000e+04
1.899370507812500000e+04
1.902561914062500000e+04
1.899920898437500000e+04
1.904057226562500000e+04
1.893930859375000000e+04
1.894791796875000000e+04
1.894189062500000000e+04
1.892497851562500000e+04
1.892009570312500000e+04
1.894840820312500000e+04
1.882948242187500000e+04
1.884103906250000000e+04
1.880999804687500000e+04
1.872567382812500000e+04
1.878328515625000000e+04
1.881387695312500000e+04
1.882170312500000000e+04
1.887659570312500000e+04
1.884743554687500000e+04
1.883043945312500000e+04
1.884616796875000000e+04
1.885733984375000000e+04
1.884087890625000000e+04
1.886464257812500000e+04
1.915733398437500000e+04
1.909982617187500000e+04
1.912462695312500000e+04
1.909949609375000000e+04
1.906967187500000000e+04
1.910184375000000000e+04
1.910473242187500000e+04
1.907797265625000000e+04
1.906871093750000000e+04
1.904303320312500000e+04
1.903569726562500000e+04
1.903925585937500000e+04
1.908611132812500000e+04
1.906379492187500000e+04
1.930488281250000000e+04
1.927985546875000000e+04
1.926060937500000000e+04
1.919380078125000000e+04
1.915657421875000000e+04
1.917291992187500000e+04
1.919758203125000000e+04
1.907898632812500000e+04
1.908716406250000000e+04
1.908642773437500000e+04
1.910497265625000000e+04
1.910253125000000000e+04
1.910183203125000000e+04
1.912771093750000000e+04
1.918486132812500000e+04
1.918386523437500000e+04
1.920896484375000000e+04
1.916256054687500000e+04
1.916443359375000000e+04
1.917884570312500000e+04
1.915261132812500000e+04
1.912769726562500000e+04
1.923388867187500000e+04
1.925756835937500000e+04
1.926224023437500000e+04
1.932939648437500000e+04
1.927978710937500000e+04
1.930066406250000000e+04
1.943616406250000000e+04
1.948449414062500000e+04
1.950109960937500000e+04
1.944823242187500000e+04
1.949843945312500000e+04
1.951624609375000000e+04
1.955392968750000000e+04
1.966497460937500000e+04
1.967358203125000000e+04
1.963108984375000000e+04
1.963985546875000000e+04
1.966642968750000000e+04
1.964238085937500000e+04
1.964115625000000000e+04
1.962896289062500000e+04
1.968886132812500000e+04
1.968409570312500000e+04
1.959335742187500000e+04
1.959797656250000000e+04
1.961893359375000000e+04
1.962464257812500000e+04
1.972234570312500000e+04
1.974658984375000000e+04
1.975194140625000000e+04
1.973794726562500000e+04
1.975924414062500000e+04
1.976861718750000000e+04
1.976246875000000000e+04
1.971633789062500000e+04
1.971635546875000000e+04
1.973584375000000000e+04
1.974081445312500000e+04
1.974407226562500000e+04
1.972044921875000000e+04
1.974151562500000000e+04
1.983019921875000000e+04
1.982306054687500000e+04
1.982692773437500000e+04
1.985296289062500000e+04
1.983594921875000000e+04
1.976141210937500000e+04
1.978138867187500000e+04
1.982125000000000000e+04
1.972783398437500000e+04
1.974694335937500000e+04
1.975600976562500000e+04
1.977962890625000000e+04
1.976225195312500000e+04
1.980210156250000000e+04
1.980964648437500000e+04
1.981890429687500000e+04
1.982267968750000000e+04
1.982127929687500000e+04
1.984596289062500000e+04
1.987560937500000000e+04
1.989084765625000000e+04
1.992686914062500000e+04
1.992676562500000000e+04
1.993850000000000000e+04
1.990192578125000000e+04
1.985273437500000000e+04
1.986399414062500000e+04
1.988514843750000000e+04
1.982417578125000000e+04
1.981303515625000000e+04
1.981130859375000000e+04
1.978260937500000000e+04
1.980621289062500000e+04
1.980942578125000000e+04
1.982970898437500000e+04
1.982779687500000000e+04
1.983093945312500000e+04
1.981559375000000000e+04
1.983784765625000000e+04
1.984849804687500000e+04
1.984699414062500000e+04
1.986459765625000000e+04
1.981358398437500000e+04
1.984272656250000000e+04
1.985902343750000000e+04
1.987847070312500000e+04
1.986026953125000000e+04
1.983573632812500000e+04
1.985512500000000000e+04
1.991386718750000000e+04
1.992283398437500000e+04
1.993660937500000000e+04
1.995458007812500000e+04
1.997578320312500000e+04
1.998104101562500000e+04
1.998693945312500000e+04
2.008055273437500000e+04
2.012121484375000000e+04
2.012512890625000000e+04
2.014020703125000000e+04
2.014176171875000000e+04
2.014573437500000000e+04
2.016014843750000000e+04
2.015460937500000000e+04
2.016662695312500000e+04
2.015635937500000000e+04
2.017155664062500000e+04
2.018255664062500000e+04
2.018221679687500000e+04
2.019694140625000000e+04
2.016001953125000000e+04
2.010457031250000000e+04
2.008973828125000000e+04
2.005040625000000000e+04
2.002887304687500000e+04
1.999479687500000000e+04
1.999438281250000000e+04
1.999954296875000000e+04
1.992549609375000000e+04
1.990473046875000000e+04
1.990886718750000000e+04
1.987815625000000000e+04
1.986820898437500000e+04
1.990868554687500000e+04
1.988402734375000000e+04
1.992366601562500000e+04
1.994440820312500000e+04
1.994599804687500000e+04
1.997274804687500000e+04
1.997629296875000000e+04
1.999516015625000000e+04
1.999703320312500000e+04
2.002953125000000000e+04
2.002952539062500000e+04
2.002512500000000000e+04
1.999345312500000000e+04
1.999425781250000000e+04
1.996630859375000000e+04
1.983569140625000000e+04
1.980371875000000000e+04
1.981732421875000000e+04
1.982633398437500000e+04
1.984335937500000000e+04
1.985374023437500000e+04
1.985714843750000000e+04
1.970198046875000000e+04
1.965988476562500000e+04
1.966982226562500000e+04
1.965114648437500000e+04
1.967813281250000000e+04
1.968441015625000000e+04
1.969539648437500000e+04
1.977180859375000000e+04
1.979552343750000000e+04
1.977292187500000000e+04
1.975570703125000000e+04
1.973632812500000000e+04
1.973299414062500000e+04
1.973503710937500000e+04
1.971638867187500000e+04
1.973078515625000000e+04
1.975124023437500000e+04
1.972253320312500000e+04
1.973630859375000000e+04
1.972230273437500000e+04
1.972798437500000000e+04
1.975732617187500000e+04
1.973644140625000000e+04
1.974981640625000000e+04
1.978865429687500000e+04
1.982336328125000000e+04
1.982968164062500000e+04
1.984906640625000000e+04
1.976466796875000000e+04
1.969585351562500000e+04
1.970398828125000000e+04
1.968381640625000000e+04
1.969898632812500000e+04
1.969111328125000000e+04
1.969155468750000000e+04
1.959954296875000000e+04
1.962941210937500000e+04
1.964444140625000000e+04
1.967374609375000000e+04
1.964938281250000000e+04
1.968927929687500000e+04
1.968211328125000000e+04
1.965119335937500000e+04
1.966495703125000000e+04
1.969660351562500000e+04
1.966856054687500000e+04
1.967106640625000000e+04
1.966793945312500000e+04
1.967138671875000000e+04
1.952540625000000000e+04
1.954073437500000000e+04
1.954519335937500000e+04
1.954819335937500000e+04
1.954079492187500000e+04
1.953394140625000000e+04
1.954399023437500000e+04
1.966614257812500000e+04
1.972353906250000000e+04
1.973860937500000000e+04
1.972946093750000000e+04
1.963511914062500000e+04
1.960614648437500000e+04
1.960698632812500000e+04
1.958356054687500000e+04
1.955280078125000000e+04
1.956556835937500000e+04
1.955274609375000000e+04
1.953464257812500000e+04
1.951237304687500000e+04
1.952447265625000000e+04
1.952369726562500000e+04
1.954979687500000000e+04
1.958040625000000000e+04
1.956109375000000000e+04
1.960057226562500000e+04
1.958983789062500000e+04
1.958756640625000000e+04
1.955471484375000000e+04
1.948335351562500000e+04
1.947863085937500000e+04
1.944469140625000000e+04
1.944125781250000000e+04
1.943158398437500000e+04
1.943297070312500000e+04
1.938392382812500000e+04
1.944346093750000000e+04
1.943462890625000000e+04
1.943077734375000000e+04
1.941898242187500000e+04
1.939846093750000000e+04
1.939934375000000000e+04
1.939938476562500000e+04
1.944285546875000000e+04
1.944508593750000000e+04
1.940211328125000000e+04
1.935858984375000000e+04
1.937806835937500000e+04
1.937275585937500000e+04
1.924311914062500000e+04
1.923073632812500000e+04
1.923612695312500000e+04
1.925540039062500000e+04
1.925445117187500000e+04
1.924772265625000000e+04
1.923285156250000000e+04
1.921030664062500000e+04
1.922149218750000000e+04
1.915739648437500000e+04
1.919316601562500000e+04
1.917495117187500000e+04
1.919592382812500000e+04
1.921851367187500000e+04
1.929055078125000000e+04
1.925680078125000000e+04
1.924903906250000000e+04
1.917039062500000000e+04
1.917921679687500000e+04
1.913668945312500000e+04
1.913663476562500000e+04
1.935043359375000000e+04
1.943545507812500000e+04
1.944084375000000000e+04
1.943821875000000000e+04
1.947060546875000000e+04
1.949070507812500000e+04
1.950167187500000000e+04
1.942747851562500000e+04
1.940828710937500000e+04
1.943755078125000000e+04
1.940830078125000000e+04
1.941131445312500000e+04
1.940289453125000000e+04
1.940555273437500000e+04
1.943585937500000000e+04
1.946078320312500000e+04
1.946853515625000000e+04
1.946813867187500000e+04
1.950724609375000000e+04
1.947652929687500000e+04
1.946310156250000000e+04
1.944106640625000000e+04
1.946048242187500000e+04
1.946057812500000000e+04
1.947428320312500000e+04
1.949278710937500000e+04
1.947568554687500000e+04
1.947424218750000000e+04
1.957025585937500000e+04
1.952055468750000000e+04
1.955558203125000000e+04
1.952176367187500000e+04
1.935985742187500000e+04
1.941223046875000000e+04
1.942648632812500000e+04
1.922522460937500000e+04
1.917914843750000000e+04
1.919501953125000000e+04
1.922282031250000000e+04
1.921444140625000000e+04
1.924537109375000000e+04
1.924986328125000000e+04
1.924181054687500000e+04
1.926195312500000000e+04
1.928382421875000000e+04
1.927640429687500000e+04
1.929115039062500000e+04
1.920794531250000000e+04
1.918959960937500000e+04
1.892904882812500000e+04
1.898198046875000000e+04
1.895203515625000000e+04
1.896171093750000000e+04
1.897739453125000000e+04
1.892360156250000000e+04
1.892308789062500000e+04
1.909324218750000000e+04
1.915337304687500000e+04
1.914343554687500000e+04
1.911955468750000000e+04
1.911604101562500000e+04
1.907621875000000000e+04
1.911185742187500000e+04
1.902023046875000000e+04
1.888439453125000000e+04
1.892413476562500000e+04
1.892973632812500000e+04
1.891212695312500000e+04
1.884541601562500000e+04
1.888846679687500000e+04
1.913926562500000000e+04
1.904966601562500000e+04
1.900853906250000000e+04
1.900158007812500000e+04
1.903830078125000000e+04
1.904858203125000000e+04
1.904483984375000000e+04
1.888161914062500000e+04
1.892194726562500000e+04
1.888098046875000000e+04
1.890456445312500000e+04
1.885259765625000000e+04
1.885211132812500000e+04
1.888232031250000000e+04
1.899440039062500000e+04
1.905927343750000000e+04
1.905629101562500000e+04
1.902683203125000000e+04
1.899563281250000000e+04
1.902509179687500000e+04
1.905000585937500000e+04
1.882437890625000000e+04
1.876134960937500000e+04
1.877221875000000000e+04
1.876663867187500000e+04
1.871094335937500000e+04
1.873149414062500000e+04
1.878969921875000000e+04
1.885135546875000000e+04
1.881171093750000000e+04
1.881260156250000000e+04
1.886236132812500000e+04
1.888471289062500000e+04
1.891260742187500000e+04
1.892002539062500000e+04
1.916623632812500000e+04
1.908877148437500000e+04
1.908734960937500000e+04
1.906107421875000000e+04
1.908972851562500000e+04
1.906584960937500000e+04
1.906673437500000000e+04
1.910636718750000000e+04
1.912488085937500000e+04
1.913296289062500000e+04
1.919243554687500000e+04
1.922199804687500000e+04
1.925409375000000000e+04
1.927315234375000000e+04
1.923438281250000000e+04
1.923121484375000000e+04
1.924591015625000000e+04
1.922809179687500000e+04
1.918531835937500000e+04
1.917768359375000000e+04
1.919734765625000000e+04
1.900428125000000000e+04
1.901483398437500000e+04
1.916609375000000000e+04
1.912407421875000000e+04
1.911396484375000000e+04
1.906464843750000000e+04
1.902836718750000000e+04
1.908088476562500000e+04
1.910446679687500000e+04
1.910829882812500000e+04
1.911909570312500000e+04
1.916515234375000000e+04
1.914557226562500000e+04
1.914672070312500000e+04
1.934962500000000000e+04
1.933505078125000000e+04
1.932270312500000000e+04
1.933620117187500000e+04
1.930342968750000000e+04
1.930990820312500000e+04
1.931967382812500000e+04
1.928738085937500000e+04
1.925006835937500000e+04
1.924808398437500000e+04
1.931133398437500000e+04
1.934388085937500000e+04
1.935534179687500000e+04
1.936729882812500000e+04
1.951965820312500000e+04
1.943941015625000000e+04
1.943489062500000000e+04
1.940758203125000000e+04
1.939715039062500000e+04
1.941670117187500000e+04
1.940219335937500000e+04
1.938191601562500000e+04
1.936767968750000000e+04
1.933267773437500000e+04
1.935867382812500000e+04
1.935933398437500000e+04
1.936733984375000000e+04
1.940049804687500000e+04
1.930311718750000000e+04
1.930846484375000000e+04
1.934364453125000000e+04
1.930678710937500000e+04
1.934342382812500000e+04
1.935916210937500000e+04
1.934835546875000000e+04
1.934167578125000000e+04
1.935233398437500000e+04
1.933524414062500000e+04
1.930536328125000000e+04
1.930796875000000000e+04
1.935153906250000000e+04
1.936646093750000000e+04
1.947203906250000000e+04
1.940877539062500000e+04
1.937192187500000000e+04
1.936521875000000000e+04
1.938975781250000000e+04
1.941378515625000000e+04
1.943472265625000000e+04
1.935905468750000000e+04
1.936179296875000000e+04
1.937700000000000000e+04
1.935751757812500000e+04
1.936699218750000000e+04
1.933144726562500000e+04
1.935090234375000000e+04
1.925626953125000000e+04
1.929595507812500000e+04
1.930761523437500000e+04
1.931136718750000000e+04
1.931043945312500000e+04
1.934953906250000000e+04
1.937605273437500000e+04
1.940100781250000000e+04
1.937149804687500000e+04
1.937887500000000000e+04
1.938297851562500000e+04
1.940476757812500000e+04
1.940766406250000000e+04
1.941437890625000000e+04
1.940738671875000000e+04
1.943084765625000000e+04
1.945610546875000000e+04
1.947426953125000000e+04
1.952754492187500000e+04
1.956241796875000000e+04
1.955010742187500000e+04
1.950658007812500000e+04
1.946940625000000000e+04
1.947545703125000000e+04
1.946790429687500000e+04
1.946943945312500000e+04
1.946420898437500000e+04
1.948741210937500000e+04
1.940414453125000000e+04
1.943837304687500000e+04
1.944864843750000000e+04
1.943954296875000000e+04
1.937575195312500000e+04
1.938914648437500000e+04
1.936778320312500000e+04
1.939577734375000000e+04
1.936570312500000000e+04
1.939398046875000000e+04
1.936729687500000000e+04
1.940004687500000000e+04
1.940283398437500000e+04
1.938798437500000000e+04
1.934358398437500000e+04
1.931264257812500000e+04
1.933024023437500000e+04
1.928055078125000000e+04
1.929291210937500000e+04
1.921897070312500000e+04
1.922361523437500000e+04
1.923645312500000000e+04
1.919771679687500000e+04
1.919904687500000000e+04
1.914772460937500000e+04
1.911108007812500000e+04
1.917165625000000000e+04
1.921874218750000000e+04
1.908794921875000000e+04
1.906665625000000000e+04
1.906156445312500000e+04
1.903507812500000000e+04
1.905281054687500000e+04
1.906295312500000000e+04
1.906580078125000000e+04
1.909841601562500000e+04
1.913972460937500000e+04
1.912573828125000000e+04
1.916471093750000000e+04
1.916641406250000000e+04
1.913360546875000000e+04
1.914045117187500000e+04
1.913865234375000000e+04
1.912356250000000000e+04
1.913741796875000000e+04
1.913741015625000000e+04
1.917357031250000000e+04
1.915860937500000000e+04
1.916648242187500000e+04
1.927026953125000000e+04
1.923101171875000000e+04
1.925248437500000000e+04
1.922566406250000000e+04
1.921069921875000000e+04
1.922237695312500000e+04
1.921170117187500000e+04
1.914712109375000000e+04
1.917733789062500000e+04
1.919181640625000000e+04
1.923727343750000000e+04
1.921419335937500000e+04
1.921632617187500000e+04
1.920708789062500000e+04
1.903573632812500000e+04
1.902904882812500000e+04
1.903053710937500000e+04
1.904370507812500000e+04
1.907065039062500000e+04
1.908383984375000000e+04
1.911158203125000000e+04
1.923196679687500000e+04
1.922077734375000000e+04
1.920358007812500000e+04
1.919958593750000000e+04
1.918193164062500000e+04
1.921226367187500000e+04
1.922685937500000000e+04
1.927116992187500000e+04
1.925871289062500000e+04
1.927707421875000000e+04
1.927340820312500000e+04
1.925322656250000000e+04
1.925267382812500000e+04
1.924948828125000000e+04
1.932772460937500000e+04
1.931985156250000000e+04
1.932460937500000000e+04
1.932948828125000000e+04
1.933690234375000000e+04
1.936539843750000000e+04
1.936041015625000000e+04
1.933734375000000000e+04
1.930547851562500000e+04
1.930717187500000000e+04
1.931603710937500000e+04
1.916366210937500000e+04
1.915211718750000000e+04
1.914881835937500000e+04
1.908661132812500000e+04
1.909708789062500000e+04
1.910349609375000000e+04
1.913970507812500000e+04
1.912460742187500000e+04
1.914261523437500000e+04
1.914166992187500000e+04
1.911479687500000000e+04
1.912850781250000000e+04
1.911747656250000000e+04
1.908608593750000000e+04
1.907751953125000000e+04
1.909478515625000000e+04
1.913170703125000000e+04
1.912093359375000000e+04
1.909785937500000000e+04
1.912242578125000000e+04
1.909717382812500000e+04
1.908319335937500000e+04
1.908514648437500000e+04
1.906662304687500000e+04
1.907510156250000000e+04
1.907950585937500000e+04
1.909573046875000000e+04
1.919500195312500000e+04
1.926837109375000000e+04
1.921871289062500000e+04
1.923293359375000000e+04
1.927930273437500000e+04
1.927455859375000000e+04
1.926789453125000000e+04
1.923951367187500000e+04
1.920800195312500000e+04
1.919549218750000000e+04
1.922524609375000000e+04
1.918241796875000000e+04
1.919036523437500000e+04
1.917170507812500000e+04
1.912749804687500000e+04
1.911996484375000000e+04
1.901881445312500000e+04
1.902997851562500000e+04
1.917526367187500000e+04
1.915491015625000000e+04
1.914338671875000000e+04
1.912266015625000000e+04
1.908162890625000000e+04
1.910647070312500000e+04
1.912062500000000000e+04
1.897186523437500000e+04
1.904350976562500000e+04
1.902367382812500000e+04
1.899965039062500000e+04
1.902463476562500000e+04
1.897771484375000000e+04
1.899618945312500000e+04
1.914386718750000000e+04
1.910290234375000000e+04
1.911826171875000000e+04
1.912715039062500000e+04
1.913817187500000000e+04
1.910998242187500000e+04
1.910336718750000000e+04
1.908353906250000000e+04
1.906141601562500000e+04
1.904184570312500000e+04
1.904220312500000000e+04
1.901752539062500000e+04
1.895694726562500000e+04
1.898307617187500000e+04
1.883985351562500000e+04
1.888979882812500000e+04
1.890024218750000000e+04
1.888875390625000000e+04
1.887910546875000000e+04
1.881777148437500000e+04
1.882336718750000000e+04
1.865964453125000000e+04
1.862531835937500000e+04
1.863404296875000000e+04
1.860439257812500000e+04
1.861963867187500000e+04
1.865742968750000000e+04
1.866392578125000000e+04
1.865854687500000000e+04
1.860761718750000000e+04
1.862773828125000000e+04
1.859892382812500000e+04
1.857107226562500000e+04
1.858754882812500000e+04
1.854709179687500000e+04
1.853584375000000000e+04
1.848115625000000000e+04
1.845777343750000000e+04
1.848448437500000000e+04
1.856653125000000000e+04
1.856880859375000000e+04
1.858663671875000000e+04
1.835005078125000000e+04
1.834903906250000000e+04
1.835122460937500000e+04
1.831755273437500000e+04
1.830983203125000000e+04
1.837895117187500000e+04
1.838045312500000000e+04
1.846614257812500000e+04
1.847168554687500000e+04
1.847593164062500000e+04
1.849886132812500000e+04
1.841005273437500000e+04
1.841279296875000000e+04
1.837684960937500000e+04
1.872564648437500000e+04
1.871982031250000000e+04
1.873779101562500000e+04
1.871805273437500000e+04
1.879575781250000000e+04
1.877246484375000000e+04
1.875399804687500000e+04
1.879985742187500000e+04
1.880281445312500000e+04
1.881921875000000000e+04
1.874551757812500000e+04
1.881977148437500000e+04
1.884471875000000000e+04
1.883674023437500000e+04
1.894389062500000000e+04
1.892771289062500000e+04
1.886719531250000000e+04
1.889261132812500000e+04
1.883548437500000000e+04
1.882674804687500000e+04
1.881927929687500000e+04
1.895272851562500000e+04
1.891448437500000000e+04
1.892434179687500000e+04
1.894923242187500000e+04
1.889287500000000000e+04
1.889248828125000000e+04
1.890711914062500000e+04
1.887300976562500000e+04
1.886180468750000000e+04
1.886107617187500000e+04
1.891030078125000000e+04
1.890905273437500000e+04
1.893258593750000000e+04
1.892820507812500000e+04
1.891665039062500000e+04
1.893325976562500000e+04
1.896144921875000000e+04
1.895359960937500000e+04
1.900783984375000000e+04
1.898966796875000000e+04
1.897043164062500000e+04
1.893188085937500000e+04
1.891763085937500000e+04
1.891665429687500000e+04
1.897883203125000000e+04
1.898368945312500000e+04
1.895044726562500000e+04
1.897518164062500000e+04
1.893059960937500000e+04
1.900766992187500000e+04
1.902154882812500000e+04
1.899942187500000000e+04
1.904767968750000000e+04
1.904402343750000000e+04
1.903775195312500000e+04
1.904381445312500000e+04
1.902944140625000000e+04
1.902420898437500000e+04
1.897093554687500000e+04
1.897654296875000000e+04
1.895882617187500000e+04
1.897921484375000000e+04
1.906920117187500000e+04
1.903392578125000000e+04
1.906220703125000000e+04
1.913238281250000000e+04
1.912246093750000000e+04
1.917072265625000000e+04
1.917917578125000000e+04
1.923137695312500000e+04
1.923334179687500000e+04
1.924354882812500000e+04
1.927712304687500000e+04
1.930182617187500000e+04
1.925870117187500000e+04
1.923358398437500000e+04
1.916919335937500000e+04
1.911926757812500000e+04
1.909932031250000000e+04
1.913724218750000000e+04
1.914566601562500000e+04
1.918453710937500000e+04
1.921088281250000000e+04
1.906433203125000000e+04
1.904211132812500000e+04
1.905761132812500000e+04
1.905483203125000000e+04
1.903374804687500000e+04
1.906139257812500000e+04
1.906979687500000000e+04
1.891724609375000000e+04
1.886667382812500000e+04
1.888112304687500000e+04
1.885685351562500000e+04
1.889519335937500000e+04
1.888494335937500000e+04
1.888729882812500000e+04
1.871125585937500000e+04
1.868148242187500000e+04
1.869296484375000000e+04
1.870032617187500000e+04
1.870041992187500000e+04
1.875536328125000000e+04
1.872417773437500000e+04
1.872132812500000000e+04
1.872158203125000000e+04
1.871257226562500000e+04
1.869735742187500000e+04
1.868388281250000000e+04
1.868323632812500000e+04
1.868683203125000000e+04
1.881191796875000000e+04
1.883687695312500000e+04
1.882804882812500000e+04
1.883145312500000000e+04
1.887857421875000000e+04
1.889039257812500000e+04
1.885390625000000000e+04
1.880484375000000000e+04
1.887501367187500000e+04
1.884058203125000000e+04
1.882854296875000000e+04
1.884960742187500000e+04
1.887716796875000000e+04
1.887857617187500000e+04
1.875239062500000000e+04
1.872857031250000000e+04
1.871215429687500000e+04
1.874365820312500000e+04
1.873937304687500000e+04
1.874199804687500000e+04
1.874190429687500000e+04
1.878008593750000000e+04
1.875427148437500000e+04
1.874804296875000000e+04
1.879274414062500000e+04
1.872918359375000000e+04
1.876742382812500000e+04
1.875377734375000000e+04
1.889335156250000000e+04
1.890123242187500000e+04
1.891656640625000000e+04
1.891274414062500000e+04
1.894177148437500000e+04
1.896520312500000000e+04
1.893466406250000000e+04
1.898180078125000000e+04
1.897441406250000000e+04
1.898444531250000000e+04
1.897377929687500000e+04
1.893189062500000000e+04
1.898548632812500000e+04
1.898738085937500000e+04
1.885364062500000000e+04
1.883116406250000000e+04
1.884830664062500000e+04
1.886503710937500000e+04
1.882956835937500000e+04
1.885352539062500000e+04
1.883550195312500000e+04
1.872368750000000000e+04
1.851294726562500000e+04
1.851865820312500000e+04
1.854132226562500000e+04
1.854801757812500000e+04
1.855459375000000000e+04
1.854680273437500000e+04
1.842092968750000000e+04
1.845989062500000000e+04
1.844148437500000000e+04
1.853164648437500000e+04
1.846742187500000000e+04
1.846202734375000000e+04
1.845703906250000000e+04
1.861445507812500000e+04
1.850159179687500000e+04
1.854067382812500000e+04
1.850132812500000000e+04
1.850255664062500000e+04
1.852222070312500000e+04
1.852353320312500000e+04
1.859959375000000000e+04
1.869234375000000000e+04
1.866748632812500000e+04
1.865052734375000000e+04
1.865182421875000000e+04
1.861219921875000000e+04
1.860699023437500000e+04
1.874028710937500000e+04
1.873372656250000000e+04
1.872600585937500000e+04
1.871432421875000000e+04
1.868861132812500000e+04
1.870086914062500000e+04
1.871761132812500000e+04
1.897674218750000000e+04
1.896777929687500000e+04
1.895623046875000000e+04
1.896045703125000000e+04
1.895826171875000000e+04
1.894817187500000000e+04
1.895886328125000000e+04
1.898755664062500000e+04
1.900221093750000000e+04
1.897325195312500000e+04
1.898490234375000000e+04
1.897767968750000000e+04
1.897617968750000000e+04
1.898045312500000000e+04
1.878504492187500000e+04
1.877541601562500000e+04
1.876186132812500000e+04
1.879682031250000000e+04
1.879725781250000000e+04
1.879360937500000000e+04
1.878991796875000000e+04
1.863500976562500000e+04
1.865888281250000000e+04
1.867169531250000000e+04
1.869705468750000000e+04
1.875210742187500000e+04
1.878348046875000000e+04
1.875802343750000000e+04
1.884673242187500000e+04
1.876013085937500000e+04
1.878551562500000000e+04
1.879719726562500000e+04
1.875816796875000000e+04
1.873754296875000000e+04
1.874186914062500000e+04
1.886659570312500000e+04
1.881845117187500000e+04
1.881491015625000000e+04
1.878322265625000000e+04
1.878601367187500000e+04
1.880672265625000000e+04
1.882563476562500000e+04
1.870559570312500000e+04
1.867390234375000000e+04
1.867744921875000000e+04
1.865554687500000000e+04
1.856544921875000000e+04
1.859291015625000000e+04
1.860826562500000000e+04
1.894957226562500000e+04
1.893037109375000000e+04
1.892688867187500000e+04
1.892994921875000000e+04
1.899709375000000000e+04
1.900145312500000000e+04
1.900142773437500000e+04
1.895341015625000000e+04
1.889519140625000000e+04
1.891869531250000000e+04
1.891814843750000000e+04
1.896112890625000000e+04
1.896654492187500000e+04
1.896522656250000000e+04
1.911384375000000000e+04
1.909833593750000000e+04
1.908655859375000000e+04
1.909743750000000000e+04
1.904728515625000000e+04
1.909161132812500000e+04
1.909260742187500000e+04
1.902616992187500000e+04
1.916505078125000000e+04
1.916196093750000000e+04
1.918508398437500000e+04
1.921560546875000000e+04
1.920850195312500000e+04
1.921237109375000000e+04
1.937737890625000000e+04
1.934024804687500000e+04
1.934692773437500000e+04
1.929760156250000000e+04
1.932782421875000000e+04
1.927612109375000000e+04
1.925103125000000000e+04
1.933805859375000000e+04
1.926755468750000000e+04
1.926006835937500000e+04
1.921531640625000000e+04
1.919144921875000000e+04
1.920325195312500000e+04
1.923596679687500000e+04
1.913784960937500000e+04
1.902383398437500000e+04
1.904255078125000000e+04
1.902893359375000000e+04
1.900917968750000000e+04
1.903292382812500000e+04
1.901958398437500000e+04
1.901573437500000000e+04
1.898427343750000000e+04
1.901832226562500000e+04
1.907032812500000000e+04
1.907216015625000000e+04
1.899126562500000000e+04
1.897357031250000000e+04
1.911524023437500000e+04
1.905151757812500000e+04
1.907657421875000000e+04
1.908143945312500000e+04
1.904051953125000000e+04
1.902187890625000000e+04
1.903729492187500000e+04
1.901325585937500000e+04
1.901295703125000000e+04
1.903099023437500000e+04
1.901201757812500000e+04
1.901509375000000000e+04
1.903988671875000000e+04
1.904058593750000000e+04
1.885290039062500000e+04
1.893355468750000000e+04
1.890352734375000000e+04
1.889800976562500000e+04
1.884780859375000000e+04
1.886360156250000000e+04
1.886842968750000000e+04
1.883195312500000000e+04
1.888446289062500000e+04
1.886457421875000000e+04
1.885458007812500000e+04
1.884812304687500000e+04
1.888176171875000000e+04
1.890960546875000000e+04
1.885836718750000000e+04
1.880102539062500000e+04
1.880483789062500000e+04
1.882524023437500000e+04
1.889489453125000000e+04
1.893979101562500000e+04
1.890542187500000000e+04
1.883804101562500000e+04
1.883413671875000000e+04
1.884279296875000000e+04
1.886248437500000000e+04
1.882760156250000000e+04
1.884334179687500000e+04
1.881887890625000000e+04
1.855361523437500000e+04
1.858725390625000000e+04
1.857380078125000000e+04
1.859369335937500000e+04
1.862351953125000000e+04
1.864893359375000000e+04
1.867922265625000000e+04
1.860741210937500000e+04
1.856232812500000000e+04
1.859298242187500000e+04
1.855662695312500000e+04
1.860475976562500000e+04
1.858641210937500000e+04
1.857533789062500000e+04
1.844112890625000000e+04
1.845413671875000000e+04
1.843362695312500000e+04
1.842441601562500000e+04
1.843597656250000000e+04
1.842599414062500000e+04
1.844342578125000000e+04
1.827830273437500000e+04
1.841732031250000000e+04
1.843355664062500000e+04
1.836360351562500000e+04
1.844011328125000000e+04
1.844387695312500000e+04
1.843616406250000000e+04
1.841133398437500000e+04
1.833566992187500000e+04
1.832493359375000000e+04
1.826369140625000000e+04
1.828849023437500000e+04
1.825653906250000000e+04
1.823592187500000000e+04
1.813919726562500000e+04
1.812762109375000000e+04
1.810053515625000000e+04
1.810799218750000000e+04
1.806596875000000000e+04
1.806718750000000000e+04
1.806883007812500000e+04
1.814172851562500000e+04
1.810486914062500000e+04
1.807666406250000000e+04
1.808998632812500000e+04
1.821974804687500000e+04
1.814957421875000000e+04
1.816006250000000000e+04
1.817356640625000000e+04
1.815912695312500000e+04
1.819500195312500000e+04
1.821817382812500000e+04
1.820864648437500000e+04
1.816460351562500000e+04
1.818841601562500000e+04
1.829813085937500000e+04
1.835669726562500000e+04
1.836682031250000000e+04
1.840431250000000000e+04
1.838944726562500000e+04
1.836960937500000000e+04
1.838068750000000000e+04
1.826385937500000000e+04
1.829020703125000000e+04
1.827725976562500000e+04
1.826688281250000000e+04
1.829067968750000000e+04
1.825408398437500000e+04
1.824411328125000000e+04
1.845799804687500000e+04
1.841620898437500000e+04
1.840983593750000000e+04
1.835066210937500000e+04
1.836714648437500000e+04
1.835731835937500000e+04
1.833311718750000000e+04
1.848192382812500000e+04
1.855709375000000000e+04
1.853018945312500000e+04
1.853021289062500000e+04
1.853762304687500000e+04
1.852970898437500000e+04
1.852141601562500000e+04
1.862813867187500000e+04
1.855316796875000000e+04
1.857725781250000000e+04
1.856025195312500000e+04
1.856544140625000000e+04
1.849754687500000000e+04
1.852244531250000000e+04
1.857837109375000000e+04
1.847769726562500000e+04
1.849748632812500000e+04
1.846927539062500000e+04
1.848841406250000000e+04
1.843568945312500000e+04
1.847300976562500000e+04
1.873785546875000000e+04
1.872664648437500000e+04
1.871356445312500000e+04
1.869416210937500000e+04
1.870453320312500000e+04
1.870672851562500000e+04
1.870958593750000000e+04
1.853843359375000000e+04
1.856196289062500000e+04
1.855365039062500000e+04
1.857983789062500000e+04
1.850764843750000000e+04
1.851381250000000000e+04
1.850281054687500000e+04
1.843734570312500000e+04
1.842911718750000000e+04
1.842457226562500000e+04
1.848209375000000000e+04
1.851536914062500000e+04
1.848081250000000000e+04
1.851037304687500000e+04
1.841723632812500000e+04
1.840763476562500000e+04
1.840794140625000000e+04
1.839639453125000000e+04
1.838975000000000000e+04
1.836215429687500000e+04
1.837763671875000000e+04
1.820209765625000000e+04
1.822832031250000000e+04
1.820225781250000000e+04
1.831703125000000000e+04
1.824711914062500000e+04
1.831107031250000000e+04
1.833124609375000000e+04
1.823676953125000000e+04
1.832232617187500000e+04
1.831915820312500000e+04
1.829720312500000000e+04
1.831664257812500000e+04
1.829580468750000000e+04
1.828190039062500000e+04
1.826219726562500000e+04
1.825389648437500000e+04
1.826196679687500000e+04
1.827799804687500000e+04
1.826427148437500000e+04
1.827693750000000000e+04
1.826943750000000000e+04
1.825532421875000000e+04
1.824815039062500000e+04
1.825035742187500000e+04
1.830221289062500000e+04
1.829454296875000000e+04
1.831829296875000000e+04
1.829383203125000000e+04
1.841358984375000000e+04
1.845079687500000000e+04
1.845161132812500000e+04
1.840299804687500000e+04
1.837935742187500000e+04
1.840299218750000000e+04
1.836213085937500000e+04
1.826561718750000000e+04
1.826523242187500000e+04
1.826303125000000000e+04
1.825616601562500000e+04
1.828123242187500000e+04
1.825821484375000000e+04
1.823114062500000000e+04
1.820534375000000000e+04
1.825082031250000000e+04
1.823117187500000000e+04
1.820522070312500000e+04
1.823567578125000000e+04
1.826535351562500000e+04
1.826488085937500000e+04
1.823842187500000000e+04
1.820615625000000000e+04
1.819172656250000000e+04
1.819732617187500000e+04
1.824794726562500000e+04
1.821264843750000000e+04
1.821122070312500000e+04
1.808396093750000000e+04
1.808745507812500000e+04
1.807945117187500000e+04
1.808441796875000000e+04
1.810268554687500000e+04
1.807163085937500000e+04
1.808808789062500000e+04
1.814441015625000000e+04
1.818680273437500000e+04
1.820260156250000000e+04
1.817057617187500000e+04
1.823886523437500000e+04
1.824145117187500000e+04
1.830762109375000000e+04
1.815987304687500000e+04
1.815827148437500000e+04
1.817975390625000000e+04
1.818348828125000000e+04
1.812282031250000000e+04
1.815117578125000000e+04
1.812231445312500000e+04
1.806448632812500000e+04
1.803290625000000000e+04
1.804650000000000000e+04
1.802850976562500000e+04
1.803537890625000000e+04
1.795479296875000000e+04
1.798675781250000000e+04
1.806751757812500000e+04
1.805236132812500000e+04
1.804681640625000000e+04
1.802849804687500000e+04
1.805624023437500000e+04
1.805385937500000000e+04
1.805585937500000000e+04
1.796007421875000000e+04
1.794652343750000000e+04
1.796241406250000000e+04
1.797895117187500000e+04
1.792781835937500000e+04
1.793385742187500000e+04
1.793462890625000000e+04
1.814168359375000000e+04
1.815346875000000000e+04
1.819156835937500000e+04
1.819008789062500000e+04
1.818718164062500000e+04
1.820652929687500000e+04
1.816314453125000000e+04
1.785456054687500000e+04
1.785784570312500000e+04
1.788335156250000000e+04
1.786480664062500000e+04
1.789681640625000000e+04
1.790008203125000000e+04
1.791198046875000000e+04
1.782153125000000000e+04
1.784950585937500000e+04
1.781677148437500000e+04
1.783023828125000000e+04
1.779305664062500000e+04
1.783521289062500000e+04
1.784151367187500000e+04
1.790139257812500000e+04
1.789036328125000000e+04
1.791645117187500000e+04
1.789039453125000000e+04
1.788091601562500000e+04
1.785108593750000000e+04
1.785314257812500000e+04
1.803312890625000000e+04
1.804286523437500000e+04
1.801649609375000000e+04
1.799218554687500000e+04
1.798131054687500000e+04
1.797828906250000000e+04
1.800076367187500000e+04
1.806498437500000000e+04
1.798438867187500000e+04
1.800941406250000000e+04
1.821653125000000000e+04
1.810916601562500000e+04
1.813815625000000000e+04
1.810933789062500000e+04
1.809739648437500000e+04
1.808792382812500000e+04
1.809348828125000000e+04
1.825942382812500000e+04
1.821618945312500000e+04
1.823381250000000000e+04
1.826740820312500000e+04
1.822872265625000000e+04
1.822732617187500000e+04
1.821824023437500000e+04
1.839819726562500000e+04
1.841443164062500000e+04
1.839262304687500000e+04
1.840981445312500000e+04
1.841003710937500000e+04
1.839258593750000000e+04
1.839237304687500000e+04
1.822156054687500000e+04
1.819843945312500000e+04
1.818390429687500000e+04
1.819418554687500000e+04
1.816016406250000000e+04
1.819736914062500000e+04
1.816308984375000000e+04
1.813332421875000000e+04
1.811505859375000000e+04
1.813220117187500000e+04
1.810649414062500000e+04
1.805913671875000000e+04
1.807088281250000000e+04
1.808161132812500000e+04
1.810667382812500000e+04
1.815898828125000000e+04
1.813943164062500000e+04
1.813064843750000000e+04
1.813878125000000000e+04
1.815076757812500000e+04
1.814957226562500000e+04
1.814394726562500000e+04
1.813684375000000000e+04
1.813844921875000000e+04
1.812688867187500000e+04
1.813700976562500000e+04
1.812747070312500000e+04
1.813335937500000000e+04
1.795117578125000000e+04
1.793493359375000000e+04
1.793970117187500000e+04
1.793781835937500000e+04
1.793826757812500000e+04
1.792069335937500000e+04
1.789613476562500000e+04
1.783331835937500000e+04
1.787744726562500000e+04
1.785789453125000000e+04
1.785939648437500000e+04
1.782899804687500000e+04
1.781284960937500000e+04
1.783328125000000000e+04
1.773774804687500000e+04
1.776482421875000000e+04
1.777267968750000000e+04
1.775531835937500000e+04
1.776462109375000000e+04
1.775672460937500000e+04
1.774125585937500000e+04
1.797175976562500000e+04
1.786008398437500000e+04
1.784088476562500000e+04
1.784357226562500000e+04
1.782207812500000000e+04
1.774562500000000000e+04
1.778675000000000000e+04
1.772869921875000000e+04
1.771057226562500000e+04
1.773935742187500000e+04
1.770558203125000000e+04
1.777463085937500000e+04
1.775699218750000000e+04
1.777351953125000000e+04
1.789358984375000000e+04
1.784075781250000000e+04
1.785364062500000000e+04
1.790116210937500000e+04
1.798231445312500000e+04
1.792385742187500000e+04
1.795232031250000000e+04
1.788896289062500000e+04
1.794186132812500000e+04
1.792171484375000000e+04
1.790635742187500000e+04
1.793279101562500000e+04
1.793866210937500000e+04
1.795428906250000000e+04
1.784656250000000000e+04
1.780091796875000000e+04
1.778532031250000000e+04
1.777690234375000000e+04
1.780984570312500000e+04
1.781265039062500000e+04
1.780333593750000000e+04
1.774911718750000000e+04
1.780334375000000000e+04
1.780889453125000000e+04
1.779320312500000000e+04
1.778834375000000000e+04
1.779734179687500000e+04
1.779882812500000000e+04
1.793440234375000000e+04
1.788701757812500000e+04
1.790025390625000000e+04
1.786776757812500000e+04
1.786765625000000000e+04
1.783638281250000000e+04
1.786542773437500000e+04
1.803502539062500000e+04
1.806264257812500000e+04
1.804296289062500000e+04
1.806989843750000000e+04
1.809886914062500000e+04
1.808895507812500000e+04
1.809427343750000000e+04
1.828592382812500000e+04
1.827030273437500000e+04
1.824864453125000000e+04
1.822368945312500000e+04
1.823974609375000000e+04
1.825737695312500000e+04
1.824917578125000000e+04
1.813290625000000000e+04
1.809309960937500000e+04
1.810495312500000000e+04
1.810161523437500000e+04
1.814034179687500000e+04
1.810560351562500000e+04
1.808948632812500000e+04
1.810898632812500000e+04
1.811268554687500000e+04
1.809676757812500000e+04
1.806429101562500000e+04
1.803159570312500000e+04
1.805126953125000000e+04
1.804385351562500000e+04
1.800095703125000000e+04
1.801188085937500000e+04
1.800849023437500000e+04
1.802576562500000000e+04
1.801837500000000000e+04
1.801986132812500000e+04
1.801011718750000000e+04
1.783886914062500000e+04
1.787803906250000000e+04
1.786301171875000000e+04
1.786064648437500000e+04
1.787572656250000000e+04
1.786005468750000000e+04
1.784663281250000000e+04
1.787271289062500000e+04
1.781742968750000000e+04
1.783634570312500000e+04
1.785807812500000000e+04
1.786633984375000000e+04
1.789705859375000000e+04
1.796997460937500000e+04
1.798042187500000000e+04
1.793482421875000000e+04
1.795351367187500000e+04
1.795747070312500000e+04
1.795365625000000000e+04
1.797660742187500000e+04
1.795000195312500000e+04
1.821163476562500000e+04
1.819669140625000000e+04
1.821419140625000000e+04
1.822797460937500000e+04
1.825814062500000000e+04
1.830060156250000000e+04
1.831024804687500000e+04
1.813853320312500000e+04
1.812624804687500000e+04
1.815252734375000000e+04
1.819626757812500000e+04
1.821165625000000000e+04
1.817738281250000000e+04
1.817474609375000000e+04
1.798715234375000000e+04
1.799810351562500000e+04
1.797009960937500000e+04
1.798136718750000000e+04
1.797116601562500000e+04
1.798232031250000000e+04
1.798205078125000000e+04
1.807054492187500000e+04
1.812796875000000000e+04
1.812241015625000000e+04
1.814468945312500000e+04
1.811800585937500000e+04
1.812870898437500000e+04
1.814625390625000000e+04
1.826862695312500000e+04
1.824228515625000000e+04
1.825114648437500000e+04
1.824819335937500000e+04
1.815643945312500000e+04
1.814970703125000000e+04
1.811382617187500000e+04
1.812145507812500000e+04
1.813141406250000000e+04
1.811759960937500000e+04
1.813358007812500000e+04
1.808612500000000000e+04
1.811637695312500000e+04
1.812575390625000000e+04
1.807557617187500000e+04
1.810373046875000000e+04
1.808932226562500000e+04
1.807433593750000000e+04
1.816432226562500000e+04
1.821343164062500000e+04
1.821849804687500000e+04
1.805024804687500000e+04
1.807900781250000000e+04
1.809064648437500000e+04
1.808540234375000000e+04
1.805039453125000000e+04
1.804088476562500000e+04
1.803502734375000000e+04
1.794953515625000000e+04
1.792150390625000000e+04
1.794243750000000000e+04
1.797854296875000000e+04
1.800952343750000000e+04
1.802454882812500000e+04
1.801872460937500000e+04
1.797058593750000000e+04
1.796533203125000000e+04
1.795780468750000000e+04
1.793542382812500000e+04
1.791764648437500000e+04
1.793548437500000000e+04
1.792489257812500000e+04
1.780535156250000000e+04
1.776618554687500000e+04
1.774803125000000000e+04
1.773204296875000000e+04
1.769654687500000000e+04
1.771566015625000000e+04
1.773720703125000000e+04
1.770519140625000000e+04
1.775187109375000000e+04
1.775160351562500000e+04
1.772494531250000000e+04
1.775658203125000000e+04
1.776916015625000000e+04
1.776207617187500000e+04
1.770166210937500000e+04
1.773725781250000000e+04
1.770056054687500000e+04
1.769713085937500000e+04
1.772005078125000000e+04
1.767301757812500000e+04
1.766075390625000000e+04
1.765216210937500000e+04
1.761683398437500000e+04
1.760540429687500000e+04
1.761980273437500000e+04
1.762541992187500000e+04
1.756493945312500000e+04
1.757153320312500000e+04
1.745115039062500000e+04
1.742822070312500000e+04
1.742931250000000000e+04
1.744516406250000000e+04
1.742003906250000000e+04
1.738887109375000000e+04
1.741542187500000000e+04
1.745666992187500000e+04
1.745718164062500000e+04
1.747408984375000000e+04
1.751955664062500000e+04
1.749985156250000000e+04
1.746087695312500000e+04
1.748560742187500000e+04
1.734230664062500000e+04
1.737268945312500000e+04
1.737203515625000000e+04
1.740003710937500000e+04
1.740993750000000000e+04
1.740685937500000000e+04
1.743263476562500000e+04
1.740502929687500000e+04
1.740566210937500000e+04
1.744438085937500000e+04
1.744703125000000000e+04
1.742555468750000000e+04
1.741791406250000000e+04
1.742397460937500000e+04
1.729858984375000000e+04
1.727713085937500000e+04
1.727558007812500000e+04
1.729447265625000000e+04
1.737652343750000000e+04
1.733885351562500000e+04
1.735695703125000000e+04
1.739697656250000000e+04
1.741736523437500000e+04
1.742838867187500000e+04
1.741254492187500000e+04
1.744405273437500000e+04
1.744978710937500000e+04
1.744441796875000000e+04
1.738772070312500000e+04
1.738237695312500000e+04
1.738329882812500000e+04
1.736485937500000000e+04
1.736722656250000000e+04
1.735290625000000000e+04
1.737765234375000000e+04
1.749550000000000000e+04
1.745472265625000000e+04
1.745681445312500000e+04
1.746036523437500000e+04
1.744660156250000000e+04
1.741591015625000000e+04
1.745183007812500000e+04
1.770822460937500000e+04
1.769415625000000000e+04
1.768919140625000000e+04
1.761334375000000000e+04
1.761060546875000000e+04
1.763241601562500000e+04
1.764310351562500000e+04
1.755939257812500000e+04
1.756621093750000000e+04
1.756368750000000000e+04
1.756980468750000000e+04
1.755210546875000000e+04
1.754856835937500000e+04
1.756567382812500000e+04
1.748061328125000000e+04
1.751903710937500000e+04
1.751060156250000000e+04
1.752044140625000000e+04
1.747535742187500000e+04
1.748818554687500000e+04
1.750732617187500000e+04
1.759761523437500000e+04
1.758390429687500000e+04
1.758343945312500000e+04
1.759290039062500000e+04
1.756239843750000000e+04
1.753051171875000000e+04
1.755327929687500000e+04
1.748610546875000000e+04
1.754108007812500000e+04
1.753571679687500000e+04
1.755869726562500000e+04
1.754603320312500000e+04
1.756754687500000000e+04
1.755481445312500000e+04
1.758797851562500000e+04
1.765979492187500000e+04
1.750898632812500000e+04
1.744404882812500000e+04
1.742667187500000000e+04
1.743254296875000000e+04
1.741136523437500000e+04
1.750138867187500000e+04
1.754144531250000000e+04
1.754484765625000000e+04
1.755009765625000000e+04
1.756126757812500000e+04
1.757253320312500000e+04
1.756115039062500000e+04
1.764846875000000000e+04
1.769210351562500000e+04
1.768496289062500000e+04
1.774915820312500000e+04
1.777163671875000000e+04
1.777393945312500000e+04
1.776438281250000000e+04
1.774272851562500000e+04
1.772804492187500000e+04
1.773077343750000000e+04
1.773847656250000000e+04
1.776185156250000000e+04
1.775621289062500000e+04
1.776959960937500000e+04
1.763683593750000000e+04
1.762004492187500000e+04
1.764489453125000000e+04
1.765072265625000000e+04
1.761477734375000000e+04
1.763082812500000000e+04
1.763679101562500000e+04
1.753040625000000000e+04
1.754413281250000000e+04
1.753906445312500000e+04
1.755275976562500000e+04
1.756874609375000000e+04
1.756194335937500000e+04
1.756739453125000000e+04
1.753228515625000000e+04
1.752029296875000000e+04
1.753256445312500000e+04
1.751040039062500000e+04
1.754039257812500000e+04
1.758055273437500000e+04
1.756478906250000000e+04
1.757718750000000000e+04
1.755973242187500000e+04
1.755416210937500000e+04
1.753796679687500000e+04
1.750108984375000000e+04
1.750856445312500000e+04
1.751445898437500000e+04
1.737415625000000000e+04
1.736046679687500000e+04
1.736276757812500000e+04
1.735571289062500000e+04
1.736008203125000000e+04
1.735907617187500000e+04
1.737083203125000000e+04
1.744096679687500000e+04
1.740764648437500000e+04
1.739331445312500000e+04
1.737725976562500000e+04
1.739155078125000000e+04
1.736938476562500000e+04
1.736252929687500000e+04
1.733668945312500000e+04
1.732650390625000000e+04
1.732371289062500000e+04
1.731665234375000000e+04
1.730134960937500000e+04
1.730367382812500000e+04
1.731888867187500000e+04
1.742004101562500000e+04
1.740738671875000000e+04
1.742483984375000000e+04
1.746289453125000000e+04
1.743854882812500000e+04
1.742179296875000000e+04
1.740793554687500000e+04
1.741577148437500000e+04
1.739772070312500000e+04
1.740825000000000000e+04
1.740833789062500000e+04
1.739119140625000000e+04
1.736033203125000000e+04
1.738022265625000000e+04
1.737658398437500000e+04
1.737821875000000000e+04
1.737138085937500000e+04
1.736720703125000000e+04
1.735735937500000000e+04
1.736296484375000000e+04
1.736782226562500000e+04
1.733625781250000000e+04
1.725228515625000000e+04
1.723278320312500000e+04
1.723431054687500000e+04
1.721606445312500000e+04
1.723190039062500000e+04
1.722014062500000000e+04
1.704342382812500000e+04
1.704909375000000000e+04
1.704375390625000000e+04
1.702504687500000000e+04
1.699244140625000000e+04
1.697049414062500000e+04
1.699026562500000000e+04
1.698910351562500000e+04
1.700126562500000000e+04
1.702652343750000000e+04
1.700426757812500000e+04
1.701975000000000000e+04
1.703125976562500000e+04
1.703630859375000000e+04
1.706571875000000000e+04
1.702003515625000000e+04
1.702498437500000000e+04
1.702619531250000000e+04
1.697797460937500000e+04
1.698951562500000000e+04
1.700361523437500000e+04
1.692876367187500000e+04
1.688936914062500000e+04
1.689909375000000000e+04
1.688653515625000000e+04
1.686545507812500000e+04
1.685831054687500000e+04
1.688041992187500000e+04
1.701253906250000000e+04
1.698246484375000000e+04
1.700974218750000000e+04
1.702862500000000000e+04
1.705818164062500000e+04
1.701207812500000000e+04
1.701691796875000000e+04
1.711389648437500000e+04
1.708541210937500000e+04
1.706300976562500000e+04
1.705959179687500000e+04
1.711459179687500000e+04
1.714135351562500000e+04
1.722831250000000000e+04
1.726182031250000000e+04
1.730573437500000000e+04
1.732918554687500000e+04
1.735875585937500000e+04
1.736488867187500000e+04
1.735296875000000000e+04
1.736522851562500000e+04
1.736111914062500000e+04
1.731564453125000000e+04
1.729601953125000000e+04
1.731971289062500000e+04
1.724450976562500000e+04
1.726430273437500000e+04
1.724706445312500000e+04
1.734267578125000000e+04
1.733616210937500000e+04
1.731742382812500000e+04
1.729083203125000000e+04
1.730772460937500000e+04
1.729605859375000000e+04
1.730698632812500000e+04
1.715430859375000000e+04
1.716812109375000000e+04
1.717579492187500000e+04
1.716384375000000000e+04
1.718441210937500000e+04
1.714768554687500000e+04
1.714650976562500000e+04
1.707423632812500000e+04
1.709921289062500000e+04
1.708766015625000000e+04
1.707574804687500000e+04
1.705351562500000000e+04
1.706275000000000000e+04
1.705957617187500000e+04
1.712933203125000000e+04
1.716034960937500000e+04
1.714649023437500000e+04
1.712490429687500000e+04
1.709049414062500000e+04
1.710023437500000000e+04
1.709131445312500000e+04
1.720868164062500000e+04
1.714119921875000000e+04
1.713672851562500000e+04
1.710840625000000000e+04
1.708124218750000000e+04
1.710815429687500000e+04
1.707950000000000000e+04
1.705599023437500000e+04
1.706809960937500000e+04
1.707508984375000000e+04
1.711377539062500000e+04
1.709619335937500000e+04
1.707806640625000000e+04
1.708246679687500000e+04
1.716761914062500000e+04
1.720071093750000000e+04
1.722470312500000000e+04
1.730482226562500000e+04
1.730220898437500000e+04
1.733044531250000000e+04
1.732888085937500000e+04
1.741547851562500000e+04
1.734704882812500000e+04
1.732811523437500000e+04
1.731012304687500000e+04
1.730153515625000000e+04
1.732196679687500000e+04
1.730187890625000000e+04
1.727970117187500000e+04
1.723832617187500000e+04
1.725262500000000000e+04
1.722857226562500000e+04
1.721057031250000000e+04
1.722924804687500000e+04
1.721999218750000000e+04
1.710781640625000000e+04
1.715042187500000000e+04
1.707682226562500000e+04
1.715751757812500000e+04
1.717687695312500000e+04
1.719262695312500000e+04
1.722184375000000000e+04
1.722967578125000000e+04
1.722390429687500000e+04
1.719756054687500000e+04
1.726976367187500000e+04
1.725092382812500000e+04
1.723518359375000000e+04
1.724793750000000000e+04
1.726216796875000000e+04
1.725190039062500000e+04
1.729859179687500000e+04
1.735247851562500000e+04
1.737812109375000000e+04
1.742771875000000000e+04
1.742350195312500000e+04
1.742136132812500000e+04
1.742864062500000000e+04
1.734529296875000000e+04
1.736902734375000000e+04
1.734801562500000000e+04
1.734550781250000000e+04
1.735225585937500000e+04
1.736311132812500000e+04
1.734338085937500000e+04
1.732845703125000000e+04
1.732203515625000000e+04
1.732179882812500000e+04
1.731291406250000000e+04
1.734930468750000000e+04
1.736202734375000000e+04
1.738193945312500000e+04
1.749872851562500000e+04
1.758289648437500000e+04
1.761316406250000000e+04
1.757455859375000000e+04
1.751912695312500000e+04
1.753163867187500000e+04
1.749886132812500000e+04
1.748784570312500000e+04
1.751291406250000000e+04
1.751051953125000000e+04
1.755710546875000000e+04
1.755887890625000000e+04
1.758659375000000000e+04
1.761350585937500000e+04
1.762179882812500000e+04
1.759213281250000000e+04
1.759755468750000000e+04
1.760076562500000000e+04
1.761557812500000000e+04
1.761334960937500000e+04
1.761199804687500000e+04
1.755633398437500000e+04
1.756302929687500000e+04
1.755026757812500000e+04
1.757985937500000000e+04
1.756250390625000000e+04
1.755976953125000000e+04
1.756283984375000000e+04
1.749106054687500000e+04
1.750482617187500000e+04
1.753544921875000000e+04
1.755682421875000000e+04
1.754628125000000000e+04
1.762743359375000000e+04
1.763997265625000000e+04
1.762192382812500000e+04
1.757112695312500000e+04
1.763044921875000000e+04
1.760225390625000000e+04
1.752851757812500000e+04
1.751724218750000000e+04
1.752142968750000000e+04
1.754535156250000000e+04
1.751093359375000000e+04
1.752471679687500000e+04
1.751902929687500000e+04
1.753029492187500000e+04
1.755063281250000000e+04
1.750208007812500000e+04
1.747940820312500000e+04
1.754259960937500000e+04
1.755907226562500000e+04
1.751989648437500000e+04
1.755042773437500000e+04
1.752764648437500000e+04
1.754109375000000000e+04
1.751336328125000000e+04
1.754995312500000000e+04
1.753328125000000000e+04
1.751587500000000000e+04
1.750850195312500000e+04
1.751806250000000000e+04
1.754447851562500000e+04
1.736851757812500000e+04
1.737603710937500000e+04
1.739614062500000000e+04
1.735810351562500000e+04
1.733632812500000000e+04
1.734087109375000000e+04
1.734166210937500000e+04
1.739101171875000000e+04
1.748907226562500000e+04
1.751538085937500000e+04
1.746361914062500000e+04
1.748290234375000000e+04
1.746262500000000000e+04
1.746924609375000000e+04
1.744825195312500000e+04
1.744466210937500000e+04
1.743053515625000000e+04
1.742622070312500000e+04
1.739080664062500000e+04
1.734930273437500000e+04
1.737550390625000000e+04
1.745966601562500000e+04
1.744155078125000000e+04
1.746499609375000000e+04
1.746797265625000000e+04
1.747543945312500000e+04
1.746465820312500000e+04
1.743191015625000000e+04
1.751663867187500000e+04
1.753042773437500000e+04
1.752974609375000000e+04
1.753260546875000000e+04
1.753252929687500000e+04
1.752990625000000000e+04
1.754170703125000000e+04
1.761717382812500000e+04
1.764331054687500000e+04
1.768005078125000000e+04
1.772470898437500000e+04
1.775989453125000000e+04
1.781318554687500000e+04
1.778787890625000000e+04
1.779556640625000000e+04
1.781649414062500000e+04
1.781525585937500000e+04
1.783100000000000000e+04
1.779647656250000000e+04
1.778382812500000000e+04
1.778487695312500000e+04
1.777214843750000000e+04
1.775470507812500000e+04
1.772744140625000000e+04
1.770620507812500000e+04
1.769785742187500000e+04
1.771172851562500000e+04
1.772346679687500000e+04
1.756820703125000000e+04
1.756420703125000000e+04
1.754850000000000000e+04
1.753577734375000000e+04
1.756189453125000000e+04
1.759722656250000000e+04
1.760380859375000000e+04
1.759962695312500000e+04
1.761783984375000000e+04
1.760677148437500000e+04
1.761973242187500000e+04
1.763230664062500000e+04
1.761647656250000000e+04
1.761749804687500000e+04
1.754455078125000000e+04
1.754386328125000000e+04
1.751794921875000000e+04
1.752743554687500000e+04
1.751801171875000000e+04
1.752451953125000000e+04
1.751572265625000000e+04
1.750074609375000000e+04
1.755325195312500000e+04
1.752802539062500000e+04
1.752375781250000000e+04
1.753848828125000000e+04
1.754059960937500000e+04
1.752084179687500000e+04
1.771949609375000000e+04
1.764912500000000000e+04
1.766239453125000000e+04
1.767185156250000000e+04
1.770204882812500000e+04
1.768457031250000000e+04
1.767225000000000000e+04
1.749582226562500000e+04
1.745096093750000000e+04
1.742710742187500000e+04
1.746559960937500000e+04
1.748908593750000000e+04
1.751499414062500000e+04
1.750048046875000000e+04
1.752856054687500000e+04
1.753785546875000000e+04
1.753083789062500000e+04
1.751390625000000000e+04
1.748813281250000000e+04
1.748572656250000000e+04
1.748758007812500000e+04
1.753162890625000000e+04
1.749410742187500000e+04
1.747949609375000000e+04
1.751125976562500000e+04
1.755188867187500000e+04
1.758671484375000000e+04
1.755011328125000000e+04
1.751037695312500000e+04
1.750358984375000000e+04
1.749850976562500000e+04
1.747128710937500000e+04
1.749762304687500000e+04
1.743570703125000000e+04
1.744877734375000000e+04
1.748788671875000000e+04
1.754818945312500000e+04
1.757840429687500000e+04
1.758734375000000000e+04
1.752996093750000000e+04
1.752436718750000000e+04
1.752368164062500000e+04
1.773666210937500000e+04
1.772707226562500000e+04
1.770569726562500000e+04
1.769584179687500000e+04
1.768447656250000000e+04
1.769281054687500000e+04
1.771048632812500000e+04
1.763877343750000000e+04
1.762287890625000000e+04
1.764718359375000000e+04
1.762722851562500000e+04
1.760767773437500000e+04
1.759681640625000000e+04
1.760696875000000000e+04
1.752823046875000000e+04
1.751491601562500000e+04
1.755132031250000000e+04
1.758179296875000000e+04
1.760916992187500000e+04
1.762343359375000000e+04
1.760718164062500000e+04
1.764284375000000000e+04
1.761202539062500000e+04
1.758737304687500000e+04
1.761895312500000000e+04
1.763351757812500000e+04
1.759243945312500000e+04
1.761384960937500000e+04
1.771158398437500000e+04
1.765192968750000000e+04
1.765648828125000000e+04
1.766769921875000000e+04
1.768282812500000000e+04
1.766634179687500000e+04
1.766048242187500000e+04
1.776898046875000000e+04
1.782316406250000000e+04
1.781359375000000000e+04
1.782581445312500000e+04
1.779978125000000000e+04
1.780795507812500000e+04
1.781593164062500000e+04
1.771655273437500000e+04
1.773062109375000000e+04
1.774902148437500000e+04
1.779675585937500000e+04
1.778843750000000000e+04
1.780363476562500000e+04
1.779430664062500000e+04
1.764455664062500000e+04
1.764752539062500000e+04
1.763927539062500000e+04
1.766128320312500000e+04
1.761823437500000000e+04
1.762700976562500000e+04
1.760511523437500000e+04
1.753500000000000000e+04
1.754557421875000000e+04
1.754758593750000000e+04
1.754697851562500000e+04
1.754934765625000000e+04
1.755714257812500000e+04
1.754871875000000000e+04
1.742919726562500000e+04
1.740586914062500000e+04
1.739741992187500000e+04
1.742500976562500000e+04
1.738077929687500000e+04
1.737926171875000000e+04
1.738502929687500000e+04
1.737522265625000000e+04
1.738367578125000000e+04
1.737775781250000000e+04
1.735797851562500000e+04
1.735088085937500000e+04
1.738266210937500000e+04
1.738176953125000000e+04
1.744465625000000000e+04
1.748216601562500000e+04
1.748091796875000000e+04
1.744432617187500000e+04
1.748386328125000000e+04
1.745469140625000000e+04
1.744859960937500000e+04
1.732414257812500000e+04
1.732022851562500000e+04
1.735464062500000000e+04
1.736358984375000000e+04
1.734448242187500000e+04
1.738084765625000000e+04
1.737189843750000000e+04
1.756205273437500000e+04
1.747691992187500000e+04
1.749993554687500000e+04
1.752317968750000000e+04
1.750483789062500000e+04
1.751777148437500000e+04
1.750278125000000000e+04
1.760660937500000000e+04
1.761885351562500000e+04
1.763496093750000000e+04
1.763575390625000000e+04
1.763813476562500000e+04
1.765516015625000000e+04
1.765989648437500000e+04
1.778116406250000000e+04
1.780316992187500000e+04
1.779495312500000000e+04
1.783075000000000000e+04
1.783509375000000000e+04
1.783522656250000000e+04
1.784347851562500000e+04
1.791060156250000000e+04
1.792289648437500000e+04
1.788205468750000000e+04
1.787036132812500000e+04
1.785457226562500000e+04
1.788730468750000000e+04
1.788908984375000000e+04
1.804580664062500000e+04
1.805424023437500000e+04
1.806457812500000000e+04
1.811138085937500000e+04
1.811382031250000000e+04
1.807403125000000000e+04
1.808405859375000000e+04
1.821192382812500000e+04
1.822255859375000000e+04
1.820332421875000000e+04
1.816242968750000000e+04
1.816664257812500000e+04
1.812343750000000000e+04
1.812827539062500000e+04
1.817930859375000000e+04
1.815963085937500000e+04
1.814865820312500000e+04
1.812171093750000000e+04
1.813607812500000000e+04
1.815486523437500000e+04
1.814658007812500000e+04
1.827963671875000000e+04
1.836342773437500000e+04
1.833698828125000000e+04
1.838013867187500000e+04
1.836334765625000000e+04
1.837254101562500000e+04
1.837896679687500000e+04
1.852172460937500000e+04
1.847315234375000000e+04
1.848336718750000000e+04
1.851095117187500000e+04
1.852314453125000000e+04
1.852678125000000000e+04
1.851516406250000000e+04
1.850687695312500000e+04
1.851157617187500000e+04
1.851646679687500000e+04
1.850460351562500000e+04
1.856751562500000000e+04
1.856979882812500000e+04
1.856607812500000000e+04
1.853862500000000000e+04
1.849220117187500000e+04
1.848561523437500000e+04
1.852547460937500000e+04
1.850334375000000000e+04
1.852453125000000000e+04
1.851529296875000000e+04
1.856223046875000000e+04
1.849793750000000000e+04
1.847908007812500000e+04
1.846988671875000000e+04
1.843633984375000000e+04
1.843684179687500000e+04
1.843577148437500000e+04
1.848567382812500000e+04
1.855441210937500000e+04
1.855357421875000000e+04
1.853479492187500000e+04
1.854233789062500000e+04
1.854308593750000000e+04
1.855295117187500000e+04
1.870258984375000000e+04
1.868965820312500000e+04
1.872448046875000000e+04
1.878678515625000000e+04
1.874390429687500000e+04
1.877091992187500000e+04
1.877223632812500000e+04
1.875543554687500000e+04
1.883653710937500000e+04
1.880779492187500000e+04
1.884641210937500000e+04
1.880748828125000000e+04
1.884183789062500000e+04
1.884351757812500000e+04
1.887968554687500000e+04
1.882621875000000000e+04
1.882652929687500000e+04
1.884152929687500000e+04
1.884012109375000000e+04
1.884061132812500000e+04
1.882388085937500000e+04
1.888895312500000000e+04
1.895411718750000000e+04
1.898042578125000000e+04
1.900344726562500000e+04
1.898980859375000000e+04
1.894728906250000000e+04
1.896375195312500000e+04
1.900301171875000000e+04
1.896501757812500000e+04
1.899427734375000000e+04
1.898692773437500000e+04
1.901966406250000000e+04
1.906356054687500000e+04
1.905734179687500000e+04
1.908678320312500000e+04
1.909008984375000000e+04
1.909878320312500000e+04
1.910474414062500000e+04
1.909746289062500000e+04
1.906193359375000000e+04
1.908400390625000000e+04
1.888228906250000000e+04
1.886107617187500000e+04
1.888238671875000000e+04
1.892140625000000000e+04
1.885921679687500000e+04
1.891242187500000000e+04
1.888515039062500000e+04
1.892699609375000000e+04
1.889202734375000000e+04
1.890680664062500000e+04
1.891652734375000000e+04
1.890571289062500000e+04
1.886966210937500000e+04
1.887816796875000000e+04
1.867578710937500000e+04
1.875413085937500000e+04
1.873786914062500000e+04
1.870708398437500000e+04
1.872731250000000000e+04
1.872809960937500000e+04
1.871151953125000000e+04
1.859938281250000000e+04
1.859206054687500000e+04
1.859334765625000000e+04
1.859488867187500000e+04
1.856798046875000000e+04
1.856467968750000000e+04
1.859029101562500000e+04
1.856614062500000000e+04
1.863661914062500000e+04
1.861222851562500000e+04
1.866370703125000000e+04
1.870688867187500000e+04
1.871377929687500000e+04
1.870062304687500000e+04
1.878097656250000000e+04
1.872665234375000000e+04
1.875707421875000000e+04
1.870098046875000000e+04
1.867145898437500000e+04
1.870026562500000000e+04
1.870071093750000000e+04
1.857135156250000000e+04
1.852790820312500000e+04
1.854050000000000000e+04
1.854734179687500000e+04
1.851563867187500000e+04
1.854454492187500000e+04
1.851756250000000000e+04
1.846374609375000000e+04
1.841443554687500000e+04
1.839695312500000000e+04
1.837519921875000000e+04
1.837567382812500000e+04
1.839052539062500000e+04
1.838816406250000000e+04
1.854513085937500000e+04
1.848071093750000000e+04
1.848180273437500000e+04
1.845538671875000000e+04
1.839667968750000000e+04
1.836622460937500000e+04
1.829859765625000000e+04
1.858208398437500000e+04
1.850971484375000000e+04
1.853378515625000000e+04
1.854360351562500000e+04
1.849907617187500000e+04
1.847970507812500000e+04
1.847831250000000000e+04
1.851873828125000000e+04
1.850153125000000000e+04
1.850505859375000000e+04
1.851704296875000000e+04
1.854127539062500000e+04
1.849290625000000000e+04
1.850292187500000000e+04
1.861102148437500000e+04
1.852573046875000000e+04
1.852900195312500000e+04
1.854120703125000000e+04
1.851271679687500000e+04
1.849295312500000000e+04
1.848218554687500000e+04
1.856468554687500000e+04
