1.711120312500000000e+04
1.715507812500000000e+04
1.727225585937500000e+04
1.724641406250000000e+04
1.727827929687500000e+04
1.724732812500000000e+04
1.741091406250000000e+04
1.738390039062500000e+04
1.743900585937500000e+04
1.743466992187500000e+04
1.729114453125000000e+04
1.724388085937500000e+04
1.723077148437500000e+04
1.725892578125000000e+04
1.724702734375000000e+04
1.722358398437500000e+04
1.721692773437500000e+04
1.755450781250000000e+04
1.761278515625000000e+04
1.761966015625000000e+04
1.774018750000000000e+04
1.766974414062500000e+04
1.765877148437500000e+04
1.759876171875000000e+04
1.777802343750000000e+04
1.790913476562500000e+04
1.787702929687500000e+04
1.787565234375000000e+04
1.782506445312500000e+04
1.782122656250000000e+04
1.779870703125000000e+04
1.779246875000000000e+04
1.780737890625000000e+04
1.778919140625000000e+04
1.775033593750000000e+04
1.772366992187500000e+04
1.776137695312500000e+04
1.776523828125000000e+04
1.782996484375000000e+04
1.768665820312500000e+04
1.764494726562500000e+04
1.766336328125000000e+04
1.765350390625000000e+04
1.764150781250000000e+04
1.767423632812500000e+04
1.749969335937500000e+04
1.753610546875000000e+04
1.751489257812500000e+04
1.752290039062500000e+04
1.753281640625000000e+04
1.753182617187500000e+04
1.753849804687500000e+04
1.815015820312500000e+04
1.797011328125000000e+04
1.801899023437500000e+04
1.809341015625000000e+04
1.815562304687500000e+04
1.816103320312500000e+04
1.818188281250000000e+04
1.851750000000000000e+04
1.845646875000000000e+04
1.840196093750000000e+04
1.834049218750000000e+04
1.828055273437500000e+04
1.829841406250000000e+04
1.826429296875000000e+04
1.868235156250000000e+04
1.847667578125000000e+04
1.854088281250000000e+04
1.853715625000000000e+04
1.850952148437500000e+04
1.854371484375000000e+04
1.856922851562500000e+04
1.861244335937500000e+04
1.850389257812500000e+04
1.842799414062500000e+04
1.841669531250000000e+04
1.842013867187500000e+04
1.846233203125000000e+04
1.845754687500000000e+04
1.824399804687500000e+04
1.824259570312500000e+04
1.824495703125000000e+04
1.833003906250000000e+04
1.832713085937500000e+04
1.845700195312500000e+04
1.839126757812500000e+04
1.855261523437500000e+04
1.842881250000000000e+04
1.844745703125000000e+04
1.847242773437500000e+04
1.837840820312500000e+04
1.838797070312500000e+04
1.838659960937500000e+04
1.812624023437500000e+04
1.816311523437500000e+04
1.817931054687500000e+04
1.818765429687500000e+04
1.823510937500000000e+04
1.820696289062500000e+04
1.821592187500000000e+04
1.817712695312500000e+04
1.824311523437500000e+04
1.823153906250000000e+04
1.821135937500000000e+04
1.812100195312500000e+04
1.817411328125000000e+04
1.814396875000000000e+04
1.818545117187500000e+04
1.814720898437500000e+04
1.822388867187500000e+04
1.822738867187500000e+04
1.824221875000000000e+04
1.821346875000000000e+04
1.820672656250000000e+04
1.831698632812500000e+04
1.821196484375000000e+04
1.826484765625000000e+04
1.824566796875000000e+04
1.825218945312500000e+04
1.826476562500000000e+04
1.825943164062500000e+04
1.819848046875000000e+04
1.819280078125000000e+04
1.817828710937500000e+04
1.821433593750000000e+04
1.822386328125000000e+04
1.823608593750000000e+04
1.821366601562500000e+04
1.789081640625000000e+04
1.811420898437500000e+04
1.802387695312500000e+04
1.804542968750000000e+04
1.807506640625000000e+04
1.813273828125000000e+04
1.808983593750000000e+04
1.847533984375000000e+04
1.839344335937500000e+04
1.846431054687500000e+04
1.846439648437500000e+04
1.842472265625000000e+04
1.844014062500000000e+04
1.860267382812500000e+04
1.857588867187500000e+04
1.854528515625000000e+04
1.851529882812500000e+04
1.856989648437500000e+04
1.849846679687500000e+04
1.871807617187500000e+04
1.861080078125000000e+04
1.888806445312500000e+04
1.864607226562500000e+04
1.874236132812500000e+04
1.868603320312500000e+04
1.872702734375000000e+04
1.868724023437500000e+04
1.865942578125000000e+04
1.862234960937500000e+04
1.854812500000000000e+04
1.851711328125000000e+04
1.851604101562500000e+04
1.859214257812500000e+04
1.855635742187500000e+04
1.855288085937500000e+04
1.890746484375000000e+04
1.877872460937500000e+04
1.880827734375000000e+04
1.881123828125000000e+04
1.886728125000000000e+04
1.888066406250000000e+04
1.887993945312500000e+04
1.889830273437500000e+04
1.880157421875000000e+04
1.874287500000000000e+04
1.872533398437500000e+04
1.872884375000000000e+04
1.878233984375000000e+04
1.877138476562500000e+04
1.884205859375000000e+04
1.873335351562500000e+04
1.876525000000000000e+04
1.888737304687500000e+04
1.873198828125000000e+04
1.861065625000000000e+04
1.856565625000000000e+04
1.871221679687500000e+04
1.878077539062500000e+04
1.869253906250000000e+04
1.871072070312500000e+04
1.875837109375000000e+04
1.876118945312500000e+04
1.875377539062500000e+04
1.883788867187500000e+04
1.897659960937500000e+04
1.889434960937500000e+04
1.885785742187500000e+04
1.895810546875000000e+04
1.893973828125000000e+04
1.890850781250000000e+04
1.877450585937500000e+04
1.877472265625000000e+04
1.879371875000000000e+04
1.876736328125000000e+04
1.872670117187500000e+04
1.875659375000000000e+04
1.872662304687500000e+04
1.880797460937500000e+04
1.872801953125000000e+04
1.880431640625000000e+04
1.879176367187500000e+04
1.880997070312500000e+04
1.883430078125000000e+04
1.880594726562500000e+04
1.886592382812500000e+04
1.885630859375000000e+04
1.883025000000000000e+04
1.887798828125000000e+04
1.883720898437500000e+04
1.884022070312500000e+04
1.881975976562500000e+04
1.870908203125000000e+04
1.878255078125000000e+04
1.872590039062500000e+04
1.873194335937500000e+04
1.874485742187500000e+04
1.870408593750000000e+04
1.870701953125000000e+04
1.876607226562500000e+04
1.871222070312500000e+04
1.874970703125000000e+04
1.875841015625000000e+04
1.877212109375000000e+04
1.879057812500000000e+04
1.875661914062500000e+04
1.879973242187500000e+04
1.877835156250000000e+04
1.872841992187500000e+04
1.874515625000000000e+04
1.872211523437500000e+04
1.872031445312500000e+04
1.874383203125000000e+04
1.865694335937500000e+04
1.867217773437500000e+04
1.861914453125000000e+04
1.858617773437500000e+04
1.865044140625000000e+04
1.864249609375000000e+04
1.866188281250000000e+04
1.870429101562500000e+04
1.865709960937500000e+04
1.867848632812500000e+04
1.867640429687500000e+04
1.869782812500000000e+04
1.871501562500000000e+04
1.871237890625000000e+04
1.899359179687500000e+04
1.883428515625000000e+04
1.887995507812500000e+04
1.885661132812500000e+04
1.885354101562500000e+04
1.889520507812500000e+04
1.886858203125000000e+04
1.888762890625000000e+04
1.884066015625000000e+04
1.877032617187500000e+04
1.879222460937500000e+04
1.876449804687500000e+04
1.882033593750000000e+04
1.878320507812500000e+04
1.902305664062500000e+04
1.890741796875000000e+04
1.891174609375000000e+04
1.889466796875000000e+04
1.887803125000000000e+04
1.887859375000000000e+04
1.890683984375000000e+04
1.883546875000000000e+04
1.882472851562500000e+04
1.876593554687500000e+04
1.878662890625000000e+04
1.878764648437500000e+04
1.879494921875000000e+04
1.882981835937500000e+04
1.889475585937500000e+04
1.887134375000000000e+04
1.886826562500000000e+04
1.885662695312500000e+04
1.885905273437500000e+04
1.887362890625000000e+04
1.885085742187500000e+04
1.898700781250000000e+04
1.888845507812500000e+04
1.889708984375000000e+04
1.889368164062500000e+04
1.898316601562500000e+04
1.891214453125000000e+04
1.895568359375000000e+04
1.909667187500000000e+04
1.905073242187500000e+04
1.904929101562500000e+04
1.901509570312500000e+04
1.910295898437500000e+04
1.908383203125000000e+04
1.909245507812500000e+04
1.920449609375000000e+04
1.917452148437500000e+04
1.912125781250000000e+04
1.912695703125000000e+04
1.915172851562500000e+04
1.912646289062500000e+04
1.912955468750000000e+04
1.912008789062500000e+04
1.918928710937500000e+04
1.911178710937500000e+04
1.908008789062500000e+04
1.912433007812500000e+04
1.908734960937500000e+04
1.909287304687500000e+04
1.918574804687500000e+04
1.918613281250000000e+04
1.916432226562500000e+04
1.914477734375000000e+04
1.920257421875000000e+04
1.917728906250000000e+04
1.919791796875000000e+04
1.915170312500000000e+04
1.918648632812500000e+04
1.914981250000000000e+04
1.917330664062500000e+04
1.914823828125000000e+04
1.914882812500000000e+04
1.917077734375000000e+04
1.926524609375000000e+04
1.918621679687500000e+04
1.921764648437500000e+04
1.923345703125000000e+04
1.919858007812500000e+04
1.919876562500000000e+04
1.918954882812500000e+04
1.921902539062500000e+04
1.919923828125000000e+04
1.915429687500000000e+04
1.918211328125000000e+04
1.918133398437500000e+04
1.919304101562500000e+04
1.920369140625000000e+04
1.919619921875000000e+04
1.922047656250000000e+04
1.920005859375000000e+04
1.919888867187500000e+04
1.925082617187500000e+04
1.924923046875000000e+04
1.923782617187500000e+04
1.931438671875000000e+04
1.926769726562500000e+04
1.927376171875000000e+04
1.923398242187500000e+04
1.922297851562500000e+04
1.926913085937500000e+04
1.923251562500000000e+04
1.918017968750000000e+04
1.921542968750000000e+04
1.917864843750000000e+04
1.917300976562500000e+04
1.919590234375000000e+04
1.919344726562500000e+04
1.922170703125000000e+04
1.923339843750000000e+04
1.918042773437500000e+04
1.922455273437500000e+04
1.921612695312500000e+04
1.921746093750000000e+04
1.923732031250000000e+04
1.923058203125000000e+04
1.921191796875000000e+04
1.923908398437500000e+04
1.920414648437500000e+04
1.924965039062500000e+04
1.921864648437500000e+04
1.920998632812500000e+04
1.923721679687500000e+04
1.928012890625000000e+04
1.926293164062500000e+04
1.925963671875000000e+04
1.927501953125000000e+04
1.930310156250000000e+04
1.931075195312500000e+04
1.928501953125000000e+04
1.936510156250000000e+04
1.938179296875000000e+04
1.934978320312500000e+04
1.937930078125000000e+04
1.938591015625000000e+04
1.936108984375000000e+04
1.939780273437500000e+04
1.937776367187500000e+04
1.939140039062500000e+04
1.937929296875000000e+04
1.939119140625000000e+04
1.939525585937500000e+04
1.939033203125000000e+04
1.939949414062500000e+04
1.938769921875000000e+04
1.934780078125000000e+04
1.933510742187500000e+04
1.934925781250000000e+04
1.930399023437500000e+04
1.929575781250000000e+04
1.931210937500000000e+04
1.931432226562500000e+04
1.925072265625000000e+04
1.925109960937500000e+04
1.925792578125000000e+04
1.923856054687500000e+04
1.923761132812500000e+04
1.928161718750000000e+04
1.923149218750000000e+04
1.931296093750000000e+04
1.923057421875000000e+04
1.928331640625000000e+04
1.932454687500000000e+04
1.926715820312500000e+04
1.932639062500000000e+04
1.930088085937500000e+04
1.936296093750000000e+04
1.929864062500000000e+04
1.930207812500000000e+04
1.931305078125000000e+04
1.928921093750000000e+04
1.927334375000000000e+04
1.921244726562500000e+04
1.921258203125000000e+04
1.919009179687500000e+04
1.921198437500000000e+04
1.921150195312500000e+04
1.920812695312500000e+04
1.922427539062500000e+04
1.912398242187500000e+04
1.910413476562500000e+04
1.912339453125000000e+04
1.909773046875000000e+04
1.913093554687500000e+04
1.911672851562500000e+04
1.913435546875000000e+04
1.920733984375000000e+04
1.918679492187500000e+04
1.916628906250000000e+04
1.917216210937500000e+04
1.917265820312500000e+04
1.916920507812500000e+04
1.915325976562500000e+04
1.916201953125000000e+04
1.919009960937500000e+04
1.914379296875000000e+04
1.913595507812500000e+04
1.916403320312500000e+04
1.915462695312500000e+04
1.915039453125000000e+04
1.922428710937500000e+04
1.913202929687500000e+04
1.917653515625000000e+04
1.920884375000000000e+04
1.922218945312500000e+04
1.921912109375000000e+04
1.922708398437500000e+04
1.916197851562500000e+04
1.915259765625000000e+04
1.913128515625000000e+04
1.912922656250000000e+04
1.913765429687500000e+04
1.911868554687500000e+04
1.911847460937500000e+04
1.908534765625000000e+04
1.909574414062500000e+04
1.910687695312500000e+04
1.913896875000000000e+04
1.910094921875000000e+04
1.917508593750000000e+04
1.910397070312500000e+04
1.912106835937500000e+04
1.912567578125000000e+04
1.915762890625000000e+04
1.910643945312500000e+04
1.913463281250000000e+04
1.910606054687500000e+04
1.911883984375000000e+04
1.902893554687500000e+04
1.908373437500000000e+04
1.905563671875000000e+04
1.904188085937500000e+04
1.904057812500000000e+04
1.904565039062500000e+04
1.904595507812500000e+04
1.920393945312500000e+04
1.912801562500000000e+04
1.917704882812500000e+04
1.915837890625000000e+04
1.910549804687500000e+04
1.912266015625000000e+04
1.910673437500000000e+04
1.909285742187500000e+04
1.907484375000000000e+04
1.903699414062500000e+04
1.904081640625000000e+04
1.902673437500000000e+04
1.901608789062500000e+04
1.904751953125000000e+04
1.907111328125000000e+04
1.906197656250000000e+04
1.905976953125000000e+04
1.907213281250000000e+04
1.910028710937500000e+04
1.906667968750000000e+04
1.907792968750000000e+04
1.908874414062500000e+04
1.903161914062500000e+04
1.902965820312500000e+04
1.898229492187500000e+04
1.900779687500000000e+04
1.896921289062500000e+04
1.897946484375000000e+04
1.897098828125000000e+04
1.900699414062500000e+04
1.897687109375000000e+04
1.898568554687500000e+04
1.897463671875000000e+04
1.897334765625000000e+04
1.896439648437500000e+04
1.898169335937500000e+04
1.902097656250000000e+04
1.899460937500000000e+04
1.896174218750000000e+04
1.895321093750000000e+04
1.896554492187500000e+04
1.894701757812500000e+04
1.888409765625000000e+04
1.889361328125000000e+04
1.886415820312500000e+04
1.887895312500000000e+04
1.887960937500000000e+04
1.886035156250000000e+04
1.886159570312500000e+04
1.886826367187500000e+04
1.884205078125000000e+04
1.883690234375000000e+04
1.885320312500000000e+04
1.885301562500000000e+04
1.886746484375000000e+04
1.885876562500000000e+04
1.893617578125000000e+04
1.889317578125000000e+04
1.888959179687500000e+04
1.885010351562500000e+04
1.889499023437500000e+04
1.882767187500000000e+04
1.883167968750000000e+04
1.906400781250000000e+04
1.901220703125000000e+04
1.899167578125000000e+04
1.899996093750000000e+04
1.907362304687500000e+04
1.905881640625000000e+04
1.906300781250000000e+04
1.906784960937500000e+04
1.904385156250000000e+04
1.900428320312500000e+04
1.897107226562500000e+04
1.898872070312500000e+04
1.897823242187500000e+04
1.895896484375000000e+04
1.900425000000000000e+04
1.902512695312500000e+04
1.899876367187500000e+04
1.900739062500000000e+04
1.906323437500000000e+04
1.901855468750000000e+04
1.901040625000000000e+04
1.902190820312500000e+04
1.904341406250000000e+04
1.899910546875000000e+04
1.903170507812500000e+04
1.903692382812500000e+04
1.901766796875000000e+04
1.900274414062500000e+04
1.917606640625000000e+04
1.904229882812500000e+04
1.909811718750000000e+04
1.903163476562500000e+04
1.897723828125000000e+04
1.902943359375000000e+04
1.897950195312500000e+04
1.887870703125000000e+04
1.884127148437500000e+04
1.881996484375000000e+04
1.883506835937500000e+04
1.883280078125000000e+04
1.885054296875000000e+04
1.886926562500000000e+04
1.887082226562500000e+04
1.887495312500000000e+04
1.889702734375000000e+04
1.891208203125000000e+04
1.891827734375000000e+04
1.887890234375000000e+04
1.886440625000000000e+04
1.867923046875000000e+04
1.874666406250000000e+04
1.869340234375000000e+04
1.869459179687500000e+04
1.870183203125000000e+04
1.868334179687500000e+04
1.865234375000000000e+04
1.883708789062500000e+04
1.884354492187500000e+04
1.884150000000000000e+04
1.883963085937500000e+04
1.886951562500000000e+04
1.883269335937500000e+04
1.884833593750000000e+04
1.878253515625000000e+04
1.876861328125000000e+04
1.868930664062500000e+04
1.868982031250000000e+04
1.868216406250000000e+04
1.864071289062500000e+04
1.868822851562500000e+04
1.887312695312500000e+04
1.875878515625000000e+04
1.877212500000000000e+04
1.876603710937500000e+04
1.882275000000000000e+04
1.881896484375000000e+04
1.880185546875000000e+04
1.873165234375000000e+04
1.873943750000000000e+04
1.866499804687500000e+04
1.868145703125000000e+04
1.867814453125000000e+04
1.866449218750000000e+04
1.867659570312500000e+04
1.879811132812500000e+04
1.881116796875000000e+04
1.880338281250000000e+04
1.880316406250000000e+04
1.879093359375000000e+04
1.882232812500000000e+04
1.882326953125000000e+04
1.867731445312500000e+04
1.864874023437500000e+04
1.861322070312500000e+04
1.859767187500000000e+04
1.855765234375000000e+04
1.858813281250000000e+04
1.861570507812500000e+04
1.865681835937500000e+04
1.861251757812500000e+04
1.865826171875000000e+04
1.872913085937500000e+04
1.872720312500000000e+04
1.877122070312500000e+04
1.874801367187500000e+04
1.901203125000000000e+04
1.885566406250000000e+04
1.885268554687500000e+04
1.884552734375000000e+04
1.888479101562500000e+04
1.883547070312500000e+04
1.884144140625000000e+04
1.890667773437500000e+04
1.885980859375000000e+04
1.882821289062500000e+04
1.889163867187500000e+04
1.890411523437500000e+04
1.893931054687500000e+04
1.893116796875000000e+04
1.893352343750000000e+04
1.894034960937500000e+04
1.889701367187500000e+04
1.891153710937500000e+04
1.888572070312500000e+04
1.886987304687500000e+04
1.886606640625000000e+04
1.874986523437500000e+04
1.875832812500000000e+04
1.888752539062500000e+04
1.880652539062500000e+04
1.880726367187500000e+04
1.877065429687500000e+04
1.876188671875000000e+04
1.881763281250000000e+04
1.880514453125000000e+04
1.882578515625000000e+04
1.884048046875000000e+04
1.885244726562500000e+04
1.882673046875000000e+04
1.884316601562500000e+04
1.901321484375000000e+04
1.897413281250000000e+04
1.896482031250000000e+04
1.896911914062500000e+04
1.895534375000000000e+04
1.896601953125000000e+04
1.896215429687500000e+04
1.895643750000000000e+04
1.894131640625000000e+04
1.887731640625000000e+04
1.895959960937500000e+04
1.893371093750000000e+04
1.896878125000000000e+04
1.896033203125000000e+04
1.909483789062500000e+04
1.900595703125000000e+04
1.901315039062500000e+04
1.899381835937500000e+04
1.899641406250000000e+04
1.902690234375000000e+04
1.898108203125000000e+04
1.898291210937500000e+04
1.896253710937500000e+04
1.891718945312500000e+04
1.895135742187500000e+04
1.897717578125000000e+04
1.894686718750000000e+04
1.898509960937500000e+04
1.893692578125000000e+04
1.892355664062500000e+04
1.893666601562500000e+04
1.892093164062500000e+04
1.896741601562500000e+04
1.894112695312500000e+04
1.892823242187500000e+04
1.898079687500000000e+04
1.894272460937500000e+04
1.893164453125000000e+04
1.893587695312500000e+04
1.893358203125000000e+04
1.898541406250000000e+04
1.894636523437500000e+04
1.902663476562500000e+04
1.899122265625000000e+04
1.895908984375000000e+04
1.896638476562500000e+04
1.899206640625000000e+04
1.900205859375000000e+04
1.900467187500000000e+04
1.895813281250000000e+04
1.896475390625000000e+04
1.895324609375000000e+04
1.894735351562500000e+04
1.895317773437500000e+04
1.894168359375000000e+04
1.895269140625000000e+04
1.892255859375000000e+04
1.890187304687500000e+04
1.891678710937500000e+04
1.890814648437500000e+04
1.893435937500000000e+04
1.895708398437500000e+04
1.896501562500000000e+04
1.897212695312500000e+04
1.895931250000000000e+04
1.896779687500000000e+04
1.897905859375000000e+04
1.899738867187500000e+04
1.898769140625000000e+04
1.899678906250000000e+04
1.900565625000000000e+04
1.900039062500000000e+04
1.901745117187500000e+04
1.904229101562500000e+04
1.909176757812500000e+04
1.907798632812500000e+04
1.906557031250000000e+04
1.904441015625000000e+04
1.902606640625000000e+04
1.902575195312500000e+04
1.903587890625000000e+04
1.900736718750000000e+04
1.901855273437500000e+04
1.901351953125000000e+04
1.898608789062500000e+04
1.899202539062500000e+04
1.898882421875000000e+04
1.898928515625000000e+04
1.896440820312500000e+04
1.895566601562500000e+04
1.895478515625000000e+04
1.896717773437500000e+04
1.895123046875000000e+04
1.896693359375000000e+04
1.893746484375000000e+04
1.898966406250000000e+04
1.896566015625000000e+04
1.897138476562500000e+04
1.896545898437500000e+04
1.891425585937500000e+04
1.894120507812500000e+04
1.890395312500000000e+04
1.890788867187500000e+04
1.887507226562500000e+04
1.887551953125000000e+04
1.886761523437500000e+04
1.886308007812500000e+04
1.883266796875000000e+04
1.882464648437500000e+04
1.880182226562500000e+04
1.885807812500000000e+04
1.886414648437500000e+04
1.879238867187500000e+04
1.878776953125000000e+04
1.876120507812500000e+04
1.875065429687500000e+04
1.878121093750000000e+04
1.876197265625000000e+04
1.879942968750000000e+04
1.880732812500000000e+04
1.883662304687500000e+04
1.880630078125000000e+04
1.887306250000000000e+04
1.884583398437500000e+04
1.884949804687500000e+04
1.885027148437500000e+04
1.887984960937500000e+04
1.883408398437500000e+04
1.884801953125000000e+04
1.883957421875000000e+04
1.885990039062500000e+04
1.884247070312500000e+04
1.886275585937500000e+04
1.892150390625000000e+04
1.889145117187500000e+04
1.891730664062500000e+04
1.888828515625000000e+04
1.890627148437500000e+04
1.888936718750000000e+04
1.888750781250000000e+04
1.887732421875000000e+04
1.891031445312500000e+04
1.884471093750000000e+04
1.891963867187500000e+04
1.886517578125000000e+04
1.890384570312500000e+04
1.885315625000000000e+04
1.876695507812500000e+04
1.876399804687500000e+04
1.876259375000000000e+04
1.875199414062500000e+04
1.879214453125000000e+04
1.877939257812500000e+04
1.879419335937500000e+04
1.891456054687500000e+04
1.884960546875000000e+04
1.888198046875000000e+04
1.889542382812500000e+04
1.888047851562500000e+04
1.891333398437500000e+04
1.890401953125000000e+04
1.893123046875000000e+04
1.894219921875000000e+04
1.890741601562500000e+04
1.891214257812500000e+04
1.889932421875000000e+04
1.891549804687500000e+04
1.890121093750000000e+04
1.898565234375000000e+04
1.895184765625000000e+04
1.893460351562500000e+04
1.894075781250000000e+04
1.895550195312500000e+04
1.897030859375000000e+04
1.896996484375000000e+04
1.897791210937500000e+04
1.892882812500000000e+04
1.892107226562500000e+04
1.893036328125000000e+04
1.884657812500000000e+04
1.885970703125000000e+04
1.882331054687500000e+04
1.878801171875000000e+04
1.878602734375000000e+04
1.876966992187500000e+04
1.881076562500000000e+04
1.879481250000000000e+04
1.880491015625000000e+04
1.880798632812500000e+04
1.881372265625000000e+04
1.881998828125000000e+04
1.881747070312500000e+04
1.881304492187500000e+04
1.880965820312500000e+04
1.883588085937500000e+04
1.882470117187500000e+04
1.882819531250000000e+04
1.882735546875000000e+04
1.881307421875000000e+04
1.880883203125000000e+04
1.881557421875000000e+04
1.880925390625000000e+04
1.878615234375000000e+04
1.881287500000000000e+04
1.879333007812500000e+04
1.879817968750000000e+04
1.892446679687500000e+04
1.894045117187500000e+04
1.888545117187500000e+04
1.890771679687500000e+04
1.896603515625000000e+04
1.893028125000000000e+04
1.892889257812500000e+04
1.892277148437500000e+04
1.890369921875000000e+04
1.887465625000000000e+04
1.887217578125000000e+04
1.888191210937500000e+04
1.885128320312500000e+04
1.883248632812500000e+04
1.881261914062500000e+04
1.880834960937500000e+04
1.875951757812500000e+04
1.875553710937500000e+04
1.890837500000000000e+04
1.881767578125000000e+04
1.881434570312500000e+04
1.881564648437500000e+04
1.879751367187500000e+04
1.882494921875000000e+04
1.881945898437500000e+04
1.876397851562500000e+04
1.881390625000000000e+04
1.873383007812500000e+04
1.873431640625000000e+04
1.876177539062500000e+04
1.872078515625000000e+04
1.874377539062500000e+04
1.892284570312500000e+04
1.878204101562500000e+04
1.883775585937500000e+04
1.883885546875000000e+04
1.887692968750000000e+04
1.883112304687500000e+04
1.882975585937500000e+04
1.883899414062500000e+04
1.881310156250000000e+04
1.876176562500000000e+04
1.878109765625000000e+04
1.875940039062500000e+04
1.873421484375000000e+04
1.871929687500000000e+04
1.862888281250000000e+04
1.868566992187500000e+04
1.866384765625000000e+04
1.866990625000000000e+04
1.866988085937500000e+04
1.864231835937500000e+04
1.864300195312500000e+04
1.852708593750000000e+04
1.851161328125000000e+04
1.852268164062500000e+04
1.851487695312500000e+04
1.852160156250000000e+04
1.854280664062500000e+04
1.854651953125000000e+04
1.857644140625000000e+04
1.852185742187500000e+04
1.856342382812500000e+04
1.855179101562500000e+04
1.854159765625000000e+04
1.855016015625000000e+04
1.852812500000000000e+04
1.852497460937500000e+04
1.846340429687500000e+04
1.843661132812500000e+04
1.847293164062500000e+04
1.856516210937500000e+04
1.852844921875000000e+04
1.856846289062500000e+04
1.837928710937500000e+04
1.839938867187500000e+04
1.838174414062500000e+04
1.837321484375000000e+04
1.838284765625000000e+04
1.844764257812500000e+04
1.841537304687500000e+04
1.850266796875000000e+04
1.847417968750000000e+04
1.850911132812500000e+04
1.855594335937500000e+04
1.848570898437500000e+04
1.848720117187500000e+04
1.845975781250000000e+04
1.881846093750000000e+04
1.867809570312500000e+04
1.870437500000000000e+04
1.867801367187500000e+04
1.876619140625000000e+04
1.871088671875000000e+04
1.872172460937500000e+04
1.880325390625000000e+04
1.875587695312500000e+04
1.870667382812500000e+04
1.865541015625000000e+04
1.872316015625000000e+04
1.871270703125000000e+04
1.869961328125000000e+04
1.883608203125000000e+04
1.874387695312500000e+04
1.873570898437500000e+04
1.872223046875000000e+04
1.869725000000000000e+04
1.871537500000000000e+04
1.868540039062500000e+04
1.881951757812500000e+04
1.872858203125000000e+04
1.871789453125000000e+04
1.874539648437500000e+04
1.871297265625000000e+04
1.871852148437500000e+04
1.873342578125000000e+04
1.874387695312500000e+04
1.869589257812500000e+04
1.868525781250000000e+04
1.873471484375000000e+04
1.871027343750000000e+04
1.873455078125000000e+04
1.872882421875000000e+04
1.873785351562500000e+04
1.875371484375000000e+04
1.875084179687500000e+04
1.875944335937500000e+04
1.881212500000000000e+04
1.876510351562500000e+04
1.876479687500000000e+04
1.875810937500000000e+04
1.873034765625000000e+04
1.871730664062500000e+04
1.879292187500000000e+04
1.876867773437500000e+04
1.874324414062500000e+04
1.875752929687500000e+04
1.872033203125000000e+04
1.880463476562500000e+04
1.877442773437500000e+04
1.878084570312500000e+04
1.883950390625000000e+04
1.878960156250000000e+04
1.878781640625000000e+04
1.881073632812500000e+04
1.880726367187500000e+04
1.878987890625000000e+04
1.874802929687500000e+04
1.874927343750000000e+04
1.874278320312500000e+04
1.874008984375000000e+04
1.882433984375000000e+04
1.877628125000000000e+04
1.879715039062500000e+04
1.887107812500000000e+04
1.884258007812500000e+04
1.889276562500000000e+04
1.888471093750000000e+04
1.894063085937500000e+04
1.892934960937500000e+04
1.891014062500000000e+04
1.896652343750000000e+04
1.896343945312500000e+04
1.891933984375000000e+04
1.892227929687500000e+04
1.886790039062500000e+04
1.883311328125000000e+04
1.880788867187500000e+04
1.884313671875000000e+04
1.882158789062500000e+04
1.886125585937500000e+04
1.884676562500000000e+04
1.876878515625000000e+04
1.875754296875000000e+04
1.877301171875000000e+04
1.877772851562500000e+04
1.878399414062500000e+04
1.877905468750000000e+04
1.878174804687500000e+04
1.866144140625000000e+04
1.864845703125000000e+04
1.865912695312500000e+04
1.865200390625000000e+04
1.868601171875000000e+04
1.866780468750000000e+04
1.867268554687500000e+04
1.857733398437500000e+04
1.853259765625000000e+04
1.855916406250000000e+04
1.857643554687500000e+04
1.857782812500000000e+04
1.862921484375000000e+04
1.858182226562500000e+04
1.859643359375000000e+04
1.861595703125000000e+04
1.859340820312500000e+04
1.861761132812500000e+04
1.861309179687500000e+04
1.860724414062500000e+04
1.860756445312500000e+04
1.872443945312500000e+04
1.871489453125000000e+04
1.869817382812500000e+04
1.869969726562500000e+04
1.877228710937500000e+04
1.874597851562500000e+04
1.873314648437500000e+04
1.870524218750000000e+04
1.876775976562500000e+04
1.868769335937500000e+04
1.868606250000000000e+04
1.869466015625000000e+04
1.872138671875000000e+04
1.869396679687500000e+04
1.864206054687500000e+04
1.861500390625000000e+04
1.859775585937500000e+04
1.861399218750000000e+04
1.860716992187500000e+04
1.861740820312500000e+04
1.863153710937500000e+04
1.865500000000000000e+04
1.861642187500000000e+04
1.862426953125000000e+04
1.867883984375000000e+04
1.863840429687500000e+04
1.866786328125000000e+04
1.864086132812500000e+04
1.878833593750000000e+04
1.874942187500000000e+04
1.874181445312500000e+04
1.875420507812500000e+04
1.878331835937500000e+04
1.879916992187500000e+04
1.876464062500000000e+04
1.883644140625000000e+04
1.880061914062500000e+04
1.877750781250000000e+04
1.875904882812500000e+04
1.875823437500000000e+04
1.878645117187500000e+04
1.876230859375000000e+04
1.869057812500000000e+04
1.866527343750000000e+04
1.866718750000000000e+04
1.868306835937500000e+04
1.864960156250000000e+04
1.867356640625000000e+04
1.865358007812500000e+04
1.855442578125000000e+04
1.847175781250000000e+04
1.843222070312500000e+04
1.847305664062500000e+04
1.848280273437500000e+04
1.847211718750000000e+04
1.846369531250000000e+04
1.837729296875000000e+04
1.842526171875000000e+04
1.840475976562500000e+04
1.853876953125000000e+04
1.847189843750000000e+04
1.848259375000000000e+04
1.846515625000000000e+04
1.864371679687500000e+04
1.849545312500000000e+04
1.856041992187500000e+04
1.851976562500000000e+04
1.853047460937500000e+04
1.853078906250000000e+04
1.852852343750000000e+04
1.863243945312500000e+04
1.869411132812500000e+04
1.859835546875000000e+04
1.862573828125000000e+04
1.861636328125000000e+04
1.860249804687500000e+04
1.859930664062500000e+04
1.873848437500000000e+04
1.867275195312500000e+04
1.865801953125000000e+04
1.863255078125000000e+04
1.863071875000000000e+04
1.862869140625000000e+04
1.864211914062500000e+04
1.889288476562500000e+04
1.880771875000000000e+04
1.878959375000000000e+04
1.879981445312500000e+04
1.880263281250000000e+04
1.878684765625000000e+04
1.880631250000000000e+04
1.885973828125000000e+04
1.882958398437500000e+04
1.876087304687500000e+04
1.875844726562500000e+04
1.875997265625000000e+04
1.875615039062500000e+04
1.876627148437500000e+04
1.867126562500000000e+04
1.863110742187500000e+04
1.860116015625000000e+04
1.862873828125000000e+04
1.862039257812500000e+04
1.862550585937500000e+04
1.861438671875000000e+04
1.850448632812500000e+04
1.852727734375000000e+04
1.855331640625000000e+04
1.858860937500000000e+04
1.865345117187500000e+04
1.865411718750000000e+04
1.863442773437500000e+04
1.871183398437500000e+04
1.865562500000000000e+04
1.868151367187500000e+04
1.870925390625000000e+04
1.867370898437500000e+04
1.865289648437500000e+04
1.864223828125000000e+04
1.877666406250000000e+04
1.867313476562500000e+04
1.866872070312500000e+04
1.866135937500000000e+04
1.868295507812500000e+04
1.866658593750000000e+04
1.869118945312500000e+04
1.862634570312500000e+04
1.859671093750000000e+04
1.856491015625000000e+04
1.855882226562500000e+04
1.851102734375000000e+04
1.853092773437500000e+04
1.853354687500000000e+04
1.884874804687500000e+04
1.871309570312500000e+04
1.876621093750000000e+04
1.876718945312500000e+04
1.885858007812500000e+04
1.883823828125000000e+04
1.884896679687500000e+04
1.883114648437500000e+04
1.878693750000000000e+04
1.873096484375000000e+04
1.872629296875000000e+04
1.877214648437500000e+04
1.875311914062500000e+04
1.873512890625000000e+04
1.888404296875000000e+04
1.881183203125000000e+04
1.883092968750000000e+04
1.884010156250000000e+04
1.882373437500000000e+04
1.887217187500000000e+04
1.882310351562500000e+04
1.881877343750000000e+04
1.894483984375000000e+04
1.883450781250000000e+04
1.887187304687500000e+04
1.891064257812500000e+04
1.888484765625000000e+04
1.889728906250000000e+04
1.902705078125000000e+04
1.897742187500000000e+04
1.898376953125000000e+04
1.895512500000000000e+04
1.897023046875000000e+04
1.893098242187500000e+04
1.892502539062500000e+04
1.897702343750000000e+04
1.893539257812500000e+04
1.888326367187500000e+04
1.888261328125000000e+04
1.886648046875000000e+04
1.886188867187500000e+04
1.887847656250000000e+04
1.880786328125000000e+04
1.877887109375000000e+04
1.874238281250000000e+04
1.874823242187500000e+04
1.872516796875000000e+04
1.876308984375000000e+04
1.872730468750000000e+04
1.874412109375000000e+04
1.873092968750000000e+04
1.873735937500000000e+04
1.881212500000000000e+04
1.880067382812500000e+04
1.875575000000000000e+04
1.874363867187500000e+04
1.885363476562500000e+04
1.881988867187500000e+04
1.880258203125000000e+04
1.883708203125000000e+04
1.879229687500000000e+04
1.878661914062500000e+04
1.877004101562500000e+04
1.881248437500000000e+04
1.877189453125000000e+04
1.877618945312500000e+04
1.876242968750000000e+04
1.875534960937500000e+04
1.878171093750000000e+04
1.877129687500000000e+04
1.866324218750000000e+04
1.873329101562500000e+04
1.867755859375000000e+04
1.869386132812500000e+04
1.867073632812500000e+04
1.866240039062500000e+04
1.867093945312500000e+04
1.862587890625000000e+04
1.868901757812500000e+04
1.867858789062500000e+04
1.867590625000000000e+04
1.867554492187500000e+04
1.871141992187500000e+04
1.872363281250000000e+04
1.870451367187500000e+04
1.866187109375000000e+04
1.866511718750000000e+04
1.866791406250000000e+04
1.874015625000000000e+04
1.876325000000000000e+04
1.872184375000000000e+04
1.869917578125000000e+04
1.869219335937500000e+04
1.867666406250000000e+04
1.871033398437500000e+04
1.868269140625000000e+04
1.871261523437500000e+04
1.865222851562500000e+04
1.843627343750000000e+04
1.851871679687500000e+04
1.847853320312500000e+04
1.850926367187500000e+04
1.853514257812500000e+04
1.854363476562500000e+04
1.856869140625000000e+04
1.851254687500000000e+04
1.849099609375000000e+04
1.856276171875000000e+04
1.853448046875000000e+04
1.860451367187500000e+04
1.854777148437500000e+04
1.854626953125000000e+04
1.841588671875000000e+04
1.845884570312500000e+04
1.842677343750000000e+04
1.844960156250000000e+04
1.844847265625000000e+04
1.844119726562500000e+04
1.844686914062500000e+04
1.832840234375000000e+04
1.846587304687500000e+04
1.845874414062500000e+04
1.843179687500000000e+04
1.854148437500000000e+04
1.847419726562500000e+04
1.848458984375000000e+04
1.845501953125000000e+04
1.841318750000000000e+04
1.841876367187500000e+04
1.837055468750000000e+04
1.836246289062500000e+04
1.834898828125000000e+04
1.831860937500000000e+04
1.826769921875000000e+04
1.823885937500000000e+04
1.820949023437500000e+04
1.823333593750000000e+04
1.819488085937500000e+04
1.821117773437500000e+04
1.819594921875000000e+04
1.831469140625000000e+04
1.823564257812500000e+04
1.824093945312500000e+04
1.824825390625000000e+04
1.845107617187500000e+04
1.829355468750000000e+04
1.832656250000000000e+04
1.834868554687500000e+04
1.833343164062500000e+04
1.834459179687500000e+04
1.837028320312500000e+04
1.836905468750000000e+04
1.832719921875000000e+04
1.832529492187500000e+04
1.845814453125000000e+04
1.848525195312500000e+04
1.847910351562500000e+04
1.851523046875000000e+04
1.849992968750000000e+04
1.847836523437500000e+04
1.847937695312500000e+04
1.838312890625000000e+04
1.842094921875000000e+04
1.837462109375000000e+04
1.836395898437500000e+04
1.839459179687500000e+04
1.834107812500000000e+04
1.833527148437500000e+04
1.861768750000000000e+04
1.844253320312500000e+04
1.849916406250000000e+04
1.844797851562500000e+04
1.845846093750000000e+04
1.845101953125000000e+04
1.842566015625000000e+04
1.859747851562500000e+04
1.862938476562500000e+04
1.852888867187500000e+04
1.856242773437500000e+04
1.856169335937500000e+04
1.857083398437500000e+04
1.856160351562500000e+04
1.866994921875000000e+04
1.859029492187500000e+04
1.859231640625000000e+04
1.854508203125000000e+04
1.856006835937500000e+04
1.852269335937500000e+04
1.852018164062500000e+04
1.859377929687500000e+04
1.850498242187500000e+04
1.848020898437500000e+04
1.847086523437500000e+04
1.849126562500000000e+04
1.845586523437500000e+04
1.848406445312500000e+04
1.876858984375000000e+04
1.864819531250000000e+04
1.866041015625000000e+04
1.864243554687500000e+04
1.867401171875000000e+04
1.867329296875000000e+04
1.867355078125000000e+04
1.855719726562500000e+04
1.858286132812500000e+04
1.850323828125000000e+04
1.852715039062500000e+04
1.847962695312500000e+04
1.847900000000000000e+04
1.847102734375000000e+04
1.844678515625000000e+04
1.841416406250000000e+04
1.842967968750000000e+04
1.850178906250000000e+04
1.851503710937500000e+04
1.849011328125000000e+04
1.851308398437500000e+04
1.846574218750000000e+04
1.844935937500000000e+04
1.844604101562500000e+04
1.844470117187500000e+04
1.845219140625000000e+04
1.841324218750000000e+04
1.841714062500000000e+04
1.827044531250000000e+04
1.830332812500000000e+04
1.828449414062500000e+04
1.841650000000000000e+04
1.833664257812500000e+04
1.841144921875000000e+04
1.839866210937500000e+04
1.834808984375000000e+04
1.842282421875000000e+04
1.841553515625000000e+04
1.842070117187500000e+04
1.842404101562500000e+04
1.839889648437500000e+04
1.838155859375000000e+04
1.840725585937500000e+04
1.834436132812500000e+04
1.837782226562500000e+04
1.837181250000000000e+04
1.837122851562500000e+04
1.837647460937500000e+04
1.837273242187500000e+04
1.840357421875000000e+04
1.835512695312500000e+04
1.835471484375000000e+04
1.842981250000000000e+04
1.841546875000000000e+04
1.841839062500000000e+04
1.839621679687500000e+04
1.857838671875000000e+04
1.851356250000000000e+04
1.852506640625000000e+04
1.849937695312500000e+04
1.847675000000000000e+04
1.848529882812500000e+04
1.844506445312500000e+04
1.840545898437500000e+04
1.836924414062500000e+04
1.834231835937500000e+04
1.833412695312500000e+04
1.835325195312500000e+04
1.833204687500000000e+04
1.832366601562500000e+04
1.832141601562500000e+04
1.834469726562500000e+04
1.833525195312500000e+04
1.832466992187500000e+04
1.835654492187500000e+04
1.838075000000000000e+04
1.837241210937500000e+04
1.836455664062500000e+04
1.833449023437500000e+04
1.832337890625000000e+04
1.832870703125000000e+04
1.837892968750000000e+04
1.834179492187500000e+04
1.833727343750000000e+04
1.823151171875000000e+04
1.822689062500000000e+04
1.821957031250000000e+04
1.823335937500000000e+04
1.825143359375000000e+04
1.822530468750000000e+04
1.822767773437500000e+04
1.831213671875000000e+04
1.833107421875000000e+04
1.834542578125000000e+04
1.833095898437500000e+04
1.841474218750000000e+04
1.838360742187500000e+04
1.846775976562500000e+04
1.834168554687500000e+04
1.832846289062500000e+04
1.832661718750000000e+04
1.832241992187500000e+04
1.827914453125000000e+04
1.829823632812500000e+04
1.826338281250000000e+04
1.822343750000000000e+04
1.817735156250000000e+04
1.818889648437500000e+04
1.819646093750000000e+04
1.819612500000000000e+04
1.815208203125000000e+04
1.814958398437500000e+04
1.825952539062500000e+04
1.822715820312500000e+04
1.822334960937500000e+04
1.821211718750000000e+04
1.824139257812500000e+04
1.823590820312500000e+04
1.824047070312500000e+04
1.818025000000000000e+04
1.814887695312500000e+04
1.815033398437500000e+04
1.816654492187500000e+04
1.813054687500000000e+04
1.812173437500000000e+04
1.812317773437500000e+04
1.837866406250000000e+04
1.830011914062500000e+04
1.837638867187500000e+04
1.835482031250000000e+04
1.837455468750000000e+04
1.837916992187500000e+04
1.834486914062500000e+04
1.808733789062500000e+04
1.808317968750000000e+04
1.806765429687500000e+04
1.804803515625000000e+04
1.807211523437500000e+04
1.806775195312500000e+04
1.808381640625000000e+04
1.801524218750000000e+04
1.802718945312500000e+04
1.803111523437500000e+04
1.804424609375000000e+04
1.801814453125000000e+04
1.805966601562500000e+04
1.805458789062500000e+04
1.814151562500000000e+04
1.810326367187500000e+04
1.813290234375000000e+04
1.811508593750000000e+04
1.810350195312500000e+04
1.807857031250000000e+04
1.807414062500000000e+04
1.829535351562500000e+04
1.824077343750000000e+04
1.822577929687500000e+04
1.820407421875000000e+04
1.819059375000000000e+04
1.818237695312500000e+04
1.821118554687500000e+04
1.828788085937500000e+04
1.821662695312500000e+04
1.820357421875000000e+04
1.843223242187500000e+04
1.828669726562500000e+04
1.831583789062500000e+04
1.829087890625000000e+04
1.829122851562500000e+04
1.827001367187500000e+04
1.826583398437500000e+04
1.846662304687500000e+04
1.836577343750000000e+04
1.836680078125000000e+04
1.840730273437500000e+04
1.837689843750000000e+04
1.836886523437500000e+04
1.836451953125000000e+04
1.857568164062500000e+04
1.852147460937500000e+04
1.848676757812500000e+04
1.850544726562500000e+04
1.850212695312500000e+04
1.848285351562500000e+04
1.848187695312500000e+04
1.831963867187500000e+04
1.834274414062500000e+04
1.827575390625000000e+04
1.828906445312500000e+04
1.826908398437500000e+04
1.829538476562500000e+04
1.826241796875000000e+04
1.825645703125000000e+04
1.822064062500000000e+04
1.826660156250000000e+04
1.825000976562500000e+04
1.822270312500000000e+04
1.822299023437500000e+04
1.823297656250000000e+04
1.829365039062500000e+04
1.831603515625000000e+04
1.828701757812500000e+04
1.828589257812500000e+04
1.829621875000000000e+04
1.830574414062500000e+04
1.830887304687500000e+04
1.834615039062500000e+04
1.830021875000000000e+04
1.829144531250000000e+04
1.828185351562500000e+04
1.829317773437500000e+04
1.828344921875000000e+04
1.828290429687500000e+04
1.813378320312500000e+04
1.812447851562500000e+04
1.810422656250000000e+04
1.811018945312500000e+04
1.811559375000000000e+04
1.810049609375000000e+04
1.807803906250000000e+04
1.800757421875000000e+04
1.807231445312500000e+04
1.804706445312500000e+04
1.807549218750000000e+04
1.804213867187500000e+04
1.802717578125000000e+04
1.804207617187500000e+04
1.798607617187500000e+04
1.798739648437500000e+04
1.799554101562500000e+04
1.798202148437500000e+04
1.798771093750000000e+04
1.797839453125000000e+04
1.796224218750000000e+04
1.827472265625000000e+04
1.809187695312500000e+04
1.809132421875000000e+04
1.808961132812500000e+04
1.806201367187500000e+04
1.800917968750000000e+04
1.801827343750000000e+04
1.799612890625000000e+04
1.794523828125000000e+04
1.795392968750000000e+04
1.791961132812500000e+04
1.801685156250000000e+04
1.797613671875000000e+04
1.800164062500000000e+04
1.817841601562500000e+04
1.808040820312500000e+04
1.807751562500000000e+04
1.814761132812500000e+04
1.823428906250000000e+04
1.815735546875000000e+04
1.818407031250000000e+04
1.811226367187500000e+04
1.819067968750000000e+04
1.812681835937500000e+04
1.813105468750000000e+04
1.814927929687500000e+04
1.815179882812500000e+04
1.815209179687500000e+04
1.806859570312500000e+04
1.803794335937500000e+04
1.800133007812500000e+04
1.799776757812500000e+04
1.802333984375000000e+04
1.802171484375000000e+04
1.801680468750000000e+04
1.799883203125000000e+04
1.802016601562500000e+04
1.801769140625000000e+04
1.801982226562500000e+04
1.802385937500000000e+04
1.802814648437500000e+04
1.802100390625000000e+04
1.820066015625000000e+04
1.810247656250000000e+04
1.813211523437500000e+04
1.809513281250000000e+04
1.809710351562500000e+04
1.806770898437500000e+04
1.809461328125000000e+04
1.831195117187500000e+04
1.826394921875000000e+04
1.824751562500000000e+04
1.826874023437500000e+04
1.830341601562500000e+04
1.829231445312500000e+04
1.829330273437500000e+04
1.851332421875000000e+04
1.843177148437500000e+04
1.841633007812500000e+04
1.838107617187500000e+04
1.839834179687500000e+04
1.840797851562500000e+04
1.839371093750000000e+04
1.830169531250000000e+04
1.827227734375000000e+04
1.823937890625000000e+04
1.823711132812500000e+04
1.828192187500000000e+04
1.825052539062500000e+04
1.823471289062500000e+04
1.827327734375000000e+04
1.825558789062500000e+04
1.825148632812500000e+04
1.823606054687500000e+04
1.821537890625000000e+04
1.821854296875000000e+04
1.820879492187500000e+04
1.818885546875000000e+04
1.819557421875000000e+04
1.817571875000000000e+04
1.819801171875000000e+04
1.819404296875000000e+04
1.819562890625000000e+04
1.818839453125000000e+04
1.804253125000000000e+04
1.808169921875000000e+04
1.804821679687500000e+04
1.806448632812500000e+04
1.807683789062500000e+04
1.805852734375000000e+04
1.804760156250000000e+04
1.808905859375000000e+04
1.803045117187500000e+04
1.804921289062500000e+04
1.808798437500000000e+04
1.808261718750000000e+04
1.812012695312500000e+04
1.820661328125000000e+04
1.820601367187500000e+04
1.816340820312500000e+04
1.816397265625000000e+04
1.817427929687500000e+04
1.817289062500000000e+04
1.819113476562500000e+04
1.816200000000000000e+04
1.847357226562500000e+04
1.835457617187500000e+04
1.838913281250000000e+04
1.839608398437500000e+04
1.843265429687500000e+04
1.847386132812500000e+04
1.846933007812500000e+04
1.839193554687500000e+04
1.830992187500000000e+04
1.830129296875000000e+04
1.834170117187500000e+04
1.833992968750000000e+04
1.831597656250000000e+04
1.830374414062500000e+04
1.811761914062500000e+04
1.814934765625000000e+04
1.811259960937500000e+04
1.815559375000000000e+04
1.814600585937500000e+04
1.814074414062500000e+04
1.813665625000000000e+04
1.826756054687500000e+04
1.829116406250000000e+04
1.828522656250000000e+04
1.833049804687500000e+04
1.829910546875000000e+04
1.832520898437500000e+04
1.832839257812500000e+04
1.845665039062500000e+04
1.839761132812500000e+04
1.840242578125000000e+04
1.838301171875000000e+04
1.833256054687500000e+04
1.830475000000000000e+04
1.828914062500000000e+04
1.828974414062500000e+04
1.828594335937500000e+04
1.824580273437500000e+04
1.826914648437500000e+04
1.823583593750000000e+04
1.825892773437500000e+04
1.826743164062500000e+04
1.825214453125000000e+04
1.825709765625000000e+04
1.824933203125000000e+04
1.823376171875000000e+04
1.835066992187500000e+04
1.836438085937500000e+04
1.837291992187500000e+04
1.822153515625000000e+04
1.824958593750000000e+04
1.825420117187500000e+04
1.825206835937500000e+04
1.822968359375000000e+04
1.821875976562500000e+04
1.819498242187500000e+04
1.817947265625000000e+04
1.807658789062500000e+04
1.812604296875000000e+04
1.816389062500000000e+04
1.819225781250000000e+04
1.819884375000000000e+04
1.819095117187500000e+04
1.818509765625000000e+04
1.815887109375000000e+04
1.814480468750000000e+04
1.814536718750000000e+04
1.813533593750000000e+04
1.813223046875000000e+04
1.812062890625000000e+04
1.804594726562500000e+04
1.798097460937500000e+04
1.795265820312500000e+04
1.795224414062500000e+04
1.791878906250000000e+04
1.792676953125000000e+04
1.795752539062500000e+04
1.794194531250000000e+04
1.797741015625000000e+04
1.797140820312500000e+04
1.795902539062500000e+04
1.799516796875000000e+04
1.799607617187500000e+04
1.799870898437500000e+04
1.795284765625000000e+04
1.797635351562500000e+04
1.794352148437500000e+04
1.793966015625000000e+04
1.796692968750000000e+04
1.791581054687500000e+04
1.789338671875000000e+04
1.792177929687500000e+04
1.785705859375000000e+04
1.784290625000000000e+04
1.785475781250000000e+04
1.786233203125000000e+04
1.782580078125000000e+04
1.779875585937500000e+04
1.771391601562500000e+04
1.766916796875000000e+04
1.765410937500000000e+04
1.768112500000000000e+04
1.765909960937500000e+04
1.763656445312500000e+04
1.764668359375000000e+04
1.771549804687500000e+04
1.769671289062500000e+04
1.771516796875000000e+04
1.778356640625000000e+04
1.775839062500000000e+04
1.771772265625000000e+04
1.773259765625000000e+04
1.762056835937500000e+04
1.761681445312500000e+04
1.760563476562500000e+04
1.764506445312500000e+04
1.764824609375000000e+04
1.764825195312500000e+04
1.766941992187500000e+04
1.767832226562500000e+04
1.764856640625000000e+04
1.769529687500000000e+04
1.769725000000000000e+04
1.767382226562500000e+04
1.766195117187500000e+04
1.766514453125000000e+04
1.754333984375000000e+04
1.752105859375000000e+04
1.749818554687500000e+04
1.753000976562500000e+04
1.764251562500000000e+04
1.758396875000000000e+04
1.759973242187500000e+04
1.766476757812500000e+04
1.766293554687500000e+04
1.767064257812500000e+04
1.766521093750000000e+04
1.770804101562500000e+04
1.769844921875000000e+04
1.769438476562500000e+04
1.763828710937500000e+04
1.763061914062500000e+04
1.762272265625000000e+04
1.760831445312500000e+04
1.760776171875000000e+04
1.759910351562500000e+04
1.761296679687500000e+04
1.776829296875000000e+04
1.771338671875000000e+04
1.770650000000000000e+04
1.770917773437500000e+04
1.770122265625000000e+04
1.767216796875000000e+04
1.770533984375000000e+04
1.803912500000000000e+04
1.794447460937500000e+04
1.795499804687500000e+04
1.789048242187500000e+04
1.787108203125000000e+04
1.789206640625000000e+04
1.789560742187500000e+04
1.781760156250000000e+04
1.782144140625000000e+04
1.779534570312500000e+04
1.780940039062500000e+04
1.779018750000000000e+04
1.779102148437500000e+04
1.779984765625000000e+04
1.774231445312500000e+04
1.775752734375000000e+04
1.774615234375000000e+04
1.776925585937500000e+04
1.772833593750000000e+04
1.772709960937500000e+04
1.774772070312500000e+04
1.786776171875000000e+04
1.782231640625000000e+04
1.783279101562500000e+04
1.783731835937500000e+04
1.781706054687500000e+04
1.778977929687500000e+04
1.779848242187500000e+04
1.772471875000000000e+04
1.780011523437500000e+04
1.776476171875000000e+04
1.781411132812500000e+04
1.778787695312500000e+04
1.781147460937500000e+04
1.779643750000000000e+04
1.786099023437500000e+04
1.793064843750000000e+04
1.781103710937500000e+04
1.771889648437500000e+04
1.767925390625000000e+04
1.767444531250000000e+04
1.766058984375000000e+04
1.777994335937500000e+04
1.779202343750000000e+04
1.778368359375000000e+04
1.779344531250000000e+04
1.781208789062500000e+04
1.782482031250000000e+04
1.781136718750000000e+04
1.794096875000000000e+04
1.795159765625000000e+04
1.793483593750000000e+04
1.802053515625000000e+04
1.801950585937500000e+04
1.802296679687500000e+04
1.801436328125000000e+04
1.801419335937500000e+04
1.797586718750000000e+04
1.797096679687500000e+04
1.797705078125000000e+04
1.800241406250000000e+04
1.798931054687500000e+04
1.799936914062500000e+04
1.794236328125000000e+04
1.784912304687500000e+04
1.787904101562500000e+04
1.788057421875000000e+04
1.786264843750000000e+04
1.786717773437500000e+04
1.786531640625000000e+04
1.775639453125000000e+04
1.777796679687500000e+04
1.776031054687500000e+04
1.779189062500000000e+04
1.781419921875000000e+04
1.779818945312500000e+04
1.780711718750000000e+04
1.779298437500000000e+04
1.776288476562500000e+04
1.777056835937500000e+04
1.775483593750000000e+04
1.778827734375000000e+04
1.783160937500000000e+04
1.781077929687500000e+04
1.787353125000000000e+04
1.780977343750000000e+04
1.780295898437500000e+04
1.778606835937500000e+04
1.775668945312500000e+04
1.775813281250000000e+04
1.775523046875000000e+04
1.768199804687500000e+04
1.759630078125000000e+04
1.759183007812500000e+04
1.758197265625000000e+04
1.759644726562500000e+04
1.759182031250000000e+04
1.760217187500000000e+04
1.770580468750000000e+04
1.765516015625000000e+04
1.763764843750000000e+04
1.762393359375000000e+04
1.763705078125000000e+04
1.761556054687500000e+04
1.760601367187500000e+04
1.760774804687500000e+04
1.756660351562500000e+04
1.755856054687500000e+04
1.755043554687500000e+04
1.753691992187500000e+04
1.753658593750000000e+04
1.755111718750000000e+04
1.771034179687500000e+04
1.765075195312500000e+04
1.767301171875000000e+04
1.772355664062500000e+04
1.770184570312500000e+04
1.767698828125000000e+04
1.765490820312500000e+04
1.768709570312500000e+04
1.764710937500000000e+04
1.765297265625000000e+04
1.764784960937500000e+04
1.763608007812500000e+04
1.760850976562500000e+04
1.761814062500000000e+04
1.765808007812500000e+04
1.762309179687500000e+04
1.761012109375000000e+04
1.760457617187500000e+04
1.760032812500000000e+04
1.759954882812500000e+04
1.760475585937500000e+04
1.758060742187500000e+04
1.751666992187500000e+04
1.746577734375000000e+04
1.746111132812500000e+04
1.744980273437500000e+04
1.746023632812500000e+04
1.744446484375000000e+04
1.731743164062500000e+04
1.725904492187500000e+04
1.724272265625000000e+04
1.722906640625000000e+04
1.720996875000000000e+04
1.717840820312500000e+04
1.718457031250000000e+04
1.721349023437500000e+04
1.721144335937500000e+04
1.722532421875000000e+04
1.721176367187500000e+04
1.723694726562500000e+04
1.724287500000000000e+04
1.724237304687500000e+04
1.728871484375000000e+04
1.724294140625000000e+04
1.722789843750000000e+04
1.723475195312500000e+04
1.720121093750000000e+04
1.719165625000000000e+04
1.720119921875000000e+04
1.716608984375000000e+04
1.709721289062500000e+04
1.707897265625000000e+04
1.706980468750000000e+04
1.705101171875000000e+04
1.705276562500000000e+04
1.705271093750000000e+04
1.727072265625000000e+04
1.720868359375000000e+04
1.721443164062500000e+04
1.723733789062500000e+04
1.728525976562500000e+04
1.723770898437500000e+04
1.722906054687500000e+04
1.735716015625000000e+04
1.732055273437500000e+04
1.728991992187500000e+04
1.728013476562500000e+04
1.734082617187500000e+04
1.736176562500000000e+04
1.749684375000000000e+04
1.753848242187500000e+04
1.756680078125000000e+04
1.756742578125000000e+04
1.762241015625000000e+04
1.762596289062500000e+04
1.761176953125000000e+04
1.761348828125000000e+04
1.761916796875000000e+04
1.757659179687500000e+04
1.754232421875000000e+04
1.756278125000000000e+04
1.752059765625000000e+04
1.750888476562500000e+04
1.748141015625000000e+04
1.760587500000000000e+04
1.757963281250000000e+04
1.756567187500000000e+04
1.754038085937500000e+04
1.755312109375000000e+04
1.753597070312500000e+04
1.754540625000000000e+04
1.740100000000000000e+04
1.740593164062500000e+04
1.739168945312500000e+04
1.738493164062500000e+04
1.740917382812500000e+04
1.738257421875000000e+04
1.737085546875000000e+04
1.731829296875000000e+04
1.732626562500000000e+04
1.729634570312500000e+04
1.729924023437500000e+04
1.727368750000000000e+04
1.727122656250000000e+04
1.727192187500000000e+04
1.738751757812500000e+04
1.739113085937500000e+04
1.737088867187500000e+04
1.735551757812500000e+04
1.732869335937500000e+04
1.731666015625000000e+04
1.730934960937500000e+04
1.745419726562500000e+04
1.738762500000000000e+04
1.736064062500000000e+04
1.733783593750000000e+04
1.732458203125000000e+04
1.732355664062500000e+04
1.730317382812500000e+04
1.727471289062500000e+04
1.730351171875000000e+04
1.728081640625000000e+04
1.735091601562500000e+04
1.731870117187500000e+04
1.730063671875000000e+04
1.729394921875000000e+04
1.742085351562500000e+04
1.742559960937500000e+04
1.746291210937500000e+04
1.756103906250000000e+04
1.754893554687500000e+04
1.758809570312500000e+04
1.757325000000000000e+04
1.769603320312500000e+04
1.761187695312500000e+04
1.758509179687500000e+04
1.756280273437500000e+04
1.754864257812500000e+04
1.756375000000000000e+04
1.754742773437500000e+04
1.752764843750000000e+04
1.748587500000000000e+04
1.747477539062500000e+04
1.745872851562500000e+04
1.743890234375000000e+04
1.746385351562500000e+04
1.744494726562500000e+04
1.735270507812500000e+04
1.736815625000000000e+04
1.730778320312500000e+04
1.739147265625000000e+04
1.738878125000000000e+04
1.742002929687500000e+04
1.746068554687500000e+04
1.745610546875000000e+04
1.745208984375000000e+04
1.744970507812500000e+04
1.752785546875000000e+04
1.748577734375000000e+04
1.747357617187500000e+04
1.747994335937500000e+04
1.749638867187500000e+04
1.748409375000000000e+04
1.756381640625000000e+04
1.759858593750000000e+04
1.762664453125000000e+04
1.768739648437500000e+04
1.767459960937500000e+04
1.767939648437500000e+04
1.767775585937500000e+04
1.762711523437500000e+04
1.761796679687500000e+04
1.759746875000000000e+04
1.759056445312500000e+04
1.759553710937500000e+04
1.759872460937500000e+04
1.757972656250000000e+04
1.760863671875000000e+04
1.756058398437500000e+04
1.755868945312500000e+04
1.755217578125000000e+04
1.759521289062500000e+04
1.759854101562500000e+04
1.762582226562500000e+04
1.781314453125000000e+04
1.783743359375000000e+04
1.787854687500000000e+04
1.784379687500000000e+04
1.780123242187500000e+04
1.778919726562500000e+04
1.775931445312500000e+04
1.775731640625000000e+04
1.777152539062500000e+04
1.775812304687500000e+04
1.781557226562500000e+04
1.780662890625000000e+04
1.783458984375000000e+04
1.786330078125000000e+04
1.788822851562500000e+04
1.784149609375000000e+04
1.784634765625000000e+04
1.785047070312500000e+04
1.787169335937500000e+04
1.786379101562500000e+04
1.785574414062500000e+04
1.782428320312500000e+04
1.780618750000000000e+04
1.778385351562500000e+04
1.783063476562500000e+04
1.781066406250000000e+04
1.780216796875000000e+04
1.780134960937500000e+04
1.776225390625000000e+04
1.774842382812500000e+04
1.777281054687500000e+04
1.781414453125000000e+04
1.780308593750000000e+04
1.789184570312500000e+04
1.788660156250000000e+04
1.789970703125000000e+04
1.784416015625000000e+04
1.789143164062500000e+04
1.785848828125000000e+04
1.780273046875000000e+04
1.776680468750000000e+04
1.776137109375000000e+04
1.780542578125000000e+04
1.777040039062500000e+04
1.776449023437500000e+04
1.776430468750000000e+04
1.777310351562500000e+04
1.778967773437500000e+04
1.775422070312500000e+04
1.774508203125000000e+04
1.780914453125000000e+04
1.780613476562500000e+04
1.777577148437500000e+04
1.781060742187500000e+04
1.777635351562500000e+04
1.778770312500000000e+04
1.779212109375000000e+04
1.779805468750000000e+04
1.778363085937500000e+04
1.776222656250000000e+04
1.775335156250000000e+04
1.776290429687500000e+04
1.779045117187500000e+04
1.762323242187500000e+04
1.761479882812500000e+04
1.763084765625000000e+04
1.759748437500000000e+04
1.758480664062500000e+04
1.757608984375000000e+04
1.757172460937500000e+04
1.764382617187500000e+04
1.775528906250000000e+04
1.775660546875000000e+04
1.773288281250000000e+04
1.773257421875000000e+04
1.773062500000000000e+04
1.772176757812500000e+04
1.771410351562500000e+04
1.770180078125000000e+04
1.767826562500000000e+04
1.766837890625000000e+04
1.763807421875000000e+04
1.760837304687500000e+04
1.760406835937500000e+04
1.773216015625000000e+04
1.769716210937500000e+04
1.770482226562500000e+04
1.771301953125000000e+04
1.772214453125000000e+04
1.771553320312500000e+04
1.768672265625000000e+04
1.779753125000000000e+04
1.778919921875000000e+04
1.777741210937500000e+04
1.778533593750000000e+04
1.778536718750000000e+04
1.777472460937500000e+04
1.778713671875000000e+04
1.791267968750000000e+04
1.790004101562500000e+04
1.793670312500000000e+04
1.798582421875000000e+04
1.801469921875000000e+04
1.808476367187500000e+04
1.804142773437500000e+04
1.805394531250000000e+04
1.807993750000000000e+04
1.805664062500000000e+04
1.807761718750000000e+04
1.805070117187500000e+04
1.801932812500000000e+04
1.801866601562500000e+04
1.802725585937500000e+04
1.798291406250000000e+04
1.796456054687500000e+04
1.794259375000000000e+04
1.793307031250000000e+04
1.793475390625000000e+04
1.794890429687500000e+04
1.780485156250000000e+04
1.779809570312500000e+04
1.777106054687500000e+04
1.776938476562500000e+04
1.780485742187500000e+04
1.783419335937500000e+04
1.783402734375000000e+04
1.785003710937500000e+04
1.786303125000000000e+04
1.784755859375000000e+04
1.786799804687500000e+04
1.787676562500000000e+04
1.786308789062500000e+04
1.785936718750000000e+04
1.781813281250000000e+04
1.778927734375000000e+04
1.776680468750000000e+04
1.776215039062500000e+04
1.776195898437500000e+04
1.776102539062500000e+04
1.775063085937500000e+04
1.777074609375000000e+04
1.780034570312500000e+04
1.778345312500000000e+04
1.777062890625000000e+04
1.778319531250000000e+04
1.778262109375000000e+04
1.776666601562500000e+04
1.802263281250000000e+04
1.790669335937500000e+04
1.791575585937500000e+04
1.792352148437500000e+04
1.795646289062500000e+04
1.793721484375000000e+04
1.792449414062500000e+04
1.777806445312500000e+04
1.771541015625000000e+04
1.765917773437500000e+04
1.770688867187500000e+04
1.773675195312500000e+04
1.775484765625000000e+04
1.773076367187500000e+04
1.778361328125000000e+04
1.777420898437500000e+04
1.777714648437500000e+04
1.776665820312500000e+04
1.774740820312500000e+04
1.773469335937500000e+04
1.773560546875000000e+04
1.780835156250000000e+04
1.775033007812500000e+04
1.772633984375000000e+04
1.776041796875000000e+04
1.781205273437500000e+04
1.783680664062500000e+04
1.780423828125000000e+04
1.779198632812500000e+04
1.776333398437500000e+04
1.774663867187500000e+04
1.772050195312500000e+04
1.775193359375000000e+04
1.770345898437500000e+04
1.768880468750000000e+04
1.774603710937500000e+04
1.780224218750000000e+04
1.782946875000000000e+04
1.784254296875000000e+04
1.779459375000000000e+04
1.777537304687500000e+04
1.776581250000000000e+04
1.804398437500000000e+04
1.797829882812500000e+04
1.797578125000000000e+04
1.794644335937500000e+04
1.793755273437500000e+04
1.794131054687500000e+04
1.795624218750000000e+04
1.790960937500000000e+04
1.788614062500000000e+04
1.788299218750000000e+04
1.786552148437500000e+04
1.784985351562500000e+04
1.783078906250000000e+04
1.784313476562500000e+04
1.782726171875000000e+04
1.776241406250000000e+04
1.778694140625000000e+04
1.782550390625000000e+04
1.785943554687500000e+04
1.786396484375000000e+04
1.784879101562500000e+04
1.793046679687500000e+04
1.786983203125000000e+04
1.783854296875000000e+04
1.786886718750000000e+04
1.788978125000000000e+04
1.785367773437500000e+04
1.785378515625000000e+04
1.798584570312500000e+04
1.790017773437500000e+04
1.790283007812500000e+04
1.790731054687500000e+04
1.793361523437500000e+04
1.791082031250000000e+04
1.790138085937500000e+04
1.804594531250000000e+04
1.808145703125000000e+04
1.804839648437500000e+04
1.806775585937500000e+04
1.806175781250000000e+04
1.804691796875000000e+04
1.805398828125000000e+04
1.794979492187500000e+04
1.798089257812500000e+04
1.797678125000000000e+04
1.803551562500000000e+04
1.802075976562500000e+04
1.802765429687500000e+04
1.801548828125000000e+04
1.790778710937500000e+04
1.787509179687500000e+04
1.787534765625000000e+04
1.789723046875000000e+04
1.786957812500000000e+04
1.785780468750000000e+04
1.783723828125000000e+04
1.776339843750000000e+04
1.777196289062500000e+04
1.777437500000000000e+04
1.778520898437500000e+04
1.778892968750000000e+04
1.779361718750000000e+04
1.778342968750000000e+04
1.765574023437500000e+04
1.765155859375000000e+04
1.762762890625000000e+04
1.766568164062500000e+04
1.762858398437500000e+04
1.761574414062500000e+04
1.761652929687500000e+04
1.762547656250000000e+04
1.761312695312500000e+04
1.761326562500000000e+04
1.760278515625000000e+04
1.759045703125000000e+04
1.762897070312500000e+04
1.761881445312500000e+04
1.772478710937500000e+04
1.772836718750000000e+04
1.773291992187500000e+04
1.770112304687500000e+04
1.773912500000000000e+04
1.771051757812500000e+04
1.769764453125000000e+04
1.758873632812500000e+04
1.757954492187500000e+04
1.758719531250000000e+04
1.759890820312500000e+04
1.759422460937500000e+04
1.761864843750000000e+04
1.760677148437500000e+04
1.785945507812500000e+04
1.773681250000000000e+04
1.775835937500000000e+04
1.777733007812500000e+04
1.776261132812500000e+04
1.777286718750000000e+04
1.775666601562500000e+04
1.790732031250000000e+04
1.788929101562500000e+04
1.788137304687500000e+04
1.788995312500000000e+04
1.789220898437500000e+04
1.790737890625000000e+04
1.790798632812500000e+04
1.807783593750000000e+04
1.804816015625000000e+04
1.804757812500000000e+04
1.808089062500000000e+04
1.807556835937500000e+04
1.808274609375000000e+04
1.808704296875000000e+04
1.818809570312500000e+04
1.816033984375000000e+04
1.812211328125000000e+04
1.809908593750000000e+04
1.809098632812500000e+04
1.811475781250000000e+04
1.810402929687500000e+04
1.831131835937500000e+04
1.826256835937500000e+04
1.827694531250000000e+04
1.831417968750000000e+04
1.831933789062500000e+04
1.828446093750000000e+04
1.828760546875000000e+04
1.845660156250000000e+04
1.839772851562500000e+04
1.837549414062500000e+04
1.833783789062500000e+04
1.834063867187500000e+04
1.830099609375000000e+04
1.829004492187500000e+04
1.836596679687500000e+04
1.831934570312500000e+04
1.829163476562500000e+04
1.826311718750000000e+04
1.829098046875000000e+04
1.829987890625000000e+04
1.829081835937500000e+04
1.847145898437500000e+04
1.849434570312500000e+04
1.846124609375000000e+04
1.849644335937500000e+04
1.847974609375000000e+04
1.848793945312500000e+04
1.849328515625000000e+04
1.866949218750000000e+04
1.855828710937500000e+04
1.856491601562500000e+04
1.855731250000000000e+04
1.856558789062500000e+04
1.855946484375000000e+04
1.855712890625000000e+04
1.857125585937500000e+04
1.855269726562500000e+04
1.851644140625000000e+04
1.851406054687500000e+04
1.859683593750000000e+04
1.855651171875000000e+04
1.857157226562500000e+04
1.855246875000000000e+04
1.850974023437500000e+04
1.849531250000000000e+04
1.854186718750000000e+04
1.850893164062500000e+04
1.854151562500000000e+04
1.851141406250000000e+04
1.857993164062500000e+04
1.849600000000000000e+04
1.849058398437500000e+04
1.848710742187500000e+04
1.848007617187500000e+04
1.845918359375000000e+04
1.845707617187500000e+04
1.852561328125000000e+04
1.857322070312500000e+04
1.852868554687500000e+04
1.853837695312500000e+04
1.855192968750000000e+04
1.854711328125000000e+04
1.856420507812500000e+04
1.871842382812500000e+04
1.867809960937500000e+04
1.868573046875000000e+04
1.873830664062500000e+04
1.868442382812500000e+04
1.871551171875000000e+04
1.869808203125000000e+04
1.872405664062500000e+04
1.877125585937500000e+04
1.869233398437500000e+04
1.873856250000000000e+04
1.869086523437500000e+04
1.871432421875000000e+04
1.869996093750000000e+04
1.875884960937500000e+04
1.869574414062500000e+04
1.869191796875000000e+04
1.869383398437500000e+04
1.869093164062500000e+04
1.868145703125000000e+04
1.867404687500000000e+04
1.877208398437500000e+04
1.876713281250000000e+04
1.876958203125000000e+04
1.880084570312500000e+04
1.878880468750000000e+04
1.877355468750000000e+04
1.878085546875000000e+04
1.881462109375000000e+04
1.879817773437500000e+04
1.877834960937500000e+04
1.875967187500000000e+04
1.879972460937500000e+04
1.881682421875000000e+04
1.879383789062500000e+04
1.884359179687500000e+04
1.882875390625000000e+04
1.882979101562500000e+04
1.883320507812500000e+04
1.883675000000000000e+04
1.881570898437500000e+04
1.882725781250000000e+04
1.868634375000000000e+04
1.868316406250000000e+04
1.866889257812500000e+04
1.870650781250000000e+04
1.864807617187500000e+04
1.870092578125000000e+04
1.865604101562500000e+04
1.873445312500000000e+04
1.865542968750000000e+04
1.871236328125000000e+04
1.871815234375000000e+04
1.871687890625000000e+04
1.869057617187500000e+04
1.870147070312500000e+04
1.858016406250000000e+04
1.862673632812500000e+04
1.858548632812500000e+04
1.858056835937500000e+04
1.859960156250000000e+04
1.858161523437500000e+04
1.858329687500000000e+04
1.850721093750000000e+04
1.851501562500000000e+04
1.851581054687500000e+04
1.852612304687500000e+04
1.850552929687500000e+04
1.851750000000000000e+04
1.852523632812500000e+04
1.851779687500000000e+04
1.860720703125000000e+04
1.854924804687500000e+04
1.862738281250000000e+04
1.866396093750000000e+04
1.864718554687500000e+04
1.864254101562500000e+04
1.874822460937500000e+04
1.866335351562500000e+04
1.868856445312500000e+04
1.863808984375000000e+04
1.862134179687500000e+04
1.863171679687500000e+04
1.861128906250000000e+04
1.852390429687500000e+04
1.850534375000000000e+04
1.847704101562500000e+04
1.849145898437500000e+04
1.848781445312500000e+04
1.848769140625000000e+04
1.847967578125000000e+04
1.844790429687500000e+04
1.841620898437500000e+04
1.840600195312500000e+04
1.841003515625000000e+04
1.841122460937500000e+04
1.842696679687500000e+04
1.841680468750000000e+04
1.857084179687500000e+04
1.848480078125000000e+04
1.850048437500000000e+04
1.849176757812500000e+04
1.847307617187500000e+04
1.843460546875000000e+04
1.839320312500000000e+04
1.868887304687500000e+04
1.851655273437500000e+04
1.854764843750000000e+04
1.854905859375000000e+04
1.852749218750000000e+04
1.850679296875000000e+04
1.850953710937500000e+04
1.857242382812500000e+04
1.854972460937500000e+04
1.850490820312500000e+04
1.852036523437500000e+04
1.854582421875000000e+04
1.850364843750000000e+04
1.851168750000000000e+04
1.864798046875000000e+04
1.853934570312500000e+04
1.853714843750000000e+04
1.854283398437500000e+04
1.852844726562500000e+04
1.851183203125000000e+04
1.850288671875000000e+04
1.859454101562500000e+04
